1
0.999999953461721546865703658113
0.999999813846898955027597821754
0.999999581155571415358451758948
0.999999255387803764882903578837
0.999998836543687041888972544257
0.999998324623338263883454146708
0.999997719626900094525012718805
0.99999702155454184282490359692
0.999996230406458130879343570996
0.999995346182870004092535509699
0.999994368884024376065156047844
0.999993298510194139616658048908
0.999992135061678055762968142517
0.999990878538801197805696574505
0.999989528941914174176019969309
0.999988086271394016613101030089
0.999986550527643514030273763638
0.999984921711091434559648405411
0.999983199822192636574413882045
0.99998138486142784664423288632
0.999979476829303992602149264712
0.999977475726353759455378167331
0.999975381553135922452213435463
0.999973194310235125037422676542
0.999970913998262211919154651696
0.999968540617854007024334350717
0.999966074169672980431755604513
0.999963514654407914505895860202
0.999960862072773570830008793564
0.999958116425510468161519384012
0.999955277713385437543536227167
0.999952345937190845148734297254
0.999949321097745591480077109736
0.999946203195894001147792096162
0.999942992232506933092395229323
0.999939688208480670361666398094
0.99993629112473803033367403259
0.99993280098222736551605294153
0.999929217781923229679819087323
0.999925541524826044792462198529
0.999921772211962323062550694885
0.999917909844384666939731687307
0.999913954423171325025521127827
0.999909905949426747184816122171
0.999905764424281251478987542214
0.999901529848891357232787413523
0.999897202224439340945139065298
0.999892781552133569356044517917
0.999888267833208166379677095392
0.999883661068923568215893737943
0.999878961260566079261025151936
0.999874168409447650063270884857
0.99986928251690676550111902543
0.999864303584307445582624040981
0.999859231613039800556919090013
0.999854066604520141936518484727
0.99984880856019031636350291592
0.999843457481518482765636690601
0.999838013369998668267157881928
0.99983247622715087921108079172
0.999826846054521101159195950459
0.99982112285368129889207011729
0.999815306626229194364441354992
0.999809397373788821816731342551
0.999803395098009972663533062587
0.999797299800568417538215726381
0.999791111483165906292924773879
0.99978483014753016799858187369
0.999778455795415021967187385599
0.99977198842859993366261051051
0.99976542804889056981210160302
0.99975877465811857636168724639
0.999752028258141356431565327512
0.999745188850842514405314886972
0.999738256438131411840686268988
0.999731231021943500536508508958
0.999724112604240100488084408425
0.999716901187008621931795460114
0.999709596772262121255891997862
0.999702199362040078156610434235
0.999694708958407507459753560397
