4
584828.138044131337665021419525
0.103614129755448661218686368102
0.103770925202809644050105930546
0.103928063356543698425582533673
0.104085545207433377568051469098
0.10424337174979908526850636008
0.104401543981513231229563132274
0.104560062904016176643651192535
0.104718929522330764236848210658
0.104878144845077625468832138722
0.105037709884490501610621038253
0.105197625656431897889220294928
0.105357893180407849453850133159
0.10551851347958417226546856682
0.105679487580801326207513568534
0.105840816514590763119940675097
0.106002501315190011954570081798
0.106164543020559054564699863477
0.106326942672395646782845801681
0.106489701316152041155049801091
0.106652820001050002707287944759
0.106816299780098239446957109067
0.106980141710107196084678093939
0.107144346851706484535782237799
0.107308916269360343775929322874
0.107473851031385181364896652667
0.107639152209964769624228608791
0.107804820881168092472357500355
0.10797085812496504120261420212
0.108137265025243942129229424154
0.108304042669827876865795701633
0.108471192150492196093480856689
0.108638714562980617794885063176
0.108806611007023559811734969571
0.108974882586354349101043226256
0.109143530408726804892260986435
0.109312555585932724699915752353
0.109481959233819481358551684025
0.109651742472306898412703901613
0.109821906425405985130439034947
0.109992452221235118003939135178
0.110163380992039552919159461908
0.110334693874208078501197860533
0.11050639200829145969429134766
0.1106784765390204788859662699
0.110850948615324226831369003321
0.111023809390347991121750226284
0.111197060021472116098095739289
0.111370701670329849686247314366
0.111544735502826522499653094656
0.111719162689157505696790906313
0.111893984403827626006311390938
0.112069201825669331751278434695
0.112244816137862177263251339809
0.112420828527951127684403331841
0.112597240187866542981964812498
0.112774052313942579894856521605
0.112951266106937148192557174298
0.113128882772050493032978124575
0.113306903518945761843994546325
0.113485329561767281369988324968
0.113664162119161790687194013572
0.113843402414296621105727069789
0.114023051674881123473959121384
0.114203111133185042369575512566
0.114383582026060262593070149251
0.114564465594959641325800703271
0.114745763085958352167637031016
0.114927475749773300162104305855
0.115109604841784521345182668028
0.115292151622055069615235822766
0.115475117355352527304113152695
0.115658503311168794902563661253
0.115842310763742115109486974234
0.116026540992076931946286322272
0.116211195279966469917631854969
0.1163962749160124265923599296
0.1165817811936476072753876565
0.116767715411156533522607503528
0.116954078871697703112531030456
0.117140872883324378972424995027
0.117328098759007695695011364023
0.117515757816656976619817953633
30.4122841445999902987296081847
0.185164447666158665795066440296
0.181054403396237684198410988756
0.176931676298611534337013040386
0.172796224523111413562403981814
0.168648006060335142741735126037
0.164486978737799771632666079313
0.160313100219572624016706186012
0.156126328005836118029137082885
0.151926619431195536469303419835
0.14771393166551605169445338106
0.143488221711565999694215634008
0.139249446405853655184259309863
0.134997562416292155029751143047
0.130732526242861274434758911411
0.126454294215572249360235446147
0.122162822494889439228771266244
0.117858067069967376028216676787
0.113539983758545626191249766634
0.10920852820585871811864819847
0.104863655884146339536400205361
0.100505322091594476163756155529
0.0961334819513452037975653752255
0.0917480904112440848185983099938
0.0873491022426587798710428955928
0.0829364720400171395731092616188
0.0785101542196794260908276896771
0.0740701030193023218783920924579
0.069616272496674652670023419887
0.0651486165296024100079819163511
0.0606670888145410258651679669128
0.0561716428657988847694682021938
0.0516622320149864866500877269573
0.0471388094100583382450864178281
0.0426013280146291112293610581219
0.0380497406061135468036127349478
0.0334839997766075425644771712541
0.0289040579307848453927132226227
0.0243098672856954280130370449342
0.0197013798692935032663697825228
0.015078547519697935164195712332
0.010441321885177093017893490412
0.00578965442242213544632445376692
0.00112349639533206166128187497577
-0.00355720112451462112251876490632
-0.00825248726039418817324033739169
-0.0129624113296045728738192792662
-0.0176870228458784022051997197877
-0.0224263715193758518540168012123
-0.0271805072580418582983696751398
-0.031949480168023333681581732435
-0.0367333405553141104094017066473
-0.041532138925654833727652004427
-0.0463459259866855835530152774027
-0.0511747526478004421957024305812
-0.0560186700220708377884193396312
-0.0608777294256696646645998782788
-0.0657519823807110048718982397986
-0.0706414806148373541905272077202
-0.0755462760626489648885240058007
-0.080466420866747587203882119411
-0.0854019673782117350047116133283
-0.0903529681583909033415480394069
-0.0953194759788313084047928214204
-0.100301543823346536732366018896
-0.105299224888505044139819233351
-0.110312572584089524374562074627
-0.115341640534773540172075456667
-0.120386482581165576988269094727
-0.125447152780730902810191196295
-0.130523705408175677566973149624
-0.135616194957186991798536723763
-0.140724676141023213871150687737
-0.145849203894003548453994767442
-0.150989833372433795988243332431
-0.156146619954876525460107927756
-0.161319619244184503381589479432
-0.166508887068134964204446646363
-0.171714479480314569093124532628
-0.176936452761596141325384223819
-0.182174863421021016041123630202
-0.187429768196271495650506722086
-0.192701224056197745193586001733
0.000634276222023711180354743621734
0.235511300903846282350784235859
0.218988035563822791562671454813
0.202829852991696646391517333541
0.187038444138889509149592527137
0.171615548244729881899317547322
0.156562896156603514885574668369
0.141882241999288116751642974123
0.127575355096087861284104292281
0.113643968319683597023583843111
0.100089871305752711738712434908
0.0869148148195929559634009820002
0.0741206152679205476641044469943
0.0617090477609765972188959892719
0.0496819258488459397637981851403
0.0380410390009382620712941047714
0.0267882213147034586864236871406
0.0159252869316173044367257460863
0.00545407127985832271971355922346
-0.00462358934797584778669810035012
-0.0143058321198016105690875576784
-0.0235908042581300589346504636978
-0.0324766425944258071978332225171
-0.0409614734721420944985048606668
-0.0490434198047147579258009386649
-0.056720581573327530366945836704
-0.0639910571797283889150520508338
-0.0708529436675588153438098970582
-0.0773043322297432694556462706714
-0.0833432877718201930994368353822
-0.0889678743663399190788609871561
-0.0941761597781563680742422661751
-0.0989661915154300131369780046953
-0.103336004477225670838969051601
-0.107283614326521670179204193118
-0.110807077617540605807278097927
-0.113904393789836716477381628465
-0.116573567887112483631995019095
-0.118812582999469729116981397965
-0.120619437055371134248638043118
-0.121992120263354833498148366289
-0.12292858184710606095357832146
-0.123426781612898384121734807195
-0.123484684346179901526241451393
-0.123100217164463038299615504911
-0.122271327129572615621810882658
-0.120995925838302584298666886298
-0.119271928144444136488111496419
-0.117097236005116969725925457624
-0.114469750328442490538982667658
-0.111387350368880685969052990458
-0.107847920515282663656009276565
-0.103849308408922341717683934803
-0.0993893844155230438142112348032
-0.0944659850893523611592428324002
-0.0890769692032475080001319156509
-0.0832201343812126181909150091087
-0.0768933112194660900451381735365
-0.0700943088998994545679721568376
-0.0628209223101335034744607810353
-0.0550709440917439979612524325603
-0.0468421410878117200349279869442
-0.038132289704421985787607951579
-0.0289391292776518121998563515263
-0.019260420881224232791950612409
-0.00909391568003123720864699919275
0.0015626866213942511383422351301
0.012711665217114778009266373715
0.0243553126514550848102924618388
0.0364959195342806214101827322338
0.0491358135426561218328522784304
0.0622773232713405705540665735498
0.0759227847395314847656067058779
0.0900745511039182655821377920802
0.104734958034015460115462303747
0.119906394710183397678271433051
0.135591235387482966778804893693
0.151791869750026342522630784515
0.168510702620810581819910112245
0.185750146534412907683986304619
0.203512614948466619146927314432
0.22180055901281364727495315492
0.240616401797193069089786376935
8.48017655090277965612376290033e-09
0.270741267348950598314871740513
0.227040915429153111748661331148
0.195679472189574016338653450475
0.161811083165178865028721588715
0.130054643693279126104300758016
0.0999431632933288627285151051183
0.0719156385442684675801672256057
0.0468363301602949672064468700228
0.0231504021383474173356731284912
0.00171265137233009246894854804566
-0.0189753728974154448061462119313
-0.0366404891904420007553433435987
-0.0531990088284590087464032137632
-0.0672357145070873046810433493192
-0.0803572437052105792432143971382
-0.0913579200660055573690598862413
-0.100963320253131857984207897516
-0.109150052626541177458463494077
-0.116595975096232734591339408325
-0.122000778339151336182588636348
-0.125945845437757164564374079418
-0.128320725122442469423589272992
-0.129908429417057325050421923152
-0.130569150915127302203799786184
-0.129678350234712636002143426595
-0.127797819022869324490088160928
-0.124802553461038745474809275038
-0.121067946276041227271491607098
-0.116502478254785296618578627204
-0.11093591610155413562655013493
-0.104705978008028444126153999605
-0.0981125173736310113303815683139
-0.0908948369226654506736196026395
-0.0812621953022668735977518394975
-0.0727909688891099915242222095912
-0.0641076475438504961301688922504
-0.0547099729783120103387972221753
-0.0446239094410233738674520509448
-0.0338654493833091332910534276834
-0.0239519664466789072854169262428
-0.0135948955671452015314670802582
-0.00255639874347503813500903646627
0.00811791966990857080666010858749
0.019241372607554683288322294743
0.0293471254644168538794346545728
0.0399495954534151362369520654738
0.0499664949319051782117284687956
0.0600973099285597445184947673624
0.0692820656354712904878567769629
0.0785467293975767727465253642549
0.0864578591986378958145209594477
0.0949471417947553852911823923932
0.102348695190500979523839930607
0.109513025185114951098874769286
0.114832839568257835671793998245
0.120418120472118680974737969791
0.124723911459011821412090625927
0.128073067897453790608963686282
0.130303942796530430880963535856
0.131067798698374149424239476502
0.131079635749293293978112728837
0.129323778063352518019613057731
0.127358311582915523230141729982
0.123708647122378986860091742983
0.117240117236781141163426411822
0.110126670180932820231056723514
0.10185397698464132565376871753
0.0919860570839220459404828034167
0.0796371274867403999841997119802
0.0653754873486211002253654100969
0.0492486672027729263656503633229
0.031548133763195151946234773277
0.0123539162137398361024365200933
-0.0104246475681585275968599191287
-0.0345822668969731766841491094056
-0.06123705322184853916400726348
-0.0902607447519840067062801836073
-0.121531574528627617226561596908
-0.155375077017066459683647394741
-0.191907241964730662653337844858
-0.230862430610796975916088058511
-0.273593135643758311736917221424
