0.5
0.5
150
1.77786647592477955602714712047e-05
18082.5187606749823316931724548
76054.1765070160181494429707527
158.981450040718186755839269608
158.884444484659923091385280713
158.787438928601687848640722223
158.690433372543452605896163732
158.593427816485188941442174837
158.496422260426953698697616346
158.399416704368690034243627451
158.302411148310454791499068961
158.205405592252191127045080066
158.108400036193955884300521575
158.01139448013569221984653268
157.914388924077456977101974189
157.817383368019193312647985294
157.720377811960958069903426804
157.623372255902694405449437909
157.526366699844459162704879418
157.429361143786195498250890523
157.332355587727960255506332032
157.235350031669696591052343138
157.138344475611461348307784647
157.041338919553197683853795752
156.944333363494962441109237261
156.847327807436698776655248366
156.750322251378463533910689875
156.653316695320199869456700981
156.55631113926196462671214249
156.459305583203700962258153595
156.362300027145465719513595104
156.265294471087202055059606209
156.168288915028966812315047719
156.071283358970703147861058824
155.974277802912467905116500333
155.877272246854204240662511438
155.780266690795968997917952947
155.683261134737705333463964052
155.586255578679470090719405562
155.489250022621206426265416667
155.392244466562971183520858176
155.295238910504707519066869281
155.19823335444647227632231079
155.101227798388208611868321896
155.004222242329973369123763405
154.90721668627170970466977451
154.810211130213474461925216019
154.713205574155210797471227124
154.616200018096975554726668634
154.519194462038711890272679739
154.422188905980476647528121248
154.325183349922212983074132353
154.228177793863977740329573862
154.131172237805714075875584967
154.034166681747478833131026477
153.937161125689215168677037582
153.840155569630979925932479091
153.743150013572716261478490196
153.646144457514481018733931705
153.549138901456217354279942811
153.45213334539798211153538432
153.355127789339718447081395425
153.258122233281483204336836934
153.161116677223219539882848039
153.064111121164984297138289548
152.967105565106720632684300654
152.870100009048485389939742163
152.773094452990221725485753268
152.676088896931986482741194777
152.579083340873722818287205882
152.482077784815487575542647392
152.385072228757223911088658497
152.288066672698988668344100006
152.191061116640725003890111111
152.09405556058248976114555262
151.997050004524226096691563725
151.900044448465990853947005235
151.80303889240772718949301634
151.706033336349491946748457849
151.609027780291228282294468954
151.512022224232993039549910463
151.415016668174729375095921569
151.318011112116494132351363078
151.221005556058230467897374183
151.123999999999995225152815692
