1
0.117188075615853898314711045714
0.000188596526799818036898570561277
4.16822163649060040099230930099e-09
1.26512885719935260402604918028e-15
5.27333747552717421144348509791e-24
3.01858364340972338476676735871e-34
2.37294519810640504027823386001e-46
2.5617635846483757324440215716e-60
3.79801986985418314878238695833e-76
7.7328976549021378769142044266e-94
2.16219140882136188147104753128e-113
8.30257596195834689505605026975e-135
4.37822849636026121681282544507e-158
3.17066847178251063506241544122e-183
3.15333484744897139513878858708e-210
4.30681474777498960033264041892e-239
8.07809838239613944811628074786e-270
2.08079324784668406337422742959e-302
0
0
0
0
0
0
0
0
0
0
0
0
0
0
0
0
0
0
0
0
0
