40
1.23406133362170189471385128854
0.0169319673713403152925938144335
0.0337374231891767462077069694715
0.0503449682604896198157007347618
0.0666571150676987245198290565895
0.0825781524507808034618605574906
0.0980146640090263365774347903425
0.112876076288399102010018282272
0.127075190219544942316076685529
0.140528692756758277759843167587
0.153157645715784440643147945593
0.16488794894219033215776448742
0.17565077509269494404620104433
0.185382973478361717800666497169
0.194027440600136241721784813308
0.201533455202598354993881457631
0.207856975880020722335927985114
0.212960899488515542632427468561
0.21681527884807583195225788586
0.21939749845710848630275791038
0.220692407188483902258369084848
0.220692407188501887871368012384
0.219397498457159639828617514468
0.216815278848154546764703809458
0.212960899488611132834847694539
0.207856975880124639211032899766
0.201533455202710903853002832875
0.194027440600252398805736220311
0.185382973478479845530486613825
0.175650775092812905242567467212
0.164887948942306017396930428731
0.153157645715891271853692501281
0.140528692756854090006868318596
0.127075190219626682486264712679
0.112876076288466534180976452717
0.0980146640090795301381021431553
0.082578152450822228658466883644
0.0666571150677296025977014437558
0.0503449682605103948640490330035
0.0337374231891887713108424406983
0.0169319673713452245600308287976
1.23198941344339885084480101796
0.0337641328646982180616831215048
0.0666828175373495174449445244136
0.0980388419925162929446926796118
0.127097275922746111298522464494
0.15317712020709767228865416655
0.175667180359928731814278535239
0.1940403903223935355715212836
0.207866164524803248569995162143
0.216820488879598871623244349394
0.220693514217177810809999982666
0.219394474208475132037676758046
0.212953812520295104881995484902
0.20152246935240955560963982407
0.185368344076806579323601908982
0.164870016878920555569720818312
0.140507876537428355590009232401
0.11285286226759917715956049733
0.0825530834688590342551606227062
0.0503186309496348113667885115774
0.0169049355861872890871566710302
-0.0169049355862164567276817450647
-0.0503186309496629485815688553885
-0.0825530834688812803490165492803
-0.112852862267602702117663682202
-0.140507876537401932282023153675
-0.16487001687886185252729376316
-0.185368344076715957369216880579
-0.20152246935228948498952661339
-0.212953812520146584796876254586
-0.219394474208304324225338177712
-0.220693514216988351250847699703
-0.216820488879400280479714524517
-0.207866164524605240293553265474
-0.194040390322204520101578850699
-0.175667180359750180196343194439
-0.153177120206934580526336731054
-0.127097275922606028908390385368
-0.0980388419924062559651645187841
-0.066682817537273814112452896552
-0.03376413286465899943333823785
1.22854997649965702599672567885
0.05039729045418898933927920325
0.0980627739490870509175834968119
0.140570181578013070344823631785
0.175683451388601058473781790781
0.201555589105717775089132715038
0.216825693401668878612653657001
0.220690540923485001290060836254
0.212946836675598522026220393855
0.194001907547847102231131088956
0.164852276497817973321957651933
0.127031244407803001195134129375
0.082528236865156784363151132311
0.0336841583092105725794063175726
-0.0169317419746448719064524368605
-0.0666570150370458247568450360632
-0.112876059845918683133270121743
-0.153157706618612859950090410166
-0.185383098878668634013067162414
-0.207857147508157091841951569222
-0.219397694196624026830022557988
-0.219397694196602877081403448756
-0.207857147508090922549683909892
-0.185383098878564078759723088297
-0.15315770661847377676068049368
-0.112876059845754370125625598575
-0.0666570150368712144306471145683
-0.0169317419744747128806938718526
0.0336841583093676830151785850376
0.0825282368652991010771202695651
0.12703124440793112093217587244
0.164852276497931410359498727303
0.194001907547948382326552518862
0.212946836675689393780785962917
0.220690540923566436148917091487
0.216825693401742458643610689251
0.201555589105785415426908002701
0.175683451388658595782032989518
0.140570181578057368243506175531
0.0980627739491159167162237508819
0.0503972904542024299767710715514
1.22376357683049419300402860245
0.0667334220884243795035573043606
0.127140683567522033703411921124
0.175699494241383175063830890394
0.207884343733311105495431547752
0.22069583000914672066272714801
0.212940012377656529007907693085
0.185339678660746159932770638079
0.140466986436005608629429275425
0.0825037559856219709919500360229
0.0168517539676849605057018521848
-0.0503707133608582505179818156194
-0.112898983387719656357184305762
-0.164905859774894164582192956914
-0.20154466629890485651621645502
-0.219400923091462696223885586733
-0.21681055222194398068857879025
-0.194014958092524170130133143175
-0.15313853024055459894903208351
-0.0979906651292210828518847165469
-0.0337107571074716158565642842859
0.033710757107502729856829404298
0.0979906651292477837156269515617
0.153138530240571085760947767085
0.194014958092525335864308999589
0.216810552221925245675038240734
0.219400923091428806666058903829
0.20154466629885861572724081725
0.164905859774842428189245424619
0.112898983387665810540489985669
0.0503707133608042312289398978464
-0.0168517539677396008257481696546
-0.082503755985677787454513065768
-0.140466986436063534515739092967
-0.185339678660804058063504839993
-0.212940012377712956093134266666
-0.220695830009204341237705193635
-0.207884343733366755424540883723
-0.17569949424143208038806562854
-0.127140683567557699618078004278
-0.0667334220884420181718610365351
1.21765880880984678213962979498
-0.0826762823795898771361834178606
-0.15323405020169220125403342081
-0.201577188821884550895546794891
-0.220697025763962773048376675433
-0.207821696349967305339490053484
-0.164817779003213343846923066849
-0.097919691630928423764501644655
-0.0168258677620879287806232582625
0.0667072569368316881099900683694
0.140569613416293925922673224704
0.194053135381019231653354495393
0.219404142523470985226552443237
0.21294741680198200906026784196
0.175619010765803468254731001252
0.112830544969497917340284232068
0.0336846677223226753650209275293
-0.0503445854729920594383685283901
-0.127075220203526267903626489897
-0.18538334653758567482917385405
-0.216815845564563514091815932261
-0.216815845564552939217506377645
-0.185383346537555310229450356019
-0.127075220203483968406388271433
-0.0503445854729455202769550226094
0.0336846677223653981347872843344
0.112830544969528587251339502018
0.175619010765816624397572809357
0.21294741680197587507805678797
0.219404142523449224855269790169
0.194053135380990893210650938272
0.140569613416266836480872370885
0.0667072569368157008984354661152
-0.0168258677620898890181511120545
-0.0979196916309182097126750932148
-0.164817779003195719056407142489
-0.20782169634994696050256379749
-0.220697025763941845344362491232
-0.201577188821865510570674473456
-0.153234050201678489999679300126
-0.0826762823795811757632279181962
1.21027212748480117454619175987
-0.0981319722108982134267662900129
-0.175730526509029316706289591821
-0.216840976223316633797466579381
-0.212926975768824522372568708306
-0.164801221184867702218568297212
-0.0824564530397826761509705306707
0.0170094169059134582566716886731
0.112943483727914600889263851968
0.185426179416013969802889960192
0.219407334263538866814258199156
0.207831165611900348100249402705
0.153101327203640336094281337864
0.06658181906998501820016400643
-0.0337626119210366615330798367722
-0.127096638092976443878967529599
-0.194040558953747527271005424154
-0.220694265515683885059416979857
-0.201523432609714087115904135317
-0.140508655685742833707507770669
-0.0503189275095972943230293594752
0.0503189275096256605213085322248
0.140508655685775057930797515837
0.201523432609748170962760127622
0.220694265515713583525325702794
0.194040558953764902261340807854
0.127096638092981134571246570886
0.0337626119210276687265803730043
-0.0665818190700097067846741083486
-0.153101327203677861632513668155
-0.207831165611948420757215671983
-0.2194073342635911305631424284
-0.185426179416065955996018033147
-0.112943483727960106155485675572
-0.0170094169059414150602105308963
0.0824564530397812883721897492251
0.164801221184890517301724344179
0.212926975768858856019605241272
0.216840976223349163332088096467
0.175730526509053658346104498378
0.0981319722109105507801274370649
1.20164761987965107437048573047
0.11300949769335942585168908181
0.194102296074002089731891373958
0.220687583524447727967299215379
0.185299393270570766922844541114
0.0978754357581496231555107101485
-0.0170338972086489133517250849081
-0.127159771929725523564869149595
-0.201576645233758594555339982435
-0.219386774116505645082497721887
-0.175588718988540226639827324107
-0.0824818477151380569090122207854
0.0337875723128219090929391654754
0.140568767808077588199466845253
0.207875448268618284730635537016
0.216806554723760702696466751149
0.164854054261660609714823522154
0.0666072457184722910294993880598
-0.0503442065626838047842639412011
-0.153158001027971724106180317904
-0.212961972553642631122983175374
-0.21296197255365370559765381131
-0.153158001028001117260757268923
-0.0503442065627252716142336907978
0.0666072457184328781121251950026
0.16485405426163568520792068739
0.216806554723763533765179545298
0.207875448268649565264354350802
0.140568767808129990726229152642
0.0337875723128789051674658594493
-0.0824818477150973394795840931693
-0.175588718988529096654005456912
-0.219386774116524685407370043322
-0.201576645233798756873255797473
-0.127159771929770043508156618373
-0.0170338972086845584497094563403
0.0978754357581297779189455354754
0.185299393270564799474087180897
0.220687583524449920657772850063
0.194102296074006280823809333924
0.113009497693362062631372566557
1.19183672895285264203835140506
0.127221311008510085116540722083
0.207918462805881221200365871482
0.212915005581847893711966435148
0.140391426700386762194128209558
0.0167528013442819652401016838894
-0.112985343330299650710379921748
-0.201586709135201075371313095275
-0.216792467754848700023373453405
-0.153066361906264131187427324221
-0.0336103985688401690756776929447
0.0980827584867674656665670340772
0.194065011562524897259507383751
0.219390228675196030660998758322
0.164837763805722126164710061857
0.0502695974374589432676074807205
-0.0826012022874842710695730829684
-0.18539777032260024158816236195
-0.22069295405517572183917707207
-0.175636147153664101683290255096
-0.0666320605960465245365398345712
0.0666320605959599548961946879899
0.175636147153611449356347407047
0.22069295405517802555195316927
0.18539777032265464251636899462
0.0826012022875654561282487975404
-0.050269597437385432625589487543
-0.164837763805686349227741516188
-0.219390228675212545228490057525
-0.194065011562586348103920386166
-0.0980827584868523977279508585525
0.0336103985687633347034797282049
0.153066361906222803135335652769
0.216792467754856527095697060759
0.201586709135244179780244166977
0.11298534333035464838346229044
-0.0167528013442393361454030298319
-0.140391426700371746427720154315
-0.212915005581861632721896171461
-0.207918462805908588197922881591
-0.127221311008530513220193824964
1.18089793223291406043529150338
0.140683829804759297221750102835
0.216855156374542362707202869387
0.193933072760626823427543286016
0.0823916575960995101191031153576
-0.0667993109466230444715151293167
-0.185465778629079036665672219897
-0.219382115822346540623399846481
-0.15304997008592599594400951446
-0.0167803672508022513887304683067
0.127157164000409605986163796842
0.212989171303599483797697189402
0.201494004859734732182374727927
0.0979244766070281186243207116604
-0.0503924558939271433066764416253
-0.175682136444415604170643518955
-0.220692403195007297300733739576
-0.164855440300302025224965518646
-0.0336864124792353517023890674409
0.112875901771442535559408781864
0.207858633659664698845048746989
0.207858633659686209416150859397
0.112875901771501502279804185491
-0.0336864124791573030237579189361
-0.164855440300237104933600562617
-0.220692403194981262570806279655
-0.175682136444440251121790197431
-0.0503924558939880876118344588122
0.0979244766069583411072230205718
0.201494004859685660324686296008
0.212989171303591323658466194502
0.127157164000444244944532101727
-0.016780367250740415435705799041
-0.153049970085861741786459333525
-0.219382115822301132501692677579
-0.185465778629066019300708489936
-0.0667993109466429729748071508766
0.0823916575960600000572142675992
0.193933072760584024329943986231
0.216855156374509722150278889785
0.140683829804741505897780484702
1.16889637747561025982179216953
0.153317931967127979442366836338
0.220703116569427204574083134503
0.164741784944276992153078253978
0.0167093039587572732285192245172
-0.140661699190646749535460457992
-0.219419469922874477152419103732
-0.175547741046103461526328715081
-0.0335656136274872993197071480154
0.12717571690402701412025976424
0.216840882080484381733143095516
0.185317672890478568614724963481
0.050223830231837456039567513244
-0.112939185923313201165285590832
-0.212982571624100142093638510232
-0.193993921594958096399352598382
-0.066585642529523328403406878806
0.0980361255093789157877282036679
0.207867309016075613170571045885
0.201525282831436836072924734253
0.0825544885576792869530393659261
-0.0825544885576587061937203770867
-0.201525282831420127216404125647
-0.207867309016067591809218129129
-0.0980361255093828432016778151592
0.0665856425295110188056213473828
0.193993921594945301078993793453
0.212982571624096589379959709731
0.11293918592331926575855760575
-0.0502238302318233700849425815704
-0.185317672890462359358565436196
-0.216840882080473584814228615869
-0.127175716904025293274571595248
0.0335656136274780012018759123293
0.175547741046085975513690868866
0.219419469922854798449307622832
0.140661699190635425260609281395
-0.0167093039587518782385089366471
-0.164741784944256064449064069777
-0.220703116569399920843252971281
-0.153317931967108966873070130532
1.15590347797695325304800917365
0.165049422756599756256790101361
0.219372579208874374234738979794
0.126878561847148574326382686195
-0.0505303767299407000090916142199
-0.194121285979781399433363731077
-0.207794316778241172638530542827
-0.082398637755279682814979480554
0.0981432667339818126661654673626
0.213001673743759001311559586611
0.185306288057846491046376513623
0.0335925615358702439605664835653
-0.140603368853960158935123558877
-0.220698895506889453121956989889
-0.153089176255952086336264983402
0.0169772153411309571768850190665
0.175681412483340265717757233688
0.216808826234798773802125992916
0.112834467185860029547761484991
-0.0666556423331498282269791388899
-0.201535705122719399629005465613
-0.201535705122709851710993689267
-0.0666556423331245428975933009497
0.112834467185886883067169605965
0.216808826234805129828941971937
0.175681412483318533102050196248
0.0169772153411009811552201398399
-0.153089176255969211526419826441
-0.22069889550688304158398977961
-0.140603368853937538140996821312
0.0335925615358907275753708177035
0.185306288057847629024976754408
0.213001673743738018096394171152
0.0981432667339554448693306198948
-0.0823986377552905074894695758303
-0.207794316778225907071941946924
-0.194121285979755003880953267981
-0.0505303767299263364987105262571
0.126878561847138665585887906673
0.219372579208850199128377767011
0.165049422756579050597380842191
1.1419964704412250977583198619
0.175809471509211223683166736009
0.212895350102801500513649557433
0.0823371980690597304874955852938
-0.113057394654812237710928002343
-0.219424923609108535327294475792
-0.153006260858038201089215135653
0.0338972068363205120133940795313
0.194108313506412083482288721825
0.201468797205005878403483166039
0.0501826438491458429180802625069
-0.140619840549614322222637952109
-0.220691208687079171157918722201
-0.126979248729021831909591355725
0.0667225412475318663263479379566
0.20788365529064370407219541903
0.1853467512387313442800973462
0.0168585178448791180028099034871
-0.164904958161811776573557608572
-0.216813998102382998744985798112
-0.0979928200515698122341490261533
0.097992820051621909449579561624
0.216813998102398319822725625272
0.164904958161776638014828222367
-0.0168585178449404474165795875251
-0.185346751238774892778238267965
-0.207883655290638624801857758939
-0.0667225412474895390735341038635
0.126979248729060495426423926801
0.220691208687080836492455659936
0.140619840549584068645216916593
-0.0501826438491730988933348101
-0.201468797205006100448088091071
-0.194108313506391405578455078285
-0.0338972068362988002143687538137
0.153006260858046416739597361811
0.219424923609102429100659037431
0.113057394654797666033729797164
-0.0823371980690717486517371526134
-0.212895350102806385494957908122
-0.175809471509209447326327335759
1.12725793853896250062973649619
-0.185535015299127248322719196949
-0.201424020058743352690200367761
-0.0334628018156707673913530243226
0.165041742538158620057231473766
0.212903681752311391139897978064
0.0664368119663480832803870157477
-0.140670561717549963409723545738
-0.219380236991742888497114449819
-0.0978495978576266328685662188036
0.112993709128495087301580213079
0.220701491455197240654229062784
0.12696297832076722245098210351
-0.082661573801409843342824501633
-0.216836396474611281526279071841
-0.153092806802971076463038002657
0.0503869422795666793701840902031
0.207875779407204613891124722613
0.175625048389800059167598078602
-0.0169282485732861753824352035736
-0.19403020924839087246738245085
-0.194030209248384932774200706262
-0.0169282485732734390426745818559
0.175625048389808913196219464226
0.207875779407198840731396671799
0.0503869422795458349328967528891
-0.153092806802997083437389846949
-0.216836396474625964225779739536
-0.0826615738014013223811105035566
0.126962978320793229425333947802
0.220701491455221443516165891197
0.112993709128497946125868622858
-0.0978495978576471442389461685707
-0.219380236991771421228847316343
-0.140670561717562703218931119409
0.0664368119663630019022804162887
0.212903681752344475786031807729
0.165041742538180241650636048689
-0.0334628018156824871831567236313
-0.20142402005878398685290164849
-0.18553501529916247014817543004
1.11177530549435354956244736968
0.194169127199093821678488325233
0.185228341425834136524386508427
-0.0171717398322092824891615947536
-0.201636979096682072976065569492
-0.175504599628066332295261986474
0.033931710120293952226422362628
0.207928402677172663448601497294
0.164756465418716135928889343631
-0.0504936265676011603042994124735
-0.213006182195700249915049084848
-0.15304667468071994629319476644
0.066760819979182900452130411395
0.216840679484129328358221755479
0.140443575546487176008980668485
-0.0826383414089839896110589734235
-0.21940951320923823830710830407
-0.127020730243339902143517861077
0.0980335163625431355027828317361
0.220697689508922406664837012613
0.112856485722857780018557605217
-0.11285648572285897350830907726
-0.220697689508917493927953046295
-0.0980335163625367239648156214571
0.127020730243337570675166148249
0.219409513209225970342686196091
0.0826383414089773143951234146698
-0.1404435755464768231792760389
-0.216840679484110954167164209139
-0.0667608199791762946251338917136
0.153046674680708622018343589843
0.213006182195680598967513219577
0.0504936265675928058760391081705
-0.164756465418705116965369938953
-0.207928402677153623123729175859
-0.0339317101202914819801925716547
0.175504599628049873238921918528
0.201636979096662727339861476139
0.0171717398322053030335077039581
-0.18522834142582536576249196969
-0.19416912719908241413691030175
1.09564029921362360298076055187
-0.201661347014904679397773179517
-0.164688853588013911499743358036
0.0669012553174959112567421470885
0.219431994157714693738370215215
0.112652869128918073360345886158
-0.12725178424526459308729897657
-0.216778900486698955507591790592
-0.050131399209966211183431283871
0.175757993179926186311234914683
0.193948497082325088669563228905
-0.0170561925822672010022440503008
-0.20790502943429997606550330147
-0.153065788360580795623988592524
0.0826562309740898615295634499489
0.220700716620097464604199899441
0.0979360481500732155124566702398
-0.140562806717973581838165841873
-0.212954059935615946930198560949
-0.0336906330600048181667105495762
0.185386101377894296771131621426
0.185386101377883416585490294892
-0.033690633060025260148151460271
-0.212954059935621831112229074279
-0.140562806717958899138665174178
0.0979360481500912982699702524769
0.220700716620101683451693475035
0.0826562309740825756909643473591
-0.153065788360587651251165652866
-0.207905029434298171953088285591
-0.0170561925822576808398078895834
0.193948497082334969654482392798
0.175757993179931015781392034114
-0.0501313992099693545023697538454
-0.216778900486703923755626988168
-0.127251784245264731865177054715
0.112652869128926677588786731121
0.2194319941577227428552987476
0.0669012553174949675671712157055
-0.164688853588025457819199459664
-0.201661347014913866493301952687
1.078948393605160260833031316
-0.207967972626799085800186617234
-0.14028790955775810589400975914
0.113108602040622313600337633943
0.216768847869533848315981572341
0.0334645533199531067247711746404
-0.194141033858938133471738751723
-0.164737400860544419556319439835
0.0827501172786088701194273653527
0.22069076277255517126718586951
0.0664749294784211935960271944168
-0.175742236903298987282795451392
-0.18530701465322318988171446108
0.0504427110933674677228921723326
0.219414993740759123319605805591
0.0979196956010291580385640486384
-0.1532043786206448710007776981
-0.20151229855292371317965205435
0.0169472838700656207311379120029
0.212971587542385293323476957994
0.127058268105326999108939389771
-0.127058268105333244113452906277
-0.212971587542384988012145186076
-0.0169472838700606941164661378707
0.201512298552927321404482086109
0.15320437862064181788745997892
-0.0979196956010310454177059114045
-0.219414993740757346962766405341
-0.0504427110933655803437503095665
0.185307014653222912325958304791
0.175742236903300680372908004756
-0.0664749294784214295184199272626
-0.220690762772557447224386351081
-0.0827501172786125060998330127404
0.164737400860547694714242084046
0.194141033858946682189028365428
-0.0334645533199482286823567278589
-0.216768847869537928385597069791
-0.113108602040629585561148928718
0.140287909557758605494370840461
0.207967972626803526692285117861
1.06179822984766047966331825592
-0.213052310333968181188524226854
-0.112598316850707730329972378058
0.153362408153144474942664032824
0.193897080193959236993350714329
-0.0505758592313977420329429435242
-0.220707788349109007564052831185
-0.0664232820767841208864368240938
0.185496221852131853990997001347
0.164756462047229268463865992089
-0.0981573711088601641439055356386
-0.216790548468501875767344699852
-0.0167652068584579067023199172581
0.207903164742871710002347640511
0.126976504484685837059743107602
-0.140591802048577158013031862538
-0.20150545626157403966693948405
0.0337719860019135773021581314879
0.219408283307469115230858847099
0.0825382762452512158679596154798
-0.175654016555101877283817657371
-0.175654016555116032627381628117
0.0825382762452316065537871736524
0.219408283307473028767020650776
0.0337719860019319445543217739214
-0.201505456261571208598226689901
-0.140591802048596670182689649664
0.126976504484678703876809890971
0.207903164742890250726858880626
-0.0167652068584454271016337401079
-0.216790548468517058067206448868
-0.0981573711088791767132022414444
0.164756462047237123291765215072
0.185496221852155668274875210955
-0.0664232820767799853056700953857
-0.22070778834912854748928623394
-0.0505758592314145549728721107385
0.193897080193964899130776302627
0.153362408153157769863383919073
-0.112598316850708549119453039111
-0.21305231033397672990581384056
1.0442910214350691333606846456
-0.216884882871858336583770210382
-0.0822698617079535010621071933201
0.1855449916334206972301501537
0.152950146544419879335308110058
-0.127281172740318387903712959996
-0.20143579605026537548972953573
0.0505475506739138449874282343899
0.220691046238404020574108699293
0.0335210392567044310196955336778
-0.207921762883447019953919721047
-0.112725382701690163278485101728
0.164980899923003937468379831444
0.175572117349134776409513847284
-0.0980996168430846859909166823854
-0.212941537637365840840431019387
0.0169830735489256735848417889656
0.21941095753582343097498608131
0.0665978878437596122363828499147
-0.19404159788661662355835346716
-0.140514812885609130521658016733
0.140514812885578627144056440557
0.194041597886637412484489573217
-0.066597887843720185441220849043
-0.21941095753583159111421707621
-0.0169830735489643128155456963668
0.212941537637359595835917502882
0.0980996168431195886272533357442
-0.175572117349117734486085851131
-0.16498089992303188733302476976
0.112725382701667556362146171978
0.207921762883463895343894023426
-0.0335210392566784518009193050148
-0.220691046238409599444807440705
-0.0505475506739377494769271947916
0.201435796050259685596728331802
0.127281172740334264092965099735
-0.152950146544409748550208405504
-0.1855449916334276083684784453
0.0822698617079465482904154782773
0.216884882871859335784492373023
1.0265299468668853677399965818
-0.219443594047815215830610213743
-0.0500140351619989542708566432339
0.207963727057805219944341956761
0.0977462261744347360448159633961
-0.185528846141983977391376470223
-0.140329124080679434882767964154
0.153320265706856140308644853576
0.175519453548676374055048654554
-0.113034740698503860523160824414
-0.201463380453389490076787637918
0.0667945212388933035052573927715
0.216794173145517354850397850896
-0.0170355520343974664587705092345
-0.220704202168724772370467235305
-0.0336208537152380831924958215495
0.212987486353109406467254416384
0.0825061056600549097561625444541
-0.194050543947533488120527067622
-0.127044918213468721601699940038
0.164890977150834311393268194479
0.164890977150853129673535590882
-0.12704491821344288116080178952
-0.194050543947543563394475540917
0.0825061056600295689156254752561
0.212987486353112792647479523112
-0.0336208537152085512600407923856
-0.220704202168720414745095581566
-0.0170355520344234560858875937583
0.216794173145508334288322771499
0.0667945212389162157329280944396
-0.201463380453373197553901263746
-0.113034740698523400448394227169
0.175519453548651921392931285482
0.153320265706861191823406898038
-0.140329124080656258977128914012
-0.185528846141977843409165416233
0.0977462261744172500321781171806
0.207963727057795061403666636579
-0.0500140351619897949309034856924
-0.219443594047800394353231467903
1.00861953386056368842105257499
0.220713849220389862759716947949
0.0165873212693134972073316646402
-0.219440005989103903427661634851
-0.0334320236877787002605089128338
0.216873689708187378233361641833
0.050079729082657176153503542082
-0.213029458639196561664519435908
-0.0664323427751143530395339098504
0.207929964677068257472569712263
0.0823935080016039156358687023385
-0.201605256274188876508546286459
-0.097869174584431936625428249954
0.194092601383162616235367181616
0.11276815311658895668589508432
-0.185436267857712278050996701495
-0.127002652289698730880829202761
0.175687262607088556798373701895
0.140488796198858678643262010155
-0.164903031041023800939981924785
-0.153147118576212298846073167624
0.153147118576207913465125898256
0.164903031041026715275421565821
-0.140488796198850296459426090223
-0.175687262607086197574446373437
0.127002652289688461317851420063
0.185436267857708420025986129076
-0.11276815311657771567777075461
-0.194092601383158508410176068537
0.0978691745844180310820448198683
0.201605256274181465769856913539
-0.0823935080015916893048100178021
-0.207929964677058848332436014061
0.066432342775105346355246638268
0.213029458639187901924927359687
-0.0500797290826518054496219178873
-0.216873689708184158586590228879
0.0334320236877732462899004417523
0.219440005989102515648880853405
-0.0165873212693103087855828192687
-0.220713849220385921467979528643
0.990665038941070719147319323383
-0.220688631127337914206165692121
0.0172265589098763750863785304546
0.21937111992955637962410264663
-0.0339971858836107393431191781019
-0.216772080671753547553848306961
0.0505691206872211293510410712315
0.212906139225290835792492316614
-0.0668455094527633797429899686904
-0.207795889689776802633502938988
0.0827312264958703358352920531615
0.201471198394368611328530960236
-0.0981334293729642648251854097907
-0.193969029348502158827116659268
0.11296210148941546180800798993
0.185333228209535016972608900687
-0.127130578192285348393397725886
-0.175614266031289573133378212333
0.140556053273001885228765672764
0.164868944291169911009475868013
-0.153160062919752787413685268803
-0.153160062919742989695492951796
0.164868944291177793592950706625
0.140556053272992753644388130851
-0.175614266031294402603535331764
-0.127130578192272941651097539761
0.185333228209533545927101272355
0.11296210148940179218701729269
-0.193969029348499855114340562068
-0.0981334293729499429481677452713
0.201471198394363032457832218824
0.0827312264958567772366038184373
-0.207795889689771723363165278897
-0.0668455094527542620364002345923
0.212906139225283813631861562499
0.0505691206872119769499818175973
-0.216772080671743916369109683728
-0.0339971858836052576169350913915
0.219371119929545749238641860757
0.0172265589098748589380605267252
-0.220688631127328171999124606373
0.972771826212428192270920135343
-0.219368530844720382999568641935
0.0506350300708905617930177811559
0.20776182269099524591027261522
-0.0982564945994590099864751664427
-0.185240272779448017503867163214
0.140715754583234570196381696405
0.152986558627470403681769539617
-0.175782082057931887675295001827
-0.112695227748934825862114905703
0.201613160268553720522177741259
0.0664831084319592591214131971356
-0.21685187452375620509315012896
-0.0167780956924473388658380912375
0.220697612366554746232694128594
-0.0338084056156508633295132426611
-0.212948326198200310610531005295
0.0826186789406342381170134103741
0.194011148466699034909055399112
-0.127088327300019426902011332459
-0.164881001718538144906744946638
0.164881001718547220979971257293
0.127088327300012099430048806425
-0.19401114846670725055943762527
-0.0826186789406245930544869793266
0.212948326198208859327820619001
0.0338084056156433068740518876893
-0.220697612366563905572647286135
0.0167780956924560610554753026236
0.216851874523763976654322505055
-0.0664831084319684323391541624915
-0.201613160268559632459783870218
0.112695227748945317469697613433
0.175782082057937355523691280723
-0.152986558627482671646191647596
-0.140715754583238178421211728164
0.185240272779459258511991492924
0.0982564945994597732648045962378
-0.207761822691006958763182410621
-0.0506350300708900413759749881137
0.21936853084473481589888876897
0.955044749039854923289283306076
-0.216761733934071498808293654292
0.0828552405743242237345924650072
0.185223926381430842313946527611
-0.153357163521934486416498089056
-0.126851472713828489213838679461
0.201640735960161854301020412095
0.0501008061827923900644066179666
-0.220710643883087559435907110128
0.0339084538898746651325311063374
0.207804043316031666899235119672
-0.113005064782530334488441781104
-0.164790839648911419113019860561
0.17572952728281576728619484129
0.0979027761635412885343754396672
-0.212994335358477920872033450905
-0.0168305804672892710127651838548
0.21940057198927276349564863267
-0.0666800259450678889372454705153
-0.19402010305167749493193696253
0.140530045182145651994076729352
0.140530045182134938341889096591
-0.194020103051683157069362550828
-0.0666800259450553017837037828031
0.219400571989274012496551335971
-0.016830580467303180025595565894
-0.212994335358472619557090865783
0.0979027761635469506718010279656
0.175729527282809522281681324785
-0.164790839648912612602771332604
-0.113005064782524936028984541281
0.207804043316025505161448450053
0.0339084538898721185584683723846
-0.22071064388307806702904656504
0.0501008061827906900354001606956
0.201640735960150863093076623045
-0.126851472713821772364539697264
-0.153357163521924549920427693905
0.18522392638141707554844117567
0.0828552405743191305864669971015
-0.216761733934056788353217370968
0.937587538271014042656759102101
-0.212883962101699492075468356234
0.113132399998237501148601324985
0.152943967747346309948852649541
-0.194164687419168369153510411707
-0.0500722484016396865436071550448
0.220693807379746309571544315986
-0.0668550452076040191418115909983
-0.185272879203008528081753070182
0.1650157349052734367944594851
0.0978447654987854575914241195278
-0.216855538474922171499059686539
0.0170489486434399588332677666358
0.207822718535711076226490945373
-0.127156922752033385570769041806
-0.140452840705423853684408186382
0.201571201695334822900917970401
0.0336570254370634966423203593422
-0.219403260247489212408922298891
0.0825865145805327743877555235485
0.175647534823324708019853801488
-0.175647534823331508135879630572
-0.0825865145805237677034682519661
0.219403260247492876144903561908
-0.0336570254370744462169007249486
-0.201571201695335239234552204834
0.140452840705430903600614556126
0.127156922752032469636773726052
-0.207822718535720735166805184235
-0.0170489486434345638432574787657
0.216855538474929665504475906346
-0.0978447654987962683881264069896
-0.165015734905276628685655282425
0.185272879203018075999764846529
0.066855045207604407719870209803
-0.220693807379757522824093030067
0.0500722484016441066190239439493
0.194164687419178361160732038115
-0.152943967747354470088083644441
-0.113132399998245897210225052731
0.212883962101713397618851786319
0.920502200503483969384888041532
-0.207758370955719695594154927676
0.140757447119110951083698068942
0.11262066075039935120205569774
-0.216877126666597225268517945551
0.0339653871038928384384902869897
0.193920109778874222294930973476
-0.165034914486165168456821561449
-0.0823739257965047516618639633634
0.220710994368140817067924785988
-0.06680341198909309219367003152
-0.175558938467812869488327010004
0.185462725450436294316602925392
0.0502057102774229394026583861432
-0.219396486757896747032958728596
0.0980831591001702363108449844731
0.153102623155617900696512379
-0.201564373507871541502112222588
-0.0168663802878448731981109176559
0.212964266461205142810797497077
-0.127074987042297471440122080821
-0.127074987042300663331317878146
0.212964266461202561542265243588
-0.0168663802878395129025701493219
-0.20156437350787428930409816985
0.153102623155617817429785532113
0.0980831591001733310575261270969
-0.219396486757896663766231881709
0.0502057102774210728401982350988
0.185462725450435295115880762751
-0.175558938467810371486521603401
-0.0668034119890928285157016830453
0.220710994368139928889505085863
-0.0823739257965045157394712305177
-0.165034914486163947211494473777
0.193920109778873028805179501433
0.0339653871038937543724856027438
-0.216877126666595809734161548477
0.112620660750396922589189330211
0.140757447119111062106000531458
-0.207758370955718640882281533777
0.903888429765519862968403685954
-0.20141540469640706323417589374
0.165083635432466874215506891233
0.0663754387106091914283467758651
-0.219379160164415831779649579403
0.11307809150340297765779951078
0.12688057144209985427352194165
-0.21686719546367341782122650784
0.0505181558785986403736778527218
0.175543026816169983606030768897
-0.194113453824101112044075989616
-0.0167570029982498681919711458477
0.207820787472432821907375455339
-0.153241705794800620044071592929
-0.0824681101238484565163489037332
0.220701137587768464465298734467
-0.0980668059227720739778888514593
-0.140481874707046039407742910043
0.212981861338936206973215803373
-0.0337386249085786793511232417586
-0.185383454362097077616766682695
0.185383454362094829415141816753
0.0337386249085835573935376885402
-0.212981861338938482930416284944
0.140481874707044290806479125422
0.0980668059227775140707095147263
-0.220701137587769852244079515913
0.082468110123843862968584517148
0.153241705794806032381316640567
-0.207820787472434098663853774269
0.0167570029982475748875359045087
0.194113453824104331690847402569
-0.175543026816169261961064762545
-0.0505181558786021930873566532227
0.216867195463676304401090533247
-0.12688057144209730076056530379
-0.113078091503408528772922636563
0.219379160164418385292606217263
-0.0663754387106052223810337409304
-0.165083635432472924930991098336
0.201415404696412558838147788265
0.88784303582127632736842315353
0.193892608817428091505519205384
-0.185541649264304137068037903191
-0.016640801795125989559487322822
0.201438908917039694035366892422
-0.1757974495392958802497673787
-0.0334964098214666147756979341921
0.207797178721313369198497866819
-0.16501601223541295659913430427
-0.0501543826612562415601104248708
0.212929405670876870093621846536
-0.153260949091378551045750100457
-0.0665164351094773426131823157448
0.216805308651143474607536631993
-0.140601617214269336564314016869
-0.0824860279464146584071926326942
0.219402019097757666754588967706
-0.127112709068578327853415999016
-0.0979689375386636751574798154252
0.220704215925474095394420714911
-0.11287381177647357044513398705
-0.112873811776478996660166842503
0.22070421592547412314999633054
-0.0979689375386580962867810740136
-0.127112709068582796501090115271
0.219402019097757527976710889561
-0.0824860279464080248246204973839
-0.140601617214274804412710295765
0.216805308651142308873360775578
-0.0665164351094710559753053757959
-0.153260949091382853159970522938
0.212929405670874372091816439934
-0.0501543826612516618901338461001
-0.165016012235413817021978388766
0.207797178721310288329604532009
-0.0334964098214627706284751695875
-0.175797449539295519427284375524
0.201438908917035780499205088745
-0.0166408017951233076769934626782
-0.18554164926430211091101796228
0.193892608817425510236986951895
0.872459392142501455325032111432
0.185234402123343799839716439237
-0.201652898440052658068921687118
0.033967650933740947682970556798
0.164729239501896107533696067549
-0.213032318784641461206774692982
0.0668420438979455688865982665448
0.140373400274892701222739788136
-0.219431325384941339207145460932
0.0981537580803083786751273009941
0.112735816183105894139337976867
-0.220700317154484237924805256625
0.127170766920290390089576249011
0.0824626174726587474195227400742
-0.216809626740233879482744328016
0.153214691041419409645030214051
0.0502615515815537164390214286414
-0.207850213350004281442906517441
0.17567665786473091182884331829
0.0168854369385109115420107173122
-0.194031536246216773644590602999
0.194031536246214164620482733881
-0.0168854369385057524743931622879
-0.17567665786473346534179995615
0.207850213350003393264486817316
-0.0502615515815517457931527189885
-0.153214691041420519868054839208
0.216809626740232158637056159023
-0.0824626174726554028726610567901
-0.127170766920291999912961955488
0.220700317154483127701780631469
-0.112735816183104353704891309462
-0.098153758080308253775037030664
0.219431325384939396316852366908
-0.140373400274891729777593241124
-0.0668420438979450137750859539665
0.213032318784639351783027905185
-0.164729239501894553221461592329
-0.0339676509337412182998328091799
0.201652898440051908668380065137
-0.185234402123343383506082204804
0.857826906409093092875650654605
0.175491809585740010657417542461
-0.213040682526634994609082696115
0.0827887720866048587575747319534
0.112671612862916020736392397339
-0.219386339544344416419008325647
0.153301683817633593864826480058
0.0335308559424841168272735103528
-0.193952857970345143856505387703
0.20160812829021762526693350992
-0.0504670025839475747120310700211
-0.140424396072808321811464793427
0.220710690661486935715274171343
-0.12715447930202772308660996714
-0.0665548023873954036622180296945
0.207842275258987185804215869211
-0.185423033858176294907948999935
0.0169555662939553583590246432777
0.164866932354064188448461436565
-0.216832193083458885096703738782
0.0980098417452874709487886661918
0.0980098417452868742039129301702
-0.21683219308345866305209881375
0.164866932354063772114827202131
0.01695556629395443895558237557
-0.185423033858175351218378068552
0.207842275258985326180649622074
-0.0665548023873940436390128638777
-0.127154479302028472487151589121
0.220710690661486019781278855589
-0.140424396072806323410020468145
-0.0504670025839496425024144343752
0.201608128290219346112621678913
-0.193952857970344255678085687578
0.0335308559424818408700730287819
0.153301683817635592266270805339
-0.219386339544343084151378775459
0.112671612862912898234135639086
0.0827887720866079396264680667628
-0.213040682526636215854409783788
0.175491809585740371479900545637
0.844030516213300718852963200334
-0.164722157762698551142221958798
0.21943896581545790924749894657
-0.127255766984843227129786669138
-0.0501170726349639689134463083064
0.193939719991160025580612114027
-0.207932061007638641081385344478
0.0827271134042283640130932553802
0.0978583744843849467898166949453
-0.212933905269867079779189111832
0.185463730861184949993969439674
-0.0338373856912384252115799654348
-0.140440936857188725106482252158
0.220702985402350060351039928719
-0.153218423783368973278840030616
-0.0168361265805167213682747018311
0.175619961117740142064747033146
-0.216837402590539157776206025119
0.112895995708183760619647273415
0.0666220991676816365334445890767
-0.201540936375600443497546621074
0.201540936375598528362829142679
-0.0666220991676777785084340166577
-0.112895995708185564732062289295
0.216837402590537964286454553076
-0.175619961117738726530390636071
0.0168361265805140568330156014554
0.1532184237833711659693136653
-0.22070298540235233630824041029
0.140440936857190057374111802346
0.0338373856912378909167493645782
-0.185463730861184783460515745901
0.21293390526986738509052088375
-0.0978583744843848218897264246152
-0.0827271134042285721799103725971
0.207932061007638890881565885138
-0.193939719991158554535104485694
0.0501170726349605202831760664139
0.12725576698484727944382655096
-0.219438965815460101937972581254
0.164722157762699383809490427666
0.831150212449195735509022142651
-0.152988734695047257083899694408
0.220698560282784755903762174967
-0.165031093803393896779496685667
0.0171058704588418104830527255444
0.140382091712112244685783934983
-0.219391891528422450230451090647
0.175754477069225784058303929669
-0.033864584549796905577068173443
-0.126956713905808288300747221911
0.216805073545657145395182396896
-0.185452334430555920707917039181
0.0504256990727988199663123225491
0.11279054473442437500629864644
-0.212953199769876255764700090367
0.194068078969694413071778171798
-0.0666925800629507570249643322313
-0.0979662436767312211349789663473
0.20785874585238053868785357281
-0.201551437889226109367868389199
0.0825703104055626330159967096733
0.0825703104055667685967634383815
-0.20155143788922813552488833011
0.207858745852378151708350628724
-0.0979662436767272659654537392271
-0.0666925800629532272711941232046
0.194068078969692775492816849692
-0.212953199769870982205333120874
0.1127905447344176165236362408
0.0504256990728039061755438865475
-0.185452334430557558286878361287
0.216805073545656756817123778092
-0.126956713905806733988512746691
-0.0338645845498019015806789866474
0.175754477069232639685480990011
-0.219391891528426807855822744386
0.140382091712110523840095765991
0.0171058704588481491626339447976
-0.165031093803400752406673746009
0.220698560282788669439923978643
-0.152988734695048922418436632142
0.819260592672515608470007464348
0.14036041636688584288705783365
-0.216790574430379301418270188151
0.194129278190768528311593854596
-0.0827343164154663857079441413589
-0.0664772965976181545721956922534
0.185303105392544686935707431985
-0.219429563136003757950476256156
0.153257962950238135757530244518
-0.0170343796751633927422098224724
-0.12697537049114709928332445088
0.212946527848464045584719883664
-0.20158292829914517541034513215
0.0980787077180156896538676392083
0.050255861917894766033310105513
-0.175619208907749430048639283086
0.220709572910364859588128183532
-0.164916805155672752114526247169
0.0337429673181218470201514492146
0.112854289508232105698759539791
-0.207867494008680819828072117161
0.207867494008681291672857582853
-0.112854289508234478800474676063
-0.0337429673181179959340347807029
0.164916805155666840176920118211
-0.220709572910359558273185598409
0.175619208907742768710491532147
-0.0502558619178892496126564992664
-0.098078707718018534600368241172
0.201582928299145147654769516521
-0.212946527848460881449099701967
0.126975370491141853479533097016
0.0170343796751674936285070316444
-0.153257962950236609200871384928
0.219429563135997929279596974084
-0.18530310539253869173137445614
0.0664772965976141994026704651333
0.0827343164154669269416686461227
-0.194129278190764809064461360322
0.216790574430371529857097812055
-0.140360416366880902394598251703
0.808430446518063949845611659839
-0.126911261977555284152785475271
0.207807049755885792086118613042
-0.213021196050205890992756962987
0.140654417536445613956530564792
-0.0170622207736679243339494860265
-0.112743925118547888564179970672
0.201489471418647564382453651888
-0.21685387102504058431939881757
0.153241510164762728685161619069
-0.0338195943049524744283829136293
-0.0979191964433580169790971581278
0.193996456751648310712354827956
-0.219421477264372694060412527506
0.164934631923659202890064534586
-0.0503796731731112612528988847771
-0.0825232328000286147196007391358
0.185371717521769147074550687648
-0.220709036024477778248353843082
0.175665568200700561440896763088
-0.066645850211545870633855770393
-0.0666458502115660350595405247986
0.175665568200717492342022296725
-0.220709036024485188987043216002
0.185371717521764595160149724506
-0.0825232328000138487533732245538
-0.0503796731731321681402313572562
0.164934631923680602438864184478
-0.219421477264387876360274276522
0.193996456751653167938087563016
-0.097919196443351855241310488509
-0.0338195943049677261171837017173
0.153241510164785404990439587891
-0.216853871025063593691584173939
0.201489471418663773638613179173
-0.112743925118551940878219852493
-0.0170622207736786310472432148799
0.14065441753646815148393045547
-0.213021196050232425323045504229
0.207807049755907746746430575513
-0.126911261977567690895085661396
0.798722375064143674805450245913
-0.112720080416818288493452371313
0.193958772144391111691419382623
-0.220714354230110154642119368873
0.185470842171406441467595982431
-0.0981282071071681999407942953439
-0.0167788336210931317282746277897
0.126972667106140968407146374375
-0.201499629591145451579237146689
0.21942495127438715885048736709
-0.17571337416939078468480772699
0.0826435659401901917542332398625
0.0336409819062226667085724329809
-0.140475712013821391055401477388
0.207850539346851242994418385024
-0.21683974288278309860977799417
0.164918237733537031974861974959
-0.0666708764385834234955652277677
-0.0503044646932174349673871915911
0.153149183118325288299743647258
-0.212973995901245466422224694725
0.212973995901244356199200069568
-0.153149183118323789498660403297
0.0503044646932184966181544893971
0.0666708764385759433679368157755
-0.164918237733524514210259326319
0.216839742882761588038675881762
-0.20785053934682426457491999372
0.140475712013796910637708492686
-0.0336409819062074080808777409857
-0.0826435659401897615428111976144
0.175713374169374492161921352817
-0.219424951274357460384578644152
0.201499629591110090975902835453
-0.126972667106111075652208342035
0.016778833621078542703841662842
0.0981282071071629125036395180359
-0.185470842171382654939293388452
0.220714354230075265883570523329
-0.193958772144356583755353540255
0.112720080416797333033862571483
0.790192445837513357531634028419
-0.0978699704648892804259574518255
0.175570311193166128660436697828
-0.21680496122527936897483868961
0.213009235407570662879095380049
-0.164971505344291557992875141281
0.0826692044234153128323683290546
0.0168034848429865178720543639201
-0.11278609140779997932479972178
0.185343034172500698009145025935
-0.219404240875922418307908401403
0.20789520111610831909487728808
-0.153206341697554648817458655685
0.0666965351404420342396051069045
0.0336661373980215797296899893354
-0.127036355403390810447916692283
0.194021130709878364406506534579
-0.220707729872520325153928411055
0.201553347992684567246968185827
-0.140536348932575494430352591735
0.0503299594015558307558144690574
0.0503299594015380602485265626456
-0.140536348932561422353515467876
0.201553347992679154909723138189
-0.220707729872524960335056221084
0.194021130709893241395036511676
-0.127036355403410267106423248151
0.0336661373980384065474069643642
0.0666965351404307515981173537511
-0.153206341697551762237594630278
0.207895201116116118411625279805
-0.219404240875938433275038619286
0.185343034172519044444626956647
-0.112786091407815938780778708406
0.016803484842995826398226455467
0.0826692044234129952418044240403
-0.164971505344297358908178807724
0.213009235407581432042434244067
-0.216804961225290249160480016144
0.175570311193174677377726311533
-0.0978699704648946927632024994637
0.782889884959051429724752324546
-0.0824478373554265175915389818329
0.153072404868767469876544851104
-0.201499062252709276732431931123
0.220704902746286679704468269847
-0.207904750000130200682235681597
0.164954845525196319711014325549
-0.0980836615266318656569666245559
0.0169886656927173661235652701862
0.0665699778108073125792998325778
-0.140474833685213629230759124766
0.194008431280297821697189419865
-0.219407481509885954329419632813
0.212988686813106703477060932528
-0.175682882423429193030628425731
0.112900049307573954737726751318
-0.0337447742114945006819404227372
-0.0503040714481222187015596603032
0.127057964659049504874133162957
-0.185386275531758404344628843319
0.216830399385163102854434669098
-0.216830399385167321701928244693
0.185386275531771699265348729568
-0.127057964659068739488034793794
0.0503040714481472611696588614905
0.0337447742114665646950832922357
-0.112900049307545116694662112877
0.175682882423400771321198021724
-0.21298868681307983607986500374
0.219407481509862695157053735784
-0.194008431280280446706854036165
0.140474833685201444533063863673
-0.0665699778107987916175858345014
-0.016988665692720991695630061713
0.098083661526630561144912689997
-0.164954845525192572708306215645
0.207904750000126425923951956065
-0.220704902746283820880179860069
0.20149906225270552972972382122
-0.153072404868763306540202506767
0.0824478373554242832677019237053
0.776856807740479493595842086506
-0.0665438884396810093058149959688
0.126991868465892776551839915555
-0.175601637416649331013829282711
0.207841545276946565445896908386
-0.220706136758822474286390047382
0.212996154371172169428305664951
-0.185430334821987424787081977229
0.140578407249377701493386894072
-0.0826215390217955314433595503942
0.0169625607270371021872978900547
0.0502776942092310538678923137468
-0.112830983260959485936503199355
0.164865990247831578630055560097
-0.201531929818906108131670862349
0.219410745307165228057399986028
-0.21683574535837341068500450092
0.194046975525583420552067082099
-0.153168840844403186807198835595
0.098012065447825008623894404991
-0.0337184508573963384603366932879
-0.0337184508573493552097133374446
0.0980120654477841940499516226737
-0.153168840844375014897948972248
0.194046975525572179543942752389
-0.216835745358380210801030330003
0.219410745307184434915726001236
-0.201531929818933752684984028747
0.164865990247864163675828308442
-0.112830983260995956762862135747
0.0502776942092685308338673166872
0.0169625607270008152416274072039
-0.0826215390217608924849912455102
0.14057840724934581033700453645
-0.185430334821958558988441723159
0.212996154371147022876797905155
-0.220706136758801046982014781861
0.207841545276929440255742065347
-0.175601637416634426269723689984
0.126991868465880286542812882544
-0.0665438884396741675564257434417
0.772127988856663227679177907703
-0.0502511107791716524206826477439
0.0979392641907767119713312808926
-0.140474242959984896295111411746
0.175617840579262135536353639509
-0.201520894130370276098318527147
0.216820453772247706547560142099
-0.220711497334976886053325983994
0.212989288446699509549375761708
-0.19406014921741734924331979073
0.164920080649363309799326771099
-0.127102355711125519777127124144
0.0825968425886986629125274816943
-0.0337453031095987648901868283247
-0.0168818245412989745291021392859
0.0666206754481265400746892169082
-0.112854123456703592243144385066
0.153149487397776173924768272627
-0.185386532305320789193459063426
0.207869030545951183341912837932
-0.219414012809276970372707182833
0.219414012809285269289816255878
-0.207869030545976024582088825809
0.185386532305358675554174396893
-0.153149487397827382961779107973
0.112854123456766486377489400184
-0.0666206754481971502590553768641
0.0168818245413711424951497264146
0.0337453031095287930840598278337
-0.0825968425886338397656771803668
0.127102355711067455112939228457
-0.164920080649315403675814195594
0.194060149217379906971814307326
-0.212989288446673225019267761127
0.220711497334962258864976547557
-0.216820453772241378276319778706
0.2015208941303699430314111396
-0.175617840579265632738881208752
0.140474242959989836787570993692
-0.097939264190780431218463775167
0.0502511107791747194117881747388
0.768730673036203904224805683043
-0.0336647335673286099422263362158
0.0665946195110191790922371524175
-0.0979634257375036482384800251566
0.127035692292767898869954024121
-0.153129882874315198515446923011
0.175634275841908243931399624671
-0.194021304566081326248294658399
0.2078599250820474253487191163
-0.21682572097952768075401763781
0.220708508641087597368368733441
-0.219417264540676199002788848702
0.212982259092554943036290637792
-0.201554347027167068961972518082
0.185401430929524102531047446973
-0.164902180844804291393046469238
0.140537157181336469502497266149
-0.112877545015277067075309958
0.0825717638967003175753944788084
-0.0503302670611613101048220642042
0.016908886396191362411212111283
0.0169088863961724018836196847815
-0.0503302670611483551899034694088
0.0825717638966967093505644470497
-0.112877545015286864793502275006
0.140537157181362171165517338522
-0.164902180844844065132903665472
0.185401430929577254458351376343
-0.201554347027230018607468764458
0.212982259092625941798715416553
-0.219417264540750445167560656046
0.220708508641166034625058500751
-0.216825720979605701677073170686
0.207859925082121171913129842324
-0.194021304566148633519162558514
0.175634275841966530640192445389
-0.153129882874363826283925504868
0.1270356922928067566758159046
-0.0979634257375320838256982369785
0.0665946195110371369496604643246
-0.0336647335673368394703963701886
0.766684427035270732453398068174
-0.0168816783420969278306511540677
0.0336915275269791397727559001396
-0.0503036736824425678715755338999
0.0666205714405230242647348859464
-0.08254645160270707160421466142
0.0979878400475945321446147318056
-0.112854106291865721733991279052
0.127057995429674358556226820838
-0.140516140259799332534740301526
0.153149550594610245335402964884
-0.164884076878922675168936962109
0.175650845397623961430255690175
-0.18538666251769800319415537615
0.194034385592013414179035635243
-0.201543258347933657015360608966
0.207869208792223592041636948125
-0.212975107883783543183398023757
0.216830987455947199471495423495
-0.219414216109312554259247463051
0.220709632042712933230887983882
-0.220709632042707826204974708162
0.219414216109297371959385714035
-0.216830987455919887985089644644
0.212975107883747571957400168685
-0.207869208792183485234872364344
0.201543258347888026849048515032
-0.194034385591964481099225281469
0.185386662517645461889514990617
-0.175650845397571003791981070208
0.164884076878870772242535736041
-0.153149550594561756344802461172
0.140516140259755090147208989038
-0.127057995429635278705760015328
0.11285410629183320607715756978
-0.0979878400475685529258385031426
0.082546451602686379822593210065
-0.0666205714405073839978754790536
0.0503036736824302582737900024767
-0.0336915275269714514783103709306
0.0168816783420927297998392901945
