0.672 1.68 1.68 1.68 1.68 1.68 1.68 1.68 1.68 1.68 1.68 1.68 1.68 1.68 1.68 1.68 1.68 1.68 1.68 1.68 1.68 1.68 1.68 1.68 1.68 1.68 1.68 1.68 1.68 1.68 1.68 1.68 1.68 1.68 1.68 1.68 1.68 1.68 1.68 1.68 0.84 
4.992 12.48 12.48 12.48 12.48 12.48 12.48 12.48 12.48 12.48 12.48 12.48 12.48 12.48 12.48 12.48 12.48 12.48 12.48 12.48 12.48 12.48 12.48 12.48 12.48 12.48 12.48 12.48 12.48 12.48 12.48 12.48 12.48 12.48 12.48 12.48 12.48 12.48 12.48 12.48 6.24 
9.984 24.96 24.96 24.96 24.96 24.96 24.96 24.96 24.96 24.96 24.96 24.96 24.96 24.96 24.96 24.96 24.96 24.96 24.96 24.96 24.96 24.96 24.96 24.96 24.96 24.96 24.96 24.96 24.96 24.96 24.96 24.96 24.96 24.96 24.96 24.96 24.96 24.96 24.96 24.96 12.48 
15.488 38.72 38.72 38.72 38.72 38.72 38.72 38.72 38.72 38.72 38.72 38.72 38.72 38.72 38.72 38.72 38.72 38.72 38.72 38.72 38.72 38.72 38.72 38.72 38.72 38.72 38.72 38.72 38.72 38.72 38.72 38.72 38.72 38.72 38.72 38.72 38.72 38.72 38.72 38.72 19.36 
19.968 49.92 49.92 49.92 49.92 49.92 49.92 49.92 49.92 49.92 49.92 49.92 49.92 49.92 49.92 49.92 49.92 49.92 49.92 49.92 49.92 49.92 49.92 49.92 49.92 49.92 49.92 49.92 49.92 49.92 49.92 49.92 49.92 49.92 49.92 49.92 49.92 49.92 49.92 49.92 24.96 
24.96 62.4 62.4 62.4 62.4 62.4 62.4 62.4 62.4 62.4 62.4 62.4 62.4 62.4 62.4 62.4 62.4 62.4 62.4 62.4 62.4 62.4 62.4 62.4 62.4 62.4 62.4 62.4 62.4 62.4 62.4 62.4 62.4 62.4 62.4 62.4 62.4 62.4 62.4 62.4 31.2 
29.952 74.88 74.88 74.88 74.88 74.88 74.88 74.88 74.88 74.88 74.88 74.88 74.88 74.88 74.88 74.88 74.88 74.88 74.88 74.88 74.88 74.88 74.88 74.88 74.88 74.88 74.88 74.88 74.88 74.88 74.88 74.88 74.88 74.88 74.88 74.88 74.88 74.88 74.88 74.88 37.44 
35.456 88.64 88.64 88.64 88.64 88.64 88.64 88.64 88.64 88.64 88.64 88.64 88.64 88.64 88.64 88.64 88.64 88.64 88.64 88.64 88.64 88.64 88.64 88.64 88.64 88.64 88.64 88.64 88.64 88.64 88.64 88.64 88.64 88.64 88.64 88.64 88.64 88.64 88.64 88.64 44.32 
40.32 100.8 100.8 100.8 100.8 100.8 100.8 100.8 100.8 100.8 100.8 100.8 100.8 100.8 100.8 100.8 100.8 100.8 100.8 100.8 100.8 100.8 100.8 100.8 100.8 100.8 100.8 100.8 100.8 100.8 100.8 100.8 100.8 100.8 100.8 100.8 100.8 100.8 100.8 100.8 50.4 
45.056 112.64 112.64 112.64 112.64 112.64 112.64 112.64 112.64 112.64 112.64 112.64 112.64 112.64 112.64 112.64 112.64 112.64 112.64 112.64 112.64 112.64 112.64 112.64 112.64 112.64 112.64 112.64 112.64 112.64 112.64 112.64 112.64 112.64 112.64 112.64 112.64 112.64 112.64 112.64 56.32 
51.072 127.68 127.68 127.68 127.68 127.68 127.68 127.68 127.68 127.68 127.68 127.68 127.68 127.68 127.68 127.68 127.68 127.68 127.68 127.68 127.68 127.68 127.68 127.68 127.68 127.68 127.68 127.68 127.68 127.68 127.68 127.68 127.68 127.68 127.68 127.68 127.68 127.68 127.68 127.68 63.84 
55.04 137.6 137.6 137.6 137.6 137.6 137.6 137.6 137.6 137.6 137.6 137.6 137.6 137.6 137.6 137.6 137.6 137.6 137.6 137.6 137.6 137.6 137.6 137.6 137.6 137.6 137.6 137.6 137.6 137.6 137.6 137.6 137.6 137.6 137.6 137.6 137.6 137.6 137.6 137.6 68.8 
60.032 150.08 150.08 150.08 150.08 150.08 150.08 150.08 150.08 150.08 150.08 150.08 150.08 150.08 150.08 150.08 150.08 150.08 150.08 150.08 150.08 150.08 150.08 150.08 150.08 150.08 150.08 150.08 150.08 150.08 150.08 150.08 150.08 150.08 150.08 150.08 150.08 150.08 150.08 150.08 75.04 
65.536 163.84 163.84 163.84 163.84 163.84 163.84 163.84 163.84 163.84 163.84 163.84 163.84 163.84 163.84 163.84 163.84 163.84 163.84 163.84 163.84 163.84 163.84 163.84 163.84 163.84 163.84 163.84 163.84 163.84 163.84 163.84 163.84 163.84 163.84 163.84 163.84 163.84 163.84 163.84 81.92 
70.528 176.32 176.32 176.32 176.32 176.32 176.32 176.32 176.32 176.32 176.32 176.32 176.32 176.32 176.32 176.32 176.32 176.32 176.32 176.32 176.32 176.32 176.32 176.32 176.32 176.32 176.32 176.32 176.32 176.32 176.32 176.32 176.32 176.32 176.32 176.32 176.32 176.32 176.32 176.32 88.16 
75.52 188.8 188.8 188.8 188.8 188.8 188.8 188.8 188.8 188.8 188.8 188.8 188.8 188.8 188.8 188.8 188.8 188.8 188.8 188.8 188.8 188.8 188.8 188.8 188.8 188.8 188.8 188.8 188.8 188.8 188.8 188.8 188.8 188.8 188.8 188.8 188.8 188.8 188.8 188.8 94.4 
80.256 200.64 200.64 200.64 200.64 200.64 200.64 200.64 200.64 200.64 200.64 200.64 200.64 200.64 200.64 200.64 200.64 200.64 200.64 200.64 200.64 200.64 200.64 200.64 200.64 200.64 200.64 200.64 200.64 200.64 200.64 200.64 200.64 200.64 200.64 200.64 200.64 200.64 200.64 200.64 100.32 
85.248 213.12 213.12 213.12 213.12 213.12 213.12 213.12 213.12 213.12 213.12 213.12 213.12 213.12 213.12 213.12 213.12 213.12 213.12 213.12 213.12 213.12 213.12 213.12 213.12 213.12 213.12 213.12 213.12 213.12 213.12 213.12 213.12 213.12 213.12 213.12 213.12 213.12 213.12 213.12 106.56 
90.24 225.6 225.6 225.6 225.6 225.6 225.6 225.6 225.6 225.6 225.6 225.6 225.6 225.6 225.6 225.6 225.6 225.6 225.6 225.6 225.6 225.6 225.6 225.6 225.6 225.6 225.6 225.6 225.6 225.6 225.6 225.6 225.6 225.6 225.6 225.6 225.6 225.6 225.6 225.6 112.8 
85.568 213.92 213.92 213.92 213.92 213.92 213.92 213.92 213.92 213.92 213.92 213.92 213.92 213.92 213.92 213.92 213.92 213.92 213.92 213.92 213.92 213.92 213.92 213.92 213.92 213.92 213.92 213.92 213.92 213.92 213.92 213.92 213.92 213.92 213.92 213.92 213.92 213.92 213.92 213.92 106.96 
60.544 151.36 151.36 151.36 151.36 151.36 151.36 151.36 151.36 151.36 151.36 151.36 151.36 151.36 151.36 151.36 151.36 151.36 151.36 151.36 151.36 151.36 151.36 151.36 151.36 151.36 151.36 151.36 151.36 151.36 151.36 151.36 151.36 151.36 151.36 151.36 151.36 151.36 151.36 151.36 75.68 
46.592 116.48 116.48 116.48 116.48 116.48 116.48 116.48 116.48 116.48 116.48 116.48 116.48 116.48 116.48 116.48 116.48 116.48 116.48 116.48 116.48 116.48 116.48 116.48 116.48 116.48 116.48 116.48 116.48 116.48 116.48 116.48 116.48 116.48 116.48 116.48 116.48 116.48 116.48 116.48 58.24 
36.48 91.2 91.2 91.2 91.2 91.2 91.2 91.2 91.2 91.2 91.2 91.2 91.2 91.2 91.2 91.2 91.2 91.2 91.2 91.2 91.2 91.2 91.2 91.2 91.2 91.2 91.2 91.2 91.2 91.2 91.2 91.2 91.2 91.2 91.2 91.2 91.2 91.2 91.2 91.2 45.6 
27.52 68.8 68.8 68.8 68.8 68.8 68.8 68.8 68.8 68.8 68.8 68.8 68.8 68.8 68.8 68.8 68.8 68.8 68.8 68.8 68.8 68.8 68.8 68.8 68.8 68.8 68.8 68.8 68.8 68.8 68.8 68.8 68.8 68.8 68.8 68.8 68.8 68.8 68.8 68.8 34.4 
19.84 49.6 49.6 49.6 49.6 49.6 49.6 49.6 49.6 49.6 49.6 49.6 49.6 49.6 49.6 49.6 49.6 49.6 49.6 49.6 49.6 49.6 49.6 49.6 49.6 49.6 49.6 49.6 49.6 49.6 49.6 49.6 49.6 49.6 49.6 49.6 49.6 49.6 49.6 49.6 24.8 
12.544 31.36 31.36 31.36 31.36 31.36 31.36 31.36 31.36 31.36 31.36 31.36 31.36 31.36 31.36 31.36 31.36 31.36 31.36 31.36 31.36 31.36 31.36 31.36 31.36 31.36 31.36 31.36 31.36 31.36 31.36 31.36 31.36 31.36 31.36 31.36 31.36 31.36 31.36 31.36 15.68 
5.376 13.44 13.44 13.44 13.44 13.44 13.44 13.44 13.44 13.44 13.44 13.44 13.44 13.44 13.44 13.44 13.44 13.44 13.44 13.44 13.44 13.44 13.44 13.44 13.44 13.44 13.44 13.44 13.44 13.44 13.44 13.44 13.44 13.44 13.44 13.44 13.44 13.44 13.44 13.44 6.72 
0.416 1.04 1.04 1.04 1.04 1.04 1.04 1.04 1.04 1.04 1.04 1.04 1.04 1.04 1.04 1.04 1.04 1.04 1.04 1.04 1.04 1.04 1.04 1.04 1.04 1.04 1.04 1.04 1.04 1.04 1.04 1.04 1.04 1.04 1.04 1.04 1.04 1.04 1.04 1.04 0.52 
