1
0.999999998138468848551951850823
0.999999992553875283185504940775
0.999999983246219525945264194888
0.999999970215501465808927150647
0.999999953461721546865703658113
0.999999932984879658093291254772
0.99999990878497613255859732817
0.999999880862011303328529265855
0.999999849215985503469994455372
0.999999813846898955027597821754
0.999999774754752102090549215063
0.999999731939545499770360947878
0.999999685401279481133940407744
0.999999635139954601292799907242
0.999999581155571415358451758948
0.999999523448130589464710737957
0.999999462017632678723089156847
0.999999396864078349267401790712
0.999999327987468489276068339677
0.999999255387803764882903578837
0.9999991790650849532440247458
0.999999099019313053560154003208
0.999999015250488731965106126154
0.999998927758613098681905739795
0.999998836543687041888972544257
0.999998741605711671809331164695
0.999998642944687987643703763752
0.999998540560616988592812504066
0.999998434453500117946589398343
0.999998324623338263883454146708
0.999998211070132647648733836832
0.999998093793884823554662943934
0.999997972794595901824266093172
0.999997848072267214725172834733
0.999997719626900094525012718805
0.999997587458496206558322683122
0.999997451567056883092732277873
0.999997311952583678440475978277
0.999997168615078146913788259553
0.99999702155454184282490359692
0.999996870770976431508358928113
0.999996716264383578298691190867
0.999996558034765059552739785431
0.999996396082122651627344112057
0.999996230406458130879343570996
0.999996061007773384687880025012
0.999995887886070189409792874358
0.999995711041350654468828906829
0.999995530473616556221827522677
0.999995346182870004092535509699
0.999995158169113218527002118208
0.999994966432347975882066748454
0.999994770972576718648383575783
0.999994571789801445227396925475
0.999994368884024376065156047844
0.999994162255247953652315118234
0.999993951903474287412620924442
0.999993737828705819836727641814
0.999993520030944993415289445693
0.999993298510194139616658048908
0.999993073266455811953790089319
0.999992844299732452917339742271
0.999992611610026616020263645623
0.999992375197340965797820899752
0.999992135061678055762968142517
0.999991891203040772495569399325
0.999991643621431558486278845521
0.999991392316853411337262969028
0.99999113728930899558378087022
0.999990878538801197805696574505
0.999990616065332904582874107291
0.999990349868907002495177493984
0.999990079949526600167075685022
0.999989806307194695200735168328
0.999989528941914174176019969309
0.999989247853688256739701500919
0.999988963042520162538551176112
0.999988674508412889174735482811
0.999988382251369767317328296485
0.999988086271394016613101030089
0.999987786568488967731127559091
