3
19157944.6927636116743087768555
0.103566513358881173711978362917
0.103724607780874417128913478336
0.103883040686194069723846666875
0.1040418130082850084461298934
0.104200925683738274130085699198
0.104360379652308238318525468458
0.104520175856924274482295800226
0.104680315243703261907093349237
0.104840798761962880614184712158
0.105001627364233587891284571469
0.105162802006272412813636663032
0.105324323647075029919406574663
0.105486193248889553730762713712
0.105648411777228570795905682189
0.105810980200883461566085941286
0.105973899491936404682057570881
0.106137170625774684973308126246
0.106300794581102711622300205363
0.106464772339956853519638002581
0.106629104887717429672733260304
0.106793793213123405783093744503
0.106958838308284773233047815211
0.107124241168697287296396325473
0.107290002793255068169742116879
0.107456124184265422449868765398
0.107622606347461277631616383132
0.107789450292016697474650754884
0.107956657030558969556643944543
0.108124227579184467584738627011
0.10829216295747100262669704307
0.108460464188493116433065210913
0.108629132298835501257983082724
0.108798168318608126647895062433
0.108967573281459395584391813827
0.109137348224591659850979397106
0.109307494188774778631767503612
0.109478012218361370200270243913
0.109648903361300439907033421605
0.109820168669153436780128174632
0.109991809197107562323658669357
0.110163826003991369151258084003
0.110336220152289429807801468542
0.110508992708157449680328454633
0.110682144741436547241697496702
0.11085567732566951881789663048
0.111029591538114688620275671838
0.11120388845976247882418874724
0.111378569175349217967863069134
0.111553634773373891442282968001
0.111729086346112421734844133425
0.111904924989634224630208336748
0.1120811518038167392541382128
0.112257767892361970396564174735
0.112434774362811712444809586486
0.112612172326563633739660019728
0.112789962898886597653103081029
0.11296814719893745471157586735
0.113146726349776460818219447901
0.11332570147838354202018962269
0.113505073715674462131453026359
0.113684844196517337300278427392
0.113865014059748331787247366265
0.114045584448189046833377346957
0.114226556508661855615649471929
0.114407931392007611304251213369
0.114589710253101217940496781011
0.114771894250869546660887010603
0.114954484548306756774849191061
0.115137482312493058533853229619
0.11532088871460953460879039767
0.11550470492995741633723838504
0.115688932137973168878808394311
0.115873571522247392762139384104
0.116058624270540783340877055707
0.116244091574802560495882630676
0.116429974631187149736177843806
0.116616274640072598023365912923
0.116802992806076991194608183378
0.116990130338077452654133026044
0.117177688449226796718605214664
0.117365668356972790986603172314
0.117554071283074504372656576834
39.8468499362646682016020349693
0.185133826095194908845087411464
0.181027999291241942225738625893
0.176909371424962685859227917717
0.17277790115284061278622118607
0.168633546873201534133102086344
0.164476266886718069937245445544
0.16030601931094906609231998118
0.156122762121679553581898858283
0.151926453138201217329950054591
0.147717050017041523490846088862
0.143494510261697294506433308925
0.139258791223246081170117349757
0.135009850092409483535149661293
0.130747643890564230195749928498
0.126472129497463892100483917602
0.122183263615869966423055359428
0.117881002803604334472353798446
0.11356530343891707568459992217
0.109236121752969386755616199025
0.10489341380801799064048651644
0.100537135506089961300979496173
0.0961672425752981424595944304201
0.091783690590506630813116828449
0.0873864349536055406986179150408
0.0829754309060817402121656982672
0.0785506335122655441338679338514
0.0741119976827804838315216784395
0.0696594781420458719622956778039
0.0651930294650279462675968034091
0.0607126060469148978726572352116
0.0562181621053342850391487672823
0.051709651687222281390976519333
0.0471870286872282315715487754915
0.042650246807694407180644446953
0.0380992595817009754854964853621
0.0335340203698288250033776591863
0.0289544823574001825017276701146
0.0243605985450403086933768292965
0.0197523217755654727223468825059
0.0151296046986687197227761103591
0.0104923997826519670162337405372
0.00584065933868407362317132225371
0.00117433547651080681661905913415
-0.00350661986815484563728695377449
-0.00820225493737593291942999940147
-0.0129126181629744280626725938532
-0.0176377581450077348945715272066
-0.0223777236833930942561110555289
-0.0271325637544872523554406740232
-0.0319023275263356567710282263306
-0.0366870643377708513521717748063
-0.0414868237317723709267625054053
-0.0463016554373295308177915785564
-0.0511316093538974406063069011452
-0.0559767355883406259042800456882
-0.060837084434656442388789088227
-0.0657127063807589201216430296881
-0.070603652086587018188446052136
-0.0755099724347385176104197057612
-0.0804317184779348437473345256876
-0.0853689414749145836225352468318
-0.0903216928750587982888120563985
-0.0952900243223094578493004291886
-0.10027398766155749820772058456
-0.105273634934207716007392718893
-0.110289018383783493648664375542
-0.115320190438720840409025925055
-0.120367203756645432810579166016
-0.125430111158129770076996578609
-0.130508965705692925318714969762
-0.135603820630362220667208816849
-0.140714729389687320804114278872
-0.145841745634599284642263228307
-0.150984923229353057427815087976
-0.156144316242012498596736236323
-0.161319978949966635894952560193
-0.166511965825317992395682153983
-0.171720331566679040857792415409
-0.176945131078787232237203852492
-0.182186419482751299492306884531
-0.187444252087782203819443793691
-0.192718684449149663118205921819
3.32423332920471029127730544506e-05
0.235484143546928120782624205276
0.218990382655475823714397165531
0.202822755573085322655657591895
0.187046318833129221470557013163
0.171622056238182246756807103338
0.156578341558268135935705345219
0.141903647725339698837387913954
0.127600676274065794046919108951
0.113677649601503741316754769741
0.100127770972281718298013686308
0.086952182112381010137269754523
0.0741595864724616249397115552711
0.0617544307433513586791384852859
0.0497263757443778472988604733018
0.0380873864122869623671796546205
0.0268340213895450555026123140578
0.0159773917110294857990560046801
0.00550506487156923046688561385054
-0.0045729459140933237382142806382
-0.014257844618943790737652932421
-0.0235379504713863624276726227436
-0.0324248497025402815374661713577
-0.0409123408056897008844288166074
-0.0489970153334933558597619196462
-0.0566724647458971622637768916775
-0.0639472873038211819807230540391
-0.0708062622452315382215459749204
-0.0772661833629257194244743800482
-0.0833066158389501182357506081644
-0.0889267344643921153757304409737
-0.0941362248259461076305143478749
-0.0989360727549604412889294735578
-0.103308338641943525670896519841
-0.10725845332902791962048638652
-0.110785106689906709398485418205
-0.113884612606660287625892635788
-0.116553093142595556863660988256
-0.118800414886696487082318185458
-0.120607038444584091507749690209
-0.121980592969457721230774893684
-0.122927316132182051777732567643
-0.123425576083350030387464357773
-0.123484216470782642849357557679
-0.123103930986131690494822521487
-0.122277770546585951016993476514
-0.121009095789019721634005577471
-0.119286780093794592128020326527
-0.117112997611494767946638262401
-0.114486112097184775104885545716
-0.111411401873681675800398238607
-0.107869579092454662139211052363
-0.103873851422473365002652201383
-0.0994234264667833295137100435568
-0.0945015592657506564577829522023
-0.0891110770915102962108633732896
-0.0832521832458765487228191659597
-0.0769322229478735797325583689599
-0.0701277572391041520427634736734
-0.0628584492234714325986644212207
-0.0551091116761177890470690954317
-0.0468803428639416736034561949964
-0.0381733817701107036590713050828
-0.0289799107407446021600350150038
-0.0193018891491887750744282925552
-0.00913374579398254504702947542683
0.00152186743460953313906991457571
0.0126767252867777575897623165702
0.0243151112523529687459156178875
0.0364646701149882387915646120291
0.0490984147592987557606747373029
0.062244664686961555244426591571
0.0758911974068188222020125976996
0.0900495048149416582594639635317
0.104714892777154525149718722332
0.119886628682946402846276612308
0.135569131152421973318666914565
0.151776858532111702526634644528
0.168501108015742889767452084016
0.185749183562020803162084803262
0.203509008235586374979675383656
0.221803741364108131239873955565
0.240627847778814629720045559225
