3
81.9998289611526729459001217037
0.110431304057969054133181430188
0.110431320503640656438548717233
0.110431336538173927031003529464
0.110431352161567089553706466631
0.110431367373820421562413685024
0.110431382174933742645883683053
0.110431396564907025048540845091
0.110431410543739935703477783591
0.110431424111432446855118882922
0.110431437267984308703283602426
0.110431450013395465736820710845
0.110431462347665682033337475332
0.110431474270794874326107049001
0.110431485782782889959463545893
0.110431496883629659544467926935
0.110431507573334974914303074911
0.110431517851898794435605566377
0.110431527719320937697133899746
0.110431537175601307554373420317
0.110431546220739765229446049943
0.110431554854736310722351788627
0.110431563077590805255212558222
0.1104315708893031239279380884
0.110431578289873169596013724458
0.110431585279300914503863850769
0.110431591857586275384761620444
0.110431598024729182849767994412
0.110431603780729511998792702343
0.110431609125587193442896705164
0.110431614059302241059867810691
0.110431618581874557705191364221
0.110431622693304073989928326682
0.110431626393590748280715274632
0.110431629682734622210915631513
0.110431632560735584758226934809
0.110431635027593580411497953264
0.110431637083308636926304302506
0.110431638727880684913706943462
0.110431639961309807640432723019
0.110431640783595810817452331776
0.110431641194738874856007271319
0.110431641194738874856007271319
0.110431640783595838573027947405
0.110431639961309793762644915205
0.110431638727880643280343520019
0.110431637083308692437455533764
0.110431635027593608167073568893
0.110431632560735584758226934809
0.110431629682734663844279054956
0.110431626393590748280715274632
0.110431622693304046234352711053
0.110431618581874516071827940777
0.110431614059302213304292195062
0.110431609125587165687321089536
0.110431603780729456487641471085
0.110431598024729196727555802227
0.110431591857586317018125043887
0.110431585279300942259439466397
0.110431578289873225107164955716
0.110431570889303137805725896214
0.110431563077590763621849134779
0.110431554854736324600139596441
0.110431546220739779107233857758
0.110431537175601293676585612502
0.110431527719320882185982668489
0.110431517851898752802242142934
0.11043150757333500266987869054
0.110431496883629673422255734749
0.110431485782782903837251353707
0.110431474270794915959470472444
0.110431462347665709788913090961
0.110431450013395493492396326474
0.110431437267984336458859218055
0.110431424111432460732906690737
0.110431410543739991214629014848
0.11043139656490692790402619039
0.11043138217493382591261052994
0.110431367373820393806838069395
0.110431352161567047920343043188
0.110431336538173968664366952908
0.110431320503641100527758567296
0.110431304057968970866454583302
0.000171038704638243029346189594264
0.188954245160614764387219111086
0.18428873568128889548489723893
0.179623224152321736557524900491
0.174957710616188533148118722238
0.170292195124368744840737122104
0.165626677728550386614614353675
0.160961158487348460210952794114
0.156295637443546575617858707119
0.151630114659862313963856195187
0.146964590178261272912507706678
0.142299064058074964389533079157
0.137633536345862200755973958621
0.132968007097448631670388863313
0.128302476361720679820521695547
0.123636944197770354270105030992
0.118971410648987072078419657828
0.114305875774187298832273995686
0.109640339620538526665960432638
0.104974802243259571210565184174
0.100309263689741703928781646482
0.0956437240185761816668730261881
0.0909781832824239078405526015558
0.086312641527215308578924179983
0.0816470988056765129003977676803
0.0769815551753386534405976249218
0.0723160106856253065421569203863
0.0676504653898093999409013576951
0.0629849193349008434905655917646
0.0583193725769329748831459880876
0.053653825167457099010182020038
0.0489882771599384134186827566282
0.0443227286032311512675718745413
0.0396571795506369811912250611385
0.0349916300593175952360347480408
0.0303260801777243751975454699732
0.0256605299524644107911353074769
0.0209949794425800494168665721872
0.0163294286956853634817932174883
0.0116638777733393400604100520468
0.00699832671478360385936001719642
0.00233277558128052592278933730086
-0.00233277557996022094632948551407
-0.00699832671524920710975914417418
-0.0116638777713060602658767805906
-0.0163294287028591562915824653146
-0.0209949794393304856043869222049
-0.0256605299515361949536096375368
-0.0303260801751627714906156541019
-0.0349916300566284546591511173119
-0.0396571795546971153645365859575
-0.0443227286041543988570623469059
-0.0489882771587581006267342331739
-0.0536538251669099949814345507093
-0.0583193725772059370915378906375
-0.0629849193355551256745528121428
-0.0676504653843508357846658896051
-0.0723160106849782963189809947835
-0.0769815551773957579273499618466
-0.0816470988069447206614270839964
-0.0863126415258582274647736198858
-0.0909781832854545530198109304365
-0.0956437240202541172351402565255
-0.100309263691886085823057328525
-0.104974802241550285719640100979
-0.109640339620745444482174946188
-0.114305875773121484728633845407
-0.118971410648087097539082890307
-0.123636944195546619185144265884
-0.128302476364455880775139462457
-0.132968007094826090597194934162
-0.137633536342585266476490346577
-0.142299064052079898834435311983
-0.146964590177414478056050484156
-0.151630114658874520783271577784
-0.156295637444646695612959774735
-0.160961158493667738644816722626
-0.16562667772841205282574605917
-0.17029219512522131285692239544
-0.174957710619046136191201412657
-0.179623224152347771287452360411
-0.184288735689170618536891765871
-0.18895424515664530074054994202
1.42639782362454596799620483254e-10
0.238069449612556660600404256911
0.220403453020098810677396272695
0.20323304119550039681385555923
0.186483103328438259982391400627
0.170170800678204531264370302779
0.154297444526622834493068125994
0.138870556527731975338113556973
0.123877909076140740873839263259
0.10933388202908043973504703672
0.0952253677030439754647161976209
0.081561772026110063160686536321
0.0683345194740297562363551264752
0.0555486062398501401204953253909
0.0432017443255447997074725208222
0.0313029407082319327537689446217
0.0198391571597275606642085676867
0.0088199497626781295234188462473
-0.00176099820873571984505834286949
-0.0119008209720496780509302325868
-0.0216035870967772568318476800187
-0.0308614465622803375854932284028
-0.0396758623493534690052086943979
-0.0480508855531348103018451922708
-0.0559909665761191832622500896832
-0.0634839874428422268337612877076
-0.0705367402991662340028256039659
-0.0771467640621417288793182365225
-0.0833186737067304894477359766825
-0.089051842737679992589860944463
-0.0943419593027931963069576681846
-0.0991901437749875686256118001438
-0.103600844035698760881025748404
-0.107571383181057564359939249243
-0.111095405767823160458895870306
-0.114177301130063288403526655657
-0.116826486859134950901939475898
-0.11903118362566769694588231232
-0.120798085902145288517139931628
-0.122113680226658499750058695099
-0.122998856635377948331999675702
-0.123438155758709117160165646965
-0.123438984042119934136927383861
-0.122997722383758736897085839246
-0.12211546248288254745695269321
-0.120800767321604607396068331582
-0.119026207476148282449202042699
-0.116825186029298755396865772127
-0.11418038625997982415949394408
-0.111091501749388421593778275565
-0.107570878744402340099206583091
-0.103602301435831475884263852549
-0.099192958862609814651989381673
-0.0943433449501228649225481603935
-0.0890544596124684811888627677945
-0.0833238804963057771990619926328
-0.0771456554804808430914064842909
-0.0705351018683816471943615056261
-0.0634840904071101025385459593053
-0.05598720099569226560376478119
-0.048051935588564714807446875966
-0.0396818063584517266573215010794
-0.0308590401540091152643441319015
-0.0216029202184894672522652570024
-0.0119030671886165111128530469387
-0.00176442265873189962216427417729
0.00881649386109947634515560110913
0.0198399611020183448684139904117
0.0313023397312996928820716391328
0.043202067705832909727536872424
0.0555517530499419834311147781136
0.0683368152896119823713760865758
0.0815642335613860208765046877488
0.095227012641398003922610371319
0.109332213135936273662451867494
0.12388259369821948141510148389
0.138860998909562827208219459862
0.154302237581419282586026042736
0.17016807421157528756872068243
0.186476777715772673582605989395
0.203234329648697475967367154226
0.220419856793182877829906374245
0.238062333628281275199611854987
