1
0.999967576157031023953436488227
0.99987031093582112717399468238
0.999708223257417039064876007615
0.999481344650079983615853507217
0.99918971923906552135008496407
0.998833403732320324053262083908
0.998412467402103986913175504014
0.99792699206254420474238031602
0.997377072043134416112764029094
0.996762814158187127056010012893
0.996084337672255792917042072077
0.995341774261541800683517067228
0.99453526797130331615903742204
0.993664975169285757949921844556
0.992731064495194992503002140438
0.991733716806235232610333696357
0.990673125118737507577293399663
0.989549494545904684272841222992
0.988363042231700017481443865108
0.987113997280911648068979502568
0.985802600685420915560541743616
0.984429105246711788623770189588
0.982993775494652499702397108194
0.981496887602589018761989336781
0.979938729298786448396185733145
0.978319599774258641389224067098
0.976639809587028229209693108714
0.974899680562858805821235819167
0.973099545692504230842700962967
0.97123974902552057120175277305
0.969320645560689309050417250546
0.967342601133098667354204280855
0.965305992297934789547753098304
0.96321120621103462067225109422
0.961058640506252337409875963203
0.958848703169694172032677670359
0.95658181241087847368476104748
0.954258396530875407925975650869
0.951878893787487800892677114462
