6
39.6584859150853858977825439069
0.156861121052847940493535361384
0.157052852225762401561226511149
0.157234708449073251612659873899
0.157406654892639163989542794297
0.157568658599425787114611807738
0.157720688496032768188825912148
0.157862715402626502259053609123
0.157994712042274360053184523167
0.158116653049674565911786316974
0.158228514979280865393462818247
0.158330276312813489347774975613
0.158421917466159439813466747182
0.158503420795652799624164686065
0.158574770603736203700151463636
0.158635953143999641756778373747
0.158686956625593955649833333155
0.158727771217018226446171524913
0.158758389049277776061686040521
0.158778804218412755711042905205
0.158789012787395295012160545411
0.158789012787395239501009314154
0.158778804218412672444316058318
0.158758389049277665039383578005
0.158727771217018254201747140542
0.158686956625593927894257717526
0.15863595314399955849005152686
0.158574770603736231455727079265
0.158503420795652799624164686065
0.158421917466159467569042362811
0.158330276312813461592199359984
0.158228514979280837637887202618
0.158116653049674732445240010748
0.157994712042274387808760138796
0.157862715402626530014629224752
0.15772068849603271267767468089
0.157568658599425787114611807738
0.157406654892639219500694025555
0.157234708449073307123811105157
0.157052852225762540339104589293
0.156861121052847996004686592642
0.340335057167623578067150447168
0.26588658196335829275724904619
0.252560762375443725868962019376
0.239186422882865318273459820375
0.225766097018692185605104327806
0.212302333051053948587139075244
0.198797693176847145579699827067
0.185254752709272801913797934503
0.171676099259466780067029390011
0.158064331912606159669110184041
0.144422060398850304885343120986
0.130751904259487433668240896623
0.117056492008673865279355652547
0.103338460291128322876552658727
0.0896004530361524942350115452427
0.0758451206083766288346126316355
0.0620751189556046356621266113507
0.0482931087541310713473485805025
0.0345017545519304899559465127368
0.0207037239101014979014703243365
0.0069016865429407841039943782846
-0.0069016865429416401900297728389
-0.0207037239101008976871476363613
-0.0345017545519302679113415877055
-0.0482931087541304537857911327592
-0.0620751189556035670724654096375
-0.0758451206083762541343418206452
-0.0896004530361514117675625357151
-0.103338460291128211854250196211
-0.117056492008673740379265382217
-0.130751904259486767534426121529
-0.144422060398849749773830808408
-0.158064331912606020891232105896
-0.171676099259466141688790230546
-0.18525475270927210802440754378
-0.198797693176847756202363370903
-0.212302333051053809809260997099
-0.225766097018690631292869852587
-0.239186422882862820271654413773
-0.252560762375454939121510733457
-0.265886581963355350666233789525
0.0011764215810155067339776158164
0.327383638966731005393029363404
0.27754261515934680604189566111
0.230211405142524194733510967126
0.185408220713937199608523087591
0.143150310866618168947894673693
0.103453953483344587849224183174
0.0663344474953530133243262412179
0.0318061055076328327850809785105
-0.000117753103680388448298854697782
-0.0294248086186117696616548755628
-0.0561037469232554333875562235789
-0.0801442649732191231271016818027
-0.101537075771608795160538818436
-0.120273912861214762881623130397
-0.136347534320310131983333690187
-0.149751726265101164914383957694
-0.160481305858116318763251229029
-0.168532123815460205262795057024
-0.173901066414496457968041909226
-0.176586057003039670343369493821
-0.176586057003236346352181840302
-0.173901066414670735227332443174
-0.168532123815592710380784069457
-0.160481305858433537236962251882
-0.149751726265234669233095132768
-0.136347534320399005336454933968
-0.120273912861269788310281114718
-0.101537075771699583648377540612
-0.0801442649731606837626429751253
-0.0561037469237018193712884794877
-0.029424808618794668496621014242
-0.000117753103508821599571844418453
0.0318061055076351018033875561741
0.0663344474952621832031240955985
0.103453953482965751997646464133
0.143150310866540647625200222137
0.185408220714278815233200248258
0.230211405142634745191188017088
0.277542615159601213647988515731
0.327383638966895484934127580345
2.60191732293040679210903778906e-06
-0.359725224858812475670077901668
-0.249806614022592299306779750623
-0.154134134858162435977035897849
-0.0719905907312979181922329985355
-0.0026500919144733722787599106141
0.0546214870635424454281547923529
0.100566034883141822153795885697
0.135932727334433900434618180952
0.161477546635930363505551099479
0.177962795685584929117339925142
0.186156608564279096862392748335
0.18683245685448912620785222316
0.180768651477525854609496036574
0.168747843226211419187521300955
0.151556518486699015602070517161
0.129984493129733091887345608484
0.104824404449556832230605607492
0.0768712003947373406775867010765
0.0469216278096794420227055866235
0.0157737196571792574750769944103
-0.0157737194837748694042911523638
-0.0469216278067966716114334246868
-0.076871200327696065368598965506
-0.104824404461453871140186322464
-0.129984493211970697501556060161
-0.151556518470530837694454362463
-0.168747843290388666037671328013
-0.180768651464001423034844151516
-0.186832456839235716561375966194
-0.186156608592414368752443465382
-0.177962795684185992595160996643
-0.161477546630586665799000911647
-0.135932727412641785047497933192
-0.100566034931516765094094978394
-0.0546214870984531031261610678484
0.00265009185645435950753889819964
0.0719905905274689922324071744697
0.154134134522953131218869771146
0.24980661516338267813530649164
0.359725224367997531427221247213
4.24316444769986365670269939346e-09
-0.369220730595578972010883944677
-0.18086878105594281218593266658
-0.0367620507520498088216420740082
0.0685590397534183437766586166617
0.140280274877255556331689945182
0.183308998514509380317605291566
0.202269313375576298419389331684
0.201497515314966152422115897025
0.185037849450938318707216012626
0.15663863343640671565992761316
0.119748854418322753234704691749
0.0775146290721754060992765289484
0.0327758819881756938152683744647
-0.0119356293316821675254413293032
-0.0543994759759047347147387085897
-0.0927084784752642415694978694773
-0.125270414528455303893039740615
-0.150809571055461971722522207529
-0.168368314036746763440177687698
-0.177307495334395714969843993458
-0.1773074568695695019115987634
-0.168368282306843419782182991185
-0.150809579727432946372189803697
-0.125270383318234312941541475084
-0.0927084892480198458075690837177
-0.0543994776908621607836025191318
-0.0119356166865196115789427011578
0.0327759022158904053667605182909
0.0775145800089845765645790720555
0.11974888603908503958983544635
0.156638637322352752834220268596
0.185037798508414258469301216792
0.201497500347977920309716637348
0.202269343928576372793060045296
0.183309058587519668748200274422
0.140280245025619643151060245145
0.0685589815873327013129312490491
-0.0367620328447122446391404082533
-0.180868754778599566401808829141
-0.369220737886644945202618828262
5.47291027105755189355124765487e-12
-0.360208766107870781425503992068
-0.0842805736983051057009674877918
0.0905070679532130883959695211161
0.185839074065496906440486668544
0.220706124679127840826353690318
0.211613596539437481824919018436
0.172677380717576794966205966375
0.115858257384040416737569501038
0.0509786507351533205167903872734
-0.0140609210358538447294129980492
-0.0731494407974526000826287486234
-0.121810426631776172468057950482
-0.157164420415438099709604102827
-0.177507789071661925550671412566
-0.182403120654647643572587867311
-0.172580131894927629732094942483
-0.149401717501889436112705311643
-0.115106073157864169376196628036
-0.072530800491309360689129448474
-0.0247517409426704568242705306602
0.0247664873266121889072710615665
0.0725210106711085406017147647617
0.115134361471300794566019476406
0.149386294331492114340065313627
0.172556856771143546369629007131
0.182428122588560615024988464938
0.177496935831467167465902434742
0.157141182514721866603224498249
0.121833613621689290651417536537
0.0731269941772059728357646690711
0.0140645807612768177635720334706
-0.050979652154241508754672906889
-0.115856601712624796007844452106
-0.1726750693438606487628561581
-0.211591941217860679547158042624
-0.220710177718760919285401200796
-0.185859185805324150786432824134
-0.0905081835799351197557882642286
0.084305809351382876570824009832
0.360194332442241804681515304765
