1
0.999999999834789710106974780501
0.999999999339158840427899122005
0.999999998513107501985075487028
0.999999997356635472733898950537
0.999999995869742974718974437565
0.999999994052429896917999485595
0.999999991904696239330974094628
0.999999989426542001957898264664
0.999999986617967295821074458217
0.999999983478971898875897750258
0.999999980009556144189275528333
0.999999976209719698694300404895
0.999999972079462784435577304976
0.999999967618785290390803766059
0.999999962827687216559979788144
0.999999957706168673965407833748
0.99999995225422966260708790287
0.999999946471870071462717532995
0.999999940359090011554599186638
0.999999933915889371860430401284
0.999999927142268374424816101964
0.999999920038226797203151363647
0.999999912603764640195436186332
0.999999904838882125446275495051
0.999999896743579141933366827288
0.999999888317855689656710183044
0.999999879561711768616305562318
0.999999870475147378812152965111
0.999999861058162520244252391421
0.999999851310757303934906303766
0.999999841232931729884114702145
0.999999830824685687069575124042
0.999999820086019175491287569457
0.999999809016932306171554500906
0.999999797617425190132678380905
0.999999785887497605330054284423
0.999999773827149662785984673974
0.999999761436381362500469549559
0.999999748715192815495811373694
0.999999735663583910749707683863
0.999999722281554648262158480065
0.999999708569105139055466224818
0.99999969452623538312963091812
0.999999680152945380484652559971
0.999999665449235131120531150373
0.999999650415104635037266689324
0.999999635050553892234859176824
0.999999619355582902713308612874
0.99999960333019177749491745999
0.99999958697438051657968571817
0.999999570288149119967613387416
0.999999553271497476636398005212
0.999999535924425808630644496589
0.99999951824693400492805039903
0.999999500239022065528615712537
0.999999481900690101454642899625
0.999999463231938112706131960294
0.999999444232766099283082894544
0.999999424903174061185495702375
0.999999405243161998413370383787
0.999999385252730021989009401295
0.999999364931878020890110292385
0.999999344280606106138975519571
0.999999323298914277735605082853
0.999999301986802535679998982232
0.999999280344270990994459680223
0.999999258371319532656684714311
0.999999236067948271688976547011
0.999999213434157208091335178324
0.999999190469946341863760608248
0.999999167175315673006252836785
