1
0.999999999502674707940741427592
0.999999998010698609718360785337
0.999999995524071927377462998265
0.999999992042794549895745603862
0.999999987566866477273208602128
0.999999982096287820532154455577
0.999999975631058468650280701695
0.999999968171178643672192265512
0.999999959716648123553284221998
0.999999950267467019315859033668
0.999999939823635330959916700522
0.999999928385153280530062147591
0.999999915952020645981690449844
0.999999902524237649359406532312
0.99999988810180417964090793248
0.999999872684720458870799575379
0.999999856272986376026778998494
0.999999838866602042131148664339
0.999999820465567568206211035431
0.999999801069882843229663649254
0.999999780679548089246111430839
0.999999759294563306255554380186
0.999999736914928494257992497296
0.999999713540643875298030707199
0.999999689171709338353366547381
0.999999663808125105468604942871
0.999999637449891176643745893671
0.99999961009700755187878939978
0.999999581749474564240642848745
0.99999955240729210270700377805
0.999999522070460167277872187697
0.99999949073897909102015546523
0.999999458412848873933853610652
0.99999942509206951601896662396
0.999999390776641239320099430188
0.999999355466564043837252029334
0.999999319161838040592726883915
0.999999281862463451631128918962
0.99999924356844038797476059699
0.999999204279768849623621917999
0.999999163996448947600015344506
0.999999122718480903948545801541
0.999999080445864718669213289104
0.999999037178600724828925194743
0.999998992916688811405379055941
0.999998947660129311465482260246
0.999998901408922225009234807658
0.999998854163067663058939160692
0.999998805922565958681502706895
0.999998756687417000854622983752
0.99999870645762112264520737881
0.999998655233178435075558354583
0.999998603014089160190280836105
0.999998549800353186967072360858
0.999998495591970959495142778906
0.999998440388942588796794552763
0.999998384191268074872027682432
0.999998326998947750787749555457
0.999998268811981727566262634355
0.999998209630370227252171844157
0.999998149454113360867779647378
0.999998088283211350457690969051
0.999998026117664307044208271691
0.999997962957472452671936480328
0.999997898802636009385480519995
0.999997833653155199229445315723
0.999997767509030133226133330027
0.999997700370261144442451950454
0.999997632236848232878401177004
0.999997563108791731600888397224
0.999997492986091751632216073631
