1
0.999999999889826129972902890586
0.999999999559304408869309099828
0.999999999008434947711521090241
0.999999998237217635477236399311
0.999999997245652472166455027036
0.999999996033739679823781898449
0.999999994601478925382309626002
0.999999992948870430886643134727
0.999999991075914196336782424623
0.999999988982610110710425033176
0.9999999866689582850298734229
0.99999998413495860827282513128
0.999999981380611191461582620832
0.99999997840591592357384342904
0.999999975210872915631910018419
0.99999997179548216763578238897
0.999999968159743568563158078177
0.999999964303657229436339548556
0.999999960227223150255326800107
0.999999955930441219997817370313
0.999999951413311549686113721691
0.999999946675834139320215854241
0.999999941718008988900123767962
0.99999993653983598740353500034
0.999999931141315245852752013889
0.999999925522446875270077271125
0.999999919683230653610905847017
0.999999913623666691897540204081
0.999999907343754990129980342317
0.999999900843495548308226261724
0.999999894122888366432277962303
0.999999887181933444502135444054
0.999999880020630893540101169492
0.999999872638980491501570213586
0.999999865036982460431147501367
0.99999985721463668930653057032
0.999999849171943178127719420445
0.999999840908902037917016514257
0.99999983242551315765211938924
0.999999823721776648355330507911
0.999999814797692399004347407754
0.999999805653260520621472551284
0.999999796288480902184403475985
0.999999786703353654715442644374
0.99999977689787877821459005645
0.999999766872056272681845712214
0.999999756625886027094907149149
0.999999746159368152476076829771
0.999999735472502759847657216596
0.999999724565289627165043384593
0.999999713437728976472840258793
0.999999702089820585726442914165
0.99999969052156467697045627574
0.999999678732961250204880343517
0.999999666724010083385110192467
0.999999654494711398555750747619
0.999999642045065195716802008974
0.999999629375071363845961514016
0.999999616484730013965531725262
0.99999960337404114607551264271
0.999999590043004649153601803846
0.9999995764916207452444041337
0.999999562719889212303314707242
0.999999548727810272374938449502
0.99999953451538370341467043545
0.999999520082609727467115590116
0.999999505429488233509971450985
0.999999490556019332565540480573
0.999999475462202913611520216364
0.999999460148039087670213120873
0.999999444613527743719316731585
