1
0.999999999909186976232433607947
0.999999999636747793907431969274
0.99999999918268267506960000901
0.99999999854699128665203033961
0.99999999772967396172163034862
0.999999996730730478233795111009
0.999999995550160947210827089293
0.999999994187965368652726283472
0.999999992644143631537190231029
0.999999990918695846886521394481
0.999999989011622014700719773828
0.999999986922922023957482906553
0.999999984652595985679113255173
0.999999982200643899865610819688
0.999999979567065766516975600098
0.999999976751861585633207596402
0.999999973755031246192004346085
0.999999970576574859215668311663
0.999999967216492424704199493135
0.999999963674783831635295427986
0.999999959951449302053561041248
0.999999956046488613914391407889
0.999999951959901989262391452939
0.999999947691689206052956251369
0.999999943241850375308388265694
0.999999938610385497028687495913
0.999999933797294571213853942027
0.999999928802577597863887604035
0.999999923626234688001090944454
0.999999918268265619580859038251
0.999999912728670503625494347943
0.99999990700744934013499687353
0.999999901104602240131669077527
0.999999895020128981570906034904
0.99999988875402978649731267069
0.999999882306304543888586522371
0.999999875676953253744727589947
0.999999868865976027088038335933
0.999999861873372752896216297813
0.999999854699143431169261475588
0.999999847343288172929476331774
0.999999839805806867154558403854
0.999999832086699513844507691829
0.999999824185966224021626658214
0.999999816103606997685915303009
0.999999807839621723815071163699
0.999999799394010402409094240284
0.999999790766773255512589457794
0.999999781957910061080951891199
0.999999772967420930136484003015
0.999999763795305751656883330725
0.999999754441564747686754799361
0.999999744906197696181493483891
0.999999735189204708163401846832
0.999999725290585783632479888183
0.99999971521034103361103007046
0.999999704948470236054447468632
0.999999694504973501985034545214
0.999999683879850942425093762722
0.99999967307310244635232265864
0.999999662084728013766721232969
0.999999650914727644668289485708
0.999999639563101450079329879372
0.999999628029849318977539951447
0.999999616314971362385222164448
0.99999960441846746928007405586
0.999999592340337750684398088197
0.99999958008058220659819426146
0.999999567639200725999160113133
0.999999555016193419909598105733
0.999999542211560288329508239258
