1
0.999999999421641416752493114473
0.999999997686565555987669995375
0.999999994794772417705530642706
0.999999990746262112928377518983
0.999999985541034641656210624205
0.999999979179089892866727495857
0.99999997166042808860453305897
0.999999962985049006825022388512
0.999999953152952869572800409514
0.999999942164139676847867121978
0.999999930018609539672524988418
0.999999916716362236002169083804
0.999999902257398098903706795682
0.999999886641717017354835661536
0.999999869869319102377858143882
0.99999985194020435397277424272
0.999999832854372994184188883082
0.999999812611824800967497139936
0.999999791212560218411908863345
0.999999768656579024472819128277
0.999999744943881330172530397249
0.999999720074467357555647595291
0.999999694048337106622170722403
0.999999666865490688394402241101
0.999999638525928213894644613902
0.999999609029649683122897840803
0.999999578376655318123766846838
0.999999546566945118897251632006
0.999999513600519307487957121339
0.999999479477377994918185777351
0.999999444197521181187937600043
0.999999407760949088341817514447
0.999999370167661716379825520562
0.999999331417659398368869005935
0.999999291510942134308947970567
0.999999250447510146244667339488
0.999999208227363434176027112699
0.99999916485050222014763221523
0.999999120316926726204087572114
0.999999074626637063367695645866
0.999999027779633342660758899001
0.999998979775915675105579794035
0.999998930615484393769065718516
0.999998880298339609673519134958
0.999998828824481433841242505878
0.999998776193910088316840756306
0.999998722406625795144918811275
0.999998667462628665347779133299
0.999998611361918809947724184894
0.999998554104496673033963816124
0.999998495690362254606498026988
0.999998436119515887732234205032
0.999998375391957683433474812773
0.999998313507687752732522312726
0.999998250466706539718586554955
0.999998186269014155413970001973
0.999998120914610932885580041329
0.999998054403496872133416673023
0.999997986735672306224387284601
0.999997917911137568225399263611
0.999997847929892769158755072567
0.999997776791938131069059636502
0.999997704497274098045522805478
0.999997631045900670088144579495
0.999997556437818291286134808615
0.999997480673027183684098417871
0.999997403751527569326640332292
0.999997325673319670258365476911
0.999997246438403819546181239275
0.99999716604678035025699500693
0.999997084498449373413109242392
