1
0.999999999521513638356395858864
0.999999998086054775470188360487
0.999999995693623189296772579837
0.999999992344218879836148516915
0.999999988037842069132921096752
0.999999982774492646164787856833
0.999999976554170610931748797157
0.999999969376876074456106380239
0.999999961242608925715558143565
0.999999952151369164710104087135
0.999999942103157013484349135979
0.999999931097972361015990827582
0.999999919135815318327331624459
0.999999906216685774396069064096
0.999999892340583951266808071523
0.999999877507509737917246184224
0.999999861717463245369685864716
0.999999844970444473624127112998
0.999999827266453533702872391586
0.999999808605490536628224162996
0.999999788987555371377879964712
0.999999768412648148974142259249
0.999999746880768980439313509123
0.99999972439191797679569617685
0.999999700946095027020987799915
0.999999676543300353159793303348
0.99999965118353395521211268715
0.999999624866795944200248413836
0.999999597593086320124200483406
0.999999569362405194006271358376
0.999999540174752676868763501261
0.999999510030128879733979374578
0.999999478928533802601918978326
0.999999446869967667517187237536
0.999999413854430474479784152209
0.999999379881922223489709722344
0.999999344952443136591568872973
0.999999309065993324807664066611
0.999999272222572899160297765775
0.999999234422181859649469970464
0.999999195664820428319785605709
0.99999915595048860517124467151
0.999999115279186612248452092899
0.999999073650914560573710332392
0.999999031065672450147019389988
0.999998987523460503012984190718
0.999998943024278830193907197099
0.999998897568127653734393334162
0.99999885115500686261214013939
0.999998803784916789894055000332
0.999998755457857435580137916986
0.9999987061738291327372962769
0.999998655932831881365530080075
0.999998604734865792487141789024
0.999998552579931088146736328781
0.99999849946802787936661616186
0.999998445399156388191386213293
0.999998390373316725643348945596
0.999998334390509002744806821283
0.999998277450733441540364765387
0.999998219553990264074627702939
0.999998160700279470347595633939
0.999998100889601282403873483418
0.999998040121956033310368638922
0.999997978397343612044778637937
0.999997915715764462696313330525
0.999997852077218696287275179202
0.999997787481706312817664183967
0.999997721929227756376690194884
0.999997655419783137986655674467
0.999997587953372457647560622718
