1
0.999999999452527044141447731818
0.99999999781010817656579092727
0.999999995072743286250727123843
0.99999999124043248421855878405
0.999999986313175881491588370409
0.999999980290973256025210957887
0.999999973173824829864031471516
0.999999964961730603008049911296
0.99999995565469046443496381471
0.999999945252704636189378106792
0.999999933755772896226687862509
0.999999921163895577613800469408
0.999999907477072458306111002457
0.999999892695303760348224386689
0.999999876818589483740140622103
0.999999859846929739504162171215
0.999999841780324416617986571509
0.999999822618773737126218748017
0.999999802362277701028858700738
0.999999781010836308325906429673
0.999999758564449781061966859852
0.99999973502311800821473752876
0.999999710386841322851125823945
0.999999684655619502926526820374
0.999999657829452881507847905596
0.999999629908341347572786617093
0.999999600892285123165947879897
0.999999570781284319309634156525
0.999999539575338936003845446976
0.999999507274449195293186676281
0.999999473878615097177657844441
0.99999943938783675267956141397
0.999999403802114383843502309901
0.999999367121447990669480532233
0.999999329345837684179798543482
0.99999929047528368641906126868
0.999999250509786108409571170341
0.999999209449345061173630710982
0.999999167293960655733542353119
0.999999124043633114133911021781
0.999999079698362436374736716971
0.999999034258148844500624363718
0.999998987722992449533876424539
0.999998940092893473519097824465
0.999998891367852027478591026011
0.999998841547868333456960954209
0.999998790632942502476510071574
0.999998738623074645559540840623
0.999998685518265095772960648901
0.99999863131851385311676949641
0.99999857602382113963557230818
0.999998519634187288396276471758
0.999998462149612188376579524629
0.999998403570096394687993779371
0.999998343895639796308216773468
0.999998283126242726304155894468
0.999998221261905295698113604885
0.999998158302627837556997292268
0.99999809424841046290310941913
0.999998029099253393781054910505
0.999997962855156852235438691423
0.999997895516121171333168149431
0.999997827082146351074243284529
0.999997757553232724525571484264
0.999997686929380624754060136183
0.999997615210590162782011702802
0.999997542396861560654031109152
0.999997468488195040414723280264
0.999997393484590935130995603686
0.999997317386049577869755466963
0.999997240192570968631002870097
