1
0.999999999600532540888764287956
0.999999998402130274577359614341
0.999999996404793090043483516638
0.999999993608520987287135994848
0.999999990013314077330619511486
0.999999985619172249151631604036
0.999999980426095613772474735015
0.999999974434084171193148904422
0.999999967643137810391351649741
0.999999960053256753411687896005
0.999999951664440889231855180697
0.999999942476690217851853503817
0.99999993249000485029398532788
0.999999921704384786558250652888
0.99999991011983002664464947884
0.999999897736340570553181805735
0.999999884553916418283847633575
0.999999870572557680858949424874
0.999999855792264469300789642148
0.999999840213036672587065822881
0.99999982383487440174008042959
0.999999806657777545737530999759
0.999999788681746437646324920934
0.999999769906780855421857268084
0.99999975033288102110873296624
0.999999729960046823684649552888
0.999999708788278485194211953058
0.999999686817575894615117704234
0.999999664047939162969669268932
0.999999640479368401280169109668
0.999999616111863609546617226442
0.999999590945424787769013619254
0.999999564980052157991963213135
0.999999538215745609193163545569
0.999999510652505363417219541589
0.999999482290331420664131201193
0.999999453129223780933898524381
0.99999942316918255524882397367
0.999999392410207965653512474091
0.999999360852299790103359100613
0.999999328495458361665271240781
0.999999295339683569316946432082
0.999999261384975746125292062061
0.999999226631334670045703205687
0.999999191078760563122784787993
0.999999154727253647401141734008
0.999999117576813811858471581218
0.999999079627441167517076792137
0.999999040879135825399259829283
0.999999001331898007549625617685
0.999998960985727602945871694828
0.999998919840624833632602985745
0.999998877896589810632121952949
0.999998835153622533944428596442
0.999998791611723225614127841254
0.999998747270891996663522149902
0.999998702131128736070309059869
0.999998656192433776901395958703
0.999998609454807230179085308919
0.999998561918249095903377110517
0.999998513582759485096573826013
0.999998464448338508780977917922
0.999998414514986389001194311277
0.999998363782703236779525468592
0.999998312251489052115971389867
0.999998259921344057055137000134
0.999998206792268362619324761909
0.999998152864262079830837137706
0.999998098137325430734279052558
0.999998042611458304307348043949
0.999997986286661033616951499425
