1
0.999999999823057539316550901276
0.999999999292230046243901142589
0.999999998407517742826655648969
0.999999997168920407020209495386
0.999999995576438038824562681839
0.99999999363007086028432013336
0.999999991329818649354876924917
0.999999988675681517058535519027
0.999999985667659463395295915689
0.999999982305752488365158114902
0.999999978589960591968122116668
0.999999974520283663181885458471
0.999999970096721924051053065341
0.999999965319275152531020012248
0.999999960187943570666391224222
0.999999954702726956412561776233
0.999999948863625531814136593312
0.999999942670639185848813212942
0.999999936123767918516591635125
0.999999929223011840839774322376
0.999999921968370841796058812179
0.999999914359844921385445104534
0.999999906397434190630235661956
0.999999898081138649530430484447
0.999999889410958187063727109489
0.9999998803868929142524279996
0.999999871008942831096533154778
0.999999861277107826573740112508
0.999999851191388122728653797822
0.999999840751783608538971748203
0.999999829958294284004693963652
0.999999818810920260148122906685
0.999999807309661425946956114785
0.999999795454517781401193587953
0.999999783245489548555440251221
0.999999770682576505365091179556
0.999999757765778651830146372959
0.99999974449509620999521075646
0.999999730870529068837981867546
0.99999971689207733938076216873
0.999999702559740799578946734982
0.999999687873519782499442953849
0.9999996728334140660976459003
0.999999657439423761395858036849
0.999999641691548868394079363497
0.999999625589789387092309880245
0.999999609134145317490549587092
0.999999592324616770611100946553
0.999999575161203635431661496114
0.999999557643906022974533698289
0.999999539772723933239717553079
0.999999521547657366227213060483
0.999999502968706432959322683018
0.999999484035871022413743958168
0.999999464749151134590476885933
0.999999445108546880511823928828
0.999999425114058371200087549369
0.999999404765685384610662822524
0.999999384063428142788154673326
0.999999363007286645732563101774
0.999999341597260893443888107868
0.999999319833350774899827229092
0.999999297715556512144985390478
0.99999927524387799415706012951
0.999999252418315220936051446188
0.999999229238868414526564265543
0.99999920570553746390629612506
0.999999181818322369075247024739
0.999999157577223130033416964579
0.999999132982239857803108407097
0.999999108033372663406623814808
