1
0.999999999774977998967528947105
0.999999999099912106892418250936
0.999999997974802212752365448978
0.999999996399648427569673003745
0.999999994374450640322038452723
0.999999991899208962031764258427
0.999999988973923281676547958341
0.999999985598593710278692014981
0.999999981773220247838196428347
0.999999977497802783332758735924
0.999999972772341427784681400226
0.999999967596836181193964421254
0.999999961971287043560607799009
0.999999955895694014884611533489
0.999999949370057095165975624695
0.999999942394376284404700072628
0.999999934968651582600784877286
0.99999992709288298975423003867
0.999999918767070616887338019296
0.999999909991214352977806356648
0.999999900765314198025635050726
0.999999891089370374075429026561
0.999999880963382659082583359123
0.999999870387351164069400510925
0.99999985936127588903588048197
0.999999847885156945004325734772
0.999999835958994220952433806815
0.9999998235827877168802046981
0.999999810756537543809940871142
0.999999797480243590719339863426
0.999999783753906079653006599983
0.999999769577524788566336155782
0.999999754951099939503933455853
0.999999739874631532465798500198
0.999999724348119456429628826299
0.999999708371563822417726896674
0.999999691944964630430092711322
0.999999675068321880466726270242
0.999999657741635572527627573436
0.999999639964905928657401545934
0.999999621738132726811443262704
0.999999603061316078012055186264
0.999999583934455982259237316612
0.999999564357552550575292116264
0.99999954433060578296021958522
0.999999523853615679414019723481
0.999999502926582239936692531046
0.999999481549505575550540470431
0.99999945972238557523326107912
0.999999437445222350007156819629
0.999999414718016010894530154474
0.999999391540766557895381083654
0.999999367913473879987407144654
0.999999343836138088192910799989
0.999999319308759293534194512176
0.999999294331337496011258281214
0.999999268903872695624102107104
0.999999243026364892372725989844
0.999999216698814086257129929436
0.99999918992122049932191885091
0.999999162693584020544790291751
0.999999135015904760948046714475
0.999999106888182720531688119081
0.99999907831041789929571450557
0.999999049282610408262428336457
0.999999019804760247431829611742
0.999998989876867416803918331425
0.999998959498932027400996958022
0.999998928670954079223065491533
0.999998897392933683292426394473
0.999998865664870728586777204328
