1
0.999999999439613485030520223518
0.999999997758453718077475969039
0.999999994956520921185472161596
0.999999991033814983332206338673
0.99999998599033590451767850027
0.999999979826083684741888646386
0.999999972541058546049441702053
0.999999964135260266395732742239
0.999999954608688956803064229462
0.999999943961344728293738626235
0.999999932193227469845453470043
0.999999919304337403502813685918
0.999999905294674418243516811344
0.999999890164238625089865308837
0.999999873913030024041859178396
0.999999856541048726121800882538
0.999999838048294842351992883778
0.9999998184347682617101327196
0.999999797700469206240825315035
0.999999775845397675944070670084
0.999999752869553781842171247263
0.999999728772937634957429509086
0.999999703555549235289845455554
0.999999677217388582839419086667
0.999999649758456010673057789973
0.999999621178751407768459102954
0.999999591478274996170227950643
0.999999560657026775878364333039
0.999999528715006857915170712658
0.999999495652215464325252014532
0.999999461468652595108608238661
0.999999426164318472309844310075
0.999999389739213095928960228775
0.999999352193336576988258457277
0.999999313526689137532343920611
0.999999273739270888583519081294
0.999999232831081941164086401841
0.999999190802122406296348344767
0.999999147652392506024909835105
0.999999103381892351372073335369
0.99999905799062194233783884556
0.999999011478581723011416215741
0.999998963845771582370502983395
0.999998915092191853482006536069
0.999998865217842536345926873764
0.999998814222723964029171384027
0.999998762106836247554042529373
0.999998708870179608965145234833
0.999998654512754048262479500409
0.999998599034560009535255176161
0.99999854243559749278347226209
0.999998484715866720051735683228
0.999998425875367913384650364605
0.999998365914101294826821231254
0.99999830483206697540055074569
0.999998242629265177150443832943
0.999998179305696233143407880561
0.999998114861360254401745351061
0.999998049296257573992363631987
0.999997982610388191915262723342
0.999997914803752441237350012671
0.999997845876350655025532887521
0.999997775828182944302113810409
0.999997704659249531111697706365
0.999997632369550748521191962936
0.999997558959086818575201505155
0.999997484427857852296028795536
0.999997408775864293772883684142
0.999997332003106254028068633488
0.999997254109584066128491031122
0.999997175095298063141058264591
