1
0.99999999974666309299209387973
0.999999998986652371968375518918
0.99999999771996772590654245505
0.999999995946609376851199613156
0.999999993666577102757742068206
0.999999990879871125670774745231
0.999999987586491223545692719199
0.999999983786437507404798452626
0.999999979479709977248091945512
0.999999974666308744097875660373
0.999999969346233696931847134692
0.999999963519484835750006368471
0.999999957186062160552353361709
0.999999950345965782361190576921
0.999999942999195590154215551593
0.999999935145751694953730748239
0.999999926785633985737433704344
0.999999917918842684549929344939
0.999999908545377569346612744994
0.999999898665238751149786367023
0.999999888278426340981752673542
0.999999877384940227820209202036
0.999999865984780522687458415021
0.99999985407794711456119784998
0.99999984166444011446372996943
0.999999828744259522395054773369
0.999999815317405449377474724315
0.999999801383877673366384897236
0.999999786943676527428692679678
0.99999977199680178951979314661
0.999999756543253570661988760548
0.999999740583031870855279521493
0.999999724116136690099665429443
0.999999707142568139417448946915
0.999999689662326218808630073909
0.99999967167541103929551127294
0.999999653181822378833487618977
0.999999634181560459467164037051
0.999999614674625281196540527162
0.999999594661016844021617089311
0.999999574140735147942393723497
0.999999553113780303981172892236
0.999999531580152312137954595528
0.999999509539851283435041295888
0.999999486992876995827828068286
0.999999463939229782383222300268
0.999999440378909532078921529319
0.999999416311916244914925755438
0.999999391738250142935839903657
0.999999366657911004097059048945
0.999999341070899050443188116333
0.99999931497721428197422710582
0.999999288376856698690176017408
0.999999261269826300591034851095
0.999999233656123309721408531914
0.999999205535747615058994597348
0.999999176908699216603793047398
0.999999147774978336400408807094
0.999999118134584863426539413922
0.999999087987518908704487330397
0.999999057333780472234252556518
0.999999026173369776060440017318
0.999998994506286598138444787764
0.999998962332531160512871792889
0.999998929652103463183721032692
0.999998896465003617173294969689
0.999998862771231511459291141364
0.999998828570787368086314472748
0.999998793863671187054364963842
0.999998758649882968363442614645
0.999998722929422823035849887674
