1
0.999999999449371901327765499445
0.999999997797487494288759535266
0.999999995044346889905284569977
0.999999991189950088177340603579
0.999999986234297089104927636072
0.999999980177387892688045667455
0.99999997301922249892669469773
0.999999964759800907820874726895
0.999999955399123230392888217466
0.999999944937189466642735169444
0.999999933373999616570415582828
0.999999920709553791198231920134
0.999999906943851990526184181363
0.999999892076894214554272366513
0.999999876108680574304798938101
0.999999859039211069777763896127
0.999999840868485923017772165622
0.999999821596504911980218821554
0.999999801223268258709708788956
0.999999779748776074228544530342
0.999999757173028358536726045713
0.999999733496025222656555797585
0.999999708717766777610336248472
0.999999682838252912375764935859
0.999999655857483960019749247294
0.999999627775459920542289182777
0.999999598592180793943384742306
0.999999568307646802267640850914
0.999999536921857945515057508601
0.999999504434814445730239640397
0.999999470846516302913187246304
0.999999436156963739108505251352
0.999999400366156643293891193025
0.999999363474095459558554921387
0.999999325480780076880193973921
0.999999286386210606281110813143
0.999999246190387269805910364084
0.999999204893310289499197551777
0.99999916249497966536097237622
0.99999911899539550841353729993
0.999999074394558040701497247937
0.999999028692467373247154682758
0.999998981889123728095114529424
0.999998933984527105245376787934
0.999998884978677837764848845836
0.999998834871576036675833165646
0.999998783663221813000632209878
0.999998731353615388783850903565
0.999998677942756875047791709221
0.999998623430646493837059551879
0.999998567817284467196259356569
0.999998511102670906147693585808
0.999998453286806032735967164626
0.99999839436968995798338255554
0.999998334351323014956847146095
0.999998273231705314678663398809
0.999998211010837190215738701227
0.999998147688718530545770590834
0.999998083265349890780271380208
0.99999801774073127091924106935
0.999997951114863004029587045807
0.999997883387745312155914234609
0.999997814559378306320525098272
0.999997744629762319590327024343
0.999997673598897462987622475339
0.999997601466784069579318838805
0.999997528233422472432323502289
0.999997453898812671546636465791
0.999997378462955111011467579374
0.999997301925850012871421768068
0.99999722428749748814880149439
