1
0.999999999532068861718414609641
0.999999998128275446873658438562
0.999999995788619866488033949281
0.999999992513102009539238679281
0.999999988301721876027272628562
0.999999983154479465952135797124
0.999999977071374890336130647484
0.99999997005240814917925717964
0.999999962097579242481515393592
0.999999953206888170242905289342
0.999999943380334932463426866889
0.999999932617919640165382588748
0.99999992091964229334877245492
0.999999908285502892013596465404
0.9999998947155014361598546202
0.999999880209638036809849381825
0.999999864767912804985883212794
0.999999848390325518643351188075
0.999999831076876510849160695216
0.999999812827565781603311734216
0.99999979364239321988350184256
0.999999773521359047734335945279
0.999999752464463154133511579857
0.999999730471705761125633671327
0.999999707543086868710702219687
0.999999683678606587911019687454
0.999999658878264807704283612111
0.999999633142061861157401381206
0.999999606469997637248070532223
0.999999578862072246998593527678
0.999999550318285801431272830087
0.999999520838638300546108439448
0.999999490423129966387705280795
0.99999945907176068793376089161
0.999999426784530798251182659442
0.999999393561440186317668121774
0.999999359402489074177822203637
0.999999324307677461831644905033
0.999999288277005460301438688475
0.999999251310473291631808478996
0.999999213408080844800451814081
0.999999174569828452874276081275
0.999999134795716004830978818063
0.999999094085743833737467411993
0.999999052439911939593741863064
0.999999009858220433422104633792
0.999998966340669426244858186692
0.999998921887259029084304984281
0.999998876497989463985049951589
0.999998830172860841969395551132
0.999998782911873163037341782911
0.999998734715026649233493571955
0.999998685582321411580153380783
0.999998635513757672121926134423
0.999998584509335430858811832877
0.999998532569054909835415401176
0.999998479692916331096341764351
0.999998425880919694641590922402
0.99999837113306522251576780036
0.999998315449353025741174860741
0.999998258829783437384719491092
0.999998201274356346424099228898
0.999998142783072085926221461705
0.999998083355930766913388652029
0.999998022992932611430205724901
0.999997961694077730498975142837
0.999997899459366346164301830868
0.99999783628879856944848825151
0.999997772182374622396139329794
0.999997707140094616029557528236
0.999997641161958883415650234383
