1
0.999999999244768011941175700485
0.999999996979072269809307726973
0.999999993202912551559791154432
0.999999987916288968214928445377
0.999999981119201519774719599809
0.999999972811650317261467080243
0.99999996299363536067517088668
0.999999951665156650015831019118
0.999999938826214296305749940075
0.999999924476808299544927649549
0.999999908616938770755666610057
0.999999891246605820960269284114
0.999999872365809339136433209205
0.999999851974549658351065772877
0.999999830072826667581864512613
0.999999806660640699895736815961
0.999999781737991644270380220405
0.999999755304879611728097188461
0.99999972736130482431349264516
0.999999697907267504071171515534
0.999999666942767539978831337066
0.999999634467805265103379497305
0.999999600482380679444815996249
0.99999956498649400504774575893
0.999999527980145463956773710379
0.999999489463335167194202313112
0.999999449436063336804636492161
0.999999407898330083810378710041
0.999999364850135630256033891783
0.999999320291480087163904499903
0.999999274222363787600897921948
0.999999226642786953611619082949
0.999999177552749585196067982906
0.999999126952252237465756934398
0.999999074841294799398383474909
0.999999021219877715083157454501
0.999998966088001206564683798206
0.999998909445665495887567431055
0.999998851292870805096413278079
0.99999879162961735623582626431
0.999998730455905593395016239811
0.999998667771735627596285667096
0.999998603577107902928844396229
0.999998537872022530414994889725
0.999998470656479954143946997647
0.999998401930480396160305645026
0.999998331694024189530978219409
0.999998259947111667322872108343
0.99999818668974305158059223686
0.999998111921918897415650917537
0.999998035643639315850350612891
0.999997957854904750973901172983
0.999997878555715535853209985362
0.999997797746072114577486900089
0.999997715425974709191336842196
0.999997631595423763783969661745
0.999997546254419722444595208799
0.999997459402962918240120870905
0.99999737104105368423745403561
0.999997281168692464525804552977
0.999997189785879703194382273068
0.999997096892615844332397045946
0.999997002488901109984453796642
0.99999690657473616628436730025
0.999996809150121346299044944317
0.999996710215057094117696578905
0.999996609769543853829532054078
0.999996507813582069523761219898
0.999996404347172185289593926427
0.999996299370314756238542486244
0.999996192883010226459816749411
