1
0.9999999995118797890825135255
0.999999998047519267352356564516
0.999999995606918434809529117047
0.999999992190077180431728720578
0.999999987796995615241257837624
0.999999982427673628215814005671
0.999999976082111441400002149749
0.999999968760308943771519807342
0.999999960462266135330366978451
0.999999951187983127098846125591
0.999999940937459919076957248762
0.999999929710696511264700347965
0.999999917507692903662075423199
0.99999990432844920729138493698
0.999999890172965422152628889307
0.999999875041241659268109742698
0.999999858933277807615525034635
0.99999984184907408923947969015
0.999999823788630504139973709243
0.999999804751946941294704629399
0.999999784739023733770579838165
0.999999763749860659522994410509
0.999999741784457940596553271462
0.99999971884281568801355888354
0.999999694924933901774011246744
0.999999670030812581877910361072
0.999999644160451950369861151557
0.999999617313851896227561155683
0.999999589491012641495615298481
0.999999560691934297196326042467
0.999999530916616752307390925125
0.999999500165060339895717334002
0.999999468437264948939002806583
0.999999435733230801481852267898
0.999999402052958008546568180464
0.999999367396446459110848081764
0.999999331763696486241599359346
0.99999929515470808993882201321
0.999999257569481492247120968386
0.99999921900801658214419376236
0.999999179470313692696947782679
0.999999138956372712883080566826
0.999999097466193975769499502348
0.999999054999777592378507051762
0.999999011557123562710103215068
0.99999896713823199778659045478
0.99999892174310311965257369593
0.99999887537173715035265786355
0.999998828024133978864540495124
0.999998779700293938255128978199
0.99999873040021713954672577529
0.999998680123903693761633348913
0.999998628871353711922154161584
0.999998576642567416072893138335
0.99999852343754491723615274168
0.999998469256286326434235434135
0.999998414098791976734048603248
0.999998357965061757113289786503
0.999998300855096111661168833962
0.999998242768895040377685745625
0.999998183706458765307445446524
0.99999812366778750849505286169
0.999998062652881269940507991123
0.99999800066174038271071822237
0.999997937694365068850288480462
0.999997873750755328359218765399
0.999997808830911494304416464729
0.999997742934833788730486503482
0.999997676062522211637428881659
0.999997608213977096092150986806
0.999997539389198664139257743955
