1
0.999999999476136158804706610681
0.99999999790454474624112890524
0.999999995285225762309266883676
0.99999999161817920700912054599
0.999999986903404969318387429666
0.99999998114090316025936999722
0.999999974330673890854370711168
0.999999966472717050081087108993
0.999999957567032748961821653211
0.999999947613620876474271881307
0.999999936612481654663042718312
0.99999992456361497250583170171
0.999999911467020941024941294017
0.999999897322699560220371495234
0.999999882130650941114424767875
0.999999865890874972684798649425
0.999999848603371876976098064915
0.999999830268141653988323014346
0.999999810885184414743775960233
0.99999979045450004822015444006
0.999999768976088887484365841374
0.999999746449950710491805239144
0.999999722876085739287077558402
0.999999698254494084892485261662
0.999999672585175747308028348925
0.999999645868130726533706820192
0.999999618103359355636428063008
0.999999589290861523593889614858
0.999999559430637341428393938259
0.999999528522686920162243495724
0.999999496567010481840043212287
0.999999463563607915439490625431
0.999999429512479443005190660188
0.999999394413625175559445779072
0.999999358267045224124558444601
0.999999321072739588700528656773
0.999999282830708602354263803136
0.999999243540952154063461421174
0.999999203203470576895028898434
0.999999161818263870848966234917
0.999999119385332146947575893137
0.99999907590467551621316033561
0.999999031376294311712626949884
0.999998985800188533445975735958
0.999998939176358292435509156348
0.99999889150480369970352967357
0.999998842785525088316944675171
0.99999879301852245827575416115
0.999998742203796031624563056539
0.999998690341345919385673823854
0.999998637431172343603691388125
0.999998583473275526323220674385
0.999998528467655467544261682633
0.999998472414312389311419337901
0.999998415313246513669298565219
0.999998357164458062662504289619
0.999998297967947147313338973618
0.999998237723713989666407542245
0.999998176431758700744012458017
0.999998114092081613613061108481
0.999998050704682728273553493636
0.999997986269562488814699463546
0.99999792078672089523649901821
0.999997854256158280605859545176
0.999997786677874755945083506958
0.999997718051870543298775828589
0.999997648378145975733843897615
0.999997577656701164272590176552
0.999997505887536330959619590431
0.999997433070651808861839526799
0.999997359206047597979249985656
