1
0.999999999616178358863294306502
0.999999998464713435453177226009
0.999999996545605118747346296004
0.999999993858853519768103979004
0.999999990404458638515450275008
0.999999986182420474989385184017
0.99999998119273902918990870603
0.999999975435414412139323303563
0.999999968910446401793024051585
0.999999961617835220195615875127
0.999999953557580867347098774189
0.999999944729683232225170286256
0.999999935134142425852132873842
0.999999924770958448227986536949
0.999999913640131299352731275576
0.999999901741661090248669552238
0.999999889075547820915801366937
0.999999875641791491354126719671
0.99999986144039210156364561044
0.999999846471349762566660501761
0.999999830734664474363171393634
0.999999814230336236953178286058
0.999999796958365050336681179033
0.999999778918751136558284997591
0.999999760111494384595687279216
0.999999740536594794448888023908
0.999999720194052588162492156698
0.999999699083867765736499677587
0.999999677206040216148608124058
0.999999654560570161443422421144
0.999999631147457490598640106327
0.999999606966702425658866104641
0.999999582018304966624100416084
0.999999556302265224516645503172
0.99999952981858308831419890339
0.999999502567258780061365541769
0.999999474548292299758145418309
0.99999944576168364740453853301
0.999999416207433045045149810903
0.999999385885540492679979251989
0.999999354796005990309026856266
0.999999322938829648954595086252
0.999999290314011579638986404461
0.99999925692155189338450327341
0.999999222761450590191145693097
0.999999187833707670058913663524
0.999999152138323466054714572238
0.999999115675297756133943494206
0.999999078444630873363507816975
0.999999040446322706721105078032
0.999999001680373478251340202405
0.999998962146783298976515652612
0.999998921845552168896631428652
0.99999888077668019903398999304
0.999998838940167500410893808294
0.999998796336014184049645336927
0.99999875296422024995024457894
0.999998708824785920157296459365
0.999998663917711305693103440717
0.999998618242996406557665522996
0.999998571800641444795587631234
0.999998524590646420406869765429
0.999998476613011444413814388099
0.999998427867736738861026424274
0.999998378354822303748505873955
0.999998328074268250098555199656
0.99999827702607479995577932641
0.999998225210241953320178254216
0.999998172626769932236356908106
0.999998119275658847726617750595
0.999998065156908699790960781684
