1
0.999999999624003099718549947283
0.99999999849601250989650225165
0.999999996616028230533856913098
0.999999993984050261630613931629
0.999999990600078492164470844727
0.999999986464113033157730114908
0.999999981576153884610391742171
0.999999975936201046522455726517
0.999999969544254518893922067946
0.999999962400314412747093228973
0.999999954504380617059666747082
0.999999945856453131831642622274
0.999999936456532179107625779579
0.999999926304617536843011293968
0.999999915400709316060101627954
0.999999903744807627781199244055
0.999999891336912472006304142269
0.999999878177023737713113860082
0.999999864265141535923930860008
0.999999849601265977661057604564
0.99999983418539706292449409375
0.999999818017534791714240327565
0.999999801097679164030296306009
0.999999783425830179872662029084
0.999999765001988061285942421819
0.999999745826152697247835021699
0.999999725898324309802944753756
0.999999705218502676906666692958
0.999999683786688020603605764336
0.999999661602880340893761967891
0.999999638667079748799437766138
0.999999614979286133298330696562
0.999999590539499716435045684193
0.999999565347720609231885191548
0.999999539403948589644244293595
0.999999512708183990739030377881
0.999999485260426701493940981891
0.99999945706067683293127856814
0.999999428108934496073345599143
0.999999398405199801942444537417
0.999999367949472639516272920446
0.999999336741753230839435673261
0.999999304782041575911932795862
0.999999272070337674733764288248
0.999999238606641749349535075453
0.99999920439095391078154761999
0.999999169423274048007499459345
0.999999133703602272049693056033
0.999999097231938804952733335085
0.999999060008283646716620296502
0.999999022032636908363656402798
0.999998983304998589893841653975
0.999998943825368913351780975063
0.999998903593747878737474366062
0.999998862610135486050921826973
0.999998820874532068359030745341
0.999998778386937514639498658653
0.999998735147351935914628029423
0.999998691155775554229023782682
0.999998646412208480604988380946
0.999998600916650604020219361701
0.999998554669102146519321649976
0.999998507669563330146900170803
0.999998459918034043880652461667
0.999998411414514620787485910114
0.999998362159004949845098053629
0.999998312151505364120396279759
0.999998261392015752591078125988
0.999998209880536337301748517348
0.999998157617067340297012378869
0.999998104601608650554567248037
