1
0.999999999901558855874839082389
0.999999999606235201454751404526
0.999999999114029258784341891442
0.999999998424940805819005618105
0.999999997538970064603347509546
0.999999996456116924115065103251
0.999999995176381384354158399219
0.99999999369976344532062739745
0.999999992026263107014472097944
0.999999990155880369435692500701
0.999999988088615232584288605722
0.999999985824467807482562875521
0.999999983363437872085910385067
0.999999980705525648438936059392
0.999999977850731025519337435981
0.999999974799054003327114514832
0.999999971550494581862267295946
0.999999968105052761124795779324
0.99999996446272865213700242748
0.999999960623522032854282315384
0.999999956587433236343542830582
0.999999952354461929537876585528
0.999999947924608334481888505252
0.999999943297872340153276127239
0.99999993847425394655203945149
0.999999933453753264700480940519
0.999999928236370183576298131811
0.999999922822104703179491025367
0.999999917210956934532362083701
0.999999911402926877634911306814
0.99999990539801442146483623219
0.999999899196219677044439322344
0.999999892797542533351418114762
0.999999886201983101408075071959
0.999999879409541270192107731418
0.999999872420217150725818555657
0.999999865234010743009207544674
0.99999985785092204704227469847
0.999999850270950951802717554528
0.999999842494097679335141037882
0.999999834520362007594940223498
0.999999826349744047604417573893
0.999999817982243799363573089067
0.99999980941786126287240676902
0.999999800656596438130918613751
0.999999791698449436161411085777
0.999999782543420034919279260066
0.999999773191508456449128061649
0.999999763642714589728655028011
0.999999753897038434757860159152
0.999999743954480102559045917587
0.999999733815039482109909840801
0.999999723478716573410451928794
0.999999712945511487482974644081
0.999999702215424224327477986662
0.999999691288454672921659494023
0.999999680164602944287821628677
0.999999668843869038425964390626
0.999999657326252844313785317354
0.999999645611754583995889333892
0.999999633700374035427671515208
0.999999621592111309631434323819
0.99999960928696651762948022224
0.99999959678493943737720428544
0.99999958408603029091921143845
0.999999571190238967233199218754
0.999999558097565466319167626352
0.999999544808009899199419123761
0.999999531321572154851651248464
0.999999517638252344298166462977
0.999999503758050356516662304784
