1
0.999999999415138174363448797521
0.99999999766055258643149272757
0.999999994736243347226434252661
0.99999999064221034572597091028
0.999999985378453692952405162941
0.999999978944973499928039473161
0.999999971341769544608268915908
0.999999962568841938015395953698
0.999999952626190902194025511562
0.999999941513816215099552664469
0.99999992923171809877658233745
0.99999991577989644220281206799
0.999999901158351356400544318603
0.999999885367083063414384014322
0.999999868406091341199726230116
0.999999850275376411801175891014
0.999999830974938275218732997018
0.999999810504776931452397548128
0.99999978886489271356907693189
0.999999766055285399524166223273
0.999999742075955211362270347308
0.999999716926902260105691766512
0.999999690608126656776732943399
0.999999663119628290353091415454
0.999999634461407493901674570225
0.99999960463346426742248240771
0.999999573635798721937817390426
0.999999541468410857447679518373
0.999999508131301007018976179097
0.999999473624469170651707372599
0.999999437947915459368175561394
0.999999401101639984190683207999
0.999999363085642856141532774927
0.999999323899924297265329187212
0.999999283544484418584374907368
0.999999242019323331120972397912
0.999999199324441256919726583874
0.999999155459838195980637465254
0.999999110425514370348309967085
0.999999064221470002067349014396
0.999999016847705202160057069705
0.999998968304220192671039058041
0.999998918591015084622597441921
0.999998867708089989037034683861
0.999998815655445238981258171407
0.999998762433080834455267904559
0.999998708040997108525971270865
0.999998652479194283237973195355
0.99999859574767235859127367803
0.999998537846431778675082568952
0.999998478775472543489399868122
0.99999841853479487507883050057
0.999998357124399106510281853843
0.999998294544285459828358852974
0.999998230794454046055363960477
0.999998165874905087235902101384
0.999998099785638916436880663241
0.999998032526655644680602108565
0.999997964097955605033973824902
0.999997894499539019541600737284
0.999997823731406110248087770742
0.999997751793557099198039850307
0.999997678685992208436061901011
0.999997604408711882051363772916
0.999997528961716120043945466023
0.999997452345005366503016830393
0.999997374558579954495485253574
0.999997295602439884021350735566
0.999997215476585710192125588947
0.999997134181017544030112276232
0.999997051715735718602218184969
