1
0.999999999738196976295512286015
0.999999998952787683137444219028
0.999999997643772342570400724071
0.999999995811150843572079338628
0.999999993454923186142480062699
0.999999990575089370281602896284
0.999999987171649507011750301899
0.999999983244603485310619817028
0.999999978793951305178211441671
0.999999973819693077636827638344
0.99999996832182869166416594453
0.999999962300358258282528822747
0.999999955755281666469613810477
0.999999948686599027247723370238
0.999999941094310340616857502027
0.999999932978415606577016205847
0.999999924338914825128199481696
0.999999915175807996270407329575
0.999999905489095231025942212
0.999999895278776418372501666454
0.999999884544851558310085692938
0.999999873287320761860996753967
0.999999861506184140047537312057
0.999999849201441470825102442177
0.999999836373092865215994606842
0.999999823021138434242516268569
0.999999809145578177904667427356
0.999999794746411985180145620689
0.999999779823640078113555773598
0.999999764377262234660292961053
0.999999748407278676864962108084
0.999999731913689404727563214692
0.999999714896494418248096280877
0.999999697355693717426561306638
0.999999679291287302262958291976
0.999999660703275283779589699407
0.999999641591657550954153066414
0.999999621956434325831253318029
0.999999601797605608410890454252
0.999999581115171287670762012567
0.99999955990913147463317045549
0.999999538179486280320418245537
0.999999515926235593710202920192
0.999999493149379525824826941971
0.999999469848918187686592773389
0.99999944602485146827319795193
0.999999421677179478606944940111
0.999999396805902218687833737931
0.999999371411019799538166807906
0.999999345492532221157944150036
0.999999319050439594569468226837
0.999999292084741808750436575792
0.999999264595438974723151659418
0.999999236582531203509915940231
0.999999208046018495110729418229
0.999999178985900849525592093414
0.999999149402178377776806428301
0.999999119294850968842069960374
0.99999908866391895578829007718
0.999999057509382116570861853688
0.99999902583124067323439021493
0.999998993629494625778875160904
0.999998960904144085226619154128
0.999998927655188940555319732084
0.99999889388262930278727935729
0.99999885958646528294480049226
0.999998824766696881027883136994
0.999998789423324208058829754009
0.999998753556347375059942805819
0.99999871716576627100891982991
0.999998680251581006928063288797
