1
0.999999999619596513511510238459
0.99999999847838594302373849132
0.999999996576368288536684758583
0.999999993913543550050349040248
0.999999990489911838587033798831
0.999999986305473154146739034331
0.999999981360227385707162284234
0.999999975654174533268303548539
0.999999969187314818874767752277
0.999999961959648020481949970417
0.999999953971174360134455127991
0.999999945221893615787678299967
0.999999935711806009486224411376
0.999999925440911541230093462218
0.999999914409210099996982989978
0.999999902616701907831497919688
0.99999989006338685371133578883
0.999999876749264937636496597406
0.999999862674336270629282807931
0.999999847838600852689694420405
0.999999832242058794840033897344
0.999999815884709986057998776232
0.9999997987665546483881939821
0.999999780887592670808317052433
0.999999762247824053318367987231
0.999999742847249017962951711525
0.999999722685867453719765762798
0.999999701763679582633415066084
0.99999968008068518265929469635
0.999999657636884586864312041143
0.999999634432277684226164637948
0.999999610466864474744852486765
0.999999585740645180464980512625
0.999999560253619801386548715527
0.999999534005788337509557095473
0.999999506997150899856308114977
0.999999479227707599449104236555
0.999999450697458325265642997692
0.999999421406403299350529323419
0.999999391354542521703763213736
0.999999360541876103347647131159
0.999999328968404044282181075687
0.999999296634126455529667509836
0.999999263539043448112408896122
0.999999229683155133052707697061
0.999999195066461510350563912652
0.999999159688962580005977542896
0.999999123550658564063553512824
0.999999086651549462523291822436
0.999999048991635497429797396762
0.999999010570916557760767773289
0.999998971389392865560807877046
0.999998931447064420829917708033
0.999998890743931334590399728768
0.99999884927999382888685886428
0.999998807055251792696992652054
0.999998764069705559087708479638
0.999998720323355017036703884514
0.9999986758162002775662813292
0.999998630548241562721045738726
0.999998584519478983523299575609
0.999998537729912428950740377331
0.999998490179542343092577993957
0.999998441868368503904207500455
0.999998392796391244452536284371
0.999998342963610564737564345705
0.99999829237002668680389660949
0.999998241015639499629230613209
0.999998188900449447302776206925
0.999998136024456418802230928122
0.999998082387660525149897239316
