1
0.999999999680326823181530926377
0.999999998721307292726123705506
0.999999997122941519656080799905
0.999999994885229281926797284541
0.999999992008170801582878084446
0.999999988491765967602020737104
0.999999984336014779984225242515
0.999999979540917238729491600679
0.999999974106473454860122274113
0.999999968032683428376117262815
0.99999996131954704825517410427
0.999999953967064425519595260994
0.999999945975235560169380732987
0.999999937344060452204530520248
0.999999928073539212647347085294
0.999999918163671619453225503094
0.999999907614457894666770698677
0.999999896425898038287982672045
0.999999884597992050316861423198
0.99999987213073981973110448962
0.999999859024141679597619258857
0.999999845278197296849498343363
0.999999830892907004553649130685
0.999999815868270580665466695791
0.999999800204288247229555963713
0.999999783900959893223614471935
0.999999766958285629669944682973
0.999999749376265567590849059343
0.999999731154899484941722676012
0.999999712294187714789472920529
0.999999692794130146111797330377
0.999999672654726778908695905557
0.999999651875977613180168646068
0.999999630457882870970820476941
0.999999608400442552280651398178
0.999999585703656546087358947261
0.999999562367524963413245586707
0.999999538392048026302916241548
0.999999513777225512711765986751
0.999999488523057644684399747348
0.999999462629544311198515060823
0.999999436096685734298716852209
0.999999408924481913985005121503
0.999999381112932961279682331224
0.999999352662038765160446018854
0.999999323571799436649598646909
0.999999293842215086769442677905
0.999999263473285826542280574358
0.999999232465011544945809873752
0.999999200817392464024635501119
0.999999168530428583778757456457
0.999999135604119904208175739768
0.999999102038466536335192813567
0.99999906783346859118211114037
0.999999032989126068748930720176
0.999998997505438969035651552986
0.999998961382407625109181026346
0.999998924620031814924914215226
0.999998887218311760527456044656
0.999998849177247461916806514637
0.999998810496839030115268087684
0.999998771177086576145143226313
0.999998731217990211028734393039
0.999998690619549823743739125348
0.99999864938176563633476234827
0.99999860750463775982410652432
0.999998564988166083189469190984
0.999998521832350939497757735808
0.999998478037192217726669696276
0.99999843360269013992080999742
0.999998388528844595057876176725
