1
0.99999999950904161494236177532
0.999999998036166237724842176249
0.999999995581374090392046127818
0.999999992144664950899368704995
0.999999987726039041291414832813
0.99999998232549636156818451127
0.999999975943036689685072815337
0.999999968578660358708987132559
0.999999960232367146595322537905
0.999999950904157164366381493892
0.999999940594030523044466463034
0.999999929301987111607274982816
0.999999917028027041077109515754
0.999999903772150422476272524364
0.999999889534357144782461546129
0.999999874314647207995676581049
0.999999858113020945182825016673
0.999999840929478134299301927967
0.999999822764018886367409777449
0.999999803616643312409451027634
0.999999783487351412425425678521
0.999999762376143297437636192626
0.99999974028301896744608256995
0.999999717207978533473067273007
0.999999693151022106540892764315
0.999999668112149575627256581356
0.999999642091361273799066111678
0.999999615088657090034018892766
0.999999587104037135354417387134
0.999999558137501631804866519815
0.999999528189050468363063828292
0.999999497258683756051311775082
0.999999465346401716914215285215
0.999999432452204350951774358691
0.999999398576091880208593920543
0.999999363718064193662371508253
0.999999327878121513357712046854
0.999999291056263950316917998862
0.999999253252491504539989364275
0.999999214466804509093833530642
0.999999174699202852956148035446
0.999999133949686869193840266234
0.999999092218256446784607760492
0.999999049504911807773055443249
0.999999005809653174203788239538
0.999998961132480546076806149358
0.999998915473394145436714097741
0.999998868832393972283512084687
0.999998821209480248661805035226
0.999998772604653196616197874391
0.999998723017912816146690602181
0.999998672449259329297888143628
0.999998620898692958114395423763
0.999998568366213702596212442586
0.999998514851821784787944125128
0.999998460355517315711892933905
0.999998404877300628434966256464
0.999998348417171611934861630289
0.999998290975130710300788905442
0.999998232551177812510445619409
0.999998173145313362653041622252
0.999998112757537360728576913971
0.999998051387850139803958882112
0.999997989036251699879187526676
0.999997925702742262998867772694
0.999997861387322051207604545198
0.999997796089991397572305231733
0.999997729810750191070667369786
0.999997662549598875791900809418
0.999997594306537562758308013144
0.999997525081566474014493905997
