1
0.999999999466000155656786319014
0.999999997864000844671750201087
0.999999995194001956022589183704
0.999999991456003378687000804348
0.999999986650005334709589988051
0.999999980776007824090356734814
0.999999973834010624784696119605
0.99999996582401406985951552997
0.999999956746018048292512503394
0.999999946600022560083687039878
0.999999935386027605233039139421
0.999999923104033294762871264538
0.999999909754039739695485877746
0.999999895336046829008580516529
0.999999879850054673724457643402
0.999999863296063384865419720882
0.999999845674072851409164286451
0.999999826984083295400296265143
0.999999807226094716838815656956
0.999999786400107226747024924407
0.99999976450612071410262160498
0.999999741544135511972513086221
0.999999717514151509334396905615
0.999999692416168817210575525678
0.999999666250187546623351408925
0.999999639016207808595027017873
0.99999961071422960312560235252
0.999999581344253041237379875383
0.999999550906278233952662048978
0.999999519400305403316053798335
0.999999486826334438305252660939
0.999999453184365560964863561821
0.999999418474398882317188963498
0.999999382696434402362228865968
0.999999345850472343144588194264
0.999999307936512926708871873416
0.999999268954556042032777440909
0.999999228904601911160909821774
0.999999187786650756137873941043
0.999999145600702576963669798715
0.999999102346757484660599857307
0.999999058024815812295571504364
0.999999012634877559868584739888
0.999998966176942838401942026394
0.999998918651011869940248288913
0.99999887005708476550580598996
0.999998820395161747143220054568
0.999998769665242925874792945251
0.999998717867328412722827124526
0.999998665001418540754229979939
0.99999861106751330996900151149
0.999998556065612942411746644211
0.999998499995717660127070303133
0.999998442857827574137274950772
0.999998384651942906486965512158
0.999998325378063768198444449808
0.999998265036190492338619151269
0.999998203626323189929792079056
0.9999981411484620830165681582
0.999998077602607282621249851218
0.999998012988759121810744545655
0.999997947306917711607354704029
0.999997880557083385077987713885
0.999997812739256142222643575224
0.999997743853436427130532138108
0.999997673899624350823955865053
0.99999760287782013534751968109
0.999997530788024002745828511252
0.999997457630236286085789743083
0.999997383404456985367403376586
0.999997308110686655702181724337
