1
0.999999999727064547982990916353
0.99999999890825796988735874038
0.999999997543580487757708397112
0.999999995633031879549434961518
0.99999999317661236730714335863
0.999999990174321840008531125932
0.999999986626160297653598263423
0.999999982532127740242344771104
0.999999977892224167774770648975
0.999999972706449691273178359552
0.999999966974804199715265440318
0.99999996069728780412333435379
0.999999953873900393475082637451
0.999999946504642078792812753818
0.99999993858951286007652470289
0.999999930128512626303916022152
0.999999921121641599519591636636
0.999999911568899668701249083824
0.999999901470286833848888363718
0.999999890825803205984811938833
0.999999879635448674086717346654
0.999999867899223349176907049696
0.999999855617127231255381047959
0.999999842789160320322139341442
0.999999829415322727399484392663
0.999999815495614341465113739105
0.999999801030035273541329843283
0.999999786018585412605830242683
0.999999770461264980703219862335
0.999999754358073866811196239723
0.999999737709012181952061837364
0.999999720514079926125816655258
0.999999702773277099332460693404
0.999999684486603701571993951802
0.999999665654059843866718892968
0.999999646275645526216635516903
0.999999626351360748621743823605
0.999999605881205622104346275592
0.999999584865180035642140410346
0.999999563303284211279731152899
0.999999541195518037994816040737
0.999999518541881626809697536373
0.999999495342374977724375639809
0.999999471596998090738850351045
0.999999447305751187897726595111
0.999999422468634047156399446976
0.999999397085646890559473831672
0.999999371156789718106949749199
0.999999344682062529798827199556
0.99999931766146543665740864526
0.999999290094998327660391623795
0.999999261982661535874683522707
0.999999233324454839255679416965
0.999999204120378459847984231601
0.999999174370432286629295504099
0.999999144074616430621915696975
0.999999113232931002848147272744
0.999999081845376114330292693921
0.999999049911951543023747035477
0.999999017432657621995417684957
0.999998984407494351245304642362
0.999998950836461619751105445175
0.999998916719559649557425018429
0.999998882056788329641960899608
0.999998846848147993071620476258
0.999998811093638417801798823348
0.99999877479325982587710086591
0.999998737947012217297526603943
0.999998700554895592063076037448
0.999998662616910172218354091456
0.999998624133055957763360765966
