1
0.999999999301492303871441436058
0.999999997205969215485765744234
0.99999999371343062382067046201
0.999999988823876750920760514418
0.999999982537307485763733438944
0.999999974853722828349589235586
0.99999996577312288970063036686
0.999999955295507780839159295283
0.999999943420877390742873558338
0.999999930149231719411773156025
0.999999915480570988890463013377
0.999999899414895310201245592907
0.999999881952204461299515969586
0.999999863092498775252181530959
0.999999842835778252059242277028
0.999999821182043002743000670307
0.999999798131293027303456710797
0.999999773683528547785215323529
0.999999747838749564188276508503
0.99999972059695629855724519075
0.999999691958148639869818907755
0.99999966192232703221520750958
0.999999630489491253548806071194
0.99999959765964174795982444266
0.999999563432778404425960161461
0.999999527808901556014120615146
0.999999490788011313746608266229
0.99999945237010767762342311471
0.999999412555190980711472548137
0.999999371343261334033059029025
0.999999328734318959632787482406
0.999999284728363857510657908279
0.999999239325396471755880156707
0.99999919252541680236845422769
0.999999144328425071392985046259
0.999999094734421500874077537446
0.999999043743406423878639088798
0.999998991355379840406669700315
0.999998937570342083525076759543
0.999998882388293375278465191514
0.999998825809233937711439921259
0.999998767833164103890908336325
0.999998708460083873816870436713
0.999998647689993691578536072484
0.99999858552289377922051016867
0.999998521958784358787397650303
0.99999845699766576334610590493
0.999998390639538214941239857581
0.999998322884401935617404433287
0.999998253732257369463809482113
0.999998183183104627502757466573
0.999998111236944153823458236729
0.999998037893776059448214255099
0.999997963153600899488537834259
0.999997887016418784966731436725
0.999997809482230159972004912561
0.999997730551035357571265649312
0.999997650222834488786816109496
0.999997568497628219752471068205
0.999997485375416661490532987955
0.999997400856200258090211718809
0.999997314939979231596112185798
0.999997227626754137119746701501
0.999997138916525196705720190948
0.999997048809292854443242504203
0.999996957305057554421523491328
0.999996864403819518685168077354
0.999996770105579191323386112344
0.999996674410337016425387446361
0.999996577318093327058079466951
0.999996478828848567310672024178
