1
0.999999999853919518955081002787
0.999999999415678075820324011147
0.999999998685275559573426562565
0.999999997662712081236691119557
0.999999996347987640810117682122
0.999999994741102238293706250261
0.999999992842055762665154361457
0.999999990650848435969066940743
0.999999988167480036160839063086
0.999999985391950674262773191003
0.999999982324260350274869324494
0.999999978964408953174825001042
0.99999997531239670500724514568
0.999999971368223494749827295891
0.999999967131889322402571451676
0.999999962603394076943175150518
0.99999995778273798041624331745
0.999999952669920921799473489955
0.999999947264942901092865668033
0.999999941567803918296419851686
0.999999935578503973410136040911
0.999999929297043177456316698226
0.999999922723421419412659361114
0.999999915857638699279164029576
0.999999908699695128078133166127
0.999999901249590594787264308252
0.99999989350732509940655745595
0.999999885472898863980617534253
0.999999877146311666464839618129
0.999999868527563506859223707579
0.999999859616654607208374727634
0.999999850413584745467687753262
0.999999840918354143681767709495
0.999999831130962579806009671302
0.999999821051410164862716101197
0.999999810679697009874189461698
0.999999800015823003818127290288
0.999999789059788146694529586966
0.999999777811592438503396351734
0.999999766271236101289332509623
0.999999754438718801985430673085
0.999999742314040873658598229667
0.999999729897202094264230254339
0.999999717188202574824629209616
0.999999704187042315339795095497
0.999999690893721315809727911983
0.999999677308239576234427659074
0.999999663430597207636196799285
0.999999649260794098992732870101
0.999999634798830361326338334038
0.99999962004470588361471072858
0.999999604998420776880152516242
0.999999589659975041122663697024
0.999999574029368676342244270927
0.99999955810660168253889423795
0.999999541891674059712613598094
0.999999525384585918885704813874
0.999999508585337149035865422775
0.999999491493927750163095424796
0.999999474110357944311999744968
0.999999456434627509437973458262
0.999999438466736667585621489707
0.999999420206685307732641376788
0.999999401654473429879033119505
0.999999382810101034024796717858
0.999999363673568231192234634364
0.99999934424487502138134686902
0.999999324524021404592133421829
0.99999930451100738082459429279
0.999999284205832950078729481902
0.999999263608498112354538989166
