1
0.999999999678662487845315354207
0.999999998714649951381261416827
0.999999997107962390607838187861
0.999999994858599805525045667309
0.999999991966562307155186317686
0.999999988431849673453655213962
0.999999984254462126465057281166
0.999999979434399555167090056784
0.999999973971661959559753540816
0.999999967866249450665350195777
0.999999961118161917461577559152
0.999999953727399470970738093456
0.999999945693962111192831798689
0.999999937017849838127858674852
0.999999927699062651775818721944
0.999999917737600663159014402481
0.999999907133463650232840791432
0.999999895886651946064205276343
0.999999883997165328608502932184
0.99999987146500390888803622147
0.999999858290167797925107606716
0.999999844472656884697414625407
0.999999830012471280227259740059
0.999999814909610873492340488156
0.999999799164075886537261794729
0.999999782775866319362023659778
0.999999765744982060944323620788
0.99999974807142333332876660279
0.999999729755189914470747680753
0.999999710796282137437174242223
0.999999691194699780183441362169
0.999999670950443064754153965623
0.999999650063511991149312052585
0.999999628533906559368915623054
0.999999606361626769412964677031
0.999999583546672732303761677031
0.999999560089044448041306623054
0.999999535988742027647901977616
0.999999511245765582145850203233
0.999999485860114889490546374873
0.999999459831790282748897880083
0.999999433160791650898602256348
0.999999405847119104961961966183
0.999999377890772644938977009588
0.999999349291752381851949849079
0.999999320050058315700880484655
0.999999290165690557508071378834
0.999999259638649218295824994129
0.999999228468934187041838868026
0.999999196656545685790717925556
0.999999164201483714542462166719
0.99999913110374838431937405403
0.999999097363339584099151124974
0.999999062980257535926398304582
0.99999902795450235082341805537
0.999998992286073917767907914822
0.999998955974972458804472807969
0.999998919021197973933112734812
0.999998881424750574176130157866
0.999998843185630259533525077131
0.999998804303837252049902417639
0.999998764779371440702959716873
0.999998724612233047537301899865
0.999998683802422072552928966616
0.999998642349938515749840917124
0.999998600254782710194945138937
0.999998557516954433843636707024
0.999998514136454019762823008932
0.999998470113281467952504044661
0.99999842544743677841267981421
0.999998380138920173187955242611
