1
0.999999999593656818674958230986
0.999999998374627274699832923943
0.999999996342911257052321616356
0.999999993498508987777029233257
0.999999989841420244829350849614
0.999999985371645250253891390457
0.999999980089183782006045930757
0.999999973994036062130419395544
0.999999967086201979604709322302
0.999999959365681645451218173548
0.999999950832475059669945949281
0.999999941486582111238590186986
0.999999931328003022201755811693
0.999999920356737681537140360888
0.99999990857278608924474383457
0.999999895976148356346868695255
0.999999882566824593865817405458
0.999999868344814579756985040149
0.999999853310118647087278986874
0.999999837462736573812094320601
0.999999820802668581976035966363
0.999999803329914671579103924159
0.99999978504447484262129819399
0.999999765946349095102618775854
0.999999746035537540045368132269
0.999999725312040288471848725749
0.999999703775857340382060556294
0.999999681426988584753701161389
0.999999658265434354653677928582
0.999999634291194539059688395355
0.999999609504269248994035024225
0.999999583904658484456717815192
0.999999557492362356470039230771
0.999999530267380976056301733479
0.999999502229714343215505323315
0.999999473379362457947650000278
0.999999443716325542297340689402
0.999999413240603596264577390684
0.999999381952196730871662566642
0.999999349851104946118596217275
0.999999316937328464049983267614
0.999999283210867173643521255144
0.999999248671721185921512642381
0.999999213319890722928562354355
0.999999177155375784664670391066
0.999999140178176482152139215032
0.999999102388292926413271288766
0.999999063785725117448066612269
0.999999024370473166278827648057
0.999998984142537294950159321161
0.999998943101917503462061631581
0.999998901248613902836837041832
0.999998858582626604096788014431
0.999998815103955607241914549377
0.999998770812601245339124034217
0.999998725708563407366114006436
0.999998679791842315367489391065
0.999998633062438080365552650619
0.999998585520350813382606247615
0.999998537165580625440952644567
0.999998487998127627562894303992
0.999998438017991819748431225889
0.999998387225173535064470797806
0.999998335619672773511013019743
0.999998283201489646110360354214
0.999998229970624374907117726252
0.999998175927077070923587598372
0.99999812107084784518207243309
0.999998065401936697682572230406
0.999998008920343961491994377866
0.999997951626069636610338875471
