1
0.999999999496604563553603384207
0.999999997986418365236715999345
0.999999995469441294027035382896
0.999999991945673460946863997378
0.999999987415114754973899380275
0.999999981877765287130443994101
0.999999975333625057416497838858
0.999999967782694176854363377061
0.999999959224972423399435683677
0.99999994966046001909631968374
0.999999939089156963945015377249
0.999999927511063257945522764203
0.999999914926178901097841844603
0.99999990133450411544657754348
0.999999886736038678947124935803
0.999999871130782813644088946603
0.999999854518736408515167113364
0.999999836899899796627266823634
0.999999818274272644913480689866
0.999999798641855397463018562121
0.999999778002647832231275515369
0.999999756356650171262856474641
0.999999733703862414557761439937
0.999999710044284562115990411257
0.999999685377916835982148313633
0.999999659704759236156235147064
0.999999633024811873660553374066
0.999999605338074748495102994639
0.999999576644547971682186471298
0.99999954694423165424410626656
0.99999951623712590720316484294
0.999999484523230730559362200438
0.999999451802546346357303264085
0.999999418075072754596988033882
0.999999383340810177323021434859
0.999999347599758614535403467016
0.99999931085191817725643659287
0.999999273097288976508423274936
0.999999234335871123313665975729
0.999999194567664839716769620281
0.999999153792670125717734208592
0.999999112010887092338862203178
0.999999069222315961624758529069
0.999999025426956844597725648782
0.999998980624809852280066024832
0.999998934815875095694082119735
0.999998888000152685862076396006
0.999998840177642844828653778677
0.999998791348345683616116730263
0.999998741512261313246767713281
0.999998690669389955765211652761
0.999998638819731722193751011218
0.999998585963286834576990713686
0.999998532100055292914930760162
0.999998477230037430274478538195
0.999998421353233357677936510299
0.999998364469643186147607138992
0.999998306579267137728095349303
0.999998247682105323441703603748
0.999998187778158076355339289876
0.999998126867425396469002407684
0.999998064949907616849600344722
0.999998002025604848519435563503
0.99999793809451731352311298906
0.999997873156645122882935083908
0.999997807211988498643506773078
0.999997740260547773871735444118
0.999997672302322948567621097027
0.999997603337314466820373581868
0.999997533365522217607690436125
0.999997462386946756041083972377
