1
0.999999999200454681158589664847
0.999999996801818724634358659387
0.99999999280409213042730698362
0.999999987207275009559737100062
0.999999980011367251009346546198
0.999999971216368854776135322027
0.99999996082228004290470835258
0.999999948829100815395065637858
0.999999935236831172247207177861
0.999999920045471224483435435104
0.999999903255020972103750409588
0.999999884865480526130454563827
0.999999864876849997585850360338
0.999999843289129497492240261636
0.999999820102319136871926730237
0.999999795316419026747212228656
0.999999768931429167118096756894
0.999999740947349891051487702498
0.999999711364181087525082602951
0.999999680181923089605788845802
0.999999647400576008315908893564
0.999999613020139954677745208755
0.999999577040615150735902716406
0.999999539462001707512683879031
0.999999500284299847052693621663
0.999999459507509680378234406817
0.99999941713163154055621362204
0.999999373156665538608933729847
0.999999327582611896580999655271
0.999999280409470836517016323342
0.999999231637242580461588659091
0.999999181265927461481624050066
0.999999129295525479577122496266
0.999999075726037189859596310271
0.999999020557462592329045492079
0.999998963789802020052377429238
0.99999890542305591711880197181
0.999998845457224283528319119796
0.999998783892307674392441185773
0.999998720728306200733470632258
0.999998655965220195618314846797
0.999998589603049992113881216937
0.999998521641795923287077130226
0.999998452081458433227112436725
0.999998380922037521933987136435
0.99999830816353385554151600445
0.999998233805947656094303965801
0.999998157849279367681560870551
0.999998080293529212347891643731
0.999998001138697523160203672887
0.999997920384784966252311733115
0.999997838031791652646518286929
0.999997754079718026432033184392
0.999997668528564531698066275567
0.999997581378331723556129873032
0.999997492629019713028526439302
0.999997402280629166249070749473
0.999997310333160416284670191089
0.999997216786614018246837076731
0.999997121640990194180176331429
0.999997024896289721240805192792
0.999996926552512710451026123337
0.999996826609659827944653898157
0.999996725067731628833200829831
0.999996621926728446183574305905
0.999996517186650835107286638959
0.999996410847499239693547679053
0.999996302909274326076172201283
0.999996193371976427322067593195
0.999996082235606098542746167368
0.999995969500164005872022698895
