1
0.99999999937518357917554112646
0.999999997500734205679862043326
0.999999994376651879512962750596
0.999999990002936822719448173302
0.999999984379588813254713386414
0.999999977506607962141060852446
0.999999969383994269378490571398
0.999999960011747734967002543272
0.999999949389868469928899230581
0.999999937518356585286483095842
0.99999992439721197001745167654
0.99999991002643473514410743519
0.999999894406024880666450371791
0.99999987753598251760678294886
0.999999859416307756987407628912
0.999999840047000598808324411948
0.999999819428061154091835760482
0.999999797559489422837941674516
0.999999774441285627091247079079
0.999999750073449655829449511657
0.999999724455981842119456359796
0.999999697588882074938965160982
0.999999669472150576332580840244
0.999999640105787346300303397584
0.999999609489792606886737758032
0.999999577624166469114186384104
0.9999995445089089329826492758
0.999999510144020220536731358152
0.999999474529500442798735093675
0.999999437665349710790962944884
0.999999399551568135535717374296
0.999999360188155939077603306941
0.999999319575113232438923205336
0.999999277712440237664281994512
0.999999234600136954753679674468
0.999999190238203716774023632752
0.999999144626640523725313869363
0.999999097765447708674457771849
0.99999904965462527162145534021
0.999999000294173545633213961992
0.999998949684092752754338562227
0.999998897824382892984829140914
0.999998844715044188369290623086
0.999998790356076971974630396289
0.999998734747481465845453385555
0.999998677889257669981759590883
0.999998619781406028472758862335
0.999998560423926541318451199913
0.999998499816819652608046453679
0.999998437960085473363847086148
0.999998374853724114608155559836
0.999998310497736131452484187321
0.999998244892121412874530506087
0.999998178036880402963504366198
0.999998109932013323764010692685
0.999998040577520508342956873093
0.99999796997340206772264536994
0.999997898119658334969983570772
0.999997825016289532129576400621
0.999997750663295992268331247033
0.999997675060678048453155497555
0.999997598208435811706351614703
0.999997520106569726117129448539
0.999997440755080013730093924096
0.999997360153967007612152428919
0.999997278303230929807909888041
0.999997195202872224406576151523
0.999997110852891113452756144397
0.999997025253287930013357254211
0.99999693840406300715528686851
0.999996850305216566923149912327
