1
0.999999999313544440937562285399
0.999999997254177763750249141594
0.999999993821899968438060568587
0.999999989016711055000996566378
0.999999982838611023439057134965
0.999999975287599984774544736865
0.999999966363677827985156909563
0.999999956066844775115498578089
0.999999944397100715143267279927
0.999999931354445759090765477595
0.999999916938880017980295633606
0.999999901150403491811857747962
0.999999883989016180585451820662
0.999999865454718195323380314221
0.999999845547509647047945691156
0.999999824267390646781450413982
0.9999998016143611945238944827
0.999999777588421512319882822339
0.999999752189571489147112970386
0.999999725417811458072492314386
0.99999969727314141909602085434
0.999999667755561483240001052764
0.999999636865071761526735372172
0.999999604601672364978526275081
0.999999570965363515639978686522
0.999999535956145324533395069011
0.999999499574017902681077885063
0.99999946181898147212763205971
0.999999422691036032873057592951
0.999999382190181806961959409819
0.999999340316419127461244897859
0.999999297069747994370914057072
0.999999252450168518713269349973
0.999999206457681033555218164111
0.999999159092285760941365424515
0.999999110353982811894013593701
0.999999060242772297435465134186
0.999999008758654661654929896031
0.999998955901629904552407879237
0.999998901671698248172504008835
0.999998846068860136604428134888
0.999998789093115569848180257395
0.999998730744464769948365301389
0.999998671022908180994193116931
0.999998609928445914007966166537
0.999998547461078191034289375239
0.999998483620805456162372593099
0.999998418407627709392215820117
0.999998351821545394813028906356
0.999998283862558734469416776847
0.999998214530667950405984356621
0.999998143825873486711941495741
0.999998071748175454409590656724
0.99999799829757429758814168963
0.999997923474070238292199519492
0.999997847277663609588671533857
0.999997769708354633522162657755
0.99999769076614375418188274125
0.999997610451031304634739171888
0.999997528763017506925336874701
0.999997445702102805142885699752
0.999997361268287532354293034587
0.999997275461571910604163804237
0.999997188281956383981707858766
0.999997099729441396576135048235
0.999997009804027170432050297677
0.999996918505714038616360994638
0.999996825834502556240579451696
0.999996731790393056371613056399
0.999996636373385872076369196293
0.999996539583481336421755258925
