1
0.999999999872972278325278239208
0.999999999491889335345717881864
0.999999998856750949016714002937
0.999999997967557230360569064942
0.999999996824308179377283067879
0.999999995427003685044553549233
0.999999993775643969406985434034
0.999999991870228921442276259768
0.999999989710758430128123563918
0.999999987297232606486829809
0.999999984629651561540697457531
0.999999981708015073245121584478
0.999999978532323252622404652357
0.999999975102576099672546661168
0.999999971418773725417850073427
0.999999967480915907813709964103
0.99999996328900275788242879571
0.999999958843034386646309030766
0.999999954143010572060745744238
0.999999949188931536170343861158
0.999999943980797167952800919011
0.999999938518607578430419380311
0.999999932802362545558594320028
0.999999926832062291381930663192
0.999999920607706704878125947289
0.999999914129295897069482634834
0.99999990739682975693369826331
0.999999900410308284470772832719
0.999999893169731590703008805576
0.999999885675099675630406181881
0.999999877926412428230662499118
0.999999869923669959526080219803
0.999999861666872269516659343935
0.999999853156019247180097409
0.999999844391111114560999340029
0.999999835372147649614760211989
0.999999826099128963363682487397
0.999999816572055166830068628769
0.999999806790926037969313711073
0.999999796755741798826022659341
0.999999786466502338377893011057
0.99999977592320765662492476622
0.999999765125857753567117924831
0.999999754074452740226774949406
0.999999742768992616603895839944
0.99999973120947727167617813393
0.99999971939590681646592429388
0.999999707328281250973134319793
0.999999695006600464175505749154
0.999999682430864678117643506994
0.999999669601073670754942668282
0.999999656517227664132008158049
0.999999643179326547226537513779
0.999999629587370320038530735474
0.999999615741359093590290285647
0.999999601641292756859513701784
0.999999587287171309846200983884
0.999999572678994974594957056979
0.999999557816763529061176996038
0.999999542700477084267163263576
0.999999527330135640212915859593
0.999999511705739196898434784089
0.999999495827287754323720037064
0.999999479694781423511074081034
0.999999463308220093438194453483
0.999999446667603764105081154412
0.999999429772932657556339108851
0.999999412624206551747363391769
0.999999395221425557700456465682
0.999999377564589564393315868074
0.999999359653698904892848986492
