1
0.999999999615274748343551891594
0.999999998461098993374207566376
0.99999999653747262406966456183
0.999999993844395751452225340472
0.999999990381868486544192364818
0.999999986149890607300960709836
0.999999981148462224744832838041
0.999999975377583449898111211951
0.999999968837254171738493369048
0.999999961527474390265979309333
0.999999953448244216502871495322
0.999999944599563539426867464499
0.999999934981432581082572141895
0.999999924593851119425380602479
0.999999913436819376499897771282
0.999999901510337352306123648304
0.99999988881440493582175577103
0.999999875349022349091399064491
0.999999861114189481092751066171
0.999999846109906331825811776071
0.99999983033617312333518611922
0.999999813792989744598571633105
0.999999796480356195615968317725
0.999999778398272698431981098111
0.999999759546739142024307511747
0.999999739925755637415250021149
0.999999719535322184604808626318
0.999999698375438783592983327253
0.999999676446105656424379048985
0.999999653747322692076693329
0.999999630279090001572228629811
0.999999606041407584910984951421
0.999999581034275664137567218859
0.99999955525769412822967296961
0.99999952871166308820960466619
0.999999501396182655099664771114
0.999999473311252717877550821868
0.999999444456873609610170205997
0.999999414833045219275220460986
0.999999384439767657895004049351
0.999999353277040925469520971092
0.999999321344865244043376151239
0.999999288643240502594267127279
0.999999255172166923166798824241
0.999999220931644616783273704641
0.999999185921673472421389305964
0.999999150142253712125750553241
0.999999113593385446918659908988
0.999999076275068676800117373205
0.999999038187303401770122945891
0.999998999330089954895584014594
0.999998959703428225154198116797
0.999998919307318323568267715018
0.999998878141760472182397734286
0.999998836206754670996588174603
0.999998793502301031033141498483
0.999998750028399663314360168442
0.999998705785050567840244184481
0.99999866077225396665539847163
0.999998614990009970782125492406
0.999998568438318691242727709323
0.999998521117180128037205122382
0.999998473026594392187860194099
0.999998424166561705739297849505
0.999998374537082179713820551115
0.999998324138155814111428298929
0.99999827296978283097672601798
0.999998221031963230309713708266
0.999998168324697345177298757335
0.999998114847985064557178702671
0.999998060601826610493958469306
