1
0.999999999438479392210865626112
0.999999997753917679865764966962
0.999999994946314862964698022552
0.999999991015670830485362330364
0.999999985961985693450060352916
0.999999979785259451858792090206
0.999999972485492105711557542236
0.99999996406268376603065917152
0.999999954516834321793794515543
0.99999994384794388402326603682
0.999999932056012452719073735352
0.999999919141040138903520073654
0.999999905103026942576605051727
0.999999889941972974760631132085
0.999999873657878124433295852214
0.999999856250742613639204137144
0.999999837720566442378355986875
0.999999818067349610650751401408
0.999999797291092229478692843259
0.999999775391794409884482774942
0.999999752369456151868121196458
0.999999728224077677474213032838
0.999999702955658875680455821566
0.999999676564199968531454487675
0.999999649049700956027209031163
0.999999620412161949190021914546
0.999999590651583059042195600341
0.999999559767964507628335013578
0.999999527761306183926137691742
0.999999494631608309980208559864
0.99999946037887099681285008046
0.999999425003094355446364716045
0.999999388504278496903054929135
0.999999350882423643227525644761
0.999999312137529683397474400408
0.999999272269596950479808583623
0.999999231278625444474528194405
0.999999189164615498448540620302
0.999999145927567001379543398798
0.99999910156748028633444391744
0.999999056084355464335544638743
0.999999009478192646405148025224
0.999998961748992054587859001913
0.999998912896753688883677568811
0.999998862921477882359511113464
0.999998811823164857059964560904
0.99999875960181461298503791113
0.999998706257427372179336089175
0.999998651790003356687464020069
0.999998596199542677531724166329
0.9999985394860456677790239155
0.999998481649512327429363267584
0.999998422689942989549649610126
0.999998362607337876184487868159
0.999998301401696987333878041682
0.999998239073020767087029980758
0.999998175621309326466246147902
0.999998111046562887516131468146
0.999998045348781561258988404006
0.999997978527965791784026805544
0.99999791058411557909124667276
0.999997841517231367269857855717
0.999997771327313156319860354415
0.999997700014361390330464018916
0.999997627578376069301668849221
0.999997554019357748344987157907
0.999997479337306427460418944975
0.999997403532222550737174060487
0.999997326604106118175252504443
0.999997248552957684886166589422
0.999997169378777250869916315423
