1
0.999999999916032722424574785691
0.999999999664131000720601605281
0.999999999244294723865777996252
0.999999998656523891860103958606
0.999999997900818504703579492343
0.999999996977178673418507059978
0.999999995885604286982584198995
0.99999999462609545641811337191
0.999999993198652070702792116208
0.999999991603274129836620431888
0.999999989839961744841900781466
0.999999987908714804696330702427
0.99999998580953330939991019477
0.999999983542417369974941721011
0.999999981107366986421425281151
0.999999978504381936694755950157
0.999999975733462442839538653061
0.999999972794608504855773389863
0.999999969687820011721157698048
0.999999966413096963435691577615
0.99999996297043947102167749108
0.999999959359847534479115438444
0.99999995558132104278570295719
0.999999951634860106963742509834
0.99999994752046461599093163386
0.999999943238134569867270329269
0.999999938787870190637363521091
0.999999934169671256256606284296
0.999999929383537766724998618884
0.999999924429469833064842987369
0.999999919307467455276139389753
0.999999914017530633358887826034
0.999999908559659256290785833698
0.999999902933853435094135875261
0.999999897140113169768937950721
0.999999891178438460315192060079
0.99999988504882919571059574082
0.999999878751285597999753917975
0.999999872285807445138061666512
0.999999865652394848147821448947
0.99999985885104780702903326528
0.999999851881766321781697115512
0.999999844744550392405812999641
0.999999837439400018901380917669
0.999999829966315201268400869594
0.999999822325296050529175317934
0.999999814516342344639099337655
0.999999806539454305642777853791
0.999999798394631822517908403825
0.999999790081874895264490987756
0.999999781601183523882525605586
0.99999977295255781939431471983
0.999999764135997670777555867971
0.999999755151503078032249050011
0.999999745999074152180696728465
0.999999736678710893222898903332
0.999999727190413190136553112097
0.999999717534181042921659354761
0.999999707710014562600520093838
0.999999697717913749173135329329
0.999999687557878602639505061234
0.999999677229909011977326827036
0.999999666734005088208903089253
0.999999656070166831334233847883
0.999999645238394241353319102927
0.999999634238687318266158854385
0.999999623071045951050450639741
0.999999611735470361750799384026
0.999999600231960439344902624725
0.999999588560516183832760361838
0.999999576721137595214372595365
