1
0.999999999395938088397883802827
0.999999997583752242569232748792
0.999999994563442684558651762927
0.9999999903350091923215359202
0.999999984898451876880187683128
0.999999978253770738234607051709
0.99999997040096588740709648846
0.999999961340037213375353530864
0.999999951070984827161680641439
0.999999939593808839788380282698
0.999999926908509140233149992127
0.999999913015085839518292232242
0.999999897913539048666109465557
0.999999881603868656654299229558
0.999999864086074996549768911791
0.999999845360157846307913587225
0.999999825426117427973338180891
0.999999804283953741546042692789
0.999999781933667009070632047951
0.999999758375257119524803783861
0.99999973360872429495316282555
0.999999707634068535355709173018
0.999999680451290062777047751297
0.99999965206038876619487609787
0.999999622461364978676101600286
0.999999591654218589198421796027
0.999999559638949930828744072642
0.999999526415558892544765967614
0.99999949198404580741339486849
0.999999456344410675434630775271
0.999999419496653607630776150472
0.999999381440774826046435919125
0.999999342176774441703912543744
0.999999301704652565625508486846
0.999999260024409308833526210947
0.999999217136045004394873103593
0.999999173039559541287246702268
0.99999912773495325257755439452
0.99999908122222636031040110538
0.999999033501378864485786834848
0.999998984572410987148316507955
0.999998934435322950342595049733
0.999998883090114865090924922697
0.999998830536787064460213514394
0.999998776775339548450460824824
0.99999872180577276115087670405
0.999998665628086591539158689557
0.999998608242281483704516631406
0.999998549648357437646950529597
0.999998489846314897455670234194
0.999998428836153974152978207712
0.999998366617874889783479375183
0.999998303191477866391778661637
0.99999823855696301500017852959
0.999998172714330779697888829105
0.999998105663581382529514485213
0.999998037404714823495055497915
0.999997967937731657706024179788
0.999997897262631885162420530833
0.999997825379415949953454401111
0.999997752288084074123730715655
0.99999767798863636869555193698
0.999997602481073277758127915149
0.999997525765395023356063575193
0.999997447841601938556266304658
0.999997368709694134381038566062
0.999997288369672054919590209465
0.9999972068215359222165261599
0.999997124065286069338753804914
0.999997040100922829353180532053
0.999996954928446424304411266348
