1
0.999999999640302728032281720516
0.99999999856121102315142934458
0.999999996762724774335140409676
0.999999994244843981583414915804
0.999999991007568755918555325479
0.999999987050899097340561638703
0.999999982374834894827131392958
0.999999976979376259400567050761
0.999999970864523191060868612112
0.999999964030275578785733614495
0.999999956476633644619766982942
0.999999948203597277540666254936
0.999999939211166588570733892993
0.999999929499341466687667434599
0.999999919068122022913769342267
0.999999907917508146226737153484
0.999999896047500058671175793279
0.999999883458097760247085261653
0.999999870149301139932163096091
0.999999856121110308748711759108
0.999999841373525266696731250704
0.999999825906546013776221570879
0.999999809720172772031787644664
0.999999792814405319418824547029
0.999999775189243877981937203003
0.999999756844688447721125612588
0.999999737780738917614087313268
0.999999717997395620727729692589
0.999999697494658335017447825521
0.999999676272527171505544174579
0.999999654331002241214321202278
0.999999631670083655166081371135
0.999999608289771191316219756118
0.999999584190065182731643744773
0.999999559370965518390050874586
0.999999533832472309313743608072
0.999999507574585666525024407747
0.99999948059730559002389327361
0.999999452900632079810350205662
0.999999424484565246906697666418
0.999999395349105202335238118394
0.99999936549425194609597156159
0.999999334920005478188897996006
0.999999303626366020658622346673
0.999999271613333573505144613591
0.999999238880908136728464796761
0.999999205429089932373187821213
0.999999171257878849417011224432
0.999999136367275109904539931449
0.999999100757278713835773942264
0.999999064427889772233015719394
0.999999027379108396118567725352
0.999998989610934585492429960141
0.999998951123368451376904886274
0.999998911916409993771992503753
0.999998871990059545744600200123
0.999998831344316885250123050355
0.999998789979182345355468441994
0.999998747894655815038333912526
0.999998705090737627365626849496
0.999998661567427560292742327874
0.999998617324726057908890197723
0.999998572362632898169465534011
0.999998526681148414141375724284
0.999998480280272605824620768544
0.99999843316000547321920066679
0.999998385320347349392022806569
0.999998336761298123320784725365
0.99999828748285801705009134821
0.999998237485027141602245137619
0.999998186767805496977246093593
