1
0.999999999776381320870655144972
0.99999999910552550552722550492
0.999999997987432331925106154813
0.999999996422101911086599557166
0.999999994409534243011705711979
0.999999991949729216678122156736
0.99999998904268705413045381647
0.999999985688407644346398228663
0.999999981886890987325955393317
0.999999977638136972046822847915
0.999999972942145820553605517489
0.999999967798917421824000939523
0.999999962208451775858009114017
0.999999956170748993677932503488
0.999999949685808964261468645418
0.999999942753631687608617539809
0.999999935374217274741681649175
0.999999927547565725660660973517
0.99999991927367692934325305032
0.999999910552550996811760342098
0.999999901384187928066182848852
0.999999891768587723106520570582
0.999999881705750381932773507287
0.999999871195676015567244121485
0.999999860238364512987629950658
0.999999848833815874193930994807
0.999999836982030210208449716447
0.999999824683007521031186115579
0.999999811936747806662140192202
0.999999798743250956079009483801
0.999999785102517302348701377923
0.999999771014546512404308487021
0.999999756479338919312738198641
0.999999741496894301029385587753
0.999999726067212768576553116873
0.999999710190294321954240785999
0.999999693866138961162448595132
0.999999677094746797223479006789
0.999999659876117830137332020968
0.99999964221025205990400763767
0.999999624097149375501203394379
0.999999605536810109995826678642
0.999999586529234041343272565427
0.999999567074421169543541054736
0.999999547172371716641237071599
0.9999995268230855716140581535
0.999999506026562845484306762955
0.999999484782803427229680437449
0.999999463091807538894784102013
0.99999944095357506945731529413
0.999999418368106018917274013802
0.999999395335400498296962723543
0.99999937185545861861868388587
0.999999347928280268860135038267
0.999999323553865449021316180733
0.999999298732214381146832238301
0.999999273463326954214380748454
0.999999247747203279246264173707
0.999999221583843245220180051547
0.999999194973247074180733307003
0.99999916791541465510562147756
0.999999140410346099017147025734
0.99999911245804151693761241404
0.999999084058500797844715179963
0.999999055211724052760757786018
0.999999025917711281685740232206
0.999998996176462595641964981041
0.999998965987977883607129570009
0.999998935352257478648141386657
0.999998904269301047698093043437
0.999998872739108923823891927896
