1
0.999999999725572075170987318415
0.999999998902288411706251736177
0.999999997530149009605793253286
0.999999995609153868869611869741
0.999999993139302878475405123027
0.999999990120596260467777938175
0.999999986553033792802125390153
0.999999982436615586500749941479
0.999999977771341641563651592151
0.999999972557211957990830342169
0.999999966794226535782286191534
0.999999960482385485960321602761
0.999999953621688697502634113334
0.999999946212136170409223723254
0.999999938253728015702392895037
0.999999929746464122359839166165
0.999999920690344601403864999156
0.999999911085369452834470394009
0.999999900931538676651655350724
0.999999890228852383877722331817
0.999999878977310352468066412257
0.99999986717691291548959497959
0.99999985482765973987540064627
0.999999841929551158692390799843
0.999999828482587060918262977793
0.999999814486767446553017180122
0.999999799942092426618955869344
0.999999784848561890093776582944
0.999999769206176059022084245953
0.99999975301493471135927393334
0.999999736274838069149950570136
0.999999718985886021371811693825
0.99999970114807879006946222944
0.999999682761416153198297251947
0.99999966382589833280292168638
0.999999644341525328883335532737
0.999999624308297141439538791019
0.999999603726213770471531461226
0.999999582595275215979313543357
0.999999560915481700007489962445
0.999999538686833111533758255973
0.999999515909329450558118423942
0.999999492582970828102872928866
0.999999468707757355190324233263
0.999999444283688920798169874615
0.999999419310765635948712315439
0.999999393788987500641951555735
0.999999367718354736922492520534
0.999999341098867122745730284805
0.999999313930524880156269773579
0.99999928621332789813180852434
0.99999925794727639871695146212
0.999999229132370381911698586919
0.999999199768609847716049898736
0.999999169855994907152307860088
0.999999139394525449198170008458
0.999999108384201695898241268878
0.999999076825023647252521641349
0.999999044716991414283313588385
0.999999012060104885968314647471
0.999998978854364284352129743638
0.999998945099769498412456414371
0.999998910796320750193899584701
0.999998875944018039696459254628
0.999998840542861366920135424152
0.999998804592850953909533018305
0.999998768093986578620047112054
0.999998731046268574118585092947
0.999998693449696829382844498468
0.999998655304271566457430253649
0.999998616609992674320039895974
