1
0.999999999750316059810018032294
0.999999999001264350262374591694
0.999999997752844649312464753166
0.999999996005057179004893441743
0.999999993757901939339660657424
0.999999991011378708272161475179
0.999999987765487818869303282554
0.999999984020228938064178692002
0.999999979775602287901392628555
0.999999975031607868380945092213
0.999999969788245568480533620459
0.99999996404551549922246067581
0.999999957803417660606726258266
0.99999995106195194161102790531
0.999999943821118564279970541975
0.999999936080917306568949243228
0.999999927841348390522568934102
0.999999919102411705118527152081
0.999999909864107250356823897164
0.999999900126435137259761631867
0.999999889889395365827340356191
0.999999879152987825037257607619
0.999999867917212625911815848667
0.999999856182069768451015079336
0.99999984394755936367715776214
0.999999831213681300567941434565
0.99999981798043557912336609661
0.999999804247822310365734210791
0.999999790015841494295045777108
0.99999977528449313091130079556
0.999999760053777331236801728664
0.999999744323693984249246113905
0.99999972809424308994863395128
0.999999711365424870379570165824
0.999999694137239214519752295018
0.999999676409686122369180338865
0.999999658182765704950156759878
0.999999639456477962262681558059
0.999999620230822894306754733407
0.999999600505800501082376285922
0.99999958028141089361184867812
0.99999955955765407189517191
0.999999538334530035932345981564
0.999999516612038896745673355326
0.999999494390180654335154031287
0.99999947166895519767848554693
0.999999448448362748820272827288
0.99999942472840330776051587236
0.999999400509076874499214682146
0.999999375790383449036369256646
0.999999350572323142394282058376
0.999999324854895954572953087336
0.999999298638101885572382343526
0.999999271921941046414872289461
0.999999244706413437100422925141
0.999999216991519168651336713083
0.99999918877725813004531119077
0.999999160063630543326951283234
0.999999130850636297473954527959
0.999999101138275614530925849976
0.999999070926548383475562786771
0.999999040215454604307865338342
0.999999009004994499072438429721
0.999998977295167956746979598392
0.999998945085975199376093769388
0.999998912377416115937478480191
0.999998879169490817453436193318
0.999998845462199303923966908769
0.999998811255541797393675551575
0.999998776549518075817957196705
0.999998741344128472263719231705
