1
0.999999999786657989275795443973
0.999999999146631957103181775892
0.999999998079921792459856533242
0.999999996586527717390424641053
0.999999994666449509850281174295
0.999999992319687280861728595482
0.999999989546241030424766904616
0.999999986346110758539396101696
0.999999982719296465205616186722
0.999999978665798150423427159694
0.999999974185615814192829020612
0.999999969278749567536124231992
0.999999963945199188408707868803
0.999999958184964898855184856075
0.999999951998046587853252731293
0.999999945384444255402911494457
0.999999938344158012526463608083
0.999999930877187748201606609655
0.999999922983533573450642961689
0.999999914663195488273572664184
0.999999905916173381648093254626
0.999999896742467475618809658044
0.999999887142077548141116949409
0.999999877115003821259620053752
0.99999986666124607292971404604
0.999999855780804636218306313822
0.999999844473679178058489469549
0.999999832739869920494868438254
0.999999820579376863527443219937
0.999999807992200007156213814596
0.999999794978339351381180222234
0.999999781537794896202342442848
0.999999767670566752642002938956
0.99999975337665480967785924804
0.999999738656059178332213832618
0.999999723508779747582764230174
0.999999707934816739474115365738
0.999999691934169931961662314279
0.999999675506839547090010000829
0.999999658652825584859158425388
0.99999964137212793424680512544
0.999999623664746817297555026016
0.999999605530682011966803202085
0.999999586969933740299154578679
0.999999567982502002294609155797
0.999999548568386686930864470924
0.999999528727587905230222986575
0.999999508460105768214987165265
0.999999487765940164862854544481
0.999999466645091206196127586736
0.999999445097558781192503829516
0.999999423123343111896588197851
0.999999400722444198308380691742
0.999999377894861929405578848673
0.99999935464059641621048513116
0.999999330959647769745402001718
0.999999306852015878988026997831
0.999999282317700854960662582016
0.999999257356702697663308754272
0.9999992319690214070959655146
0.999999206154657094280935325514
0.999999179913609759218218187016
0.999999153245879401907814099104
0.999999126151466133372025524295
0.999999098630369953610852462589
0.999999070682590862624294913985
0.999999042308128860412352878484
0.999999013506984169019631281117
0.999998984279156566401525196852
0.999998954624646274602639550722
0.999998924543453293622974342725
