1
0.999999999601340006094574164308
0.999999998405360135400599119748
0.999999996412060276895772403805
0.999999993621440430580094016477
0.999999990033500707475866420282
0.999999985648240996560787152703
0.999999980465661408857158676255
0.99999997448576194436498099094
0.999999967708542603084254096757
0.999999960134003385014977993706
0.999999951762144290157152681786
0.999999942592965318510778160999
0.999999932626466581098156893859
0.999999921862648077919288880366
0.999999910301509808974174120522
0.999999897943051774262812614325
0.999999884787273973785204361775
0.999999870834176629585954287904
0.999999856083759519620457467681
0.999999840536022865933318826137
0.999999824190966668524538363272
0.999999807048590927394116079086
0.999999789108895753564354436094
0.999999770371881036012950971781
0.999999750837546996784510611178
0.99999973050589352485673089177
0.999999709376920842274216738588
0.999999687450628838014665689116
0.999999664727017623100380205869
0.999999641206087308553662751365
0.999999616887837894374513325602
0.99999959177226938056293192858
0.999999565859381989163523485331
0.999999539149175720176287995855
0.999999511641650462578922997636
0.999999483336806549438335878222
0.999999454234643869732224175095
0.999999424335162534482890350773
0.999999393638362654712636867771
0.999999362144244230421463726088
0.999999329852807372631673388241
0.999999296764052192365568316745
0.999999262877978800645450974116
0.999999228194587197471321360354
0.999999192713877493865481937974
0.999999156435849800850235169491
0.999999119360504118425581054908
0.999999081487840557613822056737
0.999999042817859340459563100012
0.999999003350560355940501722216
0.999998963085943937123545310897
0.999998922024009972986391403538
0.999998880164758685573644925171
0.999998837508190074885305875796
0.999998794054304251943676717929
0.9999987498031014387933623766
0.999998704754581635434362851811
0.999998658908745063911283068592
0.999998612265591613201820564427
0.999998564825121616372882726864
0.999998516587335073424469555903
0.999998467552232206401185976574
0.999998417719813015303031988879
0.999998367090077611152310055331
0.999998315663026215993625100964
0.999998263438658829826977125776
0.999998210416975785719273517316
0.999998156597976972648211813066
0.999998101981662612658396938059
0.999998046568032927794433817326
0.99999799035708780703401998835
