1
0.999999999853995902299175213557
0.999999999415983831241305779258
0.999999998685963564781786772073
0.999999997663935213942920654517
0.999999996349898667702404964075
0.999999994743854148104844625777
0.999999992845801544127937177109
0.999999990655740744749380155554
0.999999988173671860991476023628
0.999999985399594892854224781331
0.999999982333509951359928891179
0.999999978975416814463983428141
0.999999975325315593188690854731
0.999999971383206287534051170951
0.9999999671490888975000643768
0.999999962622963423086730472278
0.999999957804829975316351919901
0.999999952694688332144323794637
0.999999947292538715615251021518
0.999999941598381014706831138028
0.999999935612215340441366606683
0.999999929334041470774252502451
0.999999922763859627750093750365
0.999999915901669811368890350423
0.99999990874747191060833984011
0.999999901301265925468442219426
0.999999893563051966971499950887
0.999999885532830035117513034493
0.999999877210600129906481470243
0.999999868596362140316102795623
0.999999859690116177368679473147
0.999999850491862241064211502817
0.999999841001600331402698884631
0.999999831219330559406444081105
0.999999821145052703030842167209
0.999999810778766984320498067973
0.999999800120473292253109320882
0.999999789170171626828675925935
0.999999777927862099069500345649
0.999999766393544597953280117508
0.999999754567219234502317704028
0.999999742448886008716613105207
0.999999730038544920596166321047
0.999999717336195859118674889032
0.999999704341839046328743734193
0.999999691055474371204070394015
0.999999677477101833744654868497
0.999999663606721544972799620155
0.999999649444333393866202186473
0.999999634989937380424862567452
0.999999620243533726693385688122
0.999999605205122210627166623453
0.99999958987470294324850783596
0.999999574252275924557409325644
0.999999558337841265576173555019
0.999999542131398744260195599054
0.999999525632948582654080382781
0.9999995088424907807578279062
0.999999491760025338571438169311
0.999999474385552145072608709597
0.999999456719071311283641989576
0.999999438760582837204538009246
0.999999420510086833857599231123
0.999999401967583190220523192693
0.999999383133071906293309893954
0.999999364006553204120564259938
0.999999344588026861657681365614
0.999999324877492989926963673497
0.999999304874951588928411183588
0.999999284580402769684326358401
0.999999263993846421172406735423
