1
0.999999999459047717031978663726
0.999999997836190868127914654906
0.999999995131429453287807973538
0.999999991344763472511658619624
0.999999986476193036821769055678
0.999999980525717924173534356669
0.999999973493338467633861910144
0.999999965379054445158146791073
0.99999995618286596776869146197
0.999999945904773035465495922836
0.999999934544775759270862636185
0.99999992210287413918479160202
0.999999908579068175207282820338
0.999999893973357978360638753657
0.999999878285743437622556939459
0.999999861516224886059944765293
0.999999843664802101628197306127
0.999999824731475306371919486992
0.999999804716244500291111307888
0.999999783619109794408075231331
0.999999761440071188722811257321
0.999999738179128794257621848374
0.999999713836282611012507004489
0.999999688411532861032071650698
0.999999661904879544316315787
0.999999634316322771887541875913
0.99999960564586265476805237995
0.999999575893499192957847299112
0.999999545059232497479229095916
0.999999513143062790376802695391
0.999999480144990071650568097539
0.999999446065014452322827764874
0.999999410903136043415884159913
0.999999374659355066974342207686
0.999999337333671522998201908194
0.999999298926085522509765723953
0.999999259436597287553638579993
0.999999218865206818129820476315
0.99999917721191433628291633795
0.999999134476719953035228627414
0.999999090659623779409059807222
0.999999045760626037449014802405
0.99999899977972683817739607548
0.999998952716926292616506088962
0.999998904572224622810949767882
0.999998855345621939783029574755
0.999998805037118354555047972099
0.999998753646714089171609884943
0.999998701174409254655017775804
0.999998647620204073049876569712
0.9999985929840987664007911917
0.999998537266093445730064104282
0.999998480466188333082300232491
0.999998422584383539479802038841
0.99999836362067939798947691088
0.999998303575075908611324848607
0.999998242447573293389950777055
0.999998180238171885392262083769
0.999998116946871906662863693782
0.999998052573673357201755607093
0.99999798711857657007584521125
0.999997920581581767329737431282
0.999997852962689171008037192223
0.999997784261898892133046956587
0.999997714479211374793976574438
0.999997643614626618990826045774
0.999997571668144957790502758144
0.999997498639766613237611636578
0.999997424529491807376757606107
0.999997349337320762252545591764
0.999997273063253810931882981095
