1
0.999999999537531381044175304851
0.999999998150125524176701219403
0.999999995837782318375275281142
0.999999992600501874662199952581
0.999999988438284193037475233723
0.999999983351129384523403587082
0.999999977339037227075380087626
0.999999970402007942738009660388
0.999999962540041420488989842852
0.999999953753137771350623097533
0.999999944041296995322909424431
0.999999933404519092405848823546
0.999999921842804062599441294878
0.999999909356152016925989300944
0.999999895944563066407795304258
0.999999881608036989000254379789
0.999999866346574006747971452569
0.999999850160174230673248985113
0.99999983304883743873148205239
0.999999815012563963989578041947
0.999999796051353695425234491267
0.999999776165206744060753862868
0.999999755354123109896136156749
0.999999733618102903953683835425
0.999999710957146237255699361413
0.999999687371253109802182734711
0.999999662860423521593133955321
0.999999637424657583650855485757
0.999999611063955406997649788536
0.999999583778317102655819326174
0.999999555567742559603061636153
0.999999526432232110906284106022
0.999999496371785645543184273265
0.999999465386403274536064600397
0.99999943347608521992953001245
0.999999400640831481723580509424
0.999999366880642059918216091319
0.999999332195517176558041683165
0.999999296585456831643057284964
0.999999260050461247217867821746
0.999999222590530312260170830996
0.99999918420566435983687370026
0.999999144895863500970278892055
0.999999104661127624638083943864
0.99999906350145695288489378072
0.999999021416851707755313327652
0.999998978407311889249342584662
0.999998934472837608389284014265
0.999998889613428976197440078977
0.999998843829086214718415703828
0.999998797119809434974513351335
0.999998749485598636965733021498
0.999998700926454153758982101863
0.999998651442375874331958129915
0.9999986010333641317515684932
0.999998549699419037040115654236
0.999998497440540701219902075536
0.999998444256729235313230219617
0.999998390147984861364705011511
0.999998335114307690396628913732
0.999998279155697833431304388796
0.999998222272155512513336361735
0.999998164463680838665027295065
0.9999981057302739229086796513
0.999998046071935098311200817989
0.99999798548866436487259079513
0.999997923980462055659756970272
0.999997861547328170672699343413
0.999997798189262931956022839586
0.999997733906266561554332383821
0.99999766869833928151223290115
