1
0.999999999350227097849597157619
0.999999997400908169353783705446
0.999999994152043436557164568512
0.999999989603632899459739746817
0.999999983755676336016904315329
0.999999976608174079295565661596
0.999999968161125907251118860586
0.99999995841453204192816883733
0.999999947368392372304413129314
0.999999935022707120424456661567
0.999999921377476064243694509059
0.999999906432699536829034059338
0.999999890188377427158172849886
0.99999987264450984625341334322
0.999999853801096905137058001856
0.999999833658138603809106825793
0.999999812215635053291862277547
0.999999789473586253585324357118
0.999999765431992426734097989538
0.999999740090853683760485637322
0.99999971345017002466448730047
0.999999685509941560468405441497
0.999999656270168402194542522921
0.999999625730850660865201007255
0.999999593891988558524985819531
0.99999956075358209517389695975
0.999999526315631492856539352942
0.999999490578136751572912999109
0.999999453541098204389925285795
0.999999415204515740285273750487
0.999999375568389803348168243247
0.999999334632720282556306301558
0.999999292397507510976595312968
0.999999248862751599631337739993
0.999999204028452770565138507664
0.99999915789461102377799761598
0.999999110461226803359124915005
0.999999061728299998286217942223
0.999999011695831052648486547696
0.99999896036382007746823319394
0.999998907732267183767760343471
0.999998853801172704613975383836
0.99999879857053675102918077755
0.999998742040359545057981449645
0.999998684210641419767284787667
0.999998625081382486179393254133
0.999998564652583077361214236589
0.999998502924243304335050197551
0.99999843989636338914550606205
0.999998375568943775881791680149
0.999998309941984575566209514363
0.999998243015486010243364489725
0.99999817478944841298016399378
0.999998105263872116843515414075
0.999998034438757232855721213127
0.999997962314104094083688778483
0.999997888889913033594325497688
0.999997814166184273432236295776
0.999997738142918257686631022807
0.999997660820114986357509678783
0.999997582197775014556384576281
0.999997502275898564327860640333
0.999997421054485968738845258486
0.999997338533537560856245818286
0.999997254713053562724667244765
0.999997169593034307411016925471
0.999997083173480350026807172981
0.999996995454391690572037987295
0.999996906435768995180524143507
0.999996816117612374874568104133
0.999996724499922273743379719235
