1
0.9999999999670629025061430184
0.99999999986825183206917699863
0.999999999703566455622194553143
0.999999999473007106232103069487
0.999999999176573672876600085146
0.999999998814266044533383137605
0.999999998386084332224754689378
0.999999997892028535950714740466
0.999999997332098544688960828353
0.99999999670629458048409787807
0.999999996014616421291520964587
0.999999995257064178133532550419
0.99999999443363773998783017305
0.999999993544337328899018757511
0.999999992589162722822493378771
0.999999991568114032780556499347
0.999999990481191258773208119237
0.999999989328394400800448238442
0.999999988109723347839974394446
0.999999986825178210914089049766
0.9999999854747589900227922044
0.999999984058465685166083858348
0.999999982576298296343964011612
0.999999981028256712534130201675
0.999999979414341044758884891053
0.999999977734551293018228079745
0.999999975988887457312159767753
0.999999974177349537640679955075
0.999999972299937422981486179197
0.999999970356651224356880902633
0.999999968347490941766864125384
0.99999996627245657521143584745
0.999999964131548124690596068831
0.999999961924765590204344789527
0.999999959652108860730379547022
0.999999957313578047291002803831
0.999999954909173149886214559956
0.999999952438894168516014815395
0.99999994990274110318040357015
0.999999947300713953879380824219
0.999999944632812609590644115087
0.999999941899037292358798367786
0.999999939099387780139238657284
0.999999936233864183954267446097
0.999999933302466503803884734225
0.999999930305194739688090521668
0.999999927242048891606884808425
0.999999924113028959560267594497
0.999999920918134943548238879885
0.999999917657366732548496202071
0.999999914330724548605644486088
0.999999910938208169675078806904
0.99999990747981781780140408955
0.999999903955553270940015408996
0.999999900365414640113215227757
0.999999896709401925321003545832
0.999999892987515126563380363223
0.999999889199754243840345679928
0.999999885346119277151899495948
0.999999881426610337520344273798
0.999999877441227202901075088448
0.999999873389969984316394402413
0.999999869272838681766302215692
0.999999865089833295250798528286
0.999999860840953824769883340196
0.999999856526200270323556651419
0.999999852145572631911818461958
0.999999847699070909534668771812
0.999999843186695103192107580981
0.999999838608445212884134889464
0.999999833964321238610750697262
