1
0.99999999952600704400396125493
0.99999999810402817601584501972
0.999999995734063507057953756885
0.99999999241611292610798500391
0.999999988150176433165938760794
0.999999982936254139254117490054
0.99999997677434604437252119169
0.999999969664452037498847403185
0.999999961606572340677701049572
0.999999952600706842886779668333
0.999999942646855544126083259471
0.999999931745018444395611822983
0.999999919895195765739970283903
0.999999907097387397136856179714
0.999999893351593449608571972931
0.999999878657813923155117663555
0.999999863016048817776493251586
0.999999846426298133472698737023
0.999999828888562092288339044899
0.999999810402840694223414175212
0.999999790969133828255621665448
0.999999770587441716429566440638
0.999999749257764469767550963297
0.99999972698010197724727277091
0.999999703754454349891034325992
0.999999679580821698721138091059
0.999999654459204023737584066112
0.99999962838960154698497717618
0.999999601372014157441014958749
0.999999573406441966127999876335
0.999999544492885195090536853968
0.999999514631343844328625891649
0.999999483821817913842266989377
0.999999452064307625676065072184
0.999999419358812979830020140071
0.999999385705334198348737118067
0.999999351103871170209913543658
0.999999315554424117458154341875
0.999999279056993151115761975234
0.999999241611578271182736443734
0.999999203218179699703682672407
0.999999163876797547700903123769
0.999999123587431926196700260334
0.999999082350082835191074082104
0.999999040164750496728629514109
0.99999899703143491080936655635
0.999998952950136410500192596373
0.999998907920854995801107634179
0.999998861943590666712111669767
0.9999988150183438673224145532
0.999998767145114486609713821963
0.999998718323902635596311938571
0.99999866855470864734911629057
0.999998617837532521868126877962
0.999998566172374481197948625777
0.999998513559234525338581534015
0.999998459998112987356932990224
0.999998405489009978275305456918
0.999998350031925609116001396615
0.999998293626859990901323271828
0.99999823627381334567587600759
0.999998177972785895484264528932
0.999998118723777640326488835854
0.999998058526788913269456315902
0.999997997381819825335469431593
0.999997935288870487546830645442
0.999997872247941232970447344997
0.999997808259032061606319530256
0.999997743322143195499052126252
0.999997677437274967715552520531
0.999997610604427378255820713093
