1
0.999999999648935378182557087712
0.999999998595741512730228350847
0.999999996840418403643013789406
0.999999994382966050920913403388
0.999999991223384454563927192794
0.999999987361673614572055157623
0.999999982797833530945297297876
0.999999977531864314705956076068
0.999999971563765854831729029684
0.999999964893538151322616158723
0.999999957521181315200919925701
0.999999949446695346466640330618
0.999999940670080245119777373475
0.999999931191336011160331054271
0.999999921010462644588301373005
0.999999910127460145403688329679
0.999999898542328624628794386808
0.999999886255068082263619544392
0.999999873265678629330466264946
0.999999859574160043784729623439
0.999999845180512547671014544903
0.999999830084736140989321029338
0.999999814286830934761951539258
0.999999797786796706944301149633
0.99999978058463379060327724801
0.999999762680341963694274909358
0.999999744073921448261899058707
0.999999724765372244306149696058
0.999999704754694351827026821411
0.999999684041887881846832897281
0.999999662626952834365567923669
0.999999640509889098360929438059
0.999999617690697006899824827997
0.999999594169376448959951630968
0.999999569945927535563612309488
0.999999545020350155688504401041
0.999999519392644531379232830659
0.999999493062810773658100060857
0.999999466030848771502803629119
0.999999438296758635935645997961
0.999999409860540366956627167383
0.999999380722194186610352062416
0.999999350881719983874518220546
0.999999320339117980793730566802
0.99999928909438806634568663867
0.99999925714753046257499136118
0.999999224498545169481644734333
0.999999191147432298087949220644
0.999999157094191848393904820114
0.999999122338823931421813995257
0.99999908688132865819397920859
0.999999050721705917688097997598
0.999999013859956042971077749826
0.999998976296079034042918465275
0.999998938030074779881317681429
0.999998899061943613553182785836
0.999998859391685535058513778495
0.999998819019300544397310659406
0.9999987779447888636141783536
0.999998736168150492709116861079
0.999998693689385542704428644356
0.999998650508494013600113703433
0.99999860662547612744077696334
0.999998562040331995248720886593
0.999998516753061617023945473193
0.999998470763664992766450723138
0.999998424072142455543144023977
0.999998376678494005354025375709
0.999998328582719642199094778334
0.999998279784819588122957156884
0.999998230284793954147914973873
