1
0.999999999381343651627673807525
0.999999997525374495488392767584
0.999999994432092753626761805208
0.999999990101498203998175995366
0.99999998453359106864724026309
0.999999977728371125529349683347
0.99999996968583859668910918117
0.999999960405993482126518756559
0.999999949888835781841578409512
0.999999938134365495834288140031
0.999999925142582735126950410631
0.999999910913487610741867683828
0.99999989544707990063443503459
0.99999987874336004889386231298
0.999999860802327833475544593966
0.999999841623983365401784340065
0.999999821208326755694884013792
0.999999799555358115377146077662
0.999999776665077555470872994192
0.999999752537485075976064763381
0.999999727172580676892721385229
0.999999700570364691287750247284
0.999999672730837008138848887029
0.999999643653997849490622229496
0.999999613339847215343070274685
0.999999581788385438763100410142
0.999999548999612408728410173353
0.999999514973528236261302026833
0.999999479710133254428683358128
0.999999443209427463230554167239
0.999999405471410973689216916682
0.999999366496084007849276531488
0.999999326283446565710733011656
0.999999284833498980340493744734
0.999999242146241251738558730722
0.999999198221673712971835357166
0.999999153059796364040323624067
0.999999106660609426988628456456
0.999999059024113123861354779365
0.999999010150307565680805055308
0.999998960039192974491584209318
0.999998908690769461315994703909
0.999998856105037248198641464114
0.999998802281996668206431877479
0.999998747221647721339365944004
0.999998690923990629642048588721
0.999998633389025837203689661692
0.999998574616753233001986700401
0.999998514607173261126149554912
0.999998453360286143620783150254
0.999998390876091991508189948945
0.999998327154591026832974876015
0.999998262195783582662045319012
0.999998195999669881040006202966
0.999998128566250144011462452909
0.999998059895524593621018993872
0.999997989987493562935583213402
0.999997918842157162977457574016
0.999997846459515837835851925774
0.99999777283956980955537119371
0.999997697982319300180620302854
0.999997621887764642778506640752
0.999997544555905948371332669922
0.99999746598674377207061070294
0.999997386180278224898643202323
0.999997305136509639922337555618
0.999997222855438350208601150371
0.999997139337064688824341374129
0.999997054581388877814163151925
0.999996968588411250244973871304
0.999996881358132139183680919814
