1
0.999999999404014960902031816659
0.99999999761605995463042972915
0.999999994636134870162891274958
0.9999999904642398185217189166
0.999999985100374688684610191558
0.999999978544539591673867562349
0.999999970796734638511793491489
0.999999961856959607153783053946
0.999999951725214830666743637266
0.99999994040150008700607031642
0.999999927885815487194065553922
0.999999914178161253275334274804
0.999999899278537163205271554034
0.999999883186943439028482316644
0.999999865903380080744966562634
0.999999847427847199377026754519
0.999999827760344905946965354815
0.999999806900873089432479901006
0.999999784849431971878175318125
0.99999976160602155328405160617
0.999999737170641944672411227657
0.999999711543293257065556645102
0.999999684723975601485790321021
0.99999965671268908895541471793
0.999999627509433608452127373312
0.99999959711420960406513813723
0.999999565527016853749842084653
0.999999532747855690573146603128
0.999999498776726225557354155171
0.999999463613628458702464740782
0.999999427258562501030780822475
0.999999389711528685609209787799
0.999999350972526901415449174237
0.999999311041557481516406369337
0.999999269918620536934383835614
0.999999227603716067669381573069
0.999999184096844406788306969247
0.99999913939800555429116002415
0.999999093507199732222545662808
0.999999046424427162627068810252
0.999998998149688067549334391515
0.99999894868298233596703994408
0.99999889802431041196939531801
0.999998846173672406578702975821
0.999998793131068541839567842544
0.999998738896498928774292380695
0.999998683469963678405179052788
0.999998626851463234821437708888
0.999998569040997598023068348994
0.999998510038567101076978360652
0.999998449844171855005470206379
0.999998388457812192875451273721
0.999998325879488114686921562679
0.999998262109200064529090923315
0.999998197146948264446564280661
0.999998130992732825461644097231
0.999998063646553969618935298058
0.999997995108412141007647733204
0.999997925378307339627781402669
0.999997854456239898546243694
0.999997782342210150829941994743
0.999997709036218318523481229931
0.999997634538264623671466324595
0.999997558848349399340804666281
0.999997481966472756553798717505
0.99999740389263513939965832833
0.999997324626836769922988423787
0.999997244169077981190696391423
0.999997162519358995247387156269
0.999997079677680145159968105872
0.999996995644041652973044165265
