1
0.999999999652238180658514465904
0.9999999986089526116117554011
0.999999996870143292859722805588
0.999999994435810224402416679368
0.999999991305953517262139484956
0.999999987480573171438891222351
0.999999982959668964888066966523
0.999999977743241230676574105019
0.999999971831289746759807712806
0.999999965223814624160070252401
0.999999957920815862877361723804
0.999999949922293462911682127015
0.999999941228247424263031462033
0.999999931838677746931409728859
0.999999921753584652961421852524
0.999999910972967809286160445481
0.999999899496827548972532895277
0.999999887325163760998236739397
0.99999987445797644536327197784
0.999999860895265713089941073122
0.999999846637031564178244025243
0.999999831683273998628180834203
0.999999816033993016439751500002
0.999999799689188839657560947671
0.99999978264886124623700425218
0.999999764913010347200383876043
0.999999746481636364592304744292
0.999999727354739076368161931896
0.99999970753231859355025790137
0.999999687014375138183197577746
0.999999665800908488222376035992
0.999999643891918976734700663656
0.999999621287406381675566535705
0.999999597987370814067276114656
0.99999957399181249595443432554
0.999999549300731205292436243326
0.999999523914127164125886793045
0.999999497832000483477088437212
0.999999471054351052323738713312
0.999999443581179092710442546377
0.99999941541248449361489747389
0.999999386548267366059405958367
0.99999935698852793208857292484
0.999999326733265969657793448278
0.999999295782481811833974916226
0.99999926413617534759481486617
0.999999231794346687962615760625
0.999999198756995943959680062108
0.999999165024123115586007770617
0.999999130595728313863901348668
0.999999095471811649815663258778
0.999999059652373123441293500946
0.999999023137412845763094537688
0.999998985926930927803368831519
0.99999894802092736956211638244
0.999998909419402282061639652966
0.999998870122355665301938643097
0.99999883012978785234992074038
0.999998789441698621160981019784
0.999998748058088304802026868856
0.99999870597895679225075582508
0.999998663204304305551772813487
0.999998619734130844705077834078
0.999998575568436631755275811884
0.999998530707221555680064284388
0.999998485150485949546350639139
0.99999843889822970233183241362
0.999998391950453036081114532863
0.999998344307155950794196996867
0.999998295968338668515684730664
0.999998246934001189245577734255
