1
0.999999999512980353166824443178
0.999999998051921301644995310198
0.999999995616822845434512601059
0.999999992207684984535376315762
0.999999987824507940992191379337
0.999999982467291381738050404238
0.999999976136035639839860778011
0.999999968830740493253017575626
0.999999960551406164022125722113
0.999999951298032430102580292441
0.999999941070619624561288674158
0.999999929869167525353645942232
0.999999917693676243501954559179
0.999999904544145890028516987513
0.999999890420576353911030764721
0.999999875322967857194100815832
0.999999859251320288855424678331
0.999999842205633759917304814735
0.999999824185908381402043687558
0.999999805192144042287338834285
0.999999785224340964617795179947
0.999999764282499148393412724545
0.999999742366618704636493930593
0.999999719476699522324736335577
0.999999695612741823502744864527
0.999999670774745608170519517444
0.999999644962711098372665219358
0.999999618176638072064577045239
0.99999959041652697333546484515
0.999999561682377580140723694058
0.999999531974190114524958516995
0.999999501291964687510471776477
0.999999469635701299097263472504
0.999999437005400060307636067591
0.999999403401061082163892024255
0.999999368822684586710636267526
0.999999333270270462925566334889
0.999999296743818932853287151374
0.999999259243330107516101179499
0.999999220768804097936310881778
0.999999181320240904113916258211
0.99999914089764074809352223383
0.999999099501003740897431271151
0.999999057130330104570248295204
0.999999013785619728089670843474
0.999998969466872833500303840992
0.99999892417408964284675221279
0.999998877907270156129015958868
0.999998830666414706414002466772
0.999998782451523182679409273987
0.99999873326259591799214376806
0.999998683099632912352205948991
0.999998631962634387804200741812
0.999998579851600455370430609037
0.999998526766531337095500475698
0.999998472707427255024015266827
0.999998417674288098133672519907
0.999998361667114310513682085002
0.999998304685905892164043962111
0.999998246730663065129363076267
0.999998187801385940431941889983
0.999998127898074740116385328292
0.999998067020729686227298316226
0.999998005169350889786983316299
0.999997942343938461817742791027
0.999997878544492735386484127957
0.999997813771013932537812252122
0.999997748023502053271727163519
0.999997681301957319632833787182
0.999997613606380064688039510656
0.999997544936770399459646796458
