1
0.999999999547661166943157695641
0.999999998190644556750328320049
0.99999999592895028044381433574
0.999999992762578338023615742713
0.999999988691528729489732540969
0.999999983715801343819862267992
0.999999977835396403058609848813
0.999999971050313685161370358401
0.999999963360553412172748721787
0.999999954766115584092744938971
0.999999945267000089899056547438
0.999999934863207040613986009703
0.999999923554736436237533325766
0.999999911341588387792000958143
0.999999898223762895277388906834
0.999999884201259847671394709323
0.999999869274079467018623290642
0.99999985344222175331907465079
0.999999836705686706572748789768
0.99999981906447443780194817009
0.999999800518584947006672791758
0.999999781068018234186922654771
0.999999760712774410365000221645
0.999999739452853586563207954896
0.999999717288255762781545854523
0.999999694218980939020013920526
0.999999670245029226300914615422
0.999999645366400735646550401725
0.999999619583095467056921279436
0.999999592895113531554329711071
0.999999565302455040161078159144
0.999999536805119992877166623657
0.999999507403108500724897567125
0.999999477096420563704270989547
0.999999445885056403859891815955
0.999999413769016021191760046349
0.999999380748299526722178143245
0.999999346822907031473448569159
0.99999931199283853544557132409
0.999999276258094260683151333069
0.999999239618674207186188596097
0.999999202074578485976985575689
0.999999163625807208077844734362
0.999999124272360595533370997146
0.999999084014238537321261901525
0.999999042851441255486122372531
0.999999000783968972072557335196
0.999998957811821576058264327003
0.999998913934999400510150735499
0.999998869153502445428216560686
0.999998823467330821834764265077
0.999998776876484640752096311189
0.999998729380964124224817624054
0.99999868098076927225292820367
0.999998631675900417903335437586
0.999998581466357450153736863285
0.999998530352140702071039868315
0.999998478333250173655244452675
0.999998425409686086950955541397
0.999998371581448552980475596996
0.999998316848537793788409544504
0.999998261210953809374757383921
0.999998204668696932806426502793
0.999998147221767164083416901121
0.999998088870164725250333503936
0.999998029613889727329478773754
0.999997969452942392365457635606
0.999997908387322831380572552007
0.999997846417031266419428447989
0.999997783542067808504327786068
0.999997719762432679679875491274
