1
0.999999999502791947492141844123
0.999999998011167900990869839006
0.999999995525127749473881522135
0.999999992044671603963479356025
0.999999987569799353437360878161
0.999999982100511108917828551057
0.999999975636806870404882374714
0.999999968178686637898522349133
0.999999959726150411398748474312
0.999999950279198301927863212768
0.999999939837830309485866564501
0.999999928402046323050456066994
0.99999991597184656466623664528
0.999999902547231034333208299358
0.999999888128199621029068566713
0.999999872714752546798422372376
0.999999856306889811641269716347
0.999999838904611415557610598626
0.999999820507917469569747481728
0.99999980111680808469998282817
0.999999780731283149926014175435
0.999999759351342776270143986039
0.999999736976987074754674722499
0.999999713608216156401908847329
0.999999689245029910189543898014
0.9999996638874286691844872621
0.999999637535412322364436477073
0.999999610188980980751694005448
0.999999581848134755368562309741
0.999999552512873757237343852466
0.999999522183197986358038633625
0.999999490859107553752949115733
0.999999458540602681466680223821
0.999999425227683258476929495373
0.999999390920349506828301855421
0.999999355618601537543099766481
0.999999319322439461643625691067
0.999999282031863390152182091697
0.999999243746873323068768968369
0.999999204467469482437991246115
0.999999164193651979282151387451
0.999999122925420924623551854893
0.99999908066277631846219264844
0.999999037405718493864981155639
0.99999899315424745083191737649
0.999998947908363411407606236025
0.999998901668066375592047734244
0.999998854433356565429846796178
0.999998806204234091943305884342
0.999998756980699177177029923769
0.999998706762751932153321376973
0.99999865555039246789448270647
0.999998603343620895422816374776
0.999998550142437547805229769438
0.99999849594684231401942042794
0.999998440756835638154598200344
0.999998384572417520210763086652
0.999998327393588071210217549378
0.99999826922034762421986897607
0.999998210052696290262019829242
0.999998149890634291381275033928
0.999998088734161738599937052641
0.999998026583278742940308347897
0.999997963437985637469296307245
0.999997899298282533209203393199
0.99999783416416965220463453079
0.999997768035647105477892182535
0.999997700912715226095883735979
0.99999763279537412508091165364
0.999997563683624024477580860548
0.999997493577465146330496281735
