1
0.999999999852008381040491258318
0.999999999408033302117360108241
0.9999999986680749852752114748
0.999999997632133208469440432964
0.999999996300208193744651907764
0.999999994672299830078543436684
0.999999992748408117471115019725
0.999999990528533055922366656887
0.999999988012674645432298348169
0.999999985200832997023212556087
0.99999998209300788865050435561
0.999999978689199542358778671769
0.999999974989407847125733042049
0.999999970993632802951367466449
0.999999966701874409835681944969
0.999999962114132778800978940126
0.999999957230407798824955989403
0.999999952050699580929915555316
0.99999994657500801409355517535
0.999999940803333098315874849504
0.999999934735674944619177040295
0.999999928372033441981159285206
0.999999921712408812446426509268
0.999999914756800722948071324936
0.999999907505209506553001119755
0.999999899957634941216610968695
0.999999892114077137961203334271
0.999999883974536207809080678999
0.999999875539011928715638077847
0.999999866807504411703177993331
0.999999857780013656771700425452
0.999999848456539663921205374209
0.999999838837082544173995302117
0.999999828921642186507767746662
0.999999818710218701944825170358
0.99999980820281197946286511069
0.999999797399422019061887567659
0.99999978630004893176419500378
0.999999774904692717569787419052
0.999999763213353376478664813476
0.999999751226030908490827187052
0.999999738942725313606274539779
0.999999726363436591825006871659
0.99999971348816474314702418269
0.999999700316909767572326472873
0.999999686849671776123216204724
0.999999673086450768799693378241
0.999999659027246634579455530911
0.999999644672059484484805125248
0.999999630020889318515742161253
0.999999615073736136672266638925
0.999999599830599938954378558265
0.999999584291480725362077919272
0.999999568456378606917667184462
0.999999552325293472598843891319
0.99999953589822543342791050236
0.999999519175174378382564555068
0.999999502156140529507410974475
0.999999484841123664757844835549
0.999999467230124006178471063322
0.999999449323141442746987195278
0.999999431120175974463393231417
0.999999412621227712349991634255
0.999999393826296656406782403792
0.999999374735382695611463077512
0.999999355348486052008638580446
0.999999335665606614576006450079
0.999999315686744383313566686411
0.999999295411899469243621751957
0.999999274841071761343869184202
0.999999253974261481658913908177
