1
0.999999999290053009914913673128
0.999999997160212261704259617545
0.999999993610477533323432908219
0.999999988640848935794736007665
0.999999982251326469118168915884
0.999999974441910244316034095391
0.999999965212600261388331546186
0.999999954563396409312758805754
0.999999942494299021156223261642
0.999999929005307874874119988817
0.999999914096423192511053912312
0.999999897767644974067025032127
0.999999880018973219542033348262
0.999999860850408150980683785747
0.999999840261949768382976344583
0.999999818253598182771213487285
0.99999979482535350516769767637
0.999999769977215846594731374353
0.999999743709185207052314581233
0.999999716021261697562749759527
0.999999686913445651192944296781
0.99999965638573695692059573048
0.999999624438135836790308985655
0.999999591070642401824386524822
0.999999556283256874067433273012
0.999999520075979364541751692741
0.999999482448809984269644246524
0.999999443401748844273413396877
0.999999402934796277619966531347
0.999999361047952284309303649934
0.999999317741217197408332140185
0.999999273014591127939354464615
0.999999226868074186924673085741
0.999999179301666707431195391109
0.999999130315368800481223843235
0.99999907990918068811936336715
0.999999028083102592390218887886
0.999998974837134846360697792989
0.999998920171277450030800082459
0.999998864085530847489735606359
0.999998806579895149759806827205
0.999998747654370689907921132544
0.999998687308957578956380984891
0.99999862554365626099439623431
0.999998562358466847044269343314
0.999998497753389670172907699452
0.999998431728425063447218690271
0.999998364283573137889504778286
0.99999829541883433758897581356
0.999998225134208995612539183639
0.99999815342969722298249735104
0.99999808030529935276575770331
0.999998005761015940073832553026
0.999997929796846984906721900188
0.999997852412793042375938057376
0.999997773608854334526085949619
0.999997693385031194424072964466
0.999997611741324066159108951979
0.999997528677733171775798837189
0.999997444194258844341050007642
0.999997358290901527944072313403
0.999997270967661666674075604533
0.999997182224539482575664806063
0.999997092061535419738049768057
0.999997000478649811228137878061
0.999996907475883101135138986137
0.99999681305323573354826294235
0.999996717210707930512114671728
0.999996619948300358160508949368
0.999996521266013238538050700299
0.999996421163847015733949774585
