1
0.999999999825239460626846721425
0.999999999300957620462781960669
0.999999998427154812574713105278
0.999999997203830703895732767705
0.999999995630985516470445872983
0.999999993708619139276549958595
0.999999991436731572314045024541
0.999999988815322815582931070821
0.999999985844392980105510559952
0.999999982523942065881783491932
0.999999978853969850867144941731
0.999999974834476668128502296895
0.999999970465462184598948169878
0.999999965746926622323087485711
0.999999960678869981300920244394
0.999999955261292261532446445926
0.999999949494193351995363627793
0.999999943377573252689671789994
0.999999936911432185659975857561
0.999999930095769928861670905462
0.999999922930586704339361858729
0.99999991541588229004844379233
0.99999990755165679701121916878
0.999999899337910336249990450597
0.999999890774642685720152712747
0.999999881861854067466310880263
0.999999872599544370466162490629
0.999999862987713705742010006361
0.999999853026361962271550964942
0.999999842715489251077087828889
0.999999832055095572158620598202
0.99999982104518092551614927288
0.999999809685745200127371390408
0.999999797976788507014589413302
0.999999785918310957200105804077
0.999999773510312439661618100217
0.999999760752792954399126301723
0.999999747645752612434932871111
0.999999734189191302746735345863
0.999999720383109136356836188497
0.999999706227506113265235399012
0.999999691722382344494235439925
0.999999676867737607999231386202
0.999999661663572014802525700361
0.999999646109885675926420844917
0.999999630206678591370916819869
0.999999613953950650113711162703
0.999999597351701963177106335934
0.999999580399932641583404802077
0.999999563098642463288001636101
0.999999545447831650335501763038
0.999999527447500091703602720372
0.999999509097647898414606970618
0.999999490398275070468514513777
0.999999471349381607865325349849
0.999999451950967510605039478833
0.999999432203032889709959363245
0.999999412105577634157782540569
0.999999391658601854970811473322
0.999999370862105663171348624019
0.999999349716088836714789067628
0.999999328220551486623435266665
0.999999306375493834941892146162
0.999999284180915659625554781087
0.999999261636817071696725633956
0.999999238743198071155404704768
0.999999215500058769023894456041
0.999999191907399054279892425257
0.999999167965219037945701074932
0.999999143673518831043622867583
0.999999119032298211529052878177
