1
0.999999999647411264014351672813
0.999999998589644945035104228737
0.999999996826701154084560130286
0.999999994358579780140416914946
0.999999991185281045247279507748
0.999999987306804727360542983661
0.999999982723150826480207342684
0.999999977434319564650877509848
0.999999971440310719827948560123
0.99999996474112451405602541854
0.999999957336760836312805622583
0.999999949227219686598289172252
0.999999940412501064912476067548
0.9999999308926051932999712335
0.999999920667531849716169745079
0.9999999097372811451833740648
0.999999898101853190723886655178
0.999999885761247875315405053698
0.999999872715465309980231722875
0.999999858964505383696064200194
0.999999844508368318507507410686
0.999999829347054114414561354351
0.999999813480562660394923568674
0.99999979690889406747089651617
0.999999779632048446664782659354
0.999999761650025797976581998228
0.999999742962826010383992070274
0.999999723570449305931617800525
0.99999970347289568461945918898
0.999999682670165146447516235639
0.999999661162257802438091403019
0.999999638949173541568882228603
0.999999616030912585884493637423
0.999999592407474935384925629478
0.999999568078860701092480667285
0.999999543045069771984856288327
0.999999517306102259084354955121
0.999999490861958273413279130182
0.99999946371263781497162881351
0.99999943585814099478170646762
0.999999407298467812843512092513
0.999999378033618380179348150705
0.99999934806359280781151710471
0.99999931738839109574001895453
0.999999286008013243964853700163
0.999999253922459363508323804126
0.999999221131729565392731728934
0.999999187635823849618077474588
0.999999153434742327206663503603
0.999999118528485220203094741009
0.999999082917052306562766261777
0.999999046600443808330282990937
0.999999009578659836527947391005
0.999998971851700502178061924496
0.999998933419565805280626591411
0.99999889428225574583564139175
0.999998854439770545887711250543
0.999998813892110316459138630307
0.999998772639275057549923531042
0.999998730681264769160065952747
0.999998688018079784356473282969
0.999998644649719881094540596678
0.999998600576185503463477743935
0.99999855579747642941867979971
0.999998510313592992027054151549
0.999998464124535080266298336937
0.999998417230302916181017280906
0.999998369630896610793513445969
0.999998321326316275126089294645
0.999998272316561909178744826932
0.999998222601633734996084967861
