1
0.999999999213993406854683598795
0.999999996855973516396431932662
0.999999992925940439647547464119
0.99999998742389406558572773065
0.999999980349834616255577657284
0.999999971703761869612492318993
0.999999961485676158723379103321
0.999999949695577261543633085239
0.999999936333465400117859189777
0.999999921399340574446057416935
0.999999904893202895550530229229
0.999999886815052474453580089175
0.999999867164889200132904534257
0.999999845942713405655410952022
0.99999982314852509102109934247
0.999999798782324256229969705601
0.999999772844111234348929428961
0.999999745333886025377978512552
0.999999716251648740339419418888
0.999999685597399490255554610485
0.99999965337113860819329147489
0.999999619572865983130327549588
0.999999584202581948133570222126
0.999999547260286614225321955018
0.999999508745980203450187673297
0.999999468659662826830469839479
0.999999427001334706410773378593
0.999999383770996064235703215672
0.999999338968647011327561813232
0.999999292594287880753256558819
0.999999244647918894557392377465
0.999999195129540163762271731684
0.99999914403915191041249954651
0.999999091376754578597285672004
0.999999037142348168316630108166
0.999998981335933123659742705058
0.999998923957509666671228387713
0.999998865007077908373389618646
0.999998804484638403877738710435
0.999998742390191153184275663079
0.999998678723736600382210326643
0.999998613485275078538450088672
0.999998546674806920719902336714
0.999998478292332237948869533284
0.99999840833785158533686399096
0.999998336811365073906188172259
0.999998263712873258768354389758
0.999998189042376361967967568489
0.999998112799874716571935095999
0.99999803498536876666946682235
0.999997955598858734305167672574
0.999997874640345174590549959248
0.999997792109828420592521069921
0.999997708007308805377988392138
0.999997622332786773036161775963
0.999997535086262656633948608942
0.999997446267736900260558741138
0.999997355877209948005202022614
0.999997263914682243957088303432
0.999997170380154232205427433655
0.99999707527362624581712680083
0.999996978595098839903698717535
0.999996880344572458554353033833
0.99999678052204743483599713727
0.999996679127524434882445802941
0.999996576161003902782908880909
0.999996471622486171604293758719
0.999996365511971796458112748951
0.999996257829461443478180626698
0.999996148574955445731404779508
0.999996037748454247306995057443
