1
0.999999999073625023271461031982
0.999999996294499982063541665411
0.99999999166262509842084682532
0.999999985178000150298771586677
0.999999976840625248719618411997
0.999999966650500615727992226311
0.99999995460762602927928810459
0.999999940712001822440413434379
0.999999924963627884189065753162
0.999999907362504436569849985972
0.999999887908631368560463670292
0.999999866602009013227814193669
0.999999843442637370571901556104
0.999999818430516662637330682628
0.999999791565647000446404035756
0.999999762848028383999121615489
0.999999732277661146362390809372
0.999999699854545398558514079923
0.999999665578681251609793889656
0.999999629450069038583137626119
0.999999591468708870500847751828
0.999999551634600969407529191813
0.999999509947745557347786871105
0.999999466408142967388528177253
0.999999421015793199529753110255
0.999999373770696808882973982691
0.999999324672853795448190794559
0.999999273722264492292310933408
0.999999220918929343504544249299
0.999999166262848460107193204749
0.99999910975402228618946764982
0.999999051392450932773670047027
0.999998991178134954971312708949
0.999998929111074574827000560617
0.999998865191270125407640989579
0.999998799418722050802443845896
0.9999987317934305730560140546
0.999998662315396136257561465754
0.999998590984619184496295929421
0.999998517801100050839124833146
0.999998442764839179375258026994
0.99999836587583690317160289851
0.999998287134093777339671760274
0.999998206539610245968674462347
0.999998124092386531103215929761
0.99999803979242329887711093761
0.999997953639720993379569335957
0.999997865634280058699800974864
0.99999777577610104994931816691
0.99999768406518430019502829964
0.999997590501530475570746148151
0.999997495085140020165681562503
0.999997397816013489091346855275
0.999997298694151437459254339046
0.999997197719554420380916326394
0.999997094892222992967845129897
0.999996990212157710331553062133
0.999996883679359127583552435681
0.999996775293827910857658025634
0.999996665055564504243079682055
0.99999655296456979591823710507
0.999996439020844118950037682225
0.999996323224388361516901113646
0.999996205575202967708037249395
0.999996086073288714679563327081
0.999995964718646157542991659284
0.999995841511276073454439483612
0.999995716451179017525419112644
0.999995589538355877934350246505
0.999995460772807209792745197774
0.999995330154533790256721204059
