1
0.999999999401358974360221054667
0.999999997605435786418581756152
0.999999994612230658219687029487
0.999999990421743367718931949639
0.999999985033974025938618979126
0.999999978448922632878748117946
0.999999970666589299561621828616
0.999999961686974025987240111135
0.999999951510076701133300502988
0.999999940135897436022105466691
0.999999927564436452698259927274
0.999999913795693529117158959707
0.999999898829668887323407489021
0.999999882666362416294703052699
0.999999865305774338075650575774
0.999999846747904763688552520762
0.99999982699275347108880396263
0.999999806040320904365614751441
0.999999783890606841474379962165
0.999999760543611393437402057316
0.999999735999334893321588424442
0.999999710257777119082334138511
0.999999683318938403786546587071
0.999999655182818636411923307605
0.999999625849418039003069225146
0.999999595318736722582286802208
0.999999563590774798171878501307
0.99999953066553237679414678496
0.999999496543009458449091653165
0.99999946122320637620362049347
0.999999424706123130057733305875
0.999999386991759831033732552896
0.999999348080116590153920697048
0.999999307971193629462902663363
0.999999266664991171005283376871
0.999999224161509103758760375058
0.999999180460747871812543507986
0.999999135562707475166632775654
0.999999089467388024843330640579
0.999999042174789742887242027791
0.999998993684912962365274324839
0.999998943997757572255125069205
0.999998893113323905623701648437
0.999998841031612184515608987567
0.99999878775262251995314954911
0.999998733276355133980928258097
0.99999867760281024864355003956
0.999998620731987974963317356014
0.999998562663888534984835132491
0.999998503398512261775010756537
0.999998442935859155333844228153
0.999998381275929659750545397401
0.999998318418723886047416726797
0.999998254364242056269063141372
0.999998189112484392460089566157
0.999998122663451116665100926184
0.999998055017142561951004609
0.99999798617355883934010307712
0.999997916132700281899303718092
0.999997844894567222695513919462
0.99999777245915966172873368123
0.999997698826478154110475315974
0.999997623996522699840738823696
0.999997547969293743008734054456
0.999997470744791616681368395803
0.999997392323016320858641847735
0.999997312703968410652066722832
0.99999723188764799708394548361
0.999997149874055524243487980129
0.999997066663191214175299137423
0.999996982255055288923983880522
