1
0.999999998932431077847127198766
0.999999995729724422410811257578
0.999999990391880033691052176437
0.999999982918897911687849955342
0.99999997331077816742350705681
0.99999996156752080089802348084
0.999999947689125923133701689949
0.999999931675593534130541684135
0.999999913526923966955450850946
0.999999893243116999563824265351
0.999999870824173076044871777412
0.999999846270092085376290924614
0.999999819580874471647291557019
0.999999790756520123835571212112
0.999999759797029375008037277439
0.999999726702402336186992215517
0.999999691472639340439343413891
0.999999654107740498787393335078
0.999999614607706144298049366625
0.999999572972536499015916433564
0.999999529202231784985599460924
0.999999483296792335274005836254
0.999999435256218371925740484585
0.999999385080510339030013255979
0.999999332769668458631429075467
0.999999278323693063796895330597
0.999999221742584487593319408916
0.99999916302634306308760869797
0.999999102174969345391275510337
0.99999903918846355654892477105
0.999998974066826140649766330171
0.999998906810057541783010037761
0.999998837418158204037865743885
0.999998765891128460481240836089
0.999998692228968977246950089466
0.999998616431679976379598429048
0.99999853849926212401300062993
0.999998458431715864236366542173
0.99999837622904164113890601584
0.999998291891240120854433826025
0.999998205418311747472159822792
0.999998116810257076103596318717
0.999998026067076772882558088895
0.999997933188771281898254983389
0.999997838175341269284501777292
0.999997741026787290152810783184
0.999997641743110010636996776157
0.999997540324310096870874531305
0.999997436770388214988258823723
0.999997331081344920100661965989
0.999997223257180878341898733197
0.999997113297896977890388825472
0.999997001203493773857644555392
0.999996886973971932377480698051
0.999996770609332341628316953575
0.999996652109575556721665634541
0.999996531474702576858248903591
0.999996408704713957149579073302
0.999996283799610585774075843801
0.999996156759393239887856452697
0.999996027584062696647038137598
0.999995896273619955252343061147
0.999995762828065570815283535921
0.999995627247400653558884187078
0.999995489531625980639262252225
0.99999534968074244023483743149
0.99999520769475080950172696248
0.999995063573652198662955470354
0.99999491731744738487464019272
0.999994768926137367337503292219
0.999994618399723145252266931493
