1
0.999999999870422429104621642182
0.999999999481689494373881643696
0.999999998833801417852384929574
0.999999997926758088517829037301
0.999999996760559506370213966875
0.999999995335205671409539718297
0.999999993650696694658108754084
0.999999991707032354071316149202
0.999999989504212871693766828685
0.999999987042238136503158330015
0.999999984321108148499490653194
0.999999981340823018705066260736
0.999999978101382525075280227611
0.99999997460278688965473747885
0.999999970845036001421135551936
0.999999966828129971396776909387
0.999999962552068688559359088686
0.999999958016852152908882089832
0.999999953222480475467648375343
0.999999948168953545213355482701
0.999999942856271473168305874424
0.999999937284434148310197087994
0.999999931453441681661331585929
0.999999925363293962199406905711
0.999999919013991100946725509857
0.999999912405533097903287398367
0.999999905537919842046790108725
0.999999898411151444399536103447
0.999999891025227904961525382532
0.999999883380149223732757945982
0.999999875475915400713233793795
0.999999867312526435902952925971
0.999999858889982329301915342512
0.999999850208283080910121043416
0.999999841267428690727570028685
0.999999832067419269776564760832
0.999999822608254707034802777343
0.999999812889935002502284078219
0.999999802912460156179008663457
0.999999792675830279087278995576
0.999999782180045371227095074573
0.999999771425105321576154437935
0.999999760411010241156759548176
0.999999749137760129968910405296
0.999999737605354988012607009296
0.999999725813794704265546897659
0.999999713763079500772334995418
0.999999701453209266510668840056
0.999999688884184001480548431573
0.99999967605600370568197376997
0.999999662968668490137247317762
0.999999649622178243824066612433
0.999999636016533077764734116499
0.999999622151732991959249829961
0.999999608027777875385311290302
0.999999593644667839065220960038
0.999999579002402882998978839169
0.999999564100983007186584927695
0.999999548940408322650341688131
0.999999533520678607345644195448
0.999999517841794083317097374675
0.999999501903754750564701225812
0.999999485706560498066153286345
0.999999469250211436843756018789
0.999999452534707566897509423143
0.999999435560048777205111036892
0.999999418326235289811165785068
0.999999400833266993693371205154
0.999999383081143888851727297151
0.999999365069866086308536523575
0.999999346799433475041496421909
