1
0.99999999974244746514528969783
0.999999998969789971603461253835
0.999999997682027297329909742984
0.999999995879159664369240090309
0.999999993561187072721452295809
0.999999990728109411364243896969
0.999999987379926680297614893789
0.999999983516638990543867748784
0.999999979138246231080699999438
0.999999974244748512930414108268
0.999999968836145725070707612758
0.999999962912437978523882975423
0.999999956473625273289940196264
0.99999994951970760936887927528
0.999999942050684986760700212471
0.999999934066557405465403007838
0.99999992556732486548298766138
0.999999916552987366813454173098
0.999999907023545020479105005506
0.999999896978997826479940158606
0.999999886419345673793657169881
0.999999875344588673442558501847
0.999999863754726825426644154504
0.999999851649760240768216590368
0.999999839029688697422670884407
0.999999825894512528456914424169
0.999999812244231511826342284621
0.999999798078845647530954465765
0.999999783398355157615355892631
0.999999768202760042079546565219
0.999999752492060078878921558498
0.999999736266255601080388260016
0.99999971952534638663934174474
0.999999702269332657600386937702
0.999999684498214302941221376386
0.999999666211991433684147523309
0.999999647410664049829165378469
0.999999628094232151376274941867
0.999999608262695738325476213504
0.999999587916054921699071655894
0.999999567054309701497061269038
0.999999545677460188741747515451
0.999999523785506272410827932617
0.999999501378448063526604983053
0.999999478456285562089078666759
0.999999455019018879120551446249
0.999999431066647903598720859009
0.999999406599172857568191830069
0.99999938161659374102896435943
0.999999356118910442958735984575
0.999999330106123185402111630538
0.9999993035782318573367888348
0.999999276535236569785070059879
0.99999924897713743376925776829
0.999999220903934338267049497517
0.999999192315627394300747710076
0.999999163212216712892654868483
0.999999133593702294042770972737
0.999999103460084137751096022839
0.999999072811362355039932481304
0.999999041647537056931582810648
0.99999900996860802138144208584
0.999998977774575581456417694426
0.999998945065439737156509636407
0.999998911841200377459415449266
0.999998878101857724409740058036
0.999998843847411778007483462716
0.999998809077862538252645663306
0.999998773793210116167529122322
0.999998737993454511752133839764
0.999998701678595836028762278147
