1
0.999999999353392454715105941432
0.999999997413569818860423765727
0.999999994180532203458255935402
0.999999989654279497486299987941
0.999999983834811811966858385858
0.99999997672212903587762866664
0.999999968316231280240913292801
0.999999958617118656079014726856
0.999999947624791163391932968807
0.999999935339248691157365556137
0.999999921760491461419917413878
0.999999906888519474179588542029
0.999999890723332729436378940591
0.999999873264931338212591072079
0.999999854513315411530527399009
0.999999834468484949390187921381
0.99999981313044006281387510171
0.999999790499180862823891402513
0.999999766574707460442539286305
0.999999741357019855669818753086
0.999999714846118159528032265371
0.999999687042002483039482285676
0.999999657944672937226471276517
0.999999627554129744133604162926
0.999999595870372903760880944901
0.999999562893402527130604084959
0.999999528623218725265076045616
0.999999493059821831231204214419
0.999999456203211734006686128851
0.999999418053388655636126713944
0.999999378610352818164130894729
0.999999337874104332613001133723
0.99999929584464331000503989344
0.999999252521969972384852098912
0.999999207906084430774740212655
0.999999161996987018241611622216
0.999999114794677623763163865078
0.999999066299156691428606791305
0.999999016510424332260242863413
0.999998965428480657280374543916
0.999998913053325999555909220362
0.999998859384960470109149355267
0.999998804423384179962397411146
0.999998748168597573204863238061
0.999998690620600760858849298529
0.999998631779393964968960517581
0.999998571644977407579801820248
0.999998510217351199713675669045
0.999998447496515896482094376552
0.999998383482471386862755480252
0.999998318175218225967171292723
0.999998251574756413795341813966
0.999998183681086283414174431527
0.99999811449420827891287899547
0.999998044014122400291455505794
0.999997972240829091639113812562
0.999997899174328575000458840805
0.999997824814621183442397978069
0.999997749161707027987233686872
0.999997672215586663746478279791
0.999997593976260201742434219341
0.999997514443728086064311355585
0.999997433617990538756714613555
0.999997351499047781864248918282
0.999997268086900259476124119828
0.999997183381548304659247605741
0.999997097382992250480526763567
0.999997010091232318984566518338
0.999996921506268954260576720117
0.999996831628102378353162293934
0.999996740456733146373835552367
