1
0.999999999647385395817877906666
0.999999998589541472249209164147
0.99999999682646834031629623496
0.999999994358166000019139119104
0.999999991184634340335435354064
0.999999987305873472287487402355
0.999999982721883395875295263977
0.999999977432664000076556476415
0.9999999714382155069358759647
0.999999964738537805430951266317
0.999999957333630895561782381264
0.999999949223494888350671772059
0.999999940408129672775316976185
0.999999930887535248835717993643
0.999999920661711838576479749463
0.999999909730659219952997318615
0.999999898094377615009875626129
0.999999885752867023747114672005
0.999999872706127335142411993729
0.999999858954158660218070053816
0.99999984449696110999639131478
0.999999829334534573455073314108
0.999999813466879161616418514313
0.999999796893994874480426915397
0.99999977961588171204709851736
0.999999761632539785338735782716
0.999999742943969094355338711466
0.999999723550169750119209766126
0.999999703451141752630348946695
0.999999682646884990866453790659
0.999999661137399797894431685563
0.999999638922685951669677706377
0.999999616002743674236796778132
0.999999592377572965595788900828
0.999999568047173825746654074464
0.999999543011546365711694761558
0.999999517270690585490910962108
0.99999949082460659610660513863
0.999999463673294397558777291124
0.999999435816754100869729882106
0.999999407254985817061765374092
0.999999377987989435112581304566
0.999999348015765177066782598558
0.999999317338312931902066793555
0.999999285955632921663038814586
0.999999253867725257372001124168
0.999999221074589828006651259784
0.999999187576226744589291683951
0.9999991533726362291645273217
0.999999118463818170710055710515
0.999999082849772791270481775427
0.999999046530500090845805516437
0.999999009506000069436026933545
0.999998971776272949085750951781
0.999998933341318729794977571146
0.999998894201137522586009254155
0.999998854355729438481148463325
0.999998813805094477480395198654
0.999998772549232750606051922659
0.999998730588144479902723560372
0.99999868792182944332580518676
0.999998644550288084964506651886
0.999998600473520293796525493235
0.999998555691526180844164173322
0.999998510204305857129725154664
0.999998464011859433675510899775
0.999998417114187021503823871171
0.999998369511288731636966531369
0.999998321203164675097241342883
0.999998272189814851884648305713
0.999998222471239373021489882376
