1
0.999999999286407814658161896659
0.999999997145631147610345124122
0.999999993577670109878852144902
0.999999988582524590441380496486
0.999999982160194811342535103904
0.999999974310680550537711042125
0.999999965033982141093815698696
0.99999995433009924994394168607
0.999999942199032321177298854309
0.999999928640781021726979815867
0.999999913655345795682194420806
0.999999897242726309976035281579
0.999999879402923008697712248249
0.999999860135935669802620395785
0.999999839441764626357667111733
0.999999817320409767340549933579
0.999999793771871203773571323836
0.999999768796149157701336207538
0.999999742393243629123844584683
0.999999714563154840085701380303
0.999999685305882790586906594399
0.999999654621427702672065152001
0.999999622509789687363479515625
0.999999588970968744661149685271
0.999999554004965207631983048486
0.999999517611779187298282067786
0.999999479791410794682349205686
0.999999440543860140806486924703
0.999999399869127447715300149866
0.999999357767212937453393806209
0.999999314238116832065372818761
0.999999269281839131551237187523
0.999999222898380057955591837526
0.999999175087740055367646618834
0.999999125849919012765099068929
0.999999075184917374237159037875
0.999999023092735250806128988188
0.999998969573372864516613844899
0.999998914626830437413218533038
0.999998858253108191540547977638
0.999998800452206459965509566246
0.999998741224125464732708223892
0.999998680568865427886748875608
0.999998618486426571472236446425
0.999998554976809228556078323891
0.999998490040013621182879433036
0.999998423676040082419547161408
0.999998355884888834310686434037
0.999998286666560209923204638471
0.999998216021054431301706699742
0.999998143948371942535402467911
0.99999807044851296566889686801
0.999997995521477833769097287586
0.999997919167266768880608651671
0.999997841385880215092640810326
0.999997762177318505472101151099
0.999997681541581973085897061537
0.999997599478670951000935929187
0.99999751598858566126182267908
0.999997431071326658980069623794
0.999997344726894277222584150877
0.999997256955288738033971185359
0.99999716775651059652574303982
0.999997077130560074742504639289
0.99999698507743761677346583383
0.999996891597143777730138936022
0.999996796689678668634826408379
0.999996700355042955621343025996
0.999996602593236860734293713904
0.999996503404260939085190784681
0.999996402788115523740941625874
