1
0.999999999312313869737067761889
0.999999997249255256903666122525
0.99999999381082438354440000694
0.999999988997021138636966952618
0.999999982807845522181366959558
0.999999975243297645199902490276
0.999999966303377507692573544773
0.999999955988085109659380123048
0.999999944297420562122624687618
0.999999931231383865082307238481
0.999999916789975018538427775638
0.999999900973194244535591224121
0.999999883781041432051495121414
0.999999865213516803130744392547
0.999999845270620357773339037522
0.999999823952352095979279056337
0.999999801258712239793169374025
0.999999777189700789215009990585
0.999999751745317966289405831048
0.999999724925563771016356895416
0.999999696730438314418165646202
0.99999966715994181853943700844
0.999999636214074172357868519612
0.999999603892835819962670029781
0.999999570196226650331539076433
0.999999535124246885509080584598
0.999999498676896636517597016791
0.999999460854176125401693298045
0.999999421656085463183671890874
0.999999381082624871908137720311
0.999999339133794462597393248871
0.999999295809594346273740939068
0.999999251110024744981785715936
0.999999205035085880766132504505
0.999999157584777975671386229806
0.999999108759101140719849354355
0.999999058558055708978429265699
0.999999006981641680447125963838
0.999998954029859388192846836318
0.999998899702709054260196808173
0.999998844000190900693780804431
0.999998786922305149538203750126
0.999998728469052022838070570288
0.999998668640431742637986189948
0.999998607436444642004857996653
0.999998544857090942983290915436
0.99999848090237075659558740881
0.999998415572284637953259789356
0.999998348866832587056308057072
0.999998280786014936971639599506
0.999998211329832020766161804204
0.999998140498284171506782058714
0.999998068291371611238105288066
0.999997994709094673027038879809
0.999997919751453578918187758973
0.99999784341844877300076177562
0.999997765710080477319365854783
0.999997686626348913918604921491
0.999997606167254637909991288325
0.999997524332797871338129880314
0.999997441122978947269928085007
0.999997356537798198772293289949
0.999997270577255958912132882688
0.999997183241352671778656713286
0.999997094530088559416469706775
0.999997004443464065914781713218
0.999996912981479635362802582677
0.999996820144135600827439702698
0.999996725931432184353297998314
0.999996630343370052074192244618
0.999996533379949315012424904126
