1
0.999999999719843435386223973182
0.99999999887937374154489589273
0.999999997478590807453713296127
0.999999995517494744134978645889
0.999999992996085662610994404531
0.999999989914363340837155647023
0.99999998627232788983576483588
0.999999982069979309606821971101
0.999999977307317600150327052688
0.999999971984342872488582543156
0.999999966101054904576983517472
0.99999995965745391846013490067
0.999999952653539803115734230232
0.999999945089312669566083968675
0.999999936964772406788881653483
0.999999928279919236828732209688
0.999999919034752937641030712257
0.999999909229273620248079623707
0.999999898863481284649878944037
0.999999887937376041868731135764
0.999999876450957780882333736372
0.99999986440422650169068674586
0.99999985179718242633839508926
0.999999838629825443803156304057
0.99999982490215555408497039025
0.999999810614172757183837347839
0.99999979576587716412205963934
0.999999780357268774899637264753
0.999999764388347589516570224077
0.999999747859113607972858517314
0.999999730769566941290804606979
0.999999713119707589470408493071
0.999999694909535552511670175591
0.999999676139050941436892117054
0.999999656808253645223771854944
0.999999636917143774894611851778
0.999999616465721441471714570071
0.999999595453986533932777547307
0.999999573881939163300103246002
0.999999551749579329573691666155
0.999999529056907143775845270284
0.999999505803922605906564058387
0.999999481990625715965848030464
0.999999457617016473953697186516
0.999999432683095101914716451574
0.999999407188861488826603363123
0.999999381134315745711660383677
0.999999354519457872569887513237
0.999999327344287980423587214318
0.999999299608805958250457024405
0.99999927131301202809510186853
0.999999242456906189957521746692
0.999999213040488443837716658891
0.999999183063758900757989067642
0.999999152526717560718338972947
0.99999912142936453474106883732
0.999999089771699822826178660762
0.999999057553723424973668443272
0.999999024775435452205840647366
0.99999899143683601554499773556
0.999998957537925114991139707854
0.999998923078702861566569026763
0.999998888059169255271285692288
0.999998852479324296105289704428
0.999998816339168206113185988215
0.999998779638700874272672081133
0.999998742377922411606050445698
0.999998704556833040157926006941
0.999998666175432648905996302346
0.999998627233721237850261331914
0.999998587731699140057628483191
