1
0.999999998969141268290172774869
0.999999995876564851116086174443
0.999999990722270970522345123754
0.999999983506259626508949622803
0.999999974228530708053597209073
0.999999962889084548223195270111
0.999999949487920924973138880887
0.999999934025040060348032966431
0.999999916500442065370179989259
0.999999896914127051061882411886
0.999999875266095017423140234314
0.999999851556346297520860844088
0.999999825784880891355044241209
0.999999797951698909947992888192
0.9999997680568007973889166351
0.999999736100186442655513019417
0.999999702081856067792386966175
0.999999666001810116888748325437
0.999999627860048589944597097201
0.999999587656571820026840669016
0.999999545391380029180083965912
0.999999501064473550471234375436
0.999999454675852494922594360105
0.99999940622551730662337376998
0.999999355713468207618177530094
0.999999303139705530973913027992
0.999999248504229609757487651223
0.999999191807040777035808787332
0.999999133048139365875783823867
0.999999072227525820366622610891
0.999999009345200362552930073434
0.99999894440116343652391606156
0.999998877395415486368790425331
0.99999880832795695617676301481
0.999998737198788290037043680059
0.999998664007909821016539808625
0.999998588755321993204461250571
0.999998511441025361712320318475
0.999998432065020370629326862399
0.999998350627307575066993194923
0.999998267127887419114529166109
0.999998181566760346861144626018
0.999998093943926913418351887231
0.999998004259387784919965724839
0.999997912513143405455195988907
0.999997818705194441157857454527
0.999997722835541336117159971764
0.999997624904184756466918315709
0.999997524911125257318644798943
0.999997422856363615828456659074
0.999997318739900276085563746165
0.999997212561735904223780835309
0.999997104321871277399225164118
0.999996994020307061745711507683
0.999996881657043812374752178584
0.999996767232082195420161951915
0.999996650745423099060360527801
0.999996532197067189429162681336
0.999996411587015132660383187613
0.999996288915267594887836821727
0.999996164181825575312245746318
0.99999603738668974006742473648
0.999995908529860755287188567308
0.999995777611339509149956938927
0.999995644631126889834149551461
0.999995509589223563473581180006
0.9999953724856305292689739872
0.999995233320348564376445210655
0.99999509209337844595211208798
0.9999949488047210621743943193
0.999994803454377523266316529771
