1
0.999999999606329681434147005348
0.999999998425318725736588021391
0.999999996456967021885020585614
0.999999993701274791924049623049
0.999999990158241813809070208663
0.999999985827868309584687267488
0.999999980710154057206295874494
0.99999997480509927871850095471
0.999999968112703974121302508138
0.999999960632967921370095609745
0.99999995236589145353178764708
0.99999994331147434856177369511
0.999999933469716717482356216351
0.999999922840618671315837673319
0.999999911424180099039915603498
0.999999899220401111676892469404
0.999999886229281598204465808521
0.999999872450821780667240545881
0.999999857885021659065216681483
0.999999842531881122376091752812
0.9999998263914003926444706849
0.999999809463579358848051015229
0.999999791748418020986832743802
0.999999773245916712127723258163
0.999999753956075099203815170767
0.999999733878893515282015869161
0.999999713014371960362325353344
0.999999691362510323422441160801
0.999999668923308826506968216563
0.999999645696767358593604058115
0.999999621682886141726953610487
0.99999959688166517590701687368
0.999999571293104461133793847694
0.999999544917204219451889457559
0.999999517753964228816698778246
0.9999994898033848222951291973
0.999999461065465888864878252207
0.999999431540207650570550867997
0.99999940122761010741214704467
0.999999370127673259389666782226
0.999999338240397328547715005698
0.999999305565782203863989252568
0.999999272103828107383094447869
0.9999992378545350391050305916
0.999999202817903221074402608792
0.999999166993932542268908036931
0.999999130382623113710849338531
0.999999092983975157444831438625
0.999999054797988673470854337211
0.999999015824663883833522959321
0.999998976064000566488232379925
0.999998935515999165524192449084
0.999998894180659569919100704283
0.999998852057981890695259608037
0.999998809147966349897274085379
0.999998765450612836502841673791
0.999998720965921683578869760822
0.999998675693892891125358346471
0.999998629634526570164609893254
0.999998582787822720696624401171
0.999998535153781675788309257769
0.999998486732403435439664463047
0.999998437523688110672992479522
0.999998387527635812510595769709
0.999998336744246651974776796123
0.999998285173520740087838021282
0.999998232815458187872081907699
0.999998179670059217372113380407
0.99999812573732393961023490192
0.99999807101725235458644647224
0.999998015509844684345353016397
