1
0.999999999681625895142644822045
0.999999998726503469548276825662
0.999999997134632834239198473369
0.999999994906013989215409765166
0.999999992040646934476910701051
0.999999988538531559001398818509
0.999999984399667973811176580057
0.999999979624056178906243985693
0.999999974211696174286601035419
0.999999968162587959952247729234
0.999999961476731535903184067138
0.999999954154126902139410049131
0.999999946194774169683228137728
0.999999937598673338534638332931
0.999999928365824297671338172222
0.999999918496227158115630118118
0.999999907989881919867514170619
0.999999896846788582926990329725
0.99999988506694725831636105795
0.999999872650357835013323892781
0.999999859597020424040181296732
0.999999845906935025396933269803
0.999999831580101639083579811995
0.999999816616520376122423385823
0.999999801016191236513463991287
0.999999784779114109234399165871
0.999999767905289216329833834607
0.999999750394716557799767997494
0.999999732247396133644201654533
0.999999713463327832840832343209
0.999999694042511988456567451067
0.999999673984948378446802053077
0.999999653290637113833838611754
0.999999631959578305639979589614
0.999999609991772064887527449173
0.999999587387218169531877265399
0.999999564145916841617633963324
0.999999540267868081144797542947
0.999999515753071999135670466785
0.999999490601528595590252734837
0.999999464813237870508544347103
0.9999994383881999349128477661
0.999999411326414788803162991826
0.999999383627882543201792486798
0.999999355292603198108736251015
0.999999326320576864546296746994
0.999999296711803542514473974734
0.999999266466283343035570396751
0.999999235584016266109586013044
0.999999204065002422758823286131
0.99999917190924181298328221601
0.999999139116734547805265265197
0.999999105687480627224772433692
0.999999071621480273286408646527
0.999999036918733374967871441186
0.999999001579240043291463280184
0.999998965603000389279486626037
0.999998928990014523954243941262
0.999998891740282336293432763341
0.999998853853804159363960479823
0.999998815330579771121222165675
0.999998776170609504632125208445
0.999998736373893248874367145618
0.999998695940431225892552902224
0.999998654870223435686682478263
0.999998613163269878256755873736
0.999998570819570775647378013673
0.999998527839126127858548898075
0.999998484221936045912570989458
0.999998439968000640831746750337
0.999998395077320023638378643227
