1
0.999999999496144709176803644368
0.999999997984578725684912114957
0.999999995465302049524325411767
0.999999991938314791717345997313
0.99999998740361684124167140908
0.999999981861208309119604109583
0.999999975311089195351144098822
0.999999967753259388913988914283
0.999999959187719111852743480995
0.999999949614468364167407798959
0.999999939033506923813376943144
0.999999927444835123857558301097
0.999999914848452964299951872817
0.999999901244360223095952733274
0.999999886632557233312468270015
0.999999871013043994949498483038
0.999999854385820396984740909829
0.999999836750886550440498012904
0.999999818108242566339072254777
0.99999979845788844468046363545
0.999999777799824296486974617437
0.999999756134050232780907663255
0.999999733460566142539960310387
0.999999709779372247808737483865
0.999999685090468548587239183689
0.999999659393855155897767872375
0.999999632689532180762626012438
0.999999604977499623181813603878
0.999999576257757594177633109211
0.999999546530306204772386990953
0.999999515795145454966075249104
0.999999484052275566803302808694
0.99999945130169665130637213224
0.999999417543408597452980757225
0.999999382777411738310036071198
0.999999347003706073877538074157
0.999999310222291715177789228619
0.999999272433168773233091997099
0.999999233636337359065748842113
0.999999193831797583698062226176
0.99999915301954966917463707432
0.999999111199593615495473386545
0.999999068371929533682873625366
0.999999024536557645781442715816
0.999998979693478062813483120408
0.999998933842690895801297301659
0.999998886984196366789490184601
0.999998839117994475778061769233
0.999998790244085444811616980587
0.999998740362469384912458281178
0.999998689473146518125190596038
0.999998637576116955472116387682
0.999998584671380807975538118626
0.999998530758938297680060713901
0.999998475838789535607986636023
0.999998419910934743803920810024
0.999998362975374144312468160933
0.999998305032107737133628688753
0.999998246081135855334309781028
0.999998186122458609936813900276
0.999998125156076111963443509012
0.999998063181988694481105994782
0.999998000200196468512103820103
0.999997936210699656101041910006
0.999997871213498368270222727006
0.99999780520859293808655365865
0.999997738195983365550034704938
0.999997670175670094749875715934
0.999997601147653125686076691636
0.999997531111932791425545019592
0.999997460068509202990583162318
