1
0.999999999748745982408593135915
0.99999999899498392963437254366
0.999999997738713952699640685751
0.999999995979935829559792637156
0.999999993718649782259433322906
0.999999990954855699776260280487
0.999999987688553582110273509898
0.999999983919743540283775473654
0.99999997964842546327446370924
0.999999974874599351082338216656
0.999999969598265314729701458418
0.99999996381942324319425097201
0.999999957538073247498289219948
0.999999950754215327641816202231
0.999999943467849372602529456344
0.999999935678975604425033907319
0.999999927387593801064724630123
0.999999918593704184566206549789
0.999999909297306643907177203801
0.999999899498401179087636592158
0.999999889196987901129887177376
0.99999987839306669901162649694
0.999999867086637683755157013366
0.999999855277700855360478726652
0.9999998429662562138275916368
0.999999830152303870178798206325
0.999999816835843713391795972711
0.999999803016875743466584935959
0.999999788695400182447770021099
0.999999773871416808290746303101
0.999999758544925843040118706995
0.999999742715927175673584770266
0.999999726384420806191144492914
0.99999970955040695663740279997
0.999999692213885515990057228919
0.999999674374856373226805317245
0.999999656033319861414554452494
0.999999637189275758508699709637
0.999999617842724286553846013703
0.999999597993665223505388439662
0.999999577642098902430234375061
0.999999556788025101283778894867
0.999999535431443931088324461598
0.999999513572355502866173537768
0.999999491210759705595023660862
0.999999468346656761319479755912
0.999999444980046559017239360401
0.999999421110929209710604936845
0.999999396739304602377274022729
0.999999371865172959061851543083
0.999999346488534279764337497909
0.99999932060938845346242942469
0.999999294227735702200732248457
0.999999267343576025979245969211
0.999999239956909424797970586951
0.999999212067735898656906101678
0.999999183676055669600657438423
0.999999154781868515584619672154
0.999999125385174658653397727903
0.99999909548597409880699160567
0.999999065084266836045401305455
0.999999034180053092413231752289
0.999999002773332645865878021141
0.999998970864105718447945037042
0.999998938452372421181735262508
0.999998905538132643044946235023
0.999998872121386384037577954587
0.999998838202133977226537808747
0.999998803780375200567220872472
0.999998768856110276104232070793
0.999998733429339092815268941195
