1
0.999999999646998150026888652064
0.999999998587992489085252145742
0.999999996822983017175090481032
0.999999994351969845318706120452
0.999999991174952862493796601484
0.999999987291932179722664386645
0.999999982702907797005309475935
0.999999977407879603319429406838
0.99999997140684770968732664187
0.99999996469981211610900118103
0.999999957286772822584453024319
0.999999949167729829113682171737
0.9999999403426832467189910858
0.999999930811632964378077303991
0.999999920574579093113243288826
0.99999990963152152190218657779
0.999999897982460472789512095915
0.999999885627395834752917380683
0.999999872566327607792402432096
0.999999858799256013952572175185
0.999999844326180831188821684918
0.999999829147102281545755886327
0.999999813262020365023374779412
0.999999796670934970599375901656
0.999999779373846209296061715577
0.999999761370754303158037146204
0.999999742661659030140697268507
0.999999723246560501266344545002
0.999999703125458827557281438203
0.999999682298354009013507948112
0.999999660765246156657326537243
0.999999638526135159466434743081
0.999999615581021239485437490657
0.999999591929904285692032317456
0.999999567572784409108521685994
0.999999542509661831779510521301
0.999999516740536331660393898346
0.999999490265408130795776742161
0.99999946308427711816335659023
0.9999994351971436268300408301
0.999999406604007545773526999255
0.999999377304868874993815097696
0.999999347299727836535510050453
0.999999316588584319376309395011
0.999999285171438545560818056401
0.999999253048290515089036034624
0.999999220219140227960963329679
0.999999186683987906221204866597
0.999999152442833438847458182863
0.999999117495677047884328203509
0.999999081842518844354117391049
0.999999045483358717234523282968
0.999999008418196888570150804298
0.999998970647033358360999955039
0.999998932169868237629373197706
0.999998892986701637397572994814
0.999998853097533557665599346365
0.999998812502364220478057177388
0.999998771201193514812644025369
0.999998729194021773736267277854
0.999998686480848886226624472329
0.999998643061674963306018071307
0.999998598936500227019052999822
0.999998554105324677365729257872
0.999998508568148425368349307973
0.999998462324971471026913150126
0.999998415375794036386025709362
0.999998367720616232467989448196
0.999998319359438170295106829144
0.999998270292259849867377852206
0.999998220519081382207104979898
