1
0.999999999089497992876829357556
0.999999996357991971507317430223
0.999999991805482046913766680518
0.999999985431968108073874645925
0.999999977237450266009943788958
0.999999967221928631744276572135
0.999999955385403094254570532939
0.999999941727873875585430596402
0.999999926249340864714554300008
0.999999908949804394708849031304
0.999999889829264354546012327773
0.999999868887720966270649114449
0.99999984612517422988275939133
0.999999821541624367426948083448
0.999999795137071489925517653319
0.999999766911515819423073025973
0.999999736864957355919614201412
0.999999704997396321459746104665
0.999999671308832827065771198249
0.999999635799267316826899332227
0.999999598468699679720828044083
0.999999559317130248814464721363
0.999999518344559246152414289099
0.999999475550986893779281672323
0.999999430936413413739671796066
0.999999384500839028078189585358
0.999999336244264069861742427747
0.999999286166688650112632785749
0.999999234268113212920070509426
0.999999180548537869306358061294
0.999999125007963063360705291416
0.999999067646389128150019587338
0.999999008463816174696603411576
0.999998947460244647089666614193
0.999998884635674878396116582735
0.999998819990107312705163167266
0.9999987535235420610391088303
0.999998685235979678509465884417
0.999998615127420498183141717163
0.999998543197864964149346178601
0.999998469447313298452684193762
0.999998393875766056204668075225
0.99999831648322345944990274802
0.999998237269686174322202987241
0.999998156235154533888476180437
0.999998073379628982237932177668
0.999997988703109963459780828998
0.999997902205597810620929521974
0.999997813887093300877495494206
0.999997723747596656274083670723
0.999997631787108431922206364106
0.999997538005629182933375886932
0.999997442403159353396802089264
0.99999734497969949842399728368
0.999997245735250173126473782759
0.999997144669811932615743899078
0.9999970417833852209810174827
0.999996937075970704356109308719
0.99999683054756904887483415223
0.999996722198180587604099400778
0.999996612027805986677719829459
0.999996500036446023251812675881
0.999996386224101141415587790107
0.999996270590772007302859947231
0.999996153136459287047443922347
0.999996033861163535760852028034
0.999995912764885419576899039384
0.999995789847625715651702194009
0.999995665109384979096773804486
0.999995538550163987068231108424
0.999995410169963294677586418402
