1
0.999999999756502999659346642147
0.99999999902601222068199149362
0.999999997808527441023329629388
0.999999996104048771705663511966
0.999999993912576101706690678839
0.999999991234109653071016055037
0.999999988068649314776337178046
0.999999984416194975800351585349
0.999999980276746858187664201978
0.999999975650304739893670102902
0.999999970536868842962974213151
0.999999964936439056373274070211
0.999999958849015380124569674081
0.999999952274597925239163487277
0.999999945213186580694753047283
0.999999937664781457513640816614
0.999999929629382444673524332757
0.999999921106989653196706058225
0.999999912097603083083185993019
0.999999902601222623310661674623
0.999999892617848495923738028068
0.99999988214748058990011259084
0.999999871190119016262087825453
0.999999859745763663987361269392
0.999999847814414644098235385172
0.999999835396071845572407710279
0.999999822490735490454483169742
0.999999809098405356699856838532
0.999999795219081666353133641678
0.999999780852764308392011116666
0.999999765999453504861094188527
0.99999975065914903371577793223
0.999999734831851005978364810289
0.999999718517559421648854822706
0.999999701716274391749550431996
0.999999684427995916280451638158
0.999999666652723884219255978678
0.999999648390458517610568378586
0.999999629641199816454388837883
0.999999610404947669728414894053
0.999999590681702077432646547095
0.999999570471463372633991184557
0.999999549774231222265541418892
0.999999528590005959394204637647
0.99999950691878736197537591579
0.999999484760575652053660178353
0.999999462115370718606754962821
0.999999438983172672656962731708
0.999999415363981514204283485014
0.999999391257797354271019685257
0.999999366664620192857171332435
0.999999341584450029962738426548
0.999999316017286865587720967596
0.999999289963130810754421418096
0.999999263421981865462839778047
0.999999236393840140735278509965
0.999999208878705636571737613849
0.999999180876578241949914627185
0.999999152387458289936716937518
0.999999123411345558487539619819
0.999999093948240269646987599117
0.999999063998142423415060875413
0.999999033561051908769456986192
0.999999002636968947754780856485
0.999998971225893651393334948807
0.999998939327825797640514338127
0.999998906942765608540923949477
0.999998874070713195116866245371
0.999998840711668446346038763295
0.999998806865631473250743965764
0.999998772532602386853284315293
