1
0.999999999943013362369015339937
0.999999999772053338453758897231
0.999999999487119928254230671882
0.999999999088213131770430663892
0.999999998575333060024661335774
0.99999999794847971301692268753
0.999999997207652868702609794127
0.999999996352852749126327580598
0.999999995384079243265773584426
0.999999994301332351120947805612
0.999999993104612183714152706671
0.999999991793918630023085825087
0.999999990369251801070049623377
0.999999988830611585832741639024
0.999999987177997984311161872029
0.999999985411410996505310322391
0.999999983530850733437489452626
0.999999981536317084085396800219
0.999999979427810159471334827685
0.999999977205329848573001072509
0.99999997486887615139039553469
0.999999972418449178945820676745
0.999999969854048820216974036157
0.999999967175675075203855612926
0.999999964383328054928767869569
0.999999961477007648369408343569
0.999999958456713966548079497443
0.999999955322446898442478868674
0.999999952074206555074908919778
0.99999994871199282542306718824
0.999999945235805709486953674059
0.999999941645645318288870839751
0.999999937941511651828818685317
0.99999993412340459908449474824
0.999999930191324160055899028521
0.999999926145270445765333988675
0.999999921985243456212799628702
0.999999917711243080375993486086
0.999999913323269429277218023344
0.99999990882132239189417077796
0.999999904205402079249154212448
0.999999899475508380319865864294
0.999999894631641406128608196013
0.999999889673801156675381207606
0.999999884601987520937882436556
0.999999879416200609938414345379
0.999999874116440423676976934075
0.999999868702706851131267740129
0.999999863175000003323589226056
0.999999857533319880253941391857
0.999999851777666370900021775014
0.999999845908039697306435300561
0.999999839924439637428577043465
0.999999833826866302288749466243
0.999999827615319580864650106378
0.999999821289799695200883888901
0.999999814850306423252845888783
0.999999808296839876042838568537
0.999999801629400164593164390681
0.999999794847987066859218430181
0.999999787952600693863303149556
0.999999780943241045605418548803
0.999999773819908122085564627923
0.999999766582601812281438924401
0.999999759231322338237646363268
0.999999751766069588931884482008
0.999999744186843675386455743137
0.999999736493644375556755221623
0.999999728686471800465085379983
0.999999720765326061133748680732
0.999999712730206935518140198838
