1
0.999999999512897974618397256563
0.999999998051592120518193951284
0.999999995616082326677087621647
0.999999992206368482072775805136
0.999999987822450808749863426783
0.999999982464329195686048024072
0.999999976132003753903632059519
0.999999968825474372380313070607
0.999999960544741162138393519854
0.999999951289804123177873407258
0.999999941060663255498752732819
0.999999929857318670123333959054
0.999999917679770367051617085963
0.999999904528018346283602113544
0.999999890402062607819289041799
0.999999875301903262680980333243
0.999999859227540421890978450392
0.99999984217897397442698093073
0.999999824156204031311290236772
0.999999805159230703566208831035
0.999999785188053991191736713517
0.999999764242674005210176346736
0.999999742323090745621527730691
0.999999719429304323448093327897
0.999999695561314738689873138355
0.999999670719122102369169624581
0.999999644902726414485982786573
0.99999961811212800810722001188
0.999999590347326661188276375469
0.999999561608322484751454339857
0.999999531895115811863661292591
0.999999501207706531502594771155
0.999999469546094643668254775548
0.999999436910280481427548693318
0.999999403300264044780476524465
0.999999368716045333727038268989
0.999999333157624570311838851921
0.999999296625001754534878273262
0.999999259118177108440761458041
0.999999220637150743051790868776
0.999999181181922658367966505466
0.999999140752492965411590830627
0.999999099348861886227268769289
0.99999905697102953183730278397
0.999999013618996013263995337184
0.999998969292761330507346428931
0.999998923992325816634263446758
0.999998877717689471644746390666
0.99999883046885240656109772317
0.999998782245814954450224831817
0.999998733048577004289825254091
0.999998682877138889146806377539
0.999998631731500609021168202162
0.99999857961166238595751565299
0.999998526517624442000453655055
0.999998472449386888172284670873
0.999998417406949724473008700443
0.999998361390313394991835593828
0.999998304399477788706462888513
0.999998246434443238683797972044
0.999998187495209966968445769453
0.999998127581777862538103818224
0.999998066694147480504284430936
0.999998004832318709844685145072
0.999997941996291772603910885664
0.999997878186067001848869040259
0.999997813401644508601862071373
0.999997747643024403885192441521
0.999997680910207020765767538251
0.999997613203192359243587361561
0.999997544521980752385559299
