1
0.999999999922381421768591280852
0.999999999689525909118970048439
0.99999999930143324000653137773
0.999999998758103525453577731241
0.999999998059536765460109108972
0.999999997205732849003823048406
0.999999996196691998129324474576
0.999999995032413990792008462449
0.999999993712898938014177474543
0.999999992238146950818133973371
0.999999990608157807159273033903
0.99999998882293150703759465614
0.999999986882468272497703765112
0.999999984786767992517297898303
0.999999982535830667096377055714
0.999999980129656185212638774829
0.999999977568244768910687980679
0.999999974851596196145919748233
0.999999971979710577940636540006
0.999999968952588025317140818515
0.999999965770228316230827658728
0.999999962432631561703999523161
0.999999958939797761736656411813
0.9999999552917270273511007872
0.999999951488419136502727724292
0.999999947529874200213839685603
0.999999943416092329506739133649
0.999999939147073302336821143399
0.999999934722817340748690639884
0.99999993014332433372004516059
0.999999925408594281250884705514
0.999999920518627183341209274658
0.999999915473423039991018868022
0.999999910272981851200313485606
0.999999904917303727991395589925
0.999999899406388559341962718463
0.999999893740236345252014871221
0.999999887918847196743854510714
0.999999881942220891772876711912
0.999999875810357652383686399844
0.999999869523257478576283574512
0.999999863080920259328365773399
0.999999856483345994639932996506
0.999999849730534795533287706348
0.99999984282248655098612744041
0.999999835759201372020754661207
0.999999828540679147614866906224
0.999999821166919988790766637976
0.999999813637923784526151393948
0.999999805953690645843323636655
0.999999798114220572742283366097
0.999999790119513454200728119758
0.999999781969569512263262822671
0.999999773664388413862980087288
0.999999765203970492066787301155
0.999999756588315635852382001758
0.999999747817423734197461726581
0.999999738891294898124328938138
0.999999729809929238655286098947
0.999999720573326533745728283975
0.999999711181486894417957955739
0.999999701634410320671975114237
0.999999691932096923530082221987
0.999999682074546480947674353956
0.999999672061759214969356435176
0.999999661893735014572826003132
0.999999651570473879758083057823
0.999999641091975921547430061764
0.999999630458240917896262089926
0.999999619669269201871486529853
0.999999608725060440406195994001
