1
0.9999999991751662431482827742
0.999999996700665194637736021832
0.999999992576496632423754817864
0.999999986802660778550944087328
0.999999979379157521997001367708
0.999999970305987084806531584036
0.999999959583149244934929811279
0.99999994721064422442680097447
0.999999933188472023282145073608
0.999999917516632863545567033725
0.999999900195126634194764392305
0.999999881223953446252039611863
0.999999860603113410739695154916
0.999999838332606749702335946495
0.999999814412433463139961986599
0.999999788842593662074875737744
0.999999761623087457529379662446
0.999999732753915071548078685737
0.999999702235076615153275270131
0.999999670066572199367271878145
0.999999636248401935212370972295
0.999999600780566155755479940126
0.999999563663064860996598781639
0.999999524895898384002634884382
0.99999948447906683579589071087
0.999999442412570438420971186133
0.999999398696409413922481235204
0.999999353330583873322723320598
0.999999306315094149688604829862
0.999999257649940465064730688027
0.999999207335123041495705820125
0.999999155370642101026135151187
0.99999910175649797672292606876
0.999999046492690890630683497875
0.999998989579221064794012363564
0.999998931016088832279820053373
0.999998870803294526155013954849
0.999998808940838368464198993024
0.999998745428720692274282555445
0.999998680266941830652172029659
0.999998613455502005642472340696
0.999998544994401772356695801136
0.999998474883641241817144873494
0.999998403123220858113029407832
0.999998329713140954311256791698
0.999998254653401974501036875154
0.999998177944004140726974583231
0.999998099584948008100582228508
0.999998019576233798666464736016
0.999997937917861956513831955817
0.999997854609832925731893737975
0.999997769652147150409859932552
0.999997683044804963614637927094
0.999997594787806809435437571665
0.999997504881153242983771178842
0.999997413324844486304243673658
0.999997320118881205530669831205
0.999997225263263733729957039031
0.999997128757992626013617609715
0.999997030603068326470861393318
0.999996930798491279190898239904
0.99999682934426203928524046205
0.999996726240381050843097909819
0.99999662148684886897598289579
0.999996515083665937773105270026
0.999996407030832923368279807619
0.999996297328350269850716358633
0.999996185976218532331927235646
0.99999607297443815490112228872
0.999995958323009914714418755466
0.999995842021934255861026485945
