1
0.999999999786810422897076477966
0.999999999147241691588305911864
0.999999998081293806073688301694
0.999999996588966766353223647457
0.999999994670260461404609486635
0.999999992325175113272450744262
0.99999998955371061093444495782
0.999999986355866954390592127311
0.999999982731644143640892252733
0.999999978681042178685345334088
0.999999974204061170546253833891
0.99999996930070089717901282711
0.999999963970961580628227238776
0.999999958214843220893897068891
0.999999952032345595931417392421
0.999999945423469038807695596915
0.999999938388213216455824294826
0.9999999309265784619427108737
0.999999923038564553223750408506
0.99999991472417160132124536176
0.999999905983399606235195733461
0.999999896816248567965601523611
0.999999887222718486512462732207
0.999999877202809361875779359252
0.99999986675652130507785386726
0.999999855883854205096383793716
0.999999844584808172953671601135
0.999999832859383208649717289518
0.999999820707579201162218396348
0.999999808129396372535779846658
0.999999795124834500725796715415
0.999999781693893807776873927651
0.999999767836574293689011483366
0.999999753552875847439906920044
0.999999738842798469029560237686
0.999999723706342380502576361323
0.999999708143507470836652828439
0.999999692154293740031789639033
0.999999675738701299110289255623
0.999999658896730037049849215691
0.999999641628380064872771981754
0.999999623933651493601360016328
0.99999960581254410119100839438
0.999999587265058109686322040943
0.999999568291193519087300956016
0.9999995488909503293939451396
0.999999529064328540606254591694
0.999999508811328152724229312298
0.999999488131949276770171763928
0.999999467026191801721779484069
0.999999445494055949623657397751
0.999999423535541609453503042459
0.999999401150648892233618880709
0.999999378339377686941702449985
0.999999355101728215622358675319
0.999999331437700367253285094193
0.999999307347294252856784169126
0.999999282830509761410553437599
0.999999257887347114959197824646
0.99999923251780620248041486775
0.999999206721887134996507029427
0.999999180499589912507474309677
0.999999153850914646035619171016
0.999999126775861224558639150928
0.999999099274429759098836711928
0.999999071346620360678514316533
0.999999042992432918275369502226
0.999999014211867542911704731523
0.99999898500492434560982246694
0.999998955371603215347420245962
0.999998925311904263146800531104
