1
0.999999999871463818301720039017
0.999999999485855273206880156067
0.999999998843174364715480351151
0.999999997943421092827520624269
0.999999996786595568565303437936
0.99999999537269756988422386712
0.999999993701727207806584374339
0.999999991773684593354687422107
0.999999989588569504483928085392
0.999999987146382163238911289227
0.999999984447122458597334571095
0.999999981490790390559197930997
0.999999978277385959124501368933
0.999999974806909164293244884902
0.999999971079360006065428478905
0.999999967094738595463354613457
0.999999962853044821464720826043
0.999999958354278795091829579178
0.999999953598440294300075947831
0.999999948585529541134064857033
0.999999943315546535593796306784
0.999999937788491055634665372054
0.999999932004363434323579440388
0.999999925963163449615933586756
0.999999919664891101511727811157
0.999999913109546501033264576108
0.999999906297129648180543881608
0.999999899227640431931263265142
0.999999891901078963307725189225
0.999999884317445242309929653857
0.999999876476739268937876659038
0.999999868378960932169263742253
0.999999860024110454048695828533
0.999999851412187612531567992846
0.999999842543192629662485160225
0.999999833417125394419144868152
0.999999824033985906801547116629
0.999999814393774166809691905655
0.999999804496490285465881697746
0.999999794342134151747814030387
0.999999783930705765655488903576
0.99999977326220523821120877983
0.99999976233663256941497365915
0.999999751153987648244481079018
0.999999739714270585722033501952
0.99999972801748138184763092795
0.999999716063620036621273357014
0.999999703852686550042960789142
0.999999691384680922112693224335
0.999999678659603152830470662593
0.999999665677453242196293103916
0.99999965243823130123246301082
0.999999638941937218916677920788
0.999999625188571106271240296337
0.999999611178132852273847674951
0.999999596910622678969104981661
0.999999582386040364312407291436
0.999999567604386019326057066792
0.999999552565659644010054307728
0.999999537269861238364399014245
0.999999521716990802389091186342
0.999999505907048447106433286535
0.999999489840034061494122852309
0.99999947351594775657446234618
0.999999456934789532347451768146
0.999999440096559277790788655693
0.999999423001257103926775471336
0.999999405648883010755412215076
0.999999388039437109299001349427
0.999999370172919288535240411875
0.999999352049329548464129402419
