1
0.999999999487350632598747779411
0.999999997949402641417293580162
0.999999995386155915433334939735
0.999999991797610565669174320647
0.999999987183766481102509260381
0.999999981544623772755642221455
0.999999974880182440628573203867
0.999999967190442484721302207618
0.999999958475404016056131695223
0.999999948735066923610759204166
0.999999937969431318407487196964
0.999999926178497200446315673616
0.999999913362264680749547096639
0.999999899520733648294879003515
0.999999884653904325126916319277
0.999999868761776600223356581409
0.999999851844350584606502252427
0.999999833901626389298655794846
0.999999814933604014299817208666
0.999999794940283570632288956403
0.999999773921664947273768575542
0.999999751877748366268860991113
0.999999728808533938639868665632
0.9999997047140216643867915991
0.999999679594211543509629791515
0.999999653449103687030685705395
0.999999626278698205972261803254
0.999999598082995322378963010124
0.999999568861994814206184400973
0.999999538615697125543135825865
0.999999507344102034345212359767
0.999999475047209762657018927712
0.99999944172502053252316045473
0.999999407377534232921334478306
0.999999372004751085896145923471
0.99999933560667120246989725274
0.99999929818329469366489092863
0.999999259734621670503429413657
0.999999220260652244007815170335
0.999999179761386414178048198664
0.999999138236824514081035886193
0.99999909568696654371677823292
0.999999052111812725129880163877
0.999999007511363058320341679064
0.999998961885617765332767703512
0.999998915234577068211763162253
0.999998867558240966957328055287
0.999998818856609572591764845129
0.999998769129683218181980919326
0.999998718377462014750278740394
0.999998666599945962296658308333
0.999998613797135393888027010689
0.999998559969030309524384847464
0.999998505115631042272639206203
0.999998449236937703155092549423
0.999998392332950403194047339639
0.999998334403669364434108501882
0.999998275449094697897578498669
0.999998215469226736651364717545
0.999998154464065591717769621027
0.999998092433611374119095671631
0.999998029377864416922250256903
0.999997965296824720127233376843
0.999997900190492727823254881514
0.999997834058868440010314770916
0.99999776690195207873301797008
0.999997698719743977058271866554
0.999997629512244246008378922852
0.999997559279453107627944064006
0.999997488021370783961572215048
0.999997415737997497053868301009
