1
0.999999999896834745882756578794
0.999999999587338872508723852661
0.999999999071512379877901821601
0.999999998349355267990290485614
0.999999997420867647868192307214
0.999999996286049408489304823888
0.999999994944900549853628035635
0.99999999339742118298346440497
0.999999991643611085834209006862
0.999999989683470591472769228858
0.999999987516999366832237683411
0.999999985144197633957219295553
0.999999982565065281825411602767
0.99999997977960242145911706757
0.999999976787808941836033227446
0.999999973589684842956160082394
0.999999970185230235841800094931
0.999999966574445009470650802541
0.999999962757329163842712205224
0.999999958733882809980286765494
0.999999954504105947883374483354
0.999999950067998466529672896286
0.999999945425560476941484466806
0.9999999405767918680965067324
0.999999935521692751017042155581
0.999999930260263014680788273836
0.999999924792502770110047549679
0.99999991911841201730481998311
0.999999913237990645242803111614
0.999999907151238875968601860222
0.999999900858156376415308841388
0.999999894358743479649831442657
0.999999887653000074649867201515
0.999999880740926050393113655446
0.99999987362252162892417572948
0.999999866297786588198448498588
0.999999858766721150260536887799
0.999999851029325093065835972084
0.999999843085598638658950676472
0.999999834935541676017578538449
0.999999826579154205141719558014
0.999999818016436226031373735168
0.99999980924738773868654106991
0.999999800272008854129524024756
0.999999791090299461338020137191
0.99999978170225967133433186973
0.999999772107889373096156759857
0.999999762307188566623494807573
0.999999752300157362938648475392
0.999999742086795762041617763316
0.999999731667103763932402671344
0.99999972104108125758870073696
0.999999710208728354032814422681
0.999999699170045053264743728505
0.999999687925031355284488654434
0.999999676473687260092049200466
0.999999664816012767687425366603
0.999999652952007878070617152844
0.999999640881672591241624559188
0.999999628605007018222750048153
0.999999616122011047991691157222
0.999999603432684680548447886395
0.999999590537028026915322698187
0.999999577435040976070013130084
0.9999995641267236390348216446
0.999999550612076015809748241736
0.999999536891097995372490458976
0.999999522963789799767653221352
0.999999508830151206950631603831
0.999999494490182327943728068931
0.99999947994388316274694261665
