1
0.999999999771703396156397047889
0.999999999086813806670193116588
0.999999997945331009496783281065
0.999999996347255115658470003837
0.999999994292586125155253284902
0.999999991781324149009435586777
0.99999998881346896517641198443
0.999999985389020684678484940378
0.999999981507979307515654454619
0.99999997717034494471022298967
0.999999972376117374217585620499
0.999999967125296818082347272139
0.999999961417883165282205482072
0.999999955253876526839462712815
0.999999948633276791731816501851
0.999999941556084070981569311698
0.999999934022298253566418679839
0.999999926031919450508667068789
0.999999917584947550786012016033
0.999999908681382776443058446603
0.999999899321225016457503897982
0.999999889504474270829348370171
0.99999987923113053955859186317
0.999999868501193822645234376978
0.999999857314664231111578374112
0.999999845671541764957623854571
0.999999833571826313161068355839
0.999999821015518097766516802949
0.999999808002617007751666733384
0.999999794533122932094215684629
0.99999978060703620386107104423
0.999999766224356601007627887157
0.999999751385084123533886213409
0.999999736089218993484450948017
0.999999720336761099837019628467
0.999999704127710442591592254757
0.999999687462067132770471289405
0.999999670339831170373656732409
0.999999652761002444378846121253
0.999999634725581176830644380971
0.999999616233567256706749049044
0.999999597284960795029462587991
0.999999577879761680776482535293
0.999999558017970135992413815984
0.999999537699586049654953967547
0.999999516924609532786405452498
0.999999495693040585386768270837
0.999999474004879096433739960048
0.999999451860125287971925445163
0.999999429258779160001324726181
0.999999406200840712521937803103
0.999999382686309945533764675929
0.999999358715186859036805344658
0.999999334287471675075664734322
0.99999930940316417160573791989
0.999999284062264570671629826393
0.99999925826477287227334045383
0.999999232010688965388567339687
0.999999205300013072061915408995
0.999999178132745192293384661752
0.999999150508885326082975097961
0.99999912242843347343068671762
0.999999093891389745358821983245
0.999999064897754141867380894837
0.99999903544752677397866591491
0.99999900554070753067037458095
0.999998975177296633987111817987
0.999998944357293972906575163506
0.999998913080699547428764617507
0.999998881347513690620587567537
0.999998849157736180437439088564
