1
0.999999999708452325108964942046
0.999999998833809300435859768186
0.999999997376070925980684478418
0.999999995335237312765741535259
0.999999992711308238746426013677
0.999999989504283925967342838703
0.999999985714164263406189547823
0.999999981340949251062966141035
0.999999976384638999959975080856
0.999999970845233399074913904769
0.999999964722732559430085075292
0.999999958017136370003186129907
0.99999995072844494181651953113
0.999999942856658274870085278963
0.999999934401776369163883373403
0.999999925363799224697913814452
0.999999915742726952494479064626
0.999999905538559330508974198892
0.999999894751296691808306604798
0.999999883380938814347871357313
0.999999871427485809149970918952
0.999999858890937676214605289715
0.999999845771294415541774469602
0.99999983206855613815378092113
0.999999817782722844050624644296
0.999999802913794422210003176588
0.999999787461771094676521443034
0.999999771426652750427876981121
0.999999754808439500486372253363
0.99999973760713134485200725976
0.999999719822728283524782000313
0.999999701455230427526998937537
0.999999682504637665836355608917
0.999999662970950220497456939484
0.999999642854167980488000466721
0.99999962215429094580798619063
0.999999600871319338502019036241
0.999999579005253047547796541039
0.99999955655609218396762116754
0.999999533523836636739190453227
0.999999509908486738929411785648
0.999999485710042268493680239771
0.999999460928503336454298278113
0.999999435563870053833568363189
0.999999409616142420631490494998
0.999999383085320436848064673541
0.999999355971404213505593361333
0.999999328274393750604076558375
0.999999299994289159165816727182
0.999999271131090439190813867754
0.999999241684797701701370442606
0.999999211655410835675183989224
0.999999181042930063156859432638
0.999999149847355495168699235364
0.999999118068686909666098472371
0.999999085706924639715964531206
0.999999052762068574295994949352
0.999999019234118824428492189327
0.999998985123075501135758713644
0.99999895042893849339549205979
0.99999891515170813427459961531
0.999998879291384201728476455173
0.999998842847967028824029966927
0.99999880582145639351665522554
0.999998768211852628873259618558
0.999998730019155623871540683467
0.999998691243365489533800882782
0.999998651884482336882342679019
0.999998611942506165917166072177
0.999998571417437087660573524772
0.999998530309275213134867499321
