1
0.999999999422487184652652558725
0.999999997689948627588307772385
0.999999994802384439829268103495
0.999999990759794510353231089539
0.999999985562178950182499193033
0.999999979209537759317072413978
0.999999971701870937756950752373
0.999999963039178485502134208218
0.999999953221460513574925244029
0.999999942248717021975323859806
0.999999930120948010703330055549
0.999999916838153590781246293773
0.999999902400333651186770111963
0.999999886807488524986808897665
0.99999987005961799013675772585
0.999999852156722157658919059031
0.999999833098801249597897822241
0.999999812885855265953694015479
0.999999791517884095704005176231
0.999999768994888071915738692041
0.999999745316867083566592100397
0.999999720483821352701170326327
0.999999694495750879319473369833
0.999999667352655663421501230914
0.999999639054536038074161297118
0.999999609601391892255151105928
0.999999578993223448009075582377
0.999999547230030816358237188979
0.999999514311813997302635925735
0.999999480238573212886876717675
0.999999445010308463110959564801
0.999999408627019970019489392143
0.999999371088707844634768662218
0.999999332395372197979099837539
0.99999929254701325209708784314
0.999999251543630895966430216504
0.999999209385225573676336807694
0.999999166071797285226807616709
0.999999121603346141640145106066
0.999999075979872364960954200797
0.999999029201376177233839825931
0.999998981267857578458801981469
0.999998932179316790680445592443
0.999998881935754035943375583884
0.999998830537169536292196880822
0.999998777983563291726909483259
0.999998724274935635314420778741
0.999998669411286789099335692299
0.999998613392616753081654223934
0.999998556218925860328283761191
0.999998497890214221861526766588
0.999998438406482170748290627671
0.999998377767729818010877806955
0.999998315973957385693893229472
0.999998253025165095841941820254
0.999998188921353170499628504331
0.999998123662521831711558206734
0.999998057248671301522335852496
0.999997989679801801976566366648
0.99999792095591355511885467422
0.999997851077006894016108162759
0.999997780043081929690629294782
0.999997707854138995209325457836
0.999997634510178201594499114435
0.999997560011199992935360114643
0.999997484357204591276513383491
0.99999740754819221866256384601
0.999997329584163097138116427232
0.999997250465117448747776052187
0.999997170191055717580752570939
0.999997088761978125681650908518
