1
0.999999999677233297745715390192
0.999999998708933190982861560769
0.999999997095099568689136049215
0.999999994835732541886841318046
0.999999991930832110575977367262
0.999999988380398274756544196862
0.999999984184431034428541806847
0.999999979342930500614272659732
0.999999973855896451269131830486
0.999999967723328997415421781625
0.999999960945228250075444975664
0.999999953521594098226898950088
0.999999945452426652892086167412
0.999999936737725803048704165121
0.999999927377491770741357868246
0.999999917371724333925442351756
0.999999906720423714645562540682
0.999999895423589801879415972508
0.99999988348122270664930510975
0.999999870893322317932927489892
0.99999985765988874675258557545
0.99999984378092210413058182894
0.999999829256422279044613787846
0.999999814086389382516983914684
0.999999798270823414547692209453
0.99999978180972448615904113467
0.999999764703092375306425765302
0.999999746950927415056753488898
0.999999728553229494387721842941
0.999999709509998613299330827431
0.9999996898212349938361853674
0.999999669486938413953680537816
0.99999964850710909569642126371
0.999999626881747039064407545084
0.999999604610852244057639381936
0.999999581694424821698419236782
0.999999558132464771986747109622
0.999999533924972094922623000457
0.999999509071946901528349371802
0.999999483573389302826228686172
0.999999457429299187793958481052
0.999999430639676778476143681473
0.99999940320452196385048182492
0.999999375123834854939275373908
0.999999346397615673787129253469
0.999999317025864198349438538571
0.999999287008580650670808154246
0.999999256345765030751238100493
0.999999225037417449613030839828
0.999999193083537907256186372251
0.999999160484126514703007160279
0.999999127239183382975795666425
0.999999093348708401052249428176
0.999999058812701790976973370562
0.999999023631163663772269956098
0.99999898780409390841583672227
0.999998951331492635929976131592
0.999998914213360068359293109097
0.999998876449696094681485192268
0.999998838040500936941157306137
0.999998798985774484116006988188
0.999998759285517069272941625968
0.999998718939728581389658756962
0.999998677948409131488460843684
0.999998636311558719569347886136
0.999998594029177678699227271863
0.999998551101265786833494075836
0.9999985075278233770390556856
0.99999846330885033829360963864
0.999998418444346892641760859988
0.999998372934313151105811812158
