1
0.999999999655642790585829970951
0.999999998622571273365622346319
0.999999996900785226294772201072
0.999999994490284871417884460243
0.999999991391070208734959123831
0.999999987603141016201391266804
0.999999983126497626884088276711
0.999999977961139707716142766003
0.999999972107067591764462122228
0.999999965564281056984441420354
0.999999958332780214398383122898
0.999999950412565175028589692374
0.999999941803635716830456203752
0.999999932505992061848587582062
0.99999992251963409906068136479
0.99999991184456193948904001445
0.999999900480775583133663531044
0.999999888428275029994551914569
0.999999875687060280071705165028
0.999999862257131444387425744935
0.999999848138488522941713654291
0.999999833331131515734568893095
0.999999817835060422765991461347
0.999999801650275355058283821563
0.999999784776776201589143511228
0.999999767214563184403175455373
0.999999748963636303500379653997
0.999999730023995558880756107101
0.999999710395640839522002352169
0.999999690078572478491025776748
0.999999669072790253743221455807
0.999999647378294387323194314376
0.999999624995084879230944352457
0.999999601923161729466471570049
0.999999578162525049052078429668
0.999999553713174837987764931313
0.999999528575111096273531074985
0.999999502748333934931679323199
0.999999476232843464984512138471
0.999999449028639686432029520802
0.99999942113572259927423147019
0.999999392554092425555722911668
0.999999363283749054254201382719
0.999999333324692596391969345859
0.999999302676923162991329263605
0.999999271340440754052281135955
0.999999239315245480597127425426
0.999999206601337342625868132018
0.999999173198716451160805718246
0.999999139107382917224242646625
0.999999104327336740816178917157
0.999999068858578032958916992357
0.999999032701106904674759334739
0.999998995854923355963705944305
0.999998958320027497848059283569
0.999998920096419441350121815049
0.999998881184099186469893538742
0.999998841583066844229676917166
0.99999880129332241462947195032
0.999998760314866230736186025752
0.999998718647698070505214218429
0.999998676291818267003463915898
0.999998633247226820230935118161
0.999998589513923730187627825217
0.999998545091909218918146962096
0.999998499981183397444794991316
0.999998454181746154745269450359
0.999998407693597823886477726774
0.999998360516738293846117358044
0.9999983126511677866687932692
0.999998264096886413376807922759
