1
0.999999999444776688228841976525
0.999999997779106863937670368614
0.999999995002990527126485176268
0.999999991116427677795286399487
0.999999986119418204921771575755
0.999999980011962330550545630103
0.999999972794059832637003637501
0.999999964465711044248052985495
0.999999955026915632316786286538
0.999999944477673929910110928176
0.999999932817985937028026910411
0.999999920047851542648231770727
0.999999906167270857793027971638
0.999999891176243882462415513146
0.999999875074770838700999320281
0.999999857862851504464174468012
0.999999839540486212818848343886
0.999999820107674852742718485388
0.999999799564417535258087355032
0.999999777910714371387257415336
0.999999755146565472152531128813
0.99999973127197072653160603295
0.999999706286930356569087052776
0.999999680191444362264974188292
0.99999965298551296566387236453
0.999999624669136055743479118973
0.999999595242313965570701839169
0.999999564705046584123238062602
0.999999533057334244467995176819
0.999999500299176724560368256789
0.999999466430574468489567152574
0.999999431451527365233289401658
0.999999395362035636836139929073
0.99999935816209928329811873482
0.999999319851718637686133206444
0.999999280430893700000183343946
0.999999239899624470240269147325
0.999999198257911392495600466646
0.999999155505754355743874839391
0.999999111643153582029697190592
0.999999066670109182375369982765
0.999999020586621378825498140941
0.999998973392690282402384127636
0.999998925088316115150632867881
0.999998875673498877070244361676
0.999998825148238901228125996568
0.999998773512536298646580235072
0.999998720766391180347909539705
0.999998666909803768376718835498
0.999998611942774284777613047481
0.999998555865302840572894638171
0.999998498677389657807168532599
0.999998440379034958525039655797
0.999998380970238853748810470279
0.999998320451001676545388363593
0.999998258821323426914773335739
0.999998196081204548946175236779
0.999998132230645042639594066713
0.99999806726964524106193721309
0.999998001198205255235507138423
0.999997934016325529249513692776
0.999997865724005952081654413632
0.999997796321247078843441613571
0.999997725808048909534875292593
0.999997654184411888245165300759
0.999997581450336014974311638071
0.999997507605821622789221692074
0.999997432650869044756802850316
0.999997356585478502921660037828
0.999997279409650219328398179641
0.999997201123384304999319738272
