1
0.999999999154598584460984511679
0.999999996618394337843938046717
0.999999992391387149126558142598
0.999999986473577240353449724353
0.999999978864964500502310329466
0.999999969565549040595442420454
0.999999958575330860632845997316
0.999999945894309960614521060052
0.999999931522486562585072533693
0.99999991545986066654450041824
0.999999897706432272492804713693
0.999999878262201602474590345082
0.999999857127168656489857312408
0.999999834301333545560908078187
0.999999809784696491732347567449
0.999999783577257495004175780196
0.999999755679016777420997641457
0.999999726089974450005115613749
0.999999694810130623778832159587
0.999999661839485409764449741488
0.999999627178039141028875746997
0.999999590825791928594412638631
0.999999552782743883483362878906
0.999999513048895227740331392852
0.999999471624246294432225568016
0.9999994285087970835590454044
0.999999383702547928187698289548
0.999999337205499050362789148494
0.999999289017650672128922906268
0.999999239139003015530704487901
0.999999187569556413635041280941
0.999999134309311088486538210418
0.999999079358267262129800201365
0.999999022716425156609432178811
0.999998964383785327036946455337
0.999998904360347773412343030941
0.999998842646112939824831755686
0.99999877924108115934132001712
0.999998714145252654006412740273
0.999998647358627867909319775208
0.999998578881207023094646046957
0.999998508712990563651601405581
0.999998436853978822647093238629
0.999998363304172133148028933647
0.999998288063570939243618340697
0.999998211132175462978466384811
0.999998132509986370486387841083
0.999998052197003772789685172029
0.999997970193228224999870690226
0.999997886498660060183851783222
0.999997801113299833453140763595
0.999997714037147877874645018892
0.999997625270204637537574399175
0.999997534812470556531138754508
0.999997442663946189966850397468
0.999997348824631870911616715603
0.999997253294528265499252484005
0.999997156073635595774362627708
0.999997057161954527870761921804
0.999996956559485616899962678872
0.999996854266229195928872286458
0.999996750282185931091305519658
0.999996644607356266476472228533
0.999996537241740757195884725661
0.999996428185339958361055323621
0.999996317438154425083496334992
0.99999620500018471247472007235
0.999996090871431375646238848276
0.999995975051894969709564975346
0.999995857541576160798513228656
0.999995738340475504024595920782
