1
0.999999999611174250624401338428
0.999999998444696891475302891195
0.999999996500568144597309583332
0.99999999377878778794581648981
0.999999990279355821520823610626
0.999999986002272467366935870814
0.999999980947537614461850807857
0.999999975115151262805568421754
0.999999968505113412398088712507
0.999999961117424063239411680115
0.999999952952083326351839787094
0.999999944009091090713070570928
0.999999934288447578367708956648
0.999999923790152567271150019224
0.999999912514206279467998683685
0.999999900460608603935952487518
0.999999887629359651697313893237
0.999999874020459533774385363358
0.99999985963390802812256197285
0.999999844469705356786448646744
0.99999982852785151976604538504
0.999999811808346517061352187739
0.999999794311190459694671517354
0.999999776036383347666003373888
0.999999756983925291997650219855
0.99999973715381618166730959274
0.999999716546056127697283955058
0.999999695160645241109875769325
0.999999672997583521905085035542
0.999999650056871081105214216223
0.999999626338507918710263311368
0.999999601842494034720232320979
0.999999576568829540157423707569
0.999999550517514546044139933656
0.999999523688549052380380999239
0.999999496081933170188449366833
0.999999467697666899468345036439
0.999999438535750351242370470572
0.999999408596183525510525669233
0.999999377878966533295113094937
0.999999346384099596640737672715
0.999999314111582493502794477536
0.999999281061415556948190896946
0.999999247233598675954624468432
0.999999212628132183589002579538
0.999999177245015857806720305234
0.999999141084249920652382570552
0.999999104145834483148291838006
0.999999066429769545294448107597
0.999999027936055329135456304357
0.999998988664691834671316428285
0.999998948615679172924330941896
0.999998907789017454916802307707
0.999998866184706680648730525718
0.999998823802747072164720520959
0.999998780643138629464772293431
0.99999873670588146357118830565
0.999998691990975796528573482647
0.999998646498421628336927824421
0.999998600228219070018553793489
0.999998553180368232595753852365
0.999998505354869227090830463567
0.999998456751722275548388552124
0.999998407370927266946125655522
0.999998357212484534350949161308
0.999998306276393966740556606965
0.99999825456265589718185538004
0.99999820207127043669714794305
0.999998148802237585286434295995
0.999998094755557453972016901389
0.999998039931230264798500684265
