1
0.999999999993474220083555792371
0.999999999973897102378828094515
0.999999999941268424841211981402
0.999999999895588298493009915546
0.999999999836856723334221896948
0.999999999765073588342545463092
0.99999999968023911556258553901
0.999999999582353082949737199669
0.999999999471415712548605370102
0.999999999347426782314585125278
0.99999999921038640326997892771
0.999999999060294464392484314885
0.999999998897151187726706211834
0.99999999872095646225034215604
0.999999998531710176941089684988
0.999999998329412442821251261194
0.999999998114063259890826884657
0.999999997885662628149816555378
0.999999997644210547598220273358
0.999999997389707018236038038594
0.999999997122151929040967388573
0.999999996841545502057613248326
0.99999999654788751524137069282
0.999999996241178079614542184572
0.999999995921417195177127723582
0.999999995588604750906824847334
0.999999995242740968848238480859
0.999999994883825737979066161643
0.999999994511858947277005427168
0.999999994126840707764358739951
0.999999993728771019441126099991
0.99999999331764988230730750729
0.999999992893477296362902961846
0.999999992456253150585610001144
0.999999992005977667020033550216
0.99999999154265062362156868403
0.999999991066272131412517865101
0.99999999057684219039288109343
0.999999990074360800562658369017
0.999999989558827961921849691862
0.999999989030243674470455061964
0.999999988488607827186172016809
0.999999987933920531091303018911
0.999999987366181897208150530787
0.999999986785391703492109627405
0.999999986191549949943180308765
0.999999985584656858605967499898
0.999999984964712318458168738289
0.999999984331716218477481561422
0.999999983685668780708510894328
0.999999983026569783106651811977
0.999999982354419336694206776883
0.999999981669217441471175789047
0.999999980970963986415256385953
0.999999980259659193571053492633
0.99999997953530295191626464657
0.99999997879789515042858738525
0.999999978047435900130324171187
0.999999977283925201021475004382
0.999999976507363053102039884834
0.999999975717749456372018812544
0.999999974915084410831411787512
0.999999974099367805457916347223
0.999999973270599751273834954191
0.999999972428780359301470070932
0.999999971573909407496216772415
0.999999970705987006880377521156
0.999999969825013157453952317155
0.999999968930987748194638697896
0.999999968023911001147041588411
0.999999967103782694266556063667
