1
0.999999999762730684693678995245
0.999999999050922849797018443496
0.999999997864576495310018344753
0.9999999962036915102103762365
0.999999994068267894498092118738
0.999999991458305870217770916497
0.999999988373805215324807704746
0.999999984814765929819202483486
0.999999980781188235745560177747
0.999999976273071911059275862499
0.999999971290417066782652000256
0.99999996583322370291568859102
0.999999959901491819458385634789
0.99999995349522152743304559408
0.999999946614412604795063543861
0.999999939259065273589044409164
0.999999931429179422792685727472
0.999999923124755052405987498787
0.999999914345792273451252185623
0.999999905092291085928479787981
0.999999895364251378815367843345
0.99999988516167326313421881423
0.999999874484556849907335163152
0.999999863332901917090111965081
0.999999851706708686727154145046
0.999999839605977158818461703049
0.999999827030707222341732176574
0.99999981398089887729696556562
0.999999800456552345728766795219
0.999999786457667516614833402855
0.999999771984244389955165388528
0.999999757036283076772065214755
0.999999741613783466043230419018
0.99999972571674577981326592635
0.999999709345169796037566811719
0.999999692499055625738435537642
0.999999675178403490960477029148
0.999999657383213169659086361207
0.999999639113484661834263533819
0.999999620369218189530613472016
0.999999601150413752748136175796
0.999999581457071240464529182645
0.999999561289190763702094955079
0.999999540646772322460833493096
0.999999519529816027763047259214
0.999999497938321879608736253431
0.999999475872289766975598013232
0.999999453331719911908237463649
0.999999430316612203384352142166
0.999999406826966863448546973814
0.999999382862783670056217033562
0.99999935842406284525196724644
0.999999333510804389035797612451
0.999999308123008301407708131592
0.999999282260674582367698803864
0.999999255923803342938072091783
0.999999229112394583118827995349
0.999999201826448413932268977078
0.999999174065964724356092574453
0.999999145830943736434903712507
0.999999117121385339146399928723
0.999999087937289643512883685617
0.999999058278656649534354983189
0.999999028145486468233116283955
0.999998997537779099609167587914
0.999998966455534543662508895068
0.999998934898752911415442667931
0.999998902867434313890271369019
0.999998870361578640064692535816
0.999998837381186000961008630838
0.999998803926256507601522116602
