1
0.999999999202101363948713697027
0.99999999680840545579485478811
0.999999992818912386560725735762
0.99999998723362204522402407747
0.999999980052534431784749813232
0.999999971275649768287507868081
0.9999999609029679437099957795
0.999999948934488958052213547489
0.999999935370213033358766097081
0.999999920210140169629653428274
0.999999903454270477887178003584
0.999999885102603958131339823012
0.999999865155140721384441349073
0.999999843611880767646482581767
0.999999820472824429984370908642
0.999999795737971708398106329696
0.99999976940732260288768884493
0.999999741480877335497723379376
0.999999711958636128272814858065
0.999999680840599092235265743511
0.999999648126766227385076035716
0.999999613817137755766850659711
0.999999577911714010447497003042
0.999999540410494880404712603195
0.99999950131348080972770731023
0.99999946062067179841648112415
0.999999418332068068515638969984
0.99999937444766995309208823528
0.999999328967477563168131382554
0.999999281891491120788373336836
0.999999233219710847997419023159
0.999999182952136966839873366553
0.999999131088769699360341292049
0.999999077629609489648032649711
0.999999022574656337702947439539
0.999998965923910576591993049078
0.999998907677372539382076865877
0.999998847835042448117803814966
0.999998786396920635866081283893
0.999998723363007324671514197689
0.999998658733302958623312406417
0.999998592507807759766080835107
0.999998524686521950144424408791
0.999998455269445973847552977531
0.999998384256580163942373928876
0.999998311647924853495794650371
0.999998237443480264552420067048
0.999998161643246952223762491485
0.999998084247225138554426848714
0.999998005255415267633622988797
0.99999792466781767252825829928
0.999997842484432686305240167712
0.999997758705260864076080906671
0.999997673330302427885385441186
0.999997586359557932844666083838
0.999997497793027712020830222173
0.999997407630712209503087706253
0.999997315872611980402950848656
0.9999972225187271357427221119
0.999997127569058452678518733592
0.99999703102360626427724810128
0.999996932882371014628120065026
0.999996833145353147820344474894
0.999996731812553218965433643461
0.999996628883971672152597420791
0.99999652435960906249334811946
0.999996418239465723054593127017
0.999996310523542319970147218555
0.999996201211839408351522706653
0.999996090304357321265626978857
0.999995977801096724846274810261
