1
0.999999999633530367582068265619
0.999999998534121248283668137447
0.999999996701772864149404540512
0.999999994136485104156975012302
0.99999999083825807932868201533
0.999999986807091567619920624566
0.99999998204298579107529576504
0.999999976545940749694807436754
0.999999970315956332456153177191
0.999999963353032650381635448866
0.999999955657169592448951789265
0.999999947228367380702707123419
0.999999938066625904120598988811
0.999999928171945162702627385443
0.999999917544325267471094775829
0.999999906183766107403698697453
0.999999894090267904545044075348
0.999999881263830547872828446998
0.999999867704454037387051812402
0.999999853412138484110016634077
0.999999838386883888041722912021
0.999999822628690249182170646236
0.999999806137557678553662299237
0.999999788913486176156197871023
0.999999770956475741989777361596
0.99999975226652648707670323347
0.999999732843638411416975486645
0.999999712687811626032896583638
0.999999691799046019902164061932
0.999999670177341704047080384044
0.999999647822698789489948012488
0.99999962473511738725306940978
0.99999960091459727529183965089
0.999999576361138786673166123364
0.999999551074741921397048827203
0.999999525055406568441185299889
0.999999498303132949850180466456
0.999999470817921065624034326902
0.999999442599770915762746881228
0.999999413648682722310923054465
0.999999383964656485268562846613
0.999999353547692204635666257673
0.999999322397789880412233287643
0.999999290514949845665171324072
0.999999257899171878349875441927
0.99999922455045620051095056624
0.999999190468802923170699159527
0.999999155654212046329121221788
0.999999120106683681008519215538
0.999999083826217827208893140778
0.999999046812814706974847922538
0.999999009066474320306383560819
0.999998970587196667203500055621
0.999998931374981969710802331974
0.99999889142983022782829038988
0.999998850751741663600569154369
0.999998809340716166005336162925
0.999998767196753957087196340581
0.999998724319855036846149687335
0.99999868071001962732680112822
0.999998636367247728529150663235
0.999998591291539562497803217411
0.999998545482895018210456328234
0.999998498941314317711714920733
0.999998451666797572023881457426
0.999998403659344892169258400827
0.999998354918956389170148213452
0.999998305445632063026550895302
0.999998255239372135783071371407
0.999998204300176718462012104283
0.999998152628045922085675556445
