1
0.999999999543179418637350863719
0.999999998172717896594008379907
0.999999995888615211825367623533
0.999999992690871475353731057112
0.99999998857948679820140114316
0.999999983554460958323772956646
0.999999977615794177765451422601
0.99999997076348634550413407851
0.999999962997537572562123386888
0.999999954317947858939419347735
0.999999944724717093613719498535
0.99999993421784549862962876432
0.999999922797332962964844682574
0.999999910463179708663972178329
0.999999897215385513682406326552
0.999999883053950600064752052276
0.999999867978874856788706892985
0.99999985199015850589887577371
0.999999835087801436372956231935
0.999999817271803759233250730176
0.999999798542165474479759268434
0.999999778898886804157086771738
0.999999758341967526220628315059
0.999999736871407973737291285943
0.999999714487208035684773221874
0.999999691189367823085376585368
0.999999666977887335939101376425
0.999999641852766796290552520077
0.999999615814006093117427553807
0.999999588861605337442028940131
0.999999560995564751308961604082
0.999999532215884223695923083142
0.999999502522563976647518302343
0.999999471915604010163747261686
0.999999440395004435266912423685
0.999999407960765251957013788342
0.999999374612886682278656280687
0.999999340351368837254142363236
0.999999305176211605861169573473
0.999999269087415321166645298945
0.999999232084979872148267077137
0.999999194168905591872942295595
0.999999155339192369318368491804
0.999999115595840426529150590795
0.999999074938849763505288592569
0.999999033368220713313689884671
0.999998990883953164932052004588
0.999998947486047229382677414833
0.999998903174503239732473502954
0.999998857949321195981440268952
0.999998811810501209151880175341
0.999998764758043390266095684638
0.999998716791947850346389259357
0.999998667912214811437365824531
0.999998618118844384561327842675
0.999998567411836569718275313789
0.999998515791191699975115625421
0.999998463256909886354151240084
0.999998409808991128855382157781
0.999998355447435649523413303541
0.999998300172243670402849602397
0.999998243983415302515993516863
0.999998186880950656885147509456
0.999998128864849955554916505207
0.999998069935113309547602966632
0.999998010091740829885509356245
0.999997949334732738613240599079
0.999997887664089257775401620165
0.999997825079810498394294882019
0.999997761581896571492222847155
0.999997697170347810136092903122
