1
0.999999999356358193480787122098
0.999999997425432662900846025877
0.999999994207223408260176711337
0.999999989701730540581081640994
0.999999983908954059863560814847
0.999999976828893966107614232897
0.999999968461550259313241895143
0.999999958806922939480443801585
0.99999994786501211763152241474
0.999999935635817793766477734607
0.999999922119340078907612223702
0.999999907315578973054925882025
0.999999891224534587230721172091
0.999999873846206810412695631385
0.999999855180595975667756647454
0.999999835227701860951299295266
0.999999813987524799330230962369
0.999999791460064790804551648762
0.999999767645321835374261354445
0.999999742543296155083965004451
0.999999716153987749933662598778
0.999999688477396730945656599943
0.999999659513523320164551932976
0.999999629262367517590348597878
0.999999597723929434245349057164
0.999999564898209181151855773351
0.999999530785206980354473671468
0.999999495384922831853202751518
0.999999458697356957692647938529
0.999999420722509579917414157535
0.999999381460380698527501408535
0.999999340910970535567514616559
0.999999299074279202059756244125
0.999999255950306920048831216263
0.999999211539053800557041995489
0.999999165840520065628993506834
0.99999911885470593730929067533
0.999999070581611415597933500976
0.99999902102123683356182937132
0.999998970173582302223280748876
0.999998918038648154649195021193
0.999998864616434501861874650785
0.999998809906941454883622100169
0.999998753910169346781344756891
0.999998696626118399599647545983
0.999998638054788835383135392476
0.999998578196180765154110758886
0.999998517050294521979481032758
0.999998454617130438926153601642
0.999998390896688515994128465536
0.999998325888969086250313011988
0.999998259593972482761614628544
0.999998192011698927572638240235
0.99999812314214875375029123461
0.999998052985322072316876074183
0.999997981541219216339300146501
0.999997908809840407862168376596
0.99999783479118609097469061453
0.999997759485256376699169322819
0.999997682892051709124814351526
0.999997605011572199273928163166
0.999997525843818402258023070317
0.99999744538879031807709907298
0.999997363646488501842668483732
0.999997280616913175599336227606
0.999997196300064672414009692147
0.999997110695943325353596264904
0.999997023804549356462700870907
0.999996935625883320852835822734
0.999996846159945329546303582902
0.999996755406735937654616463988
