1
0.999999999685259655102242959401
0.999999998741038731431274300121
0.999999997167337117964791559643
0.999999994964154925725097200484
0.999999992131492154712191222643
0.999999988669348693903771163605
0.999999984577724654322139485885
0.999999979856620035967296189483
0.999999974506034727816938811884
0.999999968525968951915672278119
0.999999961916422486218891663157
0.999999954677395552771201892028
0.999999946808888040550300502218
0.999999938310899949556187493727
0.999999929183431390811165329069
0.999999919426482364315234008245
0.999999909040052870068393531255
0.9999998980241429080706438981
0.999999886378752478321985108778
0.99999987410388158082241716329
0.999999861199530326594242524152
0.999999847665698715637461191363
0.999999833502386747952073164925
0.999999818709594534560380907351
0.999999803287321964440081956127
0.999999787235569148613478773768
0.999999770554336087080571360275
0.999999753243622779841359715647
0.999999735303429448940448764915
0.999999716733755872333233583049
0.999999697534602161042016632564
0.999999677705968537111402838491
0.999999657247854778496787275799
0.999999636160261107242774869519
0.999999614443187412327063157136
0.999999592096633804771954601165
0.999999569120600395599751664122
0.999999545515087184810454346007
0.99999952128009417240406264682
0.999999496415621469402879029076
0.99999947092166896478460103026
0.999999444798236991616136037919
0.999999418045325327852879127022
0.999999390662934195539435222599
0.999999362651063483653501862136
0.999999334009713414239683970663
0.999999304738883987297981548181
0.99999927483857520282839459469
0.999999244308787171853225572704
0.999999213149519894372474482225
0.999999181360773481408443785767
0.999999148942548043983435945847
0.999999115894843582097450962465
0.99999908221766009575048883562
0.999999047910997806987154490344
0.99999901297485660478514546412
0.999998977409236600166764219466
0.999998941214138015176615681412
0.999998904389560627770094924927
0.999998866935504771014109337557
0.999998828851970444908658919303
0.99999879013895776047604613268
0.999998750796466606693968515174
0.999998710824497205607030991814
0.999998670223049668237536025117
0.999998628992123994585483615083
0.999998587131720184650873761711
0.999998544641838460478311390034
0.999998501522478933090098962566
0.999998457773641491463934016792
0.999998413395326357644421477744
