1
0.999999999699616948234393021266
0.999999998798467903959874547581
0.999999997296552756154142116429
0.999999995193871615839498190326
0.999999992490424483015942769271
0.999999989186211246661173390748
0.999999985281232017797492517275
0.99999998077548679642490014885
0.999999975668975471521093822957
0.999999969961698265130678464629
0.999999963653654955209049148834
0.999999956744845763800810800603
0.999999949235270579883660957421
0.999999941124929403457599619287
0.999999932413822345544929248717
0.999999923101949295123347383196
0.999999913189310363215156485239
0.999999902675905549820356554847
0.999999891561734854938947592018
0.999999879846798389593232059269
0.999999867531096042760907494085
0.999999854614627814441973896464
0.999999841097393926681036191439
0.999999826979394157433489453979
0.999999812260628728743938609114
0.999999796941097640612383656844
0.999999781020800782016522134654
0.999999764499738375000958967576
0.999999747377910308543391693092
0.999999729655316582643820311205
0.999999711331957419346849746944
0.999999692407832596607875075279
0.99999967288294233647150122124
0.999999652757286638937728184828
0.999999632030865615028858428559
0.999999610703679042700287027401
0.999999588775727255018921368901
0.999999566247010029940156528028
0.999999543117527700530899892328
0.999999519387280044746546536771
0.999999495056267284631701386388
0.999999470124489309164061978663
0.999999444591946229365930776112
0.99999941845863815625961024125
0.999999391724565089845100374077
0.99999936438972714114470363711
0.999999336454124199136117567832
0.999999307917756485863947091275
0.999999278780623890305889744923
0.999999249042726634506550453807
0.999999218704064607443626755412
0.999999187764637920139421112253
0.999999156224446794638538449362
0.999999124083491008896373841708
0.999999091341770784957532214321
0.999999057999286233844316029717
0.999999024056037244534422825382
0.999998989512024039072457526345
0.999998954367246506436117670091
0.999998918621704979692310644168
0.999998882275399236796431523544
0.99999884532832949979308523325
0.999998807780495768682271773287
0.999998769631898154486293606169
0.999998730882536768227453194413
0.999998691532411498883448075503
0.999998651581522679521185636986
0.999998611029870199118363416346
0.999998569877454168697283876099
0.999998528124274699280249478761
0.999998485770331790867260224331
