1
0.999999999670290740105826898798
0.999999998681162849401005132677
0.999999997032616438907837164152
0.999999994724651508626322993223
0.999999991757267947534160157375
0.999999988130465866653651119123
0.999999983844245265984795878467
0.999999978898606034505291972891
0.999999973293548394259744327428
0.999999967029072123203548017045
0.999999960105177443381307966774
0.9999999525218642437707217141
0.999999944279132524371789259021
0.999999935376982396206813064055
0.9999999258154138592757931292
0.999999915594426913578729454457
0.99999990471402144809331957731
0.999999893174197684864168422791
0.9999998809749556238912759909
0.99999986811629515415233981912
0.999999854598216386669662369968
0.999999840420719321443243643444
0.999999825583803958473083639547
0.999999810087470519803787283308
0.999999793931718783390749649698
0.99999977711654886025627320123
0.999999759641960861422660400422
0.999999741507954786889911247272
0.999999722714530636658025741781
0.999999703261688410727003883949
0.999999683149428331141450598807
0.999999662377750175856760961324
0.999999640946654166917539896531
0.999999618856140415346089866944
0.999999596106208699097805947531
0.999999572696859240217293063324
0.999999548628092149726853676839
0.999999523899907316604185325559
0.999999498512304851871590472001
0.999999472465284755529069116164
0.999999445758847249621226183081
0.999999418392992223125759210234
0.99999939036771978706497066014
0.999999361683029941438860532799
0.999999332338922908292033753241
0.999999302335398465579885396437
0.999999271672456946369322849932
0.999999240350098239638043651212
0.999999208368322567430652725307
0.999999175727129818724847609701
0.999999142426520104542930766911
0.999999108466493535907204659452
0.99999907384705022383997174984
0.999999038568190168341232038074
0.999999002629913369410985524155
0.999998966032220049093837133114
0.999998928775110207389786864951
0.999998890858583844298834719666
0.99999885228264118186558562229
0.999998813047282109067737110308
0.999998773152506958972196571267
0.999998732598315620556661542651
0.999998691384708204843434486975
0.999998649511684822854817866755
0.999998606979245474590811681992
0.999998563787390382096020857716
0.999998519936119545370445393928
0.999998475425433075436387753143
0.999998430255331083316150397877
0.99999838442581356900973332813
0.999998337936880754561741468933
