1
0.999999999810410100664626042999
0.999999999241640402658504171995
0.99999999829369090598163438699
0.999999996966561721656319150497
0.999999995260252627637953537487
0.99999999317476384597114247299
0.999999990710095265633583494491
0.99999998786624688662527660199
0.999999984643218708946221795486
0.999999981041010843618721537496
0.999999977059623179620473365503
0.999999972699055716951477279508
0.999999967959308455611733279511
0.999999962840381506623543828027
0.999999957342274869986908925057
0.999999951464988434679526108084
0.999999945208522200701395377109
0.999999938572876390097121657163
0.999999931558050780822100023215
0.999999924164045372876330475265
0.999999916390860388304417938343
0.999999908238495716084059949935
0.999999899706951245192954047525
0.999999890796227197675705156144
0.999999881506323462510010813276
0.999999871837240150718173481437
0.999999861788977040255588235595
0.999999851361534464189162463299
0.999999840554912200474291239516
0.999999829369110249110974564246
0.999999817804128832143817362521
0.999999805859967727528214709309
0.999999793536627157308771529642
0.999999780834107010463185361004
0.999999767752407286991456203396
0.999999754291527986893584056816
0.999999740451469332214173846296
0.999999726232231100908620646806
0.999999711633813292976924458344
0.999999696656216130463690205943
0.999999681299439613368917889602
0.99999966556348351964800258429
0.999999649448348071345549215039
0.999999632954033268461557781848
0.999999616080539110996028284717
0.999999598827865487926658261131
0.999999581196012621298052636121
0.999999563184980400087908947171
0.999999544794768935318529656797
0.999999526025378226989914764999
0.999999506876808164079761809262
0.999999487349058968632675714616
0.999999467442130529626354018546
0.999999447156022958083099183568
0.999999426490736142980608747166
0.999999405446270306363487634371
0.999999384022625226187130920152
0.999999362219801124496143529541
0.999999340037798001290525462537
0.999999317476615745547974256624
0.999999294536254579313094836834
0.999999271216714391563584740652
0.999999247517995182299443968077
0.999999223440097173565277444141
0.999999198983020143316480243811
0.999999174146764313597657292121
0.999999148931329573386506126553
0.999999123336716033705329209624
0.999999097362923694554126541334
0.999999071009952666955200584198
0.9999990442778028398862488757
