1
0.999999999726059907168007612199
0.999999998904239739694332911313
0.999999997534539386556673434825
0.999999995616958958777331645251
0.999999993151498345334005080076
0.9999999901381575462266937393
0.999999986576936672477700085437
0.999999982467835724087024118489
0.999999977810854701054665838456
0.99999997260599349235832278282
0.999999966853252209020297414099
0.999999960552630851040589732293
0.9999999537041294184191997374
0.999999946307748022178429891937
0.999999938363486440273675270873
0.999999929871344894749540799239
0.999999920831323274583724014519
0.999999911243421690798527379229
0.999999901107640032371648430853
0.999999890423978521347692094423
0.999999879192436935682053444907
0.999999867413015497419337407337
0.999999855085714095537241519196
0.999999842210532841058068243001
0.999999828787471733981817578751
0.999999814816530663286187063932
0.999999800297709851015781623573
0.99999978523100918614829879516
0.999999769616428779706041041209
0.999999753453968520666705899202
0.999999736743628631074898294173
0.999999719485408999908315763605
0.999999701679309627166958307498
0.999999683325330734895430850884
0.99999966442347210104912846873
0.99999964497373394767265608607
0.999999624976116274766013702902
0.99999960443061897130689885671
0.999999583337242259339916472527
0.999999561695986138865066550352
0.999999539506850498860046627669
0.999999516769835561369461629511
0.99999949348494121537100909336
0.999999469652167571886991481733
0.999999445271514741939711257146
0.999999420342982614506865957082
0.999999394866571300610758044058
0.999999368842280800251387518074
0.99999934227011133547335930416
0.999999315150062684232068477286
0.999999287482135068572119962482
0.999999259266328488493513759749
0.999999230502643055018552331603
0.999999201191078657124933215528
0.999999171331635516857261336554
0.999999140924313523193234232167
0.999999109969112787155154364882
0.999999078466033419765324197215
0.999999046415075421023743729165
0.999999013816238901952715423249
0.999998980669523751529936816951
0.999998946974930302822315297817
0.999998912732458333785245940817
0.999998877942108066463333670981
0.999998842603879389834276025795
0.999998806717772636964980392804
0.999998770283787585810841846978
0.999998733301924458416465313348
0.99999869577218336580415325443
0.999998657694564196951603207708
0.999998619069067062881117635698
