1
0.999999999718823029404290991806
0.999999998875292117617163967225
0.999999997469407375660921388771
0.999999995501168581490958331415
0.999999992970575957151879720186
0.99999998987762939162138309257
0.999999986222328884899468448566
0.999999982004674436986135788175
0.999999977224666158903687573911
0.999999971882304050652123805776
0.999999965977588001209142021253
0.999999959510518010574742220342
0.999999952481094300793529328075
0.999999944889316649820898419421
0.999999936735185168679151956894
0.999999928018699857368289940496
0.999999918739860826910614832741
0.999999908898667966283824171114
0.999999898495121275487917955616
0.999999887529220865545198648761
0.999999876000966736455666250549
0.999999863910358888219320760982
0.999999851257397320836162180058
0.999999838042082034306190507778
0.999999824264413139651708206657
0.999999809924390636872715276695
0.999999795022014525969211717893
0.99999977955728480694119753025
0.999999763530201479788672713767
0.999999746940764766556242193474
0.99999972978897444519930104434
0.999999712074830626740151728882
0.999999693798333422201096709614
0.999999674959482831582135986537
0.99999965555827885488326955965
0.999999635594721492104497428954
0.999999615068810854268122056965
0.999999593980546941374143443682
0.999999572329929753422561589105
0.999999550116959290413376493234
0.999999527341635774391193081101
0.99999950400395909433370889019
0.999999480103929361263226383016
0.999999455641546464157443097065
0.999999430616810736083266419882
0.999999405029721843973788963922
0.99999937888028012089591811673
0.999999352168485566849653878307
0.999999324894338181834996248654
0.999999297057837854829642765253
0.999999268658984918900500815653
0.999999239697779263025267937337
0.999999210174220998226246592822
0.999999180088310124503436782106
0.999999149440046641856838505191
0.999999118229430661308754224592
0.999999086456462293881486402825
0.999999054121141539575035039888
0.9999990212234685094117025983
0.999998987763443092369186615542
0.999998953741065510492092016648
0.999998919156335763780418801616
0.999998884009253963256469432963
0.999998848299819997897941448173
0.999998812028034200771742234792
0.99999877519389634983326686779
0.999998737797406667127120272198
0.999998699838565263675604910532
0.999998661317372028456418320275
0.999998622233827183514165426459
0.999998582587930728848846229084
