1
0.999999999695960095635882680654
0.999999998783840271521228260099
0.999999997263640749700641663367
0.999999995135361308129517965426
0.999999992399002057830159628793
0.999999989054562887780264190951
0.999999985102044020024436576932
0.999999980541445232518071861705
0.9999999753727667473057749703
0.999999969596008342342940977687
0.999999963211170239674174808897
0.999999956218252328277174001414
0.999999948617254719174241017754
0.999999940408177301343073395401
0.999999931591020185805973596871
0.999999922165783261540639159648
0.999999912132466750591675008764
0.999999901491070541936778681702
0.999999890241594635575950178463
0.999999878384039142531491961563
0.999999865918403951781101568486
0.999999852844689174347081461747
0.999999839162894810229431641346
0.9999998248730209704504545698
0.999999809975067543987847784592
0.999999794469034641863913748239
0.999999778354922375100954923255
0.99999976163273052165436638461
0.999999744302459303568753057334
0.999999726364108720844114941428
0.999999707817678773480452036893
0.999999688663169572500066806242
0.999999668900581117902959249477
0.999999648529913409689129366598
0.999999627551166447858577157604
0.999999605964340343433605085011
0.999999583769435096414213148819
0.999999560966450817822703811544
0.99999953755538739663677461067
0.999999513536245054901030471228
0.999999488909023792615471393219
0.999999463673723609780097376643
0.999999437830344506394908421498
0.999999411378886593482206990302
0.99999938431934998206429554557
0.999999356651734561118871624785
0.99999932837604055269054015298
0.999999299492267956779301130155
0.999999270000416662362852093793
0.999999239900487002508100431442
0.99999920919247875517044121807
0.999999177876392142394479378709
0.999999145952227275202517375874
0.99999911341998404257225274705
0.999999080279662666548290417268
0.999999046531263036108327924012
0.999999012174785373296970192314
0.999998977210229567091914759658
0.999998941637595839537766551075
0.999998905456884301656828029081
0.999998868668094731404494268645
0.999998831271227572869975119829
0.999998793266282604008665657602
0.99999875465325993584286834448
0.999998715432159790417188105494
0.999998675602982167731624940643
0.999998635165727067786178849929
0.999998594120394601603152295866
0.99999855246698488020484774097
0.999998510205498014613567647757
0.999998467335933893807009553711
