1
0.999999998938931322634005027794
0.999999995755725179513717648661
0.999999990450381681661440325115
0.999999983022900829077173057158
0.999999973473282621760915844789
0.999999961801527281757273613039
0.999999948007634698043943899393
0.999999932091604981643229166366
0.99999991405343835459973433899
0.999999893893134816913459417265
0.999999871610694590629009326221
0.99999984720611767574638406586
0.999999820679404405332491023728
0.99999979203055489040963266234
0.999999761259569130977808981697
0.999999728366447571126229831862
0.999999693351190432899500137864
0.999999656213797716297619899706
0.999999616954269754387496504933
0.999999575572606880236037341092
0.9999995320688092048655448707
0.999999486442877172365228943818
0.999999438694811004779694485478
0.999999388824610924153546420712
0.999999336832277374575994599581
0.999999282717810578091643947118
0.999999226481210978789704313385
0.999999168122478909737083085929
0.999999107641614704000687652297
0.999999045038618694647425400035
0.999998980313491436788808641722
0.99999891346623315246944230239
0.999998844496844507823141157132
0.99999877340532572489451013098
0.999998700191677358795061536512
0.99999862485589985361400522379
0.999998547397993653440551042877
0.999998467817959313386211306351
0.999998386115797277540195864276
0.999998302291508212036319491745
0.999998216345092449941489576304
0.999998128276550657389520893048
0.99999803808588327846962329204
0.999997945773091090337914010888
0.999997851338174537083602899656
0.999997754781134173818202270922
0.999997656101970777697829362296
0.999997555300684903833996486355
0.999997452377277107338215955679
0.999997347331748165366605007875
0.999997240164098633030675955524
0.999997130874329287486546036234
0.9999970194624407948680300251
0.99999690592843393233124515973
0.999996790272309254987703752704
0.999996672494067651015825504146
0.99999655259370978654942518915
0.999996430571236438744620045327
0.999996306426648384757527310285
0.999996180159946512766566684149
0.999996051771131488905552942015
0.999995921260204201352905784006
0.999995788627165538287044910248
0.999995653872016165841785095836
0.999995516994757083217848503409
0.999995377995389067571352370578
0.999995236873913118103018859983
0.99999509363033012299126767175
0.999994948264640859392216043489
0.999994800776846437528888600355
0.999994651166947634557402579958
