1
0.999999999743520051609380061564
0.999999998974080095415217783739
0.999999997691680131417513166525
0.999999995896320270638568672439
0.99999999358800051307838430148
0.999999990766720747714657591132
0.999999987432480974547388541396
0.999999983585281304598879614787
0.999999979225121737869130811305
0.999999974352002163335839668434
0.999999968965922692021308648691
0.999999963066883323925537752075
0.999999956654884059048526978586
0.999999949729924897390276328224
0.999999942292005838950785800989
0.999999934341126883730055396882
0.999999925877288031728085115901
0.999999916900489393967177420564
0.999999907410730970447332310869
0.999999897408012650146247324301
0.999999886892334544086224923376
0.999999875863696652267265108094
0.999999864322098974689367878455
0.999999852267541511352533234458
0.99999983970002437327906363862
0.99999982661954756046895909094
0.999999813026110961899917128903
0.999999798919714688594240215025
0.999999784300358740551928349305
0.999999769168043228795283994259
0.999999753522768153324307149887
0.999999737364533403116695353674
0.999999720693339089194751068135
0.999999703509185322580776755785
0.99999968581207199225246995411
0.999999667601999209232133125624
0.999999648878966973519766270329
0.999999629642975285115369388222
0.999999609894024144018942479306
0.999999589632113772275090468611
0.999999568857243947839208431105
0.999999547569414892755901291821
0.999999525768626607025169050758
0.9999995034548789796247092454
0.999999480628172232599126800778
0.999999457288506365948421716894
0.99999943343588126865029153123
0.999999409070297162749341168819
0.999999384191753937223268167145
0.999999358800251703094374988723
0.999999332895790571384964096069
0.999999306478370431072733026667
0.999999279547991393179984243034
0.999999252104653568729020207684
0.999999224148356846697538458102
0.999999195679101338107841456804
0.999999166696887153982231666305
0.999999137201714294320709086605
0.999999107193582870145576180221
0.999999076672492770434530484636
0.999999045638444106209874462365
0.999999014091436988493910575926
0.999998982031471417286638825317
0.999998949458547503610361673054
0.999998916372665136442776656622
0.999998882773824537828488701052
0.999998848662025707767497806344
0.999998814037268646259803972498
0.99999877889955346432770966203
0.999998743248880161971214874939
0.999998707085248961234924536257
