1
0.999999999934691241598727629025
0.999999999738764966394910516101
0.999999999412221285410851123743
0.999999998955059976601944526919
0.999999998367281262012795650662
0.999999997648885030621102032455
0.999999996799871282426863672299
0.999999995820240128452383032709
0.999999994709991346653055188654
0.999999993469125159073485065164
0.999999992097641454691370199725
0.999999990595540233506710592337
0.999999988962821606541808705515
0.999999987199485351752059614228
0.999999985305531691182068243506
0.999999983280960513809532130836
0.999999981125771930656753738731
0.999999978839965719679128142161
0.999999976423542102921260266157
0.999999973876500969360847648204
0.999999971198842318997890288301
0.999999968390566262854690648965
0.999999965451672689908946267678
0.999999962382161600160657144443
0.999999959182033104632125741773
0.999999955851287092301049597154
0.999999952389923563167428710585
0.999999948797942517231263082067
0.999999945075344065514855174115
0.999999941222128208018204986729
0.999999937238294722696707594878
0.999999933123843831594967923593
0.999999928878775534712985972874
0.999999924503089721028459280205
0.999999919996786390541387845587
0.999999915359865654274074131536
0.999999910592327401204215675534
0.999999905694171742354114940099
0.999999900665398566701469462714
0.999999895506007985268581705895
0.999999890215999998055451669643
0.999999884795374494039776891441
0.999999879244131473221557371289
0.999999873562271046623095571704
0.999999867749793214244391492684
0.999999861806697865063142671715
0.999999855732985221123954033828
0.999999849528654949359918191476
0.999999843193707382837942532205
0.999999836728142299513422130985
0.999999830131959810408659450331
0.999999823405159915523654490244
0.999999816547742503836104788206
0.999999809559707797390615269251
0.999999802441055574142581008346
0.999999795191785945114304468007
0.999999787811898910305785648234
0.999999780301394469717024549027
0.999999772660272623348021170386
0.999999764888533371198775512312
0.999999756986176713269287574803
0.999999748953202649559557357861
0.999999740789611180069584861485
0.999999732495402304799370085675
0.999999724070576023748913030431
0.999999715515132336918213695753
0.999999706829071355329574544157
0.999999698012392967960693113127
0.999999689065097174811569402664
0.999999679987183975882203412766
0.99999967077865348219489760595
