1
0.999999999632108282909825902607
0.999999998528433020617001147912
0.99999999668897432414382819843
0.999999994113732193490307054162
0.999999990802706628656437715108
0.999999986755897518619917718752
0.999999981973305085425351990125
0.999999976454929107028135604196
0.999999970200769694450571023481
0.999999963210826958714960710495
0.999999955485100788799002202722
0.999999947023591184702695500164
0.99999993782629836847064552785
0.99999992789322211805824736075
0.999999917224362544487803461379
0.999999905819719647759313829738
0.999999893679293538895080928341
0.99999988080308421789510475719
0.999999867191091684759385316283
0.999999852843315939487922605622
0.999999837759756982080716625205
0.999999821940415034582372300065
0.999999805385289874948284705169
0.999999788094381836245361228066
0.999999770067690696428996943723
0.999999751305216566521494314657
0.999999731806959446522853340866
0.999999711572919558477678947384
0.999999690603096791363668671693
0.999999668897491256203124976309
0.999999646456102952996047861234
0.999999623278931992764739788981
0.999999599365978375509200759552
0.999999574717242101229430772946
0.999999549332723391970034754195
0.999999523212422136708710240782
0.99999949635633855749006215774
0.999999468764472543291788042552
0.999999440436824205136190357734
0.999999411373393654045571565803
0.999999381574180890019931666757
0.999999351039186024081573123112
0.999999319768409167252798397385
0.999999287761850319533607489575
0.999999255019509480924000399682
0.999999221541386984490884515253
0.999999187327482608189654911257
0.999999152377796574064916512725
0.999999116692328882116669319657
0.999999080271079754389518257085
0.999999043114049190883463325008
0.999999005221237191598504523427
0.999998966592643978579246777372
0.999998927228269551825690086844
0.999998887128114022360136914358
0.99999884629217750120488972243
0.999998804720459988359948511061
0.999998762412961594847615742765
0.999998719369682542712496342574
0.999998675590622831954590310488
0.999998631075782573596200109023
0.999998585825161878659628200694
0.999998539838760858167177048017
0.999998493116579512118846650992
0.99999844565861806255924193465
0.999998397464876509488362898992
0.999998348535355074950814469048
0.999998298870053758946596644819
0.999998248468972783520314351335
0.999998197332112148671967588598
0.999998145459472076446161281638
