1
0.999999999419442842096827916976
0.999999997677771257365009205387
0.999999994774985245804543865233
0.999999990711084807415431896516
0.999999985486070164242278224265
0.999999979099941094240477923449
0.999999971552697708432333456585
0.999999962844340006817844823672
0.99999995297486798939701202471
0.999999941944281767192137522215
0.999999929752581340203221316187
0.999999916399766819452565869142
0.999999901885838204940171181079
0.999999886210795496666037251998
0.999999869374638805652466544416
0.999999851377368131899459058332
0.999999832218983586429317256261
0.999999811899485169242041138205
0.999999790418873102382235629193
0.999999767777147385849900729227
0.999999743974308019645036438305
0.999999719010355114789945218945
0.999999692885288893329231996177
0.999999665599109244240594307485
0.999999637151816500590939540416
0.99999960754341044033566276994
0.999999576773891507563973846118
0.999999544843259591253570306435
0.999999511751514802426754613407
0.999999477498657363128131692065
0.999999442084687384380004004925
0.999999405509604977204674014502
0.999999367773410141602141720796
0.999999328876103099617012048839
0.999999288817684073293889923661
0.99999924759815317365507780778
0.999999205217510400700575701194
0.999999161675755976474988528935
0.999999116972890123022921216034
0.999999071108912951366676225007
0.999999024083824683550858480885
0.999998975897625319575467983668
0.999998926550315192507412120904
0.999998876041894302346690892591
0.999998824372363093182514148793
0.999998771541721453992579426995
0.999998717549969717843794114742
0.999998662397108106780763137067
0.999998606083136731825788956485
0.999998548608055704001174035511
0.999998489971865467396128224209
0.999998430174566022010651522578
0.999998369216157700911651318165
0.999998307096640615121430073486
0.999998243816015097706895176088
0.999998179374281259690349088487
0.999998113771439323116396735713
0.999998047007489621051945505315
0.999997979082432264519297859806
0.999997909996267586585361186735
0.999997839748995809294740411133
0.999997768340617154692040458031
0.99999769577113184482186625246
0.999997622040540212751125181967
0.999997547148842480524422171584
0.999997471096038759164059683826
0.999997393882129603781550031272
0.999997315507115014376893213921
0.999997235970995435039299081836
0.999997155273771087813372560049
0.999997073415442194743718573591
