1
0.999999999731745137232508113811
0.999999998926980548930032455246
0.999999997585706124070270561788
0.999999995707922084697827358468
0.999999993293628208768097920256
0.999999990342824607303384709667
0.9999999868555112803036877267
0.999999982831688227769006971357
0.999999978271355449699342443637
0.99999997317451294609469414354
0.999999967541160827977364533581
0.999999961371298984325051151245
0.999999954664927415137753996532
0.999999947422046120415473069443
0.999999939642655211180510832492
0.999999931326754687432867285679
0.999999922474344549172542429005
0.999999913085424685377233799954
0.999999903159995318091546323558
0.999999892698056225270875074784
0.999999881699607739982127441181
0.9999998701646495291583960352
0.999999858093181925866588244389
0.999999845485204708062099143717
0.999999832340717986767231195699
0.999999818659721873004286862852
0.999999804442216144728661220142
0.999999789688201135007261655119
0.999999774397676621795483242749
0.999999758570642827137930908066
0.999999742207099640012302188552
0.999999725307047060418597084208
0.99999970787048519937911805755
0.999999689897414056893865108577
0.999999671387833743985140699806
0.99999965234174414963064236872
0.999999632759145384852672577836
0.999999612640037449651231327152
0.99999959198442034402631861667
0.999999570792294179000236908905
0.999999549063658954572986203857
0.999999526798514781766868964041
0.999999503996861549559582726943
0.999999480658699368973429955076
0.999999456784028351030713110958
0.999999432372848384709129732073
0.999999407425159581030982280936
0.999999381940962051018573220063
0.999999355920255683649600086937
0.999999329363040589946365344076
0.999999302269316880931171453994
0.999999274639084556604018416692
0.999999246472343727987208694685
0.999999217769094284058439825458
0.999999188529336335840014271525
0.999999158753069883331932032888
0.999999128440295148578798034578
0.999999097591012020558309814078
0.999999066205220610292769833904
0.999999034282921028804480556573
0.999999001824113165071139519569
0.999998968828797130115049185406
0.999998935296973034958512016601
0.99999890122864099062383047567
0.999998866623800886088702100096
0.999998831482452832375429352396
0.999998795804597051528617157601
0.999998759590233321503660590679
0.999998722839361864345164576662
0.999998685551982791075431578065
0.999998647728095990672159132373
