1
0.99999999973643749484608633793
0.999999998945750090406647814234
0.999999997627937675659381966398
0.999999995783000361626591256936
0.999999993410938037285973223334
0.999999990511750702637527865591
0.999999987085438579725860108738
0.999999983132001335484062565229
0.99999997865143930297904262261
0.999999973643752260166195355851
0.999999968108940318067823227466
0.999999962047003476683926237456
0.999999955457941736014504385821
0.999999948341755096059557672561
0.999999940698443556819086097676
0.999999932528007229315392123681
0.999999923830446002526173288061
0.999999914605759876451429590816
0.999999904853948962113463494461
0.999999894575013259512274998997
0.999999883768952768647864104423
0.99999987243576748952023081074
0.999999860575457422129375117947
0.999999848188022677497599488561
0.999999835273463144602601460065
0.999999821831778934466683494975
0.999999807862970047089845593291
0.999999793367036482472087755013
0.999999778343978240613409980142
0.999999762793795543558417193708
0.99999974671648816926250447068
0.999999730112056228747974273574
0.99999971298049972201482660239
0.999999695321818760085363919643
0.999999677136013231937283762818
0.999999658423083359615191056946
0.999999639183029032096783339512
0.999999619415850249382060610515
0.999999599121547233515627794986
0.999999578300119762452879967896
0.999999556951568058238422054274
0.99999953507589212087225405412
0.999999512673091950354375967436
0.99999948974316754668478779422
0.999999466286119020885791996989
0.999999442301946372957388575742
0.999999417790649602899577530479
0.999999392752228821734661323717
0.999999367186684029462639955455
0.999999341094015337105815888208
0.999999314474222633641886659461
0.999999287327306141115457194246
0.999999259653265748504225030047
0.999999231452101566830492629379
0.999999202723813707116562454758
0.999999173468402058340132043668
0.999999143685866842545806321141
0.999999113376207948711282824661
0.999999082539425487858864016744
0.999999051175519571010852359905
0.999999019284490198167247854144
0.999998986866337369328050499462
0.999998953921061195515562758374
0.999998920448661787752087093395
0.99999888644913903501532104201
0.999998851922493048327567066735
0.999998816868724049733430092601
0.999998781287831817188305194577
0.999998745179816683759099760209
0.999998708544678427401208864467
0.999998671382417381181539894897
