1
0.999999999135064654431914732413
0.999999996540258617727658929653
0.999999992215581889887232591718
0.999999986161034581932938181126
0.99999997837661658284247323536
0.999999968862328003638140216935
0.999999957618168844319939125853
0.999999944644139215910172424628
0.999999929940239229431142575777
0.999999913506468995905152041814
0.999999895342828404309898360225
0.99999987544931767668998645604
0.999999853825936924067718791775
0.999999830472686146443095367431
0.999999805389565676883023570554
0.999999778576575404365200938628
0.9999997500337156619565348592
0.999999719760986560679327794787
0.999999687758388100533579745388
0.99999965402592061458619809855
0.999999618563584324881787779304
0.999999581371379231420348787651
0.999999542449305556246486048622
0.999999501797363632427106949763
0.999999459415553682006816416106
0.999999415303875704985614447651
0.99999936946233014545271089446
0.99999932189091711443040821905
0.999999272589636944985613808967
0.999999221558489859162932589243
0.999999168797476079006969484908
0.99999911430659593758463188351
0.99999905808584965694052471008
0.999999000135237570141555352166
0.999998940454760121276933659829
0.999998879044417310346659633069
0.999998815904209692462245584466
0.999998751034137489668296439049
0.999998684434201146054022046883
0.999998616104400883664027332998
0.999998546044737035565219684941
0.99999847425521015686911141529
0.999998400735820469620307449077
0.999998325486568306885715173848
0.999998248507454223776846902183
0.999998169798478553360610021628
0.999998089359641628703911919729
0.99999800719094389389596244655
0.999997923292385904048273914668
0.999997837663967992227753711632
0.999997750305690491501309224986
0.999997661217554068002755229827
0.9999975703995590547989991137
0.999997477851706007001553189184
0.999997383573995257677324843826
0.999997287566427472960128852719
0.999997189829002985916872603411
0.999997090361722462681370870996
0.999996989164586347342833505536
0.999996886237595083990470357094
0.999996781580749338758096200763
0.999996675194049666757223349123
0.999996567077496401054759189719
0.999996457231090429829123422678
0.99999634565483197512492097303
0.999996232348721925120571540901
0.999996117312760612882982513838
0.99999600054694881556827112945
0.999995882051287088287949700316
0.999995761825776097175833001529
0.999995639870416286321130883152
