1
0.999999999695241115205135429278
0.999999998780964349798239254596
0.999999997257169814801613938471
0.999999995123857399192957018386
0.999999992381027213994570956856
0.999999989028679259206455753883
0.999999985066813423806308946951
0.99999998049542992983873546109
0.999999975314528555259130371269
0.999999969524109411089796140004
0.999999963124172497330732767296
0.999999956114717813981940253143
0.999999948495745361043418597546
0.999999940267255249537470263022
0.999999931429247368441792787053
0.999999921981721828778688632156
0.99999991192467863054815779833
0.999999901258117662727897823061
0.999999889982039147362513631379
0.999999878096442973429702760768
0.999999865601329251951767673745
0.999999852496697982928708370309
0.999999838782549055338222387945
0.999999824458882691224914651684
0.999999809525698779566482699011
0.999999793982997320362926529924
0.999999777830778535658851069456
0.999999761069042314431953855092
0.99999974369778865668223488683
0.999999725717017673431996627187
0.999999707126729364681239076162
0.999999687926923841452264696272
0.999999668117600992722771025001
0.999999647698760929515060524864
0.999999626670403651829133195861
0.999999605032529270687291500508
0.999999582785137786089535438805
0.999999559928229309058167473268
0.99999953646180372857088514138
0.999999512385861266672293368174
0.999999487700401812340089691133
0.999999462405425476596576572774
0.999999436500932259441754013096
0.999999409986922271897924474615
0.999999382863395624987390419847
0.999999355130352207687849386275
0.999999326787792131021603836416
0.999999297835715506010956232785
0.999999268274122332655906575383
0.999999238103012610956454864208
0.999999207322386562957206024294
0.999999175932244077635857593123
0.999999143932585377037014495727
0.999999111323410350138374269591
0.99999907810471910796223937723
0.999999044276511650508609818644
0.99999900983878831084439298138
0.999998974791548755902681477892
0.999998939134793429772685158241
0.999998902868522110409799097397
0.999998865992735019858628220391
0.999998828507432158119172527222
0.999998790412613636213734480407
0.999998751708279565164616542461
0.999998712394429833949516250868
0.999998672471064664613038530661
0.999998631938184168177485844353
0.999998590795788344642858191946
0.99999854904387719400915557344
0.999998506682450938320982913865
0.999998463711509577578340213222
