1
0.999999999752242296757742678892
0.9999999990089694090755756406
0.999999997770181114908893960092
0.999999996035877636302302562399
0.99999999380605875121119652249
0.999999991080724570657878302882
0.999999987859875094642347903573
0.99999998414351043418690778708
0.999999979931630478269255490886
0.999999975224235115867088552477
0.999999970021324569025011896883
0.999999964322898837743025524105
0.999999958128957810998826971627
0.999999951439501488792416239448
0.999999944254529982146095790085
0.999999936574043180037563161022
0.99999992839804130451142327729
0.999999919726524133523071213858
0.999999910559491778094809433242
0.999999900896944238226637935441
0.999999890738881624940859182971
0.999999880085303827215170713316
0.999999868936210956071874988993
0.999999857291602900488669547485
0.999999845151479771487856851309
0.999999832515841569069436900463
0.999999819384688293233409694949
0.999999805758020055002077697281
0.999999791635836743353138444945
0.999999777018138469308894400456
0.999999761904925232869345563813
0.999999746296197034034491935017
0.999999730191953872804333514068
0.999999713592195860201172763482
0.999999696496922885202707220742
0.99999967890613516985354181088
0.999999660819832603131374071381
0.999999642238015185036204002245
0.999999623160683026590334065986
0.999999603587836127793764262606
0.999999583519474488646494592103
0.999999562955598220170827516995
0.999999541896207211344460574765
0.999999520341301684211998690444
0.999999498290881416728836939001
0.999999475744946741961882707983
0.999999452703497548888833534875
0.99999942916653372648738695716
0.999999405134055607824450362386
0.999999380606062970855418825522
0.999999355582555926602594809083
0.999999330063534586088280775584
0.999999304048998949312476725026
0.999999277538949016275182657409
0.999999250533384897998701035249
0.999999223032306594483031858545
0.999999195035714105728175127297
0.999999166543607542756433304021
0.999999137555986905567806388717
0.999999108072852194162294381385
0.999999078094203519562199744541
0.999999047620040992789824940701
0.999999016650364502822867507348
0.999998985185174160683629906998
0.999998953224470077394414602168
0.999998920768252252955221592856
0.999998887816520687366050879064
0.999998854369275491649204923306
0.999998820426516665804683725582
0.99999878598824432085478974841
0.999998751054458456799522991787
