1
0.999999999731920774515003813576
0.99999999892768320908231771682
0.999999997587287081657336784701
0.99999999571073261428466594225
0.999999993298019806964305189467
0.999999990349148437651649601321
0.999999986864118839413606565358
0.999999982842930679183268694032
0.999999978285584179005240912375
0.999999973192079338879523220385
0.999999967562416047783813155547
0.999999961396594527762715642893
0.999999954694614556771625757392
0.999999947456476134810543499043
0.999999939682179483924073792878
0.99999993137172449308991417638
0.999999922525111273330367112067
0.999999913142339713623130137421
0.999999903223409813968203252443
0.999999892768321685387888919649
0.999999881777075327882187139039
0.999999870249670741451097910613
0.999999858186107815072318771854
0.99999984558638688181275711031
0.999999832450507719627808000951
0.999999818778470328517471443774
0.999999804570274819504049901298
0.999999789825921303609845836036
0.999999774545409669812556785473
0.99999975872873991811218274961
0.999999742375912159531026190962
0.999999725486926394069087109528
0.999999708061782732748667967826
0.999999690100481064547466303338
0.999999671603021389465482116066
0.999999652569403929547320331039
0.999999632999628573770678485744
0.999999612893695433157859042694
0.999999592251604396686559539376
0.999999571073355686401384900819
0.999999549358949191280032664508
0.99999952710838502234480529296
0.999999504321663179595702786173
0.999999480998783774055027606664
0.999999457139746694700477291917
0.999999432744552163576656766963
0.999999407813200069661263569287
0.999999382345690523976600161404
0.999999356342023526522666543315
0.999999329802199077299462715018
0.999999302726217398351593601546
0.999999275114078378656756740384
0.999999246965782129237254594045
0.999999218281328650093087162531
0.999999189060718052246556908358
0.999999159303950224675361369009
0.999999129011025389424105469516
0.999999098181943546492789209879
0.999999066816704806903715052613
0.999999034915309059634580535203
0.999999002477756415707688120165
0.999998969504046986145340270014
0.999998935994180881969839447265
0.999998901948157992158883189404
0.999998867365978427734773958946
0.999998832247642299719814218406
0.999998796593149608114003967785
0.999998760402500352917343207082
0.999998723675694756174436861329
0.999998686412732817885284930526
0.999998648613614538049887414672
