1
0.999999999935132888317923516297
0.999999999740531442249391602672
0.999999999416195661794404259126
0.999999998962125657975263948174
0.999999998378321430791970669816
0.99999999766478275819991949902
0.999999996821509862243715360819
0.999999995848502742923358255211
0.999999994745761289216545719682
0.999999993513285501123277754232
0.999999992151075489665856821375
0.999999990659131254844282921113
0.999999989037452574613951128413
0.999999987286039671019466368307
0.999999985404892544060828640795
0.999999983394011082715735483362
0.999999981253395398006489358522
0.999999978983045378910787803761
0.999999976582961025428630819079
0.99999997405314244858232086699
0.999999971393589648371857947495
0.999999968604302513774939598079
0.999999965685281044791565818741
0.999999962636525352444039071997
0.999999959458035436732359357848
0.999999956149811186634224213776
0.999999952711852602149633639783
0.9999999491441599053231925609
0.999999945446732763087993589579
0.999999941619571508510944113368
0.999999937662675919547439207236
0.999999933576045996197478871181
0.999999929359681960505668030237
0.999999925013583590427401759371
0.999999920537750885962680058583
0.999999915932183958133805390389
0.999999911196882806940777754789
0.999999906331847432383597151784
0.999999901337077834462263581372
0.999999896212573902154474581039
0.9999998909583357464825326133
0.999999885574363256424135215639
0.999999880060656654023887313087
0.999999874417215717237183980615
0.999999868644040668108630143252
0.999999862741131284593620875967
0.999999856708487677714458641276
0.999999850546109847471143439179
0.999999844253997682841372807161
0.999999837832151405869751670252
0.999999831280570905533977565938
0.999999824599256181834050494217
0.999999817788207123747667992575
0.999999810847423953319434986042
0.999999803776906559527049012104
0.999999796576654942370510070759
0.999999789246669101849818162009
0.999999781786949037964973285852
0.999999774197494861738277904806
0.999999766478306351125127093837
0.999999758629383728170125777979
0.999999750650726881850971494714
0.999999742542335812167664244043
0.999999734304210630142506488482
0.999999725936351224753195765516
0.999999717438757595999732075143
0.999999708811429854904417879879
0.99999970005436789044495071721
0.999999691167571813643633049651
0.999999682151041513478162414685
0.99999967300477710097084127483
