1
0.999999999559879837462972318463
0.99999999823951934985188927385
0.999999996038918426144448403647
0.999999992958077288385254632885
0.999999988996995825552005499048
0.999999984155674037644701002137
0.99999997843411192466334114215
0.999999971832309486607925919088
0.999999964350266834500757795468
0.999999955987983968341836771287
0.999999946745460888131162846548
0.99999993662269759386873602125
0.999999925619694085554556295392
0.999999913736450474210926131491
0.99999990097296664881554306703
0.999999887329242831413012027042
0.999999872805279022003333011526
0.999999857401075109564203557966
0.999999841116631316140228591394
0.999999823951947530709105649294
0.999999805907023864293137194181
0.999999786981860427914625688572
0.999999767176457221573571132467
0.999999746490814245269973525865
0.999999724924931610026135331282
0.999999702478809426864359011233
0.999999679152447584762342103204
0.999999654945846305764689532225
0.999999629859005589871401298296
0.999999603891925548104779863934
0.999999577044606180464825229137
0.999999549317047597973839856422
0.999999520709249800631823745789
0.999999491221213010483381822269
0.999999460852937227528514085861
0.999999429604422451767220536567
0.999999397475668905244106099417
0.999999364466676587959170774411
0.999999330577445610934717024065
0.999999295807976085193047310895
0.999999260158268121756464097416
0.999999223628321609602664921113
0.999999186218136992820859632047
0.999999147927714049366443305189
0.999999108757053112306323328085
0.999999068706154181640499700734
0.999999027775017257368972423137
0.999998985963642672558648882841
0.999998943272030427209529079846
0.999998899700180521321613014152
0.999998855248093287961808073305
0.999998809915768727130114257307
0.999998763703206949848834028671
0.999998716610408067140269849915
0.999998668637372301049026646069
0.999998619784099651575104417134
0.99999857005059034076310808814
0.999998519436844479635340121604
0.99999846794286217921410298004
0.999998415568643550521699125966
0.999998362314188815602733484411
0.999998308179497974457206055376
0.999998253164571360152024226409
0.999998197269408972687187997508
0.999998140494011034107302293705
0.999998082838377655434669577517
0.999998024302508947691592311457
0.999997964886405243944977883075
0.999997904590066433172523829853
0.999997843413492848441137539339
0.999997781356684711795423936564
