1
0.999999999343825329845003579976
0.999999997375301097335409394873
0.999999994094427635538124832237
0.999999989501204611386242504523
0.99999998359563224692436733676
0.999999976377710542152499328949
0.999999967847439497070638481091
0.9999999580048192227010872557
0.999999946849849608021543190262
0.999999934382530764054308747291
0.999999920602862801821686389303
0.999999905510845610301373653783
0.999999889106479522560277928278
0.999999871389764316553794287756
0.999999852360700214326527657249
0.999999832019287326900780499273
0.999999810365525654276552813826
0.999999787399415307476147063426
0.999999763120956286499563248071
0.999999737530148813391406292794
0.99999971062699299917397866011
0.999999682411488843847280350019
0.999999652883636569455916287552
0.999999622043436175999886472709
0.999999589890887885523795830522
0.999999556425991698027644360991
0.999999521648747946578339451662
0.99999948555915652015357864002
0.999999448157217751820269313612
0.999999409442931752600713934953
0.99999936941629863351721496656
0.999999328077318616614377333462
0.999999285425991701892201035662
0.99999924146231833343989592322
0.999999196186298400235159533622
0.999999149597932235344899254414
0.999999101697219949791417548113
0.999999052484161876641621802264
0.999999001958758015895512016868
0.999998950121008700619995579473
0.999998896970914041837374952593
0.999998842508474372614557523775
0.999998786733689803973845755536
0.999998729646560557959844572906
0.999998671247086967639461363433
0.999998611535269033012696127116
0.999998550511107309191061176534
0.999998488174601685152254049171
0.999998424525752716007787057606
0.999998359564560512779962664354
0.999998293291025297513385794446
0.999998225705147403274963835429
0.999998156806927052109301712335
0.999998086596364466061004350195
0.999998015073460089219281599071
0.99999794223821403260643592148
0.999997868090626740311677167483
0.999997792630698323357307799597
0.999997715858429225832537667884
0.999997637773819669781971697375
0.999997558376869988272517275618
0.999997477667580403348779327644
0.99999739564595147012227016603
0.999997312311983299615292253293
0.999997227665676224894752976979
0.999997141707030690049862187152
0.999997054436047028147527271358
0.999996965852725461232353154628
0.999996875957066433393549687025
0.999996784749070277698024256097
0.999996692228737327212684249389
