1
0.999999999211796941622765189095
0.999999996847187877513363218895
0.999999992906172807671794089401
0.999999987388751732098057800613
0.999999980294924539769851890014
0.999999971624691563754083745152
0.999999961378052582006148440996
0.999999949555007705548348440061
0.999999936155557045402986204863
0.999999921179700712592364197917
0.999999904627438596094179956708
0.999999886498771028975340868783
0.99999986679369778919124200911
0.999999845512219209808790765237
0.999999822654335290827987137163
0.99999979822004625429343604992
0.999999772209351989182835040992
0.999999744622252828563091497927
0.999999715458748772434205420723
0.999999684718840042840781734412
0.999999652402526861827425364027
0.99999961850980911837183384705
0.999999583040687256563217033545
0.999999545995161165379272460996
0.999999507373231288909209979465
0.999999467174897738175332051469
0.999999425400160513177638677007
0.999999382049020058005339706142
0.999999337121476483680737601389
0.999999290617530012248437287781
0.999999242537180754730741227831
0.999999192880429155216859271604
0.999999141647275213706791419099
0.999999088837719374289747520379
0.999999034451761747988030037959
0.999998978489402556846243896871
0.999998920950642244953598947177
0.999998861835481034354700113909
0.999998801143919036071849859582
0.999998738875956805216560496774
0.999998675031594341788832025486
0.999998609610832200900176758296
0.999998542613670604595199620235
0.999998474040109774918505536334
0.999998403890150155959304356657
0.999998332163791969762201006233
0.999998258861035660416405335127
0.999998183981881560988824730885
0.999998107526330004546366581053
0.999998029494381324155938273179
0.999997949886035963906749657326
0.99999786870129425686570812104
0.999997785940156536099721051869
0.999997701602623245697998299875
0.999997615688694718727447252604
0.999997528198371510299580222636
0.999997439131653953481304597517
0.999997348488542381339527764794
0.999997256269037348985762037046
0.999997162473139300509217264334
0.999997067100848568976800834207
0.999996970152165598477722596726
0.999996871627090944123494864471
0.999996771525625050003327487502
0.9999966698477684712287327784
0.999996566593521429844315662194
0.999996461762884703006193376496
0.99999635535585862378127330885
0.999996247372443747281067771837
0.999996137812640517594786615518
0.999996026676449489833942152472
