1
0.999999998929388067558932107204
0.999999995717552381258030891331
0.999999990364492941097296352382
0.999999982870209747076728490356
0.999999973234702799196327305253
0.999999961457972319500697722106
0.999999947540018196967537278397
0.999999931480840653641450899158
0.99999991328043968952243858439
0.999999892938815526655105259124
0.999999870455968276061753385875
0.999999845831897937742382964643
0.999999819066604955786203845491
0.999999790160089219170913565904
0.999999759112351060963419513428
0.999999725923390592186024150578
0.999999690593208145905634864903
0.999999653121803944166856581433
0.999999613509178097991991762683
0.999999571755330940447947796201
0.999999527860262693579329607019
0.999999481823973690453044582682
0.999999433646464153113697648223
0.999999383327734525650498653704
0.999999330867785141130354986672
0.999999276266616110575569109642
0.999999219524227989097653335193
0.999999160640621109763515050872
0.99999909961579569461775918171
0.999999036449752409794200502802
0.999998971142491477337443939177
0.999998903694013230314396878384
0.999998834104318334858874095517
0.999998762373407124037782978121
0.99999868850128004194033337626
0.999998612487937532655735139997
0.999998534333380262317803044425
0.999998454037608452971142014576
0.999998371600622881771869288059
0.999998287022423881786892252421
0.999998200303012119150025682757
0.999998111442388148972781891644
0.99999802044055252636667319166
0.999997927297505695420909432869
0.99999783201324843329160785288
0.999997734587781406112583226786
0.999997635021104946950742942136
0.999997533313220055006809161569
0.999997429464127063347689272632
0.999997323473826860151802975452
0.999997215342320000530662582605
0.999997105069607261640385331702
0.999996992655689309614785997837
0.999996878100566810587679356104
0.999996761404240652737485106627
0.999996642566711391175715561985
0.999996521587980025103092884819
0.999996398468047109631129387708
0.999996273206913532938244770776
0.999996145804580183202858734148
0.999996016261047615536483590404
0.999995884576316940162143964699
0.999995750750388934235957094643
0.999995614783264374914040217845
0.999995476674944150374813034432
0.999995336425429259818997707043
0.999995194034720480402711473289
0.99999504950281881132667649581
0.999994902829725029747010012215
0.999994754015440245886736647662
0.999994603059965458946578564792
