1
0.999999999498367819761313057825
0.999999997993471279045252231299
0.999999995485310266829515057907
0.99999999197388500515870646268
0.999999987459195383010523983103
0.999999981941241400384967619175
0.999999975420023057282037370896
0.999999967895540353701733238267
0.999999959367793511688660146319
0.999999949836782309198213170021
0.999999939302506968274997234403
0.99999992776496737789670987695
0.999999915224163538063351097662
0.999999901680095670819525821571
0.999999887132763776165234048676
0.999999871582167743078173316462
0.99999985502830779360294854996
0.999999837471183816717257286655
0.999999818910796034465704451577
0.999999799347144335825987582211
0.999999778780228942842711603589
0.99999975721004985551587651571
0.999999734636607073845482318575
0.999999711059900708853831474698
0.999999686479930760540923984081
0.999999660896697450951364771754
0.999999634310200780085153837717
0.999999606720440858964593644487
0.999999578127417687589684192062
0.999999548531131488005030405475
0.999999517931582149188329822209
0.999999486328770004206489829812
0.999999453722694942037207965768
0.999999420113357184725089155108
0.999999385500756843292435860349
0.999999349884893917739248081489
0.999999313265768519087828281044
0.999999275643380869382781384047
0.999999237017730968624107390497
0.999999197388819038856411225424
0.999999156756645191101995351346
0.999999115121209425360859768261
0.999999072482511963677609401202
0.999999028840552917074546712684
0.999998984195332396573974165221
0.999998938546850624220496683847
0.999998891895107600014114268561
0.999998844240103545999431844393
0.999998795581838573198751873861
0.999998745920312903656679281994
0.999998695255526648395516531309
0.999998643587479807415263621806
0.999998590916172824805130403547
0.999998537241605589542814414017
0.999998482563778434695223040762
0.999998426882691471284658746299
0.999998370198344810333423993143
0.99999831251073878490842616884
0.999998253819873395009665273392
0.999998194125748862681746231829
0.999998133428365409969273969182
0.999998071727723147894550947967
0.999998009023822298502182093216
0.999997945316663194859074792475
0.999997880606245836965229045745
0.999997814892570446865249778057
0.999997748175637246603741914441
0.99999768045544645822531037993
0.999997611731998303774560099555
0.999997542005292894273793535831
0.999997471275330562789918076305
