1
0.999999999365670189099830622581
0.999999997462680645377020027809
0.999999994291031590876173140714
0.999999989850722803552685036266
0.99999998414175439442885817698
0.999999977164126474526995025371
0.999999968917838932824793118925
0.999999959402891769322252457641
0.999999948619285206063977966551
0.999999936567019132027667183138
0.999999923246093658235622569919
0.999999908656508895710146589408
0.999999892798264733428936779092
0.999999875671361393436598064
0.999999857275798764710827981617
0.999999837611577069296231456974
0.999999816678696418215110952588
0.999999794477156700445164005941
0.999999771006958138030995542067
0.99999974626810084199490802348
0.99999972026058481233690145018
0.999999692984410160079278284684
0.999999664439576996244340989506
0.999999634626085542876694489678
0.9999996035439357999763387852
0.999999571193127878565576338588
0.999999537573662000689012074872
0.999999502685538166346645994054
0.999999466528756486560780558648
0.999999429103317294398323156202
0.999999390409220589859273786715
0.999999350446466594988237375219
0.99999930921505542080751638423
0.999999266714987178339413276262
0.999999222946261978606230513833
0.999999177908880154674875484488
0.999999131602841817567650650744
0.999999084028147189329160937632
0.999999035184796269959406345151
0.999998985072789503547596723365
0.999998933692126779071429609758
0.999998881042808540620114854391
0.999998827124834899215954919782
0.999998771938206076903554730961
0.99999871548292229572751921296
0.99999865775898377773245329081
0.999998598766390633940659427026
0.999998538505143197419045009156
0.999998476975241579189912499714
0.999998414176686223342471748765
0.999998350109477129876722756308
0.999998284773614742881875372404
0.999998218169099284402534522087
0.999998150295930865461002667871
0.999998081154109819124187197303
0.999998010743636478458995497931
0.99999793906451095448773003227
0.999997866116733691299600650382
0.999997791900304910939212277299
0.999997716415224835451169838052
0.999997639661493797902380720188
0.999997561639112131359752311255
0.999997482348080057867889536283
0.999997401788397910493699782819
0.999997319960065911281787975895
0.999997236863084615343666428089
0.999997152497454022679335139401
0.999997066863174688400306422409
0.99999697996024694557348766466
0.99999689178867090522118132867
0.999996802348447122454899727018
