1
0.999999999806712835948019346688
0.999999999226851232769774924236
0.99999999826041530148756919516
0.999999996907404931079099696944
0.999999995167820232566668892105
0.999999993041661205950276780641
0.999999990528927740207620900037
0.999999987629619946361003712809
0.999999984343737713388122756442
0.99999998067128115231128049345
0.999999976612250263130476923834
0.999999972166645045845712047594
0.999999967334465389434683402214
0.999999962115711515941995912726
0.999999956510383203323044654098
0.999999950518480562600132088846
0.999999944140003704795560679486
0.999999937374952407864725500986
0.999999930223326893852231478377
0.999999922685127051735776149144
0.999999914760352881515359513287
0.999999906449004494213284033322
0.999999897751081778807247246732
0.999999888666584846319551616034
0.999999879195513585727894678712
0.999999869337868219076881359797
0.999999859093648524321906734258
0.99999984846285461248527326461
0.999999837445486483566980950854
0.999999826041544248589332255506
0.999999814251027796530024716049
0.999999802073937127389058332483
0.999999789510272352188735567324
0.999999776560033470929056420573
0.999999763223220372587718429713
0.999999749499833279209326519776
0.999999735389872079771578228247
0.999999720893336774274473555124
0.999999706010227362718012500409
0.999999690740543956124497526616
0.999999675084286554493928633747
0.9999996590414551578263058218
0.999999642612049766121629090776
0.999999625796070379379898440675
0.999999608593517108623416334012
0.999999591004389842829880308273
0.999999573028688693021592825971
0.999999554666413659198553887109
0.999999535917564741360763491684
0.999999516782142050530524102214
0.999999497260145475685533256183
0.999999477351575127848093416105
0.999999457056431007018204581982
0.999999436374713113195866753813
0.999999415306421557403382394114
0.999999393851556228618449040368
0.999999372010117237863369155093
0.999999349782104585138142738288
0.999999327167518381465072252468
0.999999304166358515821855235117
0.999999280778625099230794148752
0.999999257004318020669586530857
0.999999232843437613205139768979
0.999999208295983543770546475571
0.999999183361956145432714038179
0.999999158041355307169339994289
0.999999132334181028980424343899
0.999999106240433310865967087011
0.999999079760112374870573148655
0.999999052893217998949637603801
0.999999025639750405147765377478
