1
0.999999999865589628278428335761
0.999999999462358513113713343046
0.999999998790306765528157484368
0.999999997849434163477155834698
0.999999996639740929005313319067
0.999999995161226951090327474958
0.999999993413892229732198302372
0.999999991397736764930925801309
0.999999989112760556686509971769
0.999999986558963716021253276267
0.999999983736346131912853252288
0.999999980644907804361309899832
0.999999977284648733366623218899
0.999999973655569029951095672004
0.999999969757668583092424796632
0.999999965590947503812913055299
0.999999961155405570067955522973
0.999999956451043114924459587201
0.999999951477859805315517860436
0.999999946235855974308037730225
0.999999940725031288835111809021
0.999999934945386081963647484372
0.999999928896920131649039831245
0.999999922579633437891288849642
0.999999915993526111712697002076
0.99999990913859815311326428855
0.999999902014849562092990709061
0.999999894622280338651876263611
0.9999998869608904827899209522
0.999999879030679883484822312312
0.999999870831648762781185268977
0.999999862363796898634404897166
0.999999853627124513089086121909
0.99999984462163149512292648069
0.999999835347317955758228436025
0.999999825804183672950387062883
0.999999815992228868744007286296
0.999999805911453543139089106262
0.999999795561857585113330060267
0.999999784943441105689032610826
0.999999774056203993843894295424
0.999999762900146360600217576575
0.999999751475268205958002454281
0.999999739781569529917248928541
0.999999727819050332477956999355
0.999999715587710724662429129239
0.999999703087550484426060393162
0.999999690318569833813455716154
0.9999996772807686618023126357
0.999999663974146968392631151801
0.999999650398704864606713726971
0.999999636554442350444560361211
0.999999622441359425906171054521
0.999999608059455979969243344385
0.999999593408732234678382155835
0.999999578489187967988982563838
0.999999563300823401945649493427
0.999999547843638425526080482086
0.999999532117633149752577992331
0.999999516122807463602839561645
0.999999499859161367076865190029
0.999999483326695082219259802514
0.999999466525408386985418474069
0.999999449455301503419946129725
0.999999432116374209478237844451
0.999999414508626727204898543278
0.99999939663205894557762576369
0.999999378486670975618721968203
0.999999360072462817328187156818
0.999999341389434359683718867018
0.999999322437585713707619561319
