1
0.999999999623911284274413446838
0.999999998495645359142258712382
0.999999996615202002558930871601
0.999999993982581325546732387011
0.999999990597783328105663258611
0.999999986460808010235723486403
0.999999981571655482959215532901
0.999999975930325524231534473074
0.999999969536818356097285231954
0.99999996239113397855646780954
0.999999954493272280586779743317
0.9999999458432333732105234958
0.99999993644101725642769906699
0.999999926286623930238306456886
0.999999915380053394642345665488
0.999999903721305760662119155313
0.99999989131038102829762692636
0.999999878147279197548868978629
0.99999986423200026841584531212
0.999999849564544351920858389349
0.999999834144911448063908210315
0.99999981797310155684499477502
0.999999801049114678264118083462
0.999999783372951034365883060673
0.999999764944610403105684781622
0.999999745764093117550430633855
0.999999725831398955655515692342
0.999999705146528139465544882114
0.999999683709480668980518203171
0.999999661520256544200435655512
0.999999638578855876147599701653
0.999999614885278664822010341595
0.999999590439525021245970037853
0.999999565241594945419478790427
0.999999539291488437342536599317
0.999999512589205719059748389554
0.999999485134746790571114161139
0.999999456928111651876633914071
0.999999427969300413998610110866
0.999999398258313076937042751524
0.999999367795149862736536761076
0.999999336579810660374789677007
0.999999304612295580874103961833
0.999999271892604846279084540583
0.999999238420738345567428950744
0.999999204196696300783742117346
0.999999169220478600905721577874
0.999999133492085579000274719874
0.999999097011517124045099080831
0.999999059778773347062497123261
0.999999021793854359074771309679
0.999998983056760271104224102601
0.999998943567491083150855502026
0.999998903326047017259270432987
0.999998862332428073429468895483
0.999998820586634251661450889515
0.999998778088665885022123802628
0.999998734838522973511487634823
0.999998690836205517129542386101
0.999998646081713626898590518977
0.999998600575047524863236958481
0.999998554316207211023481704615
0.999998507305192907423929682409
0.999998459542004503042278429348
0.999998411026642330945435332978
0.999998361759106391133400393301
0.99999831173939679462847607283
0.999998260967513652452964834083
0.99999820944345718665147160209
0.999998157167227397223996376852
0.999998104138824395192841620883
