1
0.999999999659785254735311355034
0.999999998639140907918942957622
0.999999996938066959550894807762
0.999999994556563631675771830487
0.999999991494630591226666638249
0.99999998775226806024818415608
0.99999998332947603874032438398
0.999999978226254526703087321948
0.99999997244260341311417050747
0.99999996597852280899587640306
0.999999958834012825370507471234
0.999999951009073240193458786962
0.999999942503704275509335275274
0.999999933317905820295834473654
0.999999923451677985575258844619
0.999999912905020771347608388169
0.999999901677934177612883104302
0.999999889770418204371082993021
0.999999877182472962644510516839
0.999999863914098341410863213241
0.999999849965294451692443544744
0.999999835336061293489251511346
0.999999820026398977823589575564
0.999999804036307393673155274882
0.999999787365786763082553534332
0.999999770014836975029481891397
0.999999751983458029513940346078
0.999999733271650148580533823406
0.999999713879413110184657398349
0.999999693806747247393218458456
0.999999673053652338161612078693
0.999999651620128604534443184093
0.999999629506176046511711774656
0.999999606711794664093417850381
0.999999583236984568301863873785
0.999999559081745759137049844867
0.999999534246078236598975763627
0.999999508729982111709944092581
0.999999482533457495492257294245
0.999999455656504387945915368618
0.999999428099122789070918315701
0.99999939986131280988956859801
0.999999370943074450401866215543
0.999999341344407932652416093333
0.999999311065313145618915768864
0.999999280105790200323667704652
0.999999248465839207788974363211
0.999999216145460168014835744543
0.999999183144653192023554311163
0.999999149463418279815130063071
0.999999115101755542411865462782
0.999999080059665090836062972812
0.999999044337147036110025055677
0.999999007934201267211449248862
0.999998970850828006184940477397
0.999998933087027253030498741282
0.999998894642799229792728965549
0.999998855518143825449328687682
0.999998815713061262044902832713
0.999998775227551428557148938125
0.999998734061614658052974391467
0.999998692215250950532379192737
0.999998649688460305995363341935
0.999998606481242835464229301579
0.999998562593598649961279534182
0.999998518025527860508816502261
0.999998472777030578129142668331
0.999998426848106802822258032393
0.999998380238756756632767519477
0.999998332948980328538368667068
0.999998284978777851605968862714
