1
0.999999999767608227507764695474
0.999999999070432910031058781897
0.999999997908474047569882259268
0.999999996281731640124235127587
0.999999994190205687694117386854
0.99999999163389619027952903707
0.999999988612803147880470078235
0.999999985126926560496940510347
0.999999981176266428128940333409
0.999999976760822861798772009934
0.999999971880595750484133077407
0.999999966535585094185023535829
0.999999960725790892901443385199
0.999999954451213257655695088033
0.999999947711852188447778644331
0.999999940507707574255391591578
0.999999932838779526100836392288
0.999999924705068043984113046463
0.999999916106573016882919091586
0.999999907043294666841859452688
0.999999897515232882838631667255
0.999999887522387664873235735286
0.99999987706475901294567165678
0.999999866142347038078241894254
0.999999854755151629248643985193
0.999999842903173008501482854626
0.999999830586410953792153577524
0.999999817804865687165261078917
0.999999804558536986576200433774
0.999999790847425074069576567126
0.999999776671529949645389478974
0.999999762030851502281336706801
0.999999746925389954022023175639
0.999999731355145082822843960457
0.999999715320117110728403986286
0.999999698820306037738703253126
0.999999681855711752831439298461
0.999999664426334367028914584807
0.999999646532173880331129112164
0.999999628173230403760385343048
0.999999609349503937316683277459
0.99999959006099436997772045288
0.999999570307701812765799331828
0.999999550089626376703222376818
0.999999529406767950767687125335
0.99999950825912675700379850241
0.999999486646702573366951583012
0.999999464569495621901751292171
0.999999442027505791585895167373
0.999999419020733304463988133648
0.999999395549178049513727728481
0.999999371612840026735113951872
0.999999347211719347150449266337
0.999999322345816121782036134391
0.999999297015130128585269631003
0.99999927121966170062705714372
0.999999244959410726885096210026
0.999999218234377207359386829921
0.999999191044561253072231465922
0.999999163389962864023630118027
0.999999135270582151235885248752
0.999999106686419003686694395583
0.99999907763747364342066248355
0.999999048123745959415487050137
0.999999018145236062693470557861
0.999998987701944064276915469236
0.999998956793869853143519321748
0.999998925421013540315584577911
0.999998893583375125793111237726
0.999998861280954831620704226225
0.999998828513752546776061080891
