1
0.999999999573800146812629918713
0.999999998295200587250519674853
0.999999996164201210291366805905
0.999999993180802126957473774382
0.999999989345003337248840580287
0.999999984656804952187769686134
0.999999979116206749729656166892
0.999999972723208840896802485076
0.999999965477811336711511103204
0.999999957380014237173782021273
0.999999948429817431261312776769
0.999999938627221029996405832208
0.999999927972225033379061187588
0.999999916464829552431581305427
0.999999904105034587153966185724
0.999999890892840026523913365963
0.999999876828246092586027771176
0.999999861911252674318006938847
0.999999846141859882742153331492
0.99999982952006771785846694911
0.999999812045876401711552716733
0.99999979371928571225680570933
0.999999774540295760516528389417
0.999999754508906768535325682024
0.999999733625118625290895124635
0.999999711888931441805539179768
0.999999689300345329101560309937
0.999999665859360176156656052626
0.999999641565976205015431332868
0.999999616420193304655583688145
0.999999590422011808144020506006
0.999999563571431493436136861419
0.999999535868452582576537679415
0.99999950731307518658752542251
0.999999477905299305469100090704
0.999999447645125050243564146513
0.999999416532552420910917589936
0.999999384567581528493462883489
0.999999351750212484013502489688
0.999999318080445398493338871049
0.999999283558280382955274490087
0.999999248183717326377006884286
0.999999211956756561825443441194
0.99999917487739808930058416081
0.999999136945641908802429043135
0.9999990981614882423755830132
0.99999905852493720104234853352
0.999999018035988784802725604095
0.999998976694643104679016687442
0.999998934500900382715826708591
0.999998891454760618913155667542
0.999998847556223924293306026811
0.999998802805290409878580248915
0.999998757201960297713583258883
0.999998710746233698820617519232
0.999998663438110502177380567446
0.999998615277591151873082253587
0.999998566264675536885420115141
0.999998516399363768236696614622
0.999998465681656178993819139578
0.999998414111552769156787690008
0.999998361689053649747904728429
0.999998308414158931789472717355
0.999998254286868837326096581819
0.999998199307183477380078784336
0.999998143475103073996024249936
0.999998086790627627173932978621
0.999998029253757247936107432906
0.999997970864492269349455000338
0.999997911622832802436278143432
0.999997851528778847196576862189
