1
0.999999999318306742601691894379
0.999999997273226970406767577515
0.999999993864760683415227049409
0.999999989092907992649372772576
0.9999999829576687870869022845
0.999999975459043066727815585182
0.999999966597031053616717599652
0.999999956371632636731305865396
0.999999944782847816071580382413
0.999999931830676813682146075735
0.999999917515119518540700482845
0.999999901836176041669546066259
0.999999884793846494090985288494
0.999999866388130875805018149549
0.99999984661902929783394711194
0.999999825486541871200074638182
0.999999802990668595903400728275
0.999999779131409582966227844736
0.999999753908765054433160912595
0.999999727322735010304199931852
0.999999699373319561601647365023
0.999999670060518708325503212109
0.999999639384332894564977323171
0.999999607344761898275464773178
0.999999573941806052523872949678
0.999999539175465468332504315185
0.999999503045740256723661332217
0.999999465552630528719646463287
0.999999426696136506365064633428
0.99999938647625818965991584264
0.999999344892996022693409940985
0.999999301946350005465546928463
0.999999257636320248998629267589
0.999999211962907086359564345912
0.999999164926110628570654625946
0.999999116525931097676505032723
0.999999066762368715721720491274
0.999999015635423482706301001599
0.999998963145095953741758876276
0.999998909291386017805791652791
0.999998854074294007965306718688
0.999998797493820257287211461517
0.999998739549964876793808343791
0.999998680242728199552004753059
0.999998619572110336584103151836
0.999998557538111731979313390184
0.999998494140732385737635468104
0.999998429379972741948279235658
0.999998363255833022655849617877
0.999998295768313449904951539793
0.999998226917414356762492388953
0.999998156703135965273077090387
0.999998085125478608503613031644
0.99999801218444261952100760027
0.999997937880028220369865721295
0.999997862212235744117094782268
0.999997785181065523829602170736
0.999997706786517892574295274244
0.999997627028593072395779017825
0.999997545907291396360960789025
0.999997463422613308559050437907
0.999997379574559142056955352018
0.99999729436312911889928045639
0.999997207788323683175235601084
0.999997119850143056929425711132
0.999997030548587795273363099113
0.999996939883658120251652690058
0.999996847855354475953504334029
0.999996754463677306468127881089
0.999996659708626722817825793754
0.999996563590203391136412847118
