1
0.999999999614767154376693270024
0.99999999845906872852907554261
0.99999999653290472245714681776
0.999999993836275136160907095473
0.999999990369179858618053913233
0.999999986131619000850889733556
0.999999981123592562859414556442
0.999999975345100544643628381891
0.999999968796143057225833672419
0.999999961476719878561425502994
0.999999953386831230695008798648
0.99999994452647711362658355938
0.999999934895657527356149785192
0.999999924494372360861405013566
0.999999913322621836186954169534
0.999999901380405953332797253097
0.999999888667724601276631801738
0.999999875184577891040760277974
0.999999860930965822625182681804
0.999999845906888507052201475744
0.999999830112345944321816659794
0.999999813547338134434028233954
0.999999796211865077388836198224
0.999999778105926995230845477636
0.999999759229523776937753609673
0.999999739582655422509560594335
0.999999719165322153990871356655
0.999999697977523860359383434115
0.999999676019260652637399289233
0.999999653290532530824918922008
0.999999629791339605944244794955
0.99999960552168198901767937059
0.999999580481559680045222648914
0.999999554670972679026874629926
0.999999528089921096984937776142
0.999999500738404933919412087562
0.999999472616424411874902489217
0.999999443723979419829106518591
0.999999414061070068804326638201
0.999999383627696469822865310562
0.999999352423858733907024998189
0.999999320449556861056805701082
0.999999287704790962294509881758
0.999999254189561037620137540216
0.999999219903867309078293601488
0.999999184847709665646675603057
0.999999149021088329369888469955
0.999999112424003300247932202183
0.999999075056454800325411724771
0.999999036918442718580024575203
0.999998998009967388078678141028
0.999998958331028586776767497213
0.999998917881626647741200031305
0.999998876661761681994278205821
0.999998834671433578513699558243
0.999998791910642559344069013605
0.999998748379388735507689034421
0.999998704077672218026862083207
0.999998659005493117923890622478
0.999998613162851435198774652235
0.99999856654974739189611909751
0.999998519166180988015923958301
0.999998471012152334580491697125
0.999998422087661653634427239012
0.99999837239270905620003304648
0.999998321927294542277309119527
0.999998270691418333910860383185
0.999998218685080542122989299969
0.99999816590828116691369586988
0.999998112361020430327585017949
0.999998058043298443386959206691
