1
0.999999999472653500198759957129
0.999999997890614000795039828517
0.999999995253881501788839614164
0.99999999156245600318015931407
0.999999986816337504968998928234
0.999999981015526007155358456657
0.999999974160021620761540361855
0.999999966249824345787544643827
0.999999957284934071211068840057
0.999999947265351019076717875578
0.999999936191075078362189287873
0.999999924062106360089785539458
0.999999910878444753237204167817
0.999999896640090590871352560498
0.999999881347043650947625792469
0.999999864999304155510628788761
0.999999847596871993538059086859
0.999999829139747276052219149278
0.99999980962793022509771390105
0.999999789061420618629938417143
0.999999767440218789715800085105
0.999999744764324627332996442419
0.999999721033738353526132414117
0.999999696248459857272905537684
0.99999967040848936061792073815
0.999999643513826863561178015516
0.999999615564472477124979832297
0.999999586560426423353931113525
0.999999556501688480203426934168
0.999999525388259091762677144288
0.999999493220138147009379281371
0.999999459997325756965835807932
0.999999425719822143676651649002
0.999999390387627307141826804582
0.999999354000741358383663737186
0.999999316559164408424464909331
0.999999278062896679308835246047
0.999999238511938282059077209851
0.999999197906289216675190800743
0.999999156245949705201780943753
0.999999113530919747638847638882
0.999999069761199677053298273677
0.999999024936789604467435310653
0.999998979057689529881258749811
0.999998932123899675339373516181
0.999998884135420262886384534795
0.999998835092251292522291805653
0.999998784994392986291700253787
0.999998733841845566239214804227
0.99999868163460914338713791949
0.999998628372683939780074524606
0.999998574056069955418024619576
0.999998518684767523367895591946
0.999998462258776865674292366748
0.999998404778097982337214943982
0.999998346242731095401268248679
0.999998286652676426911057205871
0.999998226007934309933489203104
0.999998164308504633446261777863
0.99999810155438784153858478021
0.999998037745584045232760672661
0.999997972882093466573394380248
0.999997906963916216582788365486
0.999997839991052628327850015921
0.999997771963502923853184256586
0.999997702881267214181093549996
0.999997632744345721356182821182
0.999997561552738778445359457692
0.99999748930644649647092592204
0.999997416005469208499789601774
0.999997341649807025554252959409
