1
0.999999999696604247034770196478
0.999999998786417210183685710945
0.999999997269438667402141618368
0.999999995145668729712440381263
0.999999992415107286092279537115
0.999999989077754558586264010955
0.999999985133610436172091340268
0.999999980582674807827459062537
0.999999975424947895596972102794
0.999999969660429588458327998524
0.999999963289119997433829212241
0.999999956311019011501173281431
0.999999948726126630660360206093
0.999999940534442965933692448743
0.999999931735968017321170009382
0.999999922330701673800490425492
0.999999912318644157416258622106
0.999999901699795357146172136709
0.999999890474155272990230969299
0.999999878641724015970737582393
0.99999986620250158608769197599
0.999999853156487983341094150092
0.999999839503683207730944104696
0.999999825244087370279544302321
0.999999810377700359964592280448
0.999999794904522287808390501596
0.999999778824553153810938965762
0.999999762137793068994540135463
0.999999744844241922336891548184
0.99999972694389982486029566644
0.999999708436766887587054952746
0.999999689322842999494866944588
0.999999669602128271606034104479
0.999999649274622814942858894938
0.999999628340326518483038853446
0.999999606799239382226573980006
0.999999584651361628218069199647
0.999999561896693256457524512371
0.999999538535234266944939918176
0.999999514566984659680315417063
0.999999489991944545685953471548
0.99999946481011392496185408163
0.99999943902149279750801724731
0.999999412626081385369047893619
0.999999385623879577522643558041
0.999999358014887484991106703092
0.999999329799105107774437328771
0.999999300976532556894937897596
0.999999271547169832352608409565
0.999999241511017045169751327194
0.999999210868074195346366650483
0.999999179618341393904756841948
0.999999147761818751867224364105
0.999999115298506158211466754437
0.999999082228403723959786475461
0.999999048551511560134485989693
0.999999014267829777757867759647
0.999998979377358265807629322808
0.999998943880097357350678066723
0.999998907776046830342409066361
0.999998871065206906827427246753
0.9999988337475775868057326079
0.999998795823158981299627612316
0.999998757291951201331414722517
0.999998718153954246901093938504
0.999998678409168229030967722792
0.999998638057593147721036075382
0.999998597099229113993601458787
0.999998555534076349893268798041
0.999998513362134633375433168112
0.999998470583404297507001956546
