1
0.999999999433133557324993034854
0.999999997732534229299972139415
0.999999994898201904902634851169
0.999999990930136806177586095146
0.99999998582833882210252340883
0.999999979592807952677446792222
0.999999972223544308924658707838
0.999999963720547779821856693161
0.999999954083818587413645673223
0.999999943313356509655420722993
0.999999931409161768591786767502
0.999999918371234475245046269265
0.999999904199574407570594303252
0.999999888894181898635338257009
0.999999872455056726394673205505
0.999999854882199112893204073771
0.999999836175609169153233324323
0.999999816335286895174760957161
0.999999795361232290957786972285
0.999999773253445467524613832211
0.999999750011926535897543999454
0.999999725636675496076577474014
0.999999700127692570106319180923
0.99999967348497775798676912018
0.999999645708531059717927291786
0.999999616798352808366701083287
0.999999586754442892910788032168
0.999999555576801424372490600945
0.999999523265428624796413714648
0.999999489820324605204859835794
0.999999455241489254575526501867
0.999999419528923016997623562929
0.999999382682625781448848556465
0.999999344702597769973806407506
0.999999305588839093594799578568
0.999999265341349863334130532166
0.999999223960130190214101730817
0.99999918144518029627931809955
0.999999137796500292552082100883
0.99999909301409029005469619733
0.999999047097950510831765313924
0.999999000048080954883289450663
0.999998951864482066298478457611
0.999998902547153734055029872252
0.999998852096096291219851082133
0.999998800511309848815244549769
0.999998747792794517863512737677
0.999998693940550631431563033402
0.999998638954578189519395436946
0.999998582834877525193917335855
0.999998525581448749477431192645
0.999998467194292195436844394862
0.999998407673407863072156942508
0.999998347018796085450276223128
0.999998285230456973593504699238
0.999998222308390860568749758386
0.999998158252597857398313863087
0.999998093063078186126801938372
0.999998026739832179821121371788
0.999997959282859949503574625851
0.999997890692161717218766625592
0.999997820967737816033604758559
0.999997750109588356970391487266
0.999997678117713673096034199261
0.999997604992113986455137819576
0.999997530732789630114609735756
0.999997455339740715096752410318
0.999997378812967463446170768293
0.999997301152470319252074659744
0.999997222358249393536766547186
0.999997142430305130389456280682
