1
0.999999999901363900711714904901
0.999999999605455491824557157088
0.999999999112274884360829219077
0.999999998421821967298228628351
0.999999997534096851659057847428
0.999999996449099426421014413791
0.999999995166829802606400789955
0.999999993687287869192914513405
0.999999992010473737202858046658
0.999999990136387295613928927196
0.999999988065028655448429617536
0.999999985796397816706360117678
0.999999983330494668365417965106
0.999999980667319321447905622335
0.999999977806871664931520626851
0.999999974749151809838565441169
0.999999971494159645146737602772
0.999999968041895392900642036693
0.999999964392358720033371355385
0.999999960545549959611832946393
0.999999956501468889591421884688
0.999999952260115620994440632785
0.999999947821490153820889190683
0.999999943185592488070767558384
0.99999993835242251272177327337
0.999999933321980338796208798158
0.999999928094265966294074132747
0.999999922669279395215369277139
0.999999917047020625560094231332
0.999999911227489546305946532812
0.999999905210686379497531106608
0.999999898996611014112545490207
0.999999892585263450150989683607
0.999999885976643687612863686809
0.999999879170751615475865037297
0.999999872167587566806901122618
0.999999864967151208539064555225
0.999999857569442651694657797634
0.99999984997446200729598331236
0.999999842182209164320738636889
0.999999834192684233791226233734
0.999999826005886993662841177866
0.999999817621817665980188394315
0.999999809040476250743267883081
0.999999800261862636929777181649
0.999999791285976935562018752535
0.999999782112819035617690133222
0.999999772742389159141396248742
0.999999763174686973066229711549
0.999999753409712810459097909188
0.999999743447466449275395916629
0.999999733287948000537426196388
0.999999722931157464245188748464
0.999999712377094840398683572857
0.999999701625760240020213132084
0.999999690677153441065172501112
0.999999679531274554555864142458
0.999999668188123691514590518636
0.999999656647700740919049167132
0.999999644910005702769240087946
0.999999632975038577065163281077
0.999999620842799474829121209041
0.999999608513288396061113871838
0.999999595986505229738838806952
0.9999995832624500868845984769
0.999999570341122856476090419164
0.999999557222523760557919558778
0.999999543906652577085480970709
0.999999530393509417081077117473
0.99999951668309428054470799907
0.9999995027754071674763736155
