1
0.999999999472893086327474065911
0.999999997891572234287593801128
0.999999995256037554902661668166
0.99999999156628893715037520451
0.999999986822326492053036872676
0.999999981024150108588344210148
0.999999974171760008800902141957
0.999999966265156081668408205587
0.999999957304338327190862401039
0.999999947289306856390567190829
0.999999936220061669267522574955
0.999999924096602765821728553419
0.999999910918930257075487588736
0.99999989668704403200649721839
0.999999881400944312659362367413
0.999999865060631099034083035804
0.999999847666104391130659223563
0.999999829217364299971393393207
0.999999809714410825556285544735
0.999999789157244189929940603179
0.999999767545864171047753643506
0.999999744880271101976632053265
0.99999972116046487169427336994
0.999999696386445591222980056045
0.999999670558213482607357036613
0.999999643675768545847404311644
0.999999615739110780943121881137
0.999999586748240298916812207608
0.999999556703157321813080216089
0.999999525603861849631925906579
0.999999493450353882373349279078
0.999999460242633753104257721134
0.99999942598070135080234877023
0.999999390664557008534529813915
0.999999354294200615278498389671
0.999999316869632282056556960015
0.999999278390852341935612912494
0.999999238857860794915666247107
0.999999198270657640996716963855
0.9999991566292433242679749128
0.999999113933617622684835168911
0.999999070183780869314205119736
0.999999025379733175178387227788
0.999998979521474762321986418101
0.999998932609005519722700228158
0.999998884642325891469738508022
0.999998835621435877563101257692
0.999998785546335589025090939685
0.999998734417025358922614941548
0.99999868223350518725567326328
0.999998628995775296068870829913
0.999998574703835796384510103962
0.999998519357687021269498472975
0.999998462957328970723835936951
0.999998405502761866792127420922
0.999998346993985931518977849919
0.999998287431001386948992148973
0.9999982268138083441044727806
0.999998165142407025030024669832
0.999998102416797540747950279183
0.999998038636980335347459458717
0.999997973802955297806249745918
0.999997907914722761191228528332
0.999997840972283058569303193508
0.999997772975636189940473741444
0.999997703924782599393950022204
0.999997633819722286929732035787
0.999997562660455585614727169741
0.999997490446982717493540349096
0.999997417179303904610776498885
0.999997342857419369011040544137
