1
0.999999999231268033028641184501
0.999999996925072132114564738004
0.999999993081412297257770660508
0.999999987700288528458258952014
0.999999980781700936738332075038
0.999999972325649411075687567063
0.999999962332134062492627890606
0.999999950801155002011455508182
0.999999937732712229632170419791
0.999999923126805745354772625433
0.999999906983435771223867050139
0.999999889302602196217151231394
0.99999987008430524237923009423
0.999999849328544909710103638645
0.999999827035321309232074327156
0.999999803204634551967444622278
0.999999777836484859960819449043
0.999999750930872122189896344935
0.999999722487796671721582697501
0.999999692507258619578180969256
0.999999660989257965759691160201
0.999999627933794932310718195367
0.99999959334086963025356453727
0.999999557210482281632835110941
0.99999951954263310849313484141
0.999999480337322110834463728679
0.999999439594549621723729160294
0.999999397314315752183233598771
0.999999353496620724257581969141
0.999999308141464759991379196435
0.999999261248848081429230205686
0.999999212818770799593437459407
0.999999162851233136528605882631
0.999999111346235536323945325421
0.999999058303777998979455787776
0.999999003723860857562044657243
0.999998947606484445138619321369
0.999998889951648872731482242671
0.999998830759354584429843271209
0.999998770029601580233702406986
0.999998707762390415254571962578
0.999998643957721311537056863017
0.999998578615594380103459570819
0.999998511736010176065292398562
0.999998443318968810444857808761
0.99999837336447072733136565148
0.999998301872516259791723314265
0.999998228843105629870535722148
0.999998154276239170634710262675
0.999998078171917326173456785909
0.999998000530140429553682679398
0.999997921350908813842295330687
0.999997840634222812106202127325
0.999997758380082868434612919373
0.999997674588489204872132631863
0.999997589259442487552576039889
0.999997502392942827498245605966
0.999997413988990779820653642673
0.999997324047586677586707537557
0.999997232568731075907919603196
0.999997139552424196828894764622
0.999997044998666595461145334411
0.999996948907458715893881162629
0.999996851278801002216312099335
0.999996752112693787495345532079
0.999996651409137626842493773438
0.999996549168132964346966673475
0.999996445389680244097974082251
0.999996340073780021207028312347
0.999996233220432739763339213823
0.999996124829638954878419099259
