1
0.999999999320952626113978567446
0.999999997283810615478216732299
0.999999993888573857070412032044
0.999999989135242572935169391712
0.999999983023816541027883886272
0.99999997555429587237085797824
0.99999996672668067798639413013
0.999999956540970846852189879428
0.999999944997166489990547688649
0.999999932095267718423770020308
0.999999917835274532151856874407
0.99999990221718704219711071346
0.999999885241005248559531537467
0.999999866906729151239119346428
0.999999847214358972280479065375
0.999999826163894711683610694308
0.999999803755336369448514233227
0.999999779988684278642097069678
0.999999754863938328242056741146
0.999999728381098629270695710147
0.999999700540165514794921364228
0.999999671341138762770128778357
0.999999640784018706263225340081
0.999999608868805456296513511916
0.999999575595499123892295756377
0.999999540964099820072874535981
0.999999504974607655860552313243
0.999999467627022853299934013194
0.999999428921345523413322098349
0.999999388857575777223019031226
0.999999347435713836773629736854
0.999999304655759924109759140265
0.999999260517714150253709703975
0.999999215021576737250086353015
0.999999168167347685098889087385
0.999999119955027437889327757148
0.999999070384616106643704824819
0.999999019456113802384322752914
0.99999896716952085817808892898
0.999998913524837385047305815533
0.999998858522063716058880800119
0.999998802161199962235116345255
0.999998744442246345620617375971
0.999998685365203199282291279815
0.999998624930070745264742981817
0.99999856313684920561257740701
0.999998499985538802370399480424
0.99999843547613975758281412709
0.999998369608652515339031197072
0.999998302383077186661353152886
0.999998233799414104616687382077
0.999998163857663491249638809677
0.999998092557825679627114823234
0.999998019899900891793720347778
0.999997945883889571838665233372
0.999997870509791830784251942532
0.999997793777608112719690325321
0.999997715687338750711887769285
0.999997636238983966805449199455
0.99999755543254409406728200338
0.99999747326801957658659603112
0.999997389745410525385693745193
0.999997304864717606598389920691
0.999997218625940820224684557616
0.999997131029080721376089968544
0.999997042074137643119513541023
0.999996951761111918521862662601
0.999996860090003880650044720824
0.999996767060813973593269565754
0.999996672673542530418444584939
0.999996576928189995214779628441
