1
0.999999999220129498489484376478
0.999999996880517882935635043395
0.999999992981165264360754463269
0.999999987522071642764842636097
0.999999980503237018147899561882
0.999999971924661501532227703137
0.999999961786344981895524597348
0.999999950088287681282395169546
0.999999936830489488670536957216
0.999999922012950515082252422872
0.99999990563567087153984402903
0.999999887698650669065614238207
0.999999868201889907659563050402
0.999999847145388809366295390646
0.999999824529147263163508796424
0.999999800353165491095808192767
0.999999774617443604185496042192
0.999999747321981824477177269728
0.99999971846678004094854941286
0.999999688051838586666519859136
0.999999656077157572653391071071
0.999999622542737109931465511181
0.999999587448577309523045641981
0.999999550794678393472736388503
0.999999512581040583825142675778
0.999999472807663991602566966321
0.999999431474548838849614185165
0.999999388581695236588586794824
0.999999344129103517886392182845
0.999999298116773793765332811745
0.999999250544706286270013606554
0.999999201412901217445039492304
0.999999150721358809335015394026
0.999999098470079395006848699268
0.999999044659063085482841870544
0.999998989288310213829902295402
0.999998932357821113114937361388
0.999998873867595894360249531019
0.999998813817634890632746191841
0.999998752207938323977032268886
0.999998689038506638482317612215
0.999998624309340056193207146862
0.999998558020438799154305797856
0.999998490171803200432520952745
0.999998420763433704117062461592
0.999998349795330532252535249427
0.999998277267494017905846703798
0.999998203179924494143904212251
0.99999812753262240505591762485
0.999998050325587972686491866625
0.999997971558821530102534325124
0.999997891232323632415557312925
0.999997809346094501670165755058
0.999997725900134692977871964104
0.999997640894444317360978402576
0.999997554329024040953299845569
0.999997466203874085799441218114
0.99999737651899500701091483279
0.999997285274387026632325614628
0.999997192470050810797488338721
0.999997098105986692573310392618
0.999997002182195116049001626379
0.999996904698676414291469427553
0.999996805655431253434528571233
0.999996705052459855522783982451
0.999996602889762997712352898816
0.999996499167340902047840245359
0.999996393885194123640758334659
0.999996287043323106580317016778
0.999996178641728517000331066811
0.999996068680410687967707872303
