1
0.999999999563236041666414166684
0.999999998252943944621051741706
0.999999996069123930908517650096
0.999999993011775889506509429339
0.99999998908089993143732954195
0.999999984276495945678675525414
0.999999978598563932230547379731
0.999999972047104002115247567417
0.999999964622116155332776088471
0.999999956323600391883132942894
0.999999947151556711766318130685
0.999999937105985114982331651845
0.999999926186885712553475968889
0.999999914394258504479751081817
0.999999901728103490761156990629
0.999999888188420671397693695326
0.999999873775210268433966120938
0.999999858488472059825369342434
0.999999842328206267616508284846
0.999999825294412891807382948173
0.999999807387091932397993332415
0.999999788606243389388339437573
0.999999768951867484823026188678
0.99999974842396421870205358573
0.999999727022533480003119166213
0.999999704747575490770827855158
0.999999681599090251005179652566
0.999999657577077871728477020952
0.999999632681538352940719960316
0.999999606912471805664210933173
0.999999580269878229898949939525
0.999999552753757847689541904401
0.999999524364110548013684365287
0.999999495100936441893679784698
0.999999464964235751374133087666
0.999999433954008365432741811674
0.999999402070254506114110881754
0.999999369312974173418240297906
0.999999335682167478367432522646
0.999999301177834531983990018489
0.999999265799975334267912785435
0.999999229548590107263805748516
0.999999192423678961993971370248
0.999999154425241787436107188114
0.999999115553278916657120589662
0.999999075807790238634709112375
0.999999035188776086435780143802
0.999998993696236349038031221426
0.999998951330171359508369732794
0.99999890809058100682449321539
0.999998863977465513031006594247
0.999998818990825100172514794394
0.999998773130659657226715353318
0.999998726396969406238213196048
0.999998678789754569251613247616
0.999998630309015035244613045506
0.999998580954751248306422439782
0.999998530726963097414738967927
0.999998479625650693591865092458
0.99999842765081436990470820092
0.999998374802454126353268293315
0.999998321080570184982150294672
0.999998266485162545791354204994
0.99999821101623143082548494931
0.999998154673777062129147452652
0.999998097457799550724644177535
0.99999803936829889661197512396
0.999997980405275432858047679474
0.999997920568729270485164306592
0.99999785985866052051562746783
0.999997798275069293971739625704
