1
0.999999999684028861857143510861
0.999999998736115336406271580927
0.999999997156259423647384210199
0.999999994944461234602783861192
0.99999999210072065825016807139
0.999999988625037694589536840795
0.99999998451741245464319263192
0.999999979777844938411135444767
0.999999974406335034871062816819
0.999999968402882966067579673108
0.999999961767488509956081088603
0.999999954500151666536567063304
0.999999946600872657853642522241
0.999999938069651483907307465415
0.999999928906487922652956967795
0.999999919111382307157498416927
0.999999908684334304354024425265
0.999999897625344247309442380356
0.999999885934412025001449819683
0.999999873611537637430046743248
0.999999860656721195617535613565
0.999999847069962588541613968118
0.999999832851261927224584269425
0.999999818000619322688748979999
0.999999802518034663911805637326
0.999999786403507950893754241406
0.99999976965703940567919971727
0.999999752278628806223537139886
0.999999734268276485593673896801
0.999999715625982221745005062985
0.999999696351746125699833100953
0.99999967644556830848046047322
0.999999655907448770086887179787
0.999999634737387510519113220653
0.999999612935384529777138595819
0.999999590501439938883265767799
0.999999567435553848859797199111
0.999999543737726148684430427238
0.999999519407957060401770377212
0.999999494446246472989514586516
0.999999468852594497469965517666
0.999999442627001133843123170664
0.999999415769466604153592470539
0.99999938827999068635676849226
0.999999360158573602497256160859
0.999999331405215463597357938852
0.999999302019916158634771363722
0.999999272002675909654101360502
0.999999241353494605633045466675
0.999999210072372468616208607273
0.99999917815930938758128831978
0.999999145614305584572889529227
0.999999112437360948568709773099
0.999999078628475812635656438943
0.999999044187649954729124601727
0.999999009114883596893719186482
0.99999897341017673912944019321
0.999998937073529492458590084425
0.999998900104941856881168860127
0.999998862504413943419478982833
0.999998824271945974118125377572
0.999998785407537726932503119315
0.999998745911189534929519595607
0.999998705782901287086872343934
0.999998665022673205449166289327
0.999998623630505290016401431785
0.999998581606397651810880233825
0.999998538950350290832602695446
0.999998495662363429126173741679
0.999998451742437066691593372525
0.999998407190571203528861587984
