1
0.999999999440344344847630964068
0.999999997761377490412826318789
0.999999994963099436695586064161
0.99999999104551007267360773767
0.999999986008609620391496264347
0.99999997985239785780464671916
0.999999972576875006957664027141
0.999999964182040956828245725774
0.999999954667895818438694277575
0.999999944034439480766707220027
0.999999932281672276879191940679
0.999999919409593873709241051984
0.999999905418204604323761941487
0.999999890307504468722754609189
0.999999874077493355883916592575
0.999999856728171487851852816675
0.999999838259538753604260818975
0.99999981867159548620804798702
0.99999979796434146361860939578
0.999999776137776907880549970287
0.999999753191901930016172173055
0.999999729126716419003173541569
0.999999703942220707908461463376
0.99999967763841468570973347596
0.999999650215298463429292041837
0.999999621672872263111742086039
0.999999592011135973734781146049
0.999999561230089928365316609415
0.999999529329734015981046013621
0.999999496310068569648876746214
0.999999462171093478346506344678
0.999999426912808964118539734045
0.99999939053521513798727937683
0.999999353038312221997330198064
0.999999314422100105126389735233
0.999999274686579120441365375882
0.999999233831749267942257120012
0.999999191857610769673669892654
0.999999148764163736657906156324
0.999999104551408390939570836053
0.999999059219344732518663931842
0.999999012767973094462092831236
0.999998965197293365747555071721
0.999998916507305990464260503359
0.99999886669801096861220912615
0.999998815769408522236005865125
0.999998763721498873380255645316
0.999998710554282133067260929238
0.999998656267758412319324179407
0.999998600861927933181050320854
0.999998544336791028719346741127
0.999998486692347698934213440225
0.999998427928598165870255343179
0.999998368045542762594379837537
0.999998307043181600128889385815
0.999998244921514789496086450526
0.99999818168054266376287841922
0.999998117320265444973870216927
0.999998051840683244151364306163
0.999997985241796394362268074474
0.999997917523605117651186446892
0.999997848686109525040421885933
0.999997778729309949596881779144
0.999997707653206502342868589039
0.999997635457799627367592165683
0.99999756214308943569335497159
0.999997487709076149364761931793
0.999997412155760101448720433837
0.999997335483141402967532940238
0.99999725769122049801040930106
0.999997178779997497599651978817
