1
0.999999999352769619598291228613
0.999999997411078367370862451935
0.999999994174926243317713669967
0.999999989644313247438844882709
0.999999983819239601778861015191
0.999999976699705084293157142383
0.999999968285709806004035726801
0.999999958577253877933799230959
0.999999947574337189060145192343
0.999999935276959850405376073468
0.999999921685121972991794336849
0.999999906798823556819399982487
0.999999890618064601888193010382
0.999999873142845330242778345564
0.999999854373165630860853525519
0.999999834309025725787023475277
0.999999812950425503998985732323
0.999999790297365187541345221689
0.999999766349844887436404405889
0.99999974110786471470646574744
0.999999714571424558329226783826
0.999999686740524751371594902594
0.999999657615165293833570103743
0.999999627195346407759757312306
0.999999595481067982127854065766
0.99999956247233035000476775167
0.999999528169133622412800832535
0.99999949257147779935195330836
0.999999455679363213889132566692
0.999999417492789755002036145015
0.999999378011757866779873893393
0.999999337236267438200343349308
0.999999295166318802330351900309
0.999999251801911959169899546396
0.999999207143047241785893675114
0.999999161189724872222939211497
0.999999113941944739458733693027
0.999999065399707287582486969768
0.999999015563012627616501504235
0.999998964431860870583079758944
0.999998912006252349549129121442
0.99999885828618728655925451676
0.999998803271665681613455944898
0.999998746962687978800943255919
0.999998689359254178121716449823
0.999998630461364723664985376672
0.999998570269019726453052498982
0.999998508782219408530522741785
0.999998446000964102964303492627
0.999998381925253920776697214023
0.999998316555089195034611293522
0.99999824989047025880495311867
0.999998181931397112087722689466
0.99999811267787030999443231849
0.999998042129889963547384468256
0.999997970287456294791184063797
0.999997897150569747815040955174
0.999997822719230433641257604904
0.999997746993438796359043863049
0.999997669973195169035307117156
0.999997591658499551670047367224
0.999997512049352610397079388349
0.99999743114575434521640318053
0.999997348947705311239531056344
0.999997265455205730511067940824
0.999997180668255825075618759001
0.999997094586856150044695823453
0.999997007211006816440601596696
0.999996918540708268352545928792
0.999996828575960949869738669804
0.999996737316764972014482282248
