1
0.999999999347402801497253221896
0.999999997389610983944407962554
0.999999994126624769386069147004
0.999999989558444157822236775246
0.99999998368506892720830592225
0.999999976506499410611183975561
0.99999996802273538598626601015
0.999999958233777075378156951047
0.999999947139624367764554335736
0.999999934740277485190063089249
0.999999921035736205610078286554
0.999999906026000862091507315199
0.999999889711071343612047712668
0.999999872090947761194001941476
0.999999853165630225859672464139
0.999999832935118737609059280658
0.999999811399413518486767316062
0.999999788558514346448191645322
0.9999997644124216655825421185
0.99999973896113536486751627308
0.999999712204655555325416571577
0.999999684142982459000847939024
0.999999654776116075893810375419
0.999999624104056517026606343279
0.999999592126804004443840767635
0.999999558844358538145513648487
0.999999524256720229153927448351
0.999999488363889410535989554774
0.999999451165866082291699967755
0.99999941266265035544336114981
0.999999372854242563057880488486
0.999999331740642594112955521268
0.999999289321850781675493635703
0.999999245597867347790099756821
0.999999200568692292456773884624
0.999999154234325837720120944141
0.99999910659476831664704832292
0.999999057650019729237556020962
0.999999007400080297536248963297
0.999998955844950354610034537473
0.999998902984629900458912743488
0.999998848819119268149790968891
0.999998793348418679727274138713
0.999998736572528357235967177985
0.999998678491448522720475011738
0.999998619105179287203100102488
0.999998558413720983750749837782
0.999998496417073834408029142651
0.999998433115238061219542942126
0.999998368508213997252198623755
0.999998302596001753528298650053
0.999998235378601663114750408567
0.999998166856014059078461286845
0.999998097028239052441733747401
0.999998025895277087293777640298
0.999997953457128274656895428052
0.999997879713793058620296960726
0.99999780466527166122858716335
0.999997728311564304526370960957
0.999997650652671321580555741093
0.999997571688593156480351353821
0.999997491419329920248060261656
0.999997409844882056972892314661
0.999997326965249788699452437868
0.999997242780433559516950481338
0.999997157290433591469991370104
0.999997070495250328647784954228
0.999996982394883882072633696225
0.99999689298933491787835237119
0.999996802278603547087243441638
0.999996710262690213788516757631
