1
0.999999999769684566608418663236
0.99999999907873837745597711546
0.99999999792716121049807043164
0.999999996314953287779303536809
0.999999994242114609299676430965
0.999999991708645064036886651593
0.999999988714544651990934198693
0.999999985259813373161819072266
0.999999981344451338571843734826
0.999999976968458548221008186374
0.999999972131834891087009964394
0.999999966834580478192151531402
0.999999961076695309536432887398
0.999999954858179274097551569866
0.999999948179032482897810041322
0.999999941039254935937208301766
0.999999933438846633215746351198
0.999999925377807685755726652133
0.99999991685613787151254427954
0.99999990787383741253080415845
0.999999898430906197788203826349
0.999999888527344338307045745751
0.999999878163151834087329916656
0.999999867338328574106753876549
0.999999856052874669387620087946
0.999999844306790230952231013362
0.999999832100075036755981727765
0.999999819432729308843477156188
0.99999980630475304721471729863
0.999999792716146140847399692575
0.999999778666908700763826800539
0.999999764157040726963998622523
0.999999749186542219447915158526
0.999999733755413289237878871063
0.999999717863653936333889760135
0.999999701511264049713645363227
0.999999684698243740399448142853
0.999999667424593008391298099014
0.999999649690311964711497694225
0.999999631495400609360046928487
0.999999612839858831314643339283
0.999999593723686852619891851646
0.999999574146884562253490003059
0.999999554109451960215437793522
0.999999533611389157528037685552
0.999999512652696265213592141663
0.999999491233373061227496236825
0.999999469353419878636657358584
0.999999447012836495396470581909
0.999999424211623133551540831832
0.99999940094977957105726318332
0.999999377227306140980545023922
0.999999353044202732299083891121
0.999999328400469345012879784917
0.999999303296106090144235167827
0.999999277731112856670847577334
0.99999925170548986663732193847
0.999999225219237120043658251234
0.999999198272354505867554053111
0.999999170864842246153614269133
0.999999142996700340901838899299
0.999999114667928679089925481094
0.999999085878527482762478939549
0.999999056628496640897196812148
0.999999026917836264516381561407
0.999998996746546464642335649842
0.999998966114627241275059077452
0.999998935022078594414551844238
0.9999989034689005240608139502
0.999998871455093141236147857853
0.999998838980656556962856029713
