1
0.999999999615625356774728516029
0.999999998462501205054309139086
0.999999996540627766883346794202
0.999999993850004820217236556346
0.999999990390632587100583350548
0.999999986162510956511084714293
0.999999981165639928448740647582
0.999999975400019613935853612929
0.99999996886564990195012114782
0.99999996156253090351384571477
0.999999953490662618627027313778
0.999999944650045047289665944845
0.999999935040678189501761607971
0.999999924662562045263314303156
0.999999913515696725596626492916
0.99999990160008223050169817725
0.999999888915718448956226893642
0.999999875462605603004817567125
0.999999861240743692647470197699
0.999999846250132717884184785362
0.9999998304907725676926588676
0.999999813962663575139799831959
0.999999796665805518181002753408
0.999999778600198507838570094464
0.99999975976584265513480431764
0.999999740162737960069705422939
0.999999719790884533665575872874
0.999999698650282264900113204931
0.99999967674093137581792234414
0.999999654062831755396700827987
0.999999630615983625681053581502
0.99999960640038687564867814217
0.999999581416041616321876972506
0.999999555662947958722952535027
0.999999529141106013874207292247
0.999999501850515670753338781651
0.999999473791177040382649465755
0.99999944496309034480674426959
0.999999415366255473003320730641
0.999999385000672535994681311422
0.99999935386634164480312847445
0.999999321963262799428662219725
0.999999289291436221915887472278
0.999999255850861801242501769593
0.999999221641539759453110036702
0.999999186663470096547712273605
0.999999150916652923548610942817
0.999999114401088240455806044338
0.9999990771167762693139025032
0.999999039063717010122900319402
0.999999000241910573905101955461
0.999998960651357071682809873892
0.99999892029205661447832653721
0.999998879164009202291651945416
0.999998837267214946145088561025
0.999998794601673957060938846553
0.999998751167386457083807727031
0.999998706964352335191392739944
0.999998661992571813428298810322
0.999998616252045002816828400682
0.99999856974277201437928397354
0.99999852246475295913796799141
0.999998474417987837092880454293
0.99999842560247687028862628722
0.999998376018220169747507952707
0.999998325665217735469525450753
0.999998274543469900521586168907
0.999998222652976553881387644651
0.999998169993737917593534803018
0.999998116565754102680330106523
0.999998062369025220164076017682
