1
0.999999999496104852170219601248
0.999999997984419186636273479962
0.999999995464943225442766561173
0.999999991937676746545093919849
0.999999987402619971987860481022
0.999999981859772901771066244692
0.999999975309135313850106285827
0.999999967750707541291887991974
0.999999959184489362051806438103
0.999999949610480998174466549244
0.999999939028682338637565862882
0.999999927439093383441104379017
0.99999991484171435462968702268
0.999999901236545141181011331355
0.999999886623585743095077305043
0.999999871002836382416489868774
0.999999854374296948122946560034
0.999999836737967551236749841337
0.9999998180938483027802021752
0.999999798441939091731001099106
0.999999777782240140133751538087
0.99999975611475155901075595466
0.999999733439473126317409423791
0.999999709756405175120619333029
0.999999685065547705420385682373
0.99999965936690082823901093434
0.999999632660464543576495088928
0.999999604946238962455140608654
0.999999576224224084874947493518
0.99999954649442013288052066855
0.999999515756827217494162596267
0.999999484011445338715873276669
0.999999451258274496545652709756
0.999999417497315024050408283074
0.999999382728566921230139996624
0.999999346952030188084847850405
0.999999310167705046659136769449
0.999999272375591607975309216272
0.999999233575689983055667653389
0.999999193768000282922514543316
0.999999152952522507575849886052
0.999999111129256990082581069146
0.999999068298203730442708092596
0.999999024459362950700835881435
0.999998979612734539834661973146
0.999998933758318941933396217792
0.999998886896116156997038615373
0.999998839026126296047891628405
0.999998790148349581130560181919
0.999998740262786012245044275915
0.99999868936943592245825129794
0.999998637468299422792483710509
0.999998584559376624270043976139
0.999998530642667637913234557345
0.999998475718172796788962841674
0.99999841978589198987492636661
0.999998362845825661260334982217
0.999998304897973921967491151008
0.999998245942336883018697335501
0.999998185978914655436255998211
0.999998125007707572287074526685
0.999998063028715744593455383438
0.999998000041939394400003493502
0.999997936047378632729021319392
0.99999787104503368162511378614
0.999997805034904874155188281293
0.99999773801699221031924480485
0.999997669991295912161888281844
0.999997600957816423772328562336
0.999997530916553634128263183811
0.999997459867507987318901996332
