1
0.999999999832900332563667689101
0.999999999331601441276973218919
0.999999998496103326139916589455
0.999999997326405876130195338192
0.999999995822509202270111927646
0.999999993984413193537363895302
0.999999991812118071976556166192
0.999999989305623504520781352767
0.999999986464929824236946842575
0.999999983290036809080447710585
0.999999979780944681095888881828
0.999999975937653107216362968757
0.999999971760162420508777358918
0.999999967248472509950829589798
0.999999962402583264520217198879
0.999999957222494906261545111192
0.999999951708207213130208401708
0.999999945859720407170811995456
0.999999939677034377361053429922
0.999999933160149123700932705106
0.999999926309064646190449821006
0.999999919123780944829604777624
0.999999911604298130640700037475
0.999999903750616092601433138043
0.999999895562734941734106541844
0.999999887040654567016417786363
0.999999878184375079470669334114
0.999999868993896368074558722583
0.9999998594692186548726908768
0.999999849610341717820460871735
0.999999839417265667940171169903
0.999999828889990616254124233819
0.999999818028516340717715138453
0.999999806832843063375548808835
0.999999795302970673205322782451
0.999999783438899281229339521815
0.999999771240628776425296564412
0.999999758708159269815496372757
0.999999745841490650377636484336
0.999999732640623140156321824179
0.999999719105556628129249929771
0.999999705236291003274118338595
0.999999691032826487635531975684
0.999999676495163081213490841037
0.999999661623300672985692472139
0.999999646417239373974439331505
0.99999963087697907315742895662
0.999999615002519992579266272514
0.999999598793861910195346354158
0.999999582251005048050274126581
0.999999565373949295121747127268
0.999999548162694762432067818736
0.999999530617241449981236200983
0.999999512737589246746949811495
0.999999494523738263751511112787
0.999999475975688612017222567374
0.999999457093440180521781712741
0.999999437876992969265188548889
0.999999418326347089269745538331
0.99999939844150254053545268107
0.999999378222459323062309977104
0.999999357669217547872619888949
0.999999336781776992921777491574
0.999999315560137991276690172526
0.999999294004300320892753006774
0.999999272114264092792268456833
0.999999249890029306975236522703
0.9999992273315960744639596669
0.999999204438964284236135426909
0.99999918121213415833636872776
0.999999157651105474720054644422
