1
0.999999999543293882631189717358
0.999999998173175419502456406917
0.999999995889644610613800068677
0.999999992692701566987523165153
0.99999998858234617760132323383
0.999999983558578553477502737223
0.999999977621398694616061675333
0.999999970770806601017000048159
0.999999963006802161658015393186
0.999999954329385598583712635445
0.999999944738556911794091774937
0.999999934234315990266850349144
0.999999922816662945024290820584
0.999999910485597776066413189255
0.999999897241120594415519917675
0.999999883083231400071611005842
0.999999868011930193034686453757
0.999999852027216973304746261419
0.999999835129091962926395353861
0.999999817317555050877331268566
0.999999798592606237157554005535
0.999999778954245743811668489798
0.999999758402473570839674721356
0.999999736937289829263875162724
0.999999714558694408061967351387
0.99999969126668741825625374986
0.999999667061268970869036820659
0.9999996419424391769226190263
0.999999615910198036417000366782
0.999999588964545660374483304622
0.999999561105482159817370302335
0.999999532333007423723358897405
0.999999502647121785159356477379
0.999999472047825133103060579742
0.99999944053511757857677366701
0.999999408108999343625100664212
0.999999374769470317225739108835
0.999999340516530832445596388425
0.99999930535018066724006757795
0.999999269270420265698362527473
0.999999232277249516798178774479
0.999999194370668531561818781483
0.999999155550677421011585011001
0.999999115817276296169779925549
0.999999075170465379081008450157
0.999999033610244669745270584826
0.999998991136614279184868792072
0.99999894774957431842210553441
0.999998903449125009501585736871
0.99999885823526624140100693694
0.999998812107998458209578984679
0.999998765067321548904999417573
0.999998717113235735531873160653
0.999998668245741129112502676435
0.999998618464837840669190427434
0.999998567770526092246541338682
0.999998516162805883844555410178
0.999998463641677437507837566955
0.999998410207140975280992734042
0.999998355859196497164020911441
0.999998300597844225201527024183
0.999998244423084270415813534783
0.999998187334916854851485368272
0.999998129333342089530844987166
0.999998070418360085476194853982
0.999998010589971175754442356265
0.999997949848175360365587494016
0.999997888192972861354235192266
0.999997825624363789742687913531
0.999997762142348367575550582842
0.99999769774692681689742812523
