1
0.999999999778234838210266843816
0.999999999112939463863369837782
0.999999998004113876959308981895
0.999999996451757966475781813642
0.999999994455871843435090795538
0.999999992016455507837235927582
0.999999989133508959682217209775
0.9999999858070320879477321796
0.999999982037025003656083299575
0.999999977823487706807270569698
0.999999973166420197401293989969
0.99999996806582247543815356039
0.999999962521694429895546818443
0.999999956534036282818078689161
0.999999950102848034205749172543
0.999999943228129462013953343558
0.999999935909880788287296127237
0.999999928148101902003475061065
0.999999919942792914184792607557
0.999999911293953713808946304198
0.999999902201584411898238613503
0.999999892665685008452669535473
0.999999882686255503472239070106
0.999999872263295785934644754889
0.999999861396806077884491514851
0.999999850086786379321779349993
0.9999998383332365792242057978
0.999999826136156677591770858271
0.999999813495546785446776993922
0.999999800411406902789224204753
0.999999786883737029619112490764
0.999999772912537165936441851954
0.999999758497807422763514750841
0.999999743639547689078028724907
0.999999728337758075902286236669
0.999999712592438583236287286127
0.99999969640358921108003187328
0.999999679771209959433519998129
0.999999662695300939319054123189
0.999999645175862039714331785945
0.999999627212893371641655448911
0.999999608806395046123327574605
0.999999589956366841114743237995
0.999999570662809089682809826627
0.99999955092572156978292241547
0.99999953074510439243738346704
0.999999510120957557646192981338
0.999999489053281176431653420877
0.99999946754207524879376478566
0.999999445587339774732527075685
0.999999423189074754247940290952
0.999999400347280298362306893978
0.999999377061956296053324422246
0.999999353333102969365597800788
0.999999329160720207276824567089
0.999999304544808009787004721147
0.999999279485366598940743187995
0.999999253982395863715737505117
0.999999228035895804111987672513
0.999999201645866642174098615214
0.999999174812308266879767870705
0.999999147535220678228995438985
0.999999119814603987244083782571
0.999999091650458193925032901461
0.999999063042783409294145258173
0.999999033991579633351420852705
0.999999004496846866096859685058
0.999998974558585107530461755232
0.999998944176794579696831988258
0.999998913351475060551365459105
0.99999888208262688316096955532
