1
0.999999999978502973618788018939
0.999999999914012005497454538272
0.999999999806526984613697095483
0.999999999656047910967515690572
0.99999999946257478455891032354
0.999999999226107716410183456901
0.99999999894664659549903262814
0.999999998624191532847760299774
0.999999998258742417434064009285
0.999999997850299249257943756675
0.999999997398862139341702004458
0.99999999690443097666303629012
0.999999996367005761221946613659
0.999999995786586493018432975077
0.999999995163173283074797836889
0.999999994496766131391041199095
0.999999993787364815922558136663
0.999999993034969558713953574625
0.99999999223958035976522751298
0.999999991401196997031775026699
0.999999990519819692558201040811
0.999999989595448446344505555317
0.999999988628083147368386107701
0.999999987617723795629842697963
0.999999986564370391128875326103
0.999999985468023044887786454638
0.99999998432868164588427362105
0.999999983146346305140639287856
0.999999981921016911634580992541
0.999999980652693465366098735103
0.999999979341375966335192515544
0.999999977987064525564164796378
0.999999976589759143053015577607
0.999999975149459596757139934198
0.999999973666166108721142791183
0.999999972139878678945024148561
0.999999970570597196406481543818
0.999999968958321661105514976953
0.999999967303052184064426910481
0.999999965604788543238612419373
0.999999963863531071694978891173
0.999999962079279547388921400852
0.999999960252033970320439948409
0.999999958381794340489534533845
0.999999956468560768918507619674
0.999999954512333144585056743381
0.999999952513111578511484367482
0.999999950470895959675488029461
0.999999948385686288077067729319
0.99999994625748267473852592957
0.999999944086285119659862630215
0.999999941872093400796472906222
0.999999939614907740192961682624
0.999999937314728137849328959419
0.999999934971554482743272274092
0.999999932585386774874791626644
0.999999930156225125266189479589
0.999999927684069422895163370413
0.999999925168919667761713299114
0.99999992261077597088814172821
0.999999920009638332274448657699
0.999999917365506640898331625067
0.999999914678380896759790630313
0.999999911948261210881128135952
0.99999990917514747224004167947
0.999999906359039680836531260866
0.999999903499938058715201805171
0.999999900597842272809145924839
0.999999897652752545162968544901
0.999999894664668764754367202841
0.999999891633591042605644361174
