1
0.999999999613727874603341660986
0.999999998454911498413366643945
0.999999996523550871430074948876
0.999999993819646104675769038295
0.99999999034319697610584398717
0.999999986094203707764904720534
0.99999998107266618863064877587
0.999999975278584418703076153179
0.999999968711958509004489314975
0.99999996137278845953488826126
0.999999953261074270294272992032
0.999999944376815830260341044777
0.999999934720013361477697344526
0.999999924290666752924039428763
0.999999913088776115621669760003
0.999999901114341449570588338247
0.999999888367362754770795163495
0.999999874847840031222290235746
0.999999860555773389947376017517
0.999999845491162830946052508807
0.999999829654008354218319709616
0.999999813044310070786480082461
0.99999979566206798065053362734
0.999999777507282083810480344255
0.999999758579952380266320233204
0.99999973888007909206265821922
0.999999718407662108177191839786
0.999999697162701650654526019935
0.999999675145197497450055834634
0.99999965235514998163068867143
0.999999628792558881151819605293
0.999999604457424529080356023769
0.999999579349746814393995464343
0.999999553469525737092737927014
0.999999526816761519221188336815
0.999999499391454160779346693744
0.999999471193603772789515460317
0.99999944222321024422939217402
0.999999412480273908165884222399
0.999999381964794542554386680422
0.999999350676772480461806935637
0.999999318616207610865842525527
0.999999285783100044788795912609
0.999999252177449893252969559398
0.999999217799257267280665928411
0.999999182648522277894187482161
0.999999146725244814071231758135
0.999999110029425208878706143878
0.999999072561063351294308176875
0.999999034320159352340340319643
0.999998995306713434061407497211
0.999998955520725485435207247065
0.999998914962195839528646956751
0.999998873631124385319424163754
0.999998831527511344852143793105
0.999998788651356718126805844804
0.999998745002660616165712781367
0.999998700581423261013469527825
0.999998655387644652670076084178
0.999998609421324902157834912941
0.999998562682464120499048476631
0.999998515171062418716019237763
0.999998466887119907831049658853
0.999998417830636809888744664931
0.999998368001613013866801793483
0.999998317400048852832128432055
0.999998266025944215762422118132
0.999998213879299435724590239261
0.99999816096011451271863279544
0.999998107268389668789154711703
0.999998052804124903936155988049
