1
0.999999999698084063304293067631
0.99999999879233636423947473304
0.999999997282756902805544996227
0.999999995169345679002503857191
0.999999992452102581808048853418
0.999999989131027722244482447422
0.999999985206121100311804639205
0.999999980677382604987712966249
0.999999975544812458316812353587
0.999999969808410549276800338703
0.999999963468176877867676921596
0.999999956524111555111744564783
0.999999948976214358964398343232
0.999999940824485622492545644491
0.999999932068925012629279081011
0.999999922709532862441506040341
0.999999912746309060906924059964
0.999999902179253497003230677365
0.99999989100836650379733328009
0.999999879233647748222324480594
0.999999866855097452322809203906
0.999999853872715616098787450028
0.999999840286502239550259218959
0.999999826096457322677224510699
0.999999811302580976501985787763
0.999999795904873201024543050153
0.999999779903333996244896297867
0.99999976329796325114074306839
0.99999974608876129877899074927
0.999999728275727917115034415474
0.999999709858863328193478992034
0.999999690838167309969719553919
0.999999671213640195510663488676
0.999999650985281873794008333789
0.999999630153092233797451626742
0.999999608717071608587900755083
0.999999586677219887143053256295
0.99999956403353706946290913038
0.999999540786023266569770839851
0.99999951693467847846363838471
0.999999492479502816166814227472
0.999999467420496168656995905621
0.999999441757658869001090806705
0.999999415490990584132191543176
0.999999388620491647117205502582
0.999999361146162057956132684922
0.999999333068001816648973090196
0.999999304386010923195726718404
0.999999275100189599640998494579
0.999999245210537734962485956203
0.999999214717055440182491565793
0.999999183619742715301015323348
0.999999151918599671340359691385
0.999999119613626419322827132419
0.99999908670482295924841764645
0.999999053192189402139433695993
0.999999019075725747995875281049
0.999998984355431996817742401618
0.99999894903130837064963998273
0.999998913103354758469265561871
0.999998876571571382321224064071
0.999998839435958242205515489331
0.999998801696515338122139837651
0.999998763353242892115702034062
0.999998724406140904186202078563
0.999998684855209374333639971155
0.999998644700448413580318174354
0.999998603941858132948539150675
0.999998562579438643460605362634
0.999998520613189834094214347715
0.999998478043112037916273493465
