1
0.99999999959054186593476742928
0.999999998362167352716767254606
0.999999996314876571368301938492
0.999999993448669521889371480938
0.99999998976354609325767341943
0.999999985259506396495510216482
0.999999979936550431602881872095
0.999999973794678198579788386269
0.999999966833889808448532221519
0.999999959054185039164508452814
0.999999950455564112772322005185
0.999999941038027029271972878632
0.999999930801573677641158610641
0.999999919746204279924484126241
0.999999907871918725099646962917
0.999999895178717124188949583186
0.99999988166659936617008952453
0.999999867335565673087671711983
0.999999852185615933919393683027
0.999999836216750259687557900179
0.999999819428968761414466825954
0.999999801822271328077817997837
0.999999783396657959677611415827
0.999999764152128989280754467472
0.999999744088684194842642227741
0.999999723206323687385577159148
0.99999970150504757793186172421
0.999999678984855866481495922926
0.999999655645748553034479755297
0.999999631487725859635418146354
0.999999606510787786284311096097
0.999999580714934332981158604525
0.999999554100165610748263134155
0.999999526666481619585624684987
0.999999498413882581537848182052
0.999999469342368274560328700318
0.999999439451939142742276089848
0.999999408742594964039085425611
0.999999377214335960495361632638
0.99999934486716213211110471093
0.999999311701073700930919585517
0.999999277716070555932503793883
0.999999242912152919160462261061
0.99999920728932079061479498705
0.999999170847574281317804434366
0.999999133586913502291793065524
0.99999909550733856455906334304
0.999999056608849468119615266914
0.999999016891446435018053762178
0.999998976355129465254378828831
0.999998934999898780873195391905
0.999998892825754270852200988884
0.999998849832696268258303007315
0.999998806020724773091501447198
0.999998761389839785351796308532
0.999998715940041638106094978866
0.999998669671330331354397458199
0.999998622583705865096703746531
0.999998574677168572399921231408
0.999998525951718453264049912832
0.999998476407355618711392253317
0.99999842604408017976425071538
0.999998374861892358467230224051
0.99999832286079215482033077933
0.999998270040779790868157306249
0.999998216401855377633012267324
0.99999816194401902613719812507
0.999998106667270847403017342003
0.999998050571610952452772380639
0.999997993657039674353370628523
0.999997935923556902082509623142
