1
0.999999999428732078143866601749
0.999999997714928201553163944482
0.999999994858588481250194490713
0.999999990859712917234958240442
0.999999985718301398485152731155
0.999999979434354147045382887882
0.999999972007870940871043785592
0.999999963438852002006740349316
0.999999953727297330452472579054
0.999999942873206926208240474807
0.999999930876580678251741574059
0.999999917737418919649883264356
0.999999903455721539380363083183
0.99999988803148853744318103054
0.999999871464720024860639568942
0.999999853755416112655041160906
0.999999834903576800826385806431
0.999999814909202089374673505517
0.999999793772292200344509183196
0.999999771492847133735892839468
0.999999748070866889548824474332
0.999999723506351578805606550304
0.999999697799301423550843992416
0.999999670949716312762234338152
0.999999642957596468484382512543
0.999999613822942001739590978104
0.999999583545752912527859734837
0.999999552126029422893793707772
0.999999519563771532837392896909
0.999999485858979353380959764763
0.999999451011653106569099236367
0.99999941502179279240181131172
0.999999377889398632923700915853
0.999999339614470628134768048767
0.999999300197009111101920098008
0.999999259637013970802854601061
0.999999217934485540304478945473
0.999999175089423930629095593758
0.999999131101829252799007008434
0.999999085971701617836515652016
0.999999039699041247786226449534
0.999998992283848253670441863505
0.99999894372612285753376681896
0.999998894025865059376201315899
0.999998843183075303286955204385
0.999998791197753589266028484417
0.999998738069900028335723618511
0.999998683799514953562947994214
0.999998628386598586992306536558
0.999998571831150928623799245543
0.999998514133172311524333508714
0.999998455292662846716211788589
0.999998395309622756244039010198
0.999998334184052373174722561089
0.999998271915951697508262441261
0.999998208505321173333868500777
0.999998143952160800651540739636
0.999998078256470912528186545387
0.99999801141825173100841084306
0.999997943437503478136818557687
0.999997874314226375958014614298
0.999997804048420646516603937926
0.999997732640086511857191453601
0.99999766008922430504668454887
0.999997586395834248129688148765
0.999997511559916563150807178317
0.999997435581471472154646562558
0.999997358460499308208113689034
0.999997280197000293355813482776
0.999997200790974760664653331332
0.999997120242422821156935697218
