1
0.999999999661871807887791874236
0.99999999864748712052886503443
0.999999996956846048945521943097
0.999999994589948593137762600236
0.999999991546794642083284543332
0.999999987827384306804390234902
0.999999983431717587301079674944
0.999999978359794372551050400943
0.999999972611614884598907337931
0.999999966187178901400045560877
0.99999995908648664499906999481
0.999999951309538004373678177217
0.999999942856333090546172570612
0.99999993372687179249425071248
0.999999923921154221240215065336
0.999999913439180376784065629181
0.999999902280950259125802404014
0.999999890446463979287727852352
0.999999877935721426247539511678
0.999999864748722600005237381993
0.999999850885467722605426388327
0.999999836345956683025804068166
0.999999821130189592288672884024
0.999999805238166450394032835902
0.999999788669887146319581461285
0.999999771425351902109923685202
0.999999753504560717765059507656
0.999999734907513593284988928644
0.999999715634210528669711948169
0.999999695684651634941531028744
0.999999675058837023122748632886
0.999999653756766471168759835564
0.999999631778440312146472024324
0.999999609123858435033582736651
0.999999585793020839830091972544
0.999999561785927748580604657036
0.99999953710257905026281832761
0.999999511742974966921337909298
0.999999485707115387533860939584
0.999999458995000312100387418468
0.999999431606630073687824733497
0.99999940354200445025156795964
0.999999374801123552813919559412
0.999999345383987603419484457845
0.999999315290596491045960192423
0.999999284520950326715649225662
0.999999253075049221450854020077
0.999999220952893175251574575668
0.999999188154482299140113354952
0.999999154679816704138772820443
0.999999120528896279225250509626
0.999999085701721246444151347532
0.999999050198291605795475334162
0.999999014018607468301524932031
0.999998977162668944984602603654
0.999998939630476035844708349032
0.99999890142202885190414463068
0.999998862537327504185213911114
0.999998822976371992687916190334
0.999998782739162428434553930856
0.999998741825698811425127132679
0.999998700235981474726543183351
0.99999865797001019629419715784
0.999998615027785309194996443694
0.999998571409306813428941040911
0.999998527114574708996030949493
0.99999848214358921794087109447
0.999998436496350340263461475843
0.999998390172858186986104556127
0.999998343173112980153405260353
0.999998295497114608743061126006
