1
0.999999999304063247329565911059
0.99999999721625287829596118172
0.9999999937365690039214882745
0.999999988865011624206147189398
0.999999982601580628127635463898
0.999999974946276237730558023031
0.999999965899098341992612404283
0.999999955460047051936101070169
0.999999943629122367561024020688
0.999999930406324399889683718357
0.999999915791653148922080163175
0.999999899785108725680515817658
0.999999882386691130164990681806
0.999999863596400473397807218134
0.999999843414236755378965426644
0.999999821840200198153070232365
0.999999798874290801720121635299
0.999999774516508788124724560475
0.99999974876685404634457654538
0.999999721625326798424282515043
0.999999693091927155386144931981
0.999999663166655228252466258709
0.999999631849511239067851420259
0.999999599140495076809997954115
0.999999565039607185568115710339
0.999999529546847454319902226416
0.999999492662216105109962427377
0.99999945438571347100520370077
0.999999414717339440983323584078
0.999999373657094237088927002333
0.999999331204978192388921343081
0.999999287360991306883306606323
0.999999242125133913638990179606
0.99999919549740601265597206293
0.999999147477808048023462106357
0.999999098066340019741460309888
0.999999047263002149854571598553
0.9999989950677947714297033599
0.999998941480717995489158056444
0.999998886501772155099843075732
0.99999883013095736128406088028
0.999998772368273836086416395119
0.999998713213721912573817007797
0.999998652667301812790867643344
0.999998590729013758782173226791
0.999998527398858083614641145687
0.999998462676834898310573862545
0.99999839656294464695918122743
0.999998329057187551605068165372
0.999998260159563834292839601403
0.999998189870073828089402923069
0.999998118188717755039363055403
0.999998045115496059231929848465
0.999997970650408962711708227289
0.99999789479345679854560557942
0.999997817544639788778226829891
0.999997738903958377498781828763
0.999997658871412897774177963583
0.999997577447003571649020159384
0.999997494630730843212518266228
0.99999741042259504553157967166
0.999997324822596400650809300714
0.999997237830735463681719465967
0.99999714944701245666891509245
0.999997059671427712679303567711
0.999996968503981786824397204327
0.999996875944675012171103389846
0.999996781993507610764027049299
0.999996686650480137714680495264
0.999996589915592926089971115289
0.999996491788846419979108759435
