1
0.99999999969569219882004063038
0.999999998782768795280162521522
0.999999997261229789380365673424
0.999999995131075292142952548602
0.999999992392305192545620684541
0.999999989044919379566067618725
0.999999985088918186271200738702
0.999999980524301279594112656923
0.999999975351068881579408298421
0.99999996956922088120478520068
0.999999963178757389492545826215
0.999999956179678406442690175027
0.999999948571983932055218247115
0.999999940355673855307827579963
0.999999931530748398245123098604
0.999999922097207338822499878006
0.999999912055051010106865305715
0.999999901404279079031311994186
0.999999890144891878662747330964
0.999999878276889186956566391018
0.99999986580027122595737409938
0.999999852715037773620565531019
0.999999839021189163013048073481
0.999999824718725172090216801735
0.999999809807645911874374178296
0.999999794287951382365520203166
0.999999778159641694585957338859
0.99999976142271673751338312286
0.999999744077176733192402480199
0.999999726123021570600712948362
0.999999707560251249738314527349
0.99999968838886599264981214219
0.999999668608865577290600867855
0.999999648220250225705285629374
0.999999627223019937893866426748
0.999999605617174824878645722492
0.999999583402714775637321054091
0.999999560579639790169892421545
0.999999537147950201543267212401
0.999999513107645676690538039111
0.999999488458726548678612289223
0.999999463201192817507489962736
0.999999437335044372154868597136
0.999999410860281434665353117452
0.999999383776904005038943523687
0.999999356084911972253337353322
0.999999327784305669375441993907
0.999999298875084985382954982924
0.999999269357249920275876320375
0.999999239230800585076508468774
0.999999208495737090807153890637
0.99999917715205954849011504848
0.999999145199767736080787017272
0.99999911263886198664607718456
0.999999079469342300185985550343
0.999999045691208676700512114621
0.999999011304461116189656877395
0.999998976309099951720327226212
0.999998940705124850225615773525
0.999998904492536255794732369395
0.999998867671334057405374551308
0.999998830241518255057542319264
0.999998792203089070795840598294
0.999998753556046393597966925881
0.999998714300390556530828689574
0.999998674436121337549820964341
0.999998633963238958699548675213
0.999998592881743531002314284706
0.999998551191635165480420255335
0.999998508892913751111564124585
0.999998465985579509940350817487
