1
0.999999999505536862898225081153
0.999999998022147673637505249644
0.999999995549832099150933117926
0.999999992088590472505416073545
0.999999987638422682678651653987
0.999999982199328729670639859251
0.999999975771308613481380689336
0.999999968354362334110874144244
0.99999995994849000258142268649
0.999999950553691618893026316073
0.999999940169967183045685032994
0.999999928797316806061701299768
0.99999991643574037691877265388
0.99999990308523789561689909533
0.999999888745809695222988011665
0.999999873417455553692434477853
0.99999985710017558204754095641
0.999999839793969891310609909851
0.999999821498838370459338875662
0.999999802214781352560635241389
0.999999781941798615569894082
0.999999760679890381531720322528
0.999999738429056650446113962971
0.999999715189297422313075003331
0.999999690960613030199510831153
0.999999665743003252060816521407
0.999999639536468198919294536609
0.999999612341008203841852264304
0.999999584156623044783884779463
0.999999554983312943789997007116
0.999999524821078011882491409779
0.999999493669918249061367987451
0.999999461529833877371231665165
0.999999428400824785789779980405
0.999999394282891307383920320717
0.999999359176033331131350223586
0.999999323080251190098977076559
0.99999928599554477326449841712
0.999999247921914302672519170301
0.999999208859359889345341798617
0.999999168807881644305268764583
0.999999127767479678574602530716
0.999999085738154103175645559531
0.999999042719905029130700313544
0.999998998712732567462069255271
0.999998953716636940214357309742
0.999998907731618258409866939473
0.999998860757676633070900606981
0.999998812794812064197458312265
0.999998763843024995878749905387
0.999998713902315317092472923832
0.999998662972683249883232292632
0.999998611054128905273330474301
0.999998558146652616329674856388
0.999998504250254272029962976376
0.999998449364934316463404684328
0.999998393490692749629999980243
0.999998336627529682552051326638
0.999998278775445337274163648544
0.999998219934440046863244333508
0.999998160104513700296990919014
0.999998099285666741664613255125
0.999998037477899170966111341841
0.999997974681211210246090104192
0.999997910895603081549154467211
0.999997846121075006919909355929
0.999997780357627097380657232861
0.999997713605259574976003023039
0.999997645863972661750551651494
0.999997577133766468726605580741
0.999997507414641328971072198328
