1
0.999999999748041989988678324153
0.999999998992167959954713296611
0.99999999773237802092040737989
0.999999995968671950841155648959
0.999999993701049971761563028849
0.999999990929511972659327057045
0.999999987654057953534447733546
0.999999983874687914386925058352
0.99999997959140196623906149398
0.999999974804199998068554577912
0.999999969513082120897706772666
0.999999963718048223704215615726
0.999999957419098417510383569606
0.999999950616232591293908171792
0.999999943309450967099394347315
0.999999935498753322882237171143
0.999999927184139769664739105792
0.999999918365610307446900151263
0.99999990904316504725102277007
0.999999899216803878054804499698
0.999999888886526799858245340147
0.999999878052333923683647753933
0.999999866714225249531011741055
0.999999854872200777400337301515
0.999999842526260507291624435311
0.999999829676404439204873142444
0.999999816322632684162385885429
0.999999802464945131141860201751
0.999999788103341891165598553926
0.999999773237822964233600941952
0.999999757868388461368169828347
0.999999741995038160524700288079
0.999999725617772394770099708694
0.999999708736590942059763165162
0.999999691351493913415993119997
0.999999673462481419861092035717
0.999999655069553350372757449804
0.999999636172709815973291824776
0.99999961677195081666269516063
0.999999596867276463463269919885
0.999999576458686645352713640023
0.99999955554618147335332878356
0.999999534129760947465115350496
0.999999512209425178710375803348
0.999999489785174056066807679599
0.999999466857007690556713441765
0.999999443424926193202395552362
0.999999419488929564003854011389
0.999999395049017802961088818847
0.99999937010519079905179751222
0.999999344657448885342887479055
0.999999318705791950812056256837
0.999999292250219995459303845564
0.999999265290733130306932707754
0.999999237827331355354942843405
0.999999209860014670603334252519
0.999999181388783298096711860126
0.999999152413637015790470741194
0.999999122934576156751518283272
0.999999092951600498935249561328
0.999999062464710264386269500392
0.999999031473905453104578100465
0.999998999979186065090175361547
0.999998967980552211365363746154
0.999998935478003891930143254285
0.999998902471541106784513885941
0.999998868961164077973080566153
0.999998834946872694473540832405
0.999998800428667178330499609729
0.999998765406547307499351973092
0.999998729880513415047005310043
