1
0.999999999905021197399435095576
0.999999999620084900620042844821
0.999999999145190998639520785218
0.999999998480339602480171379284
0.999999997625530601119692164502
0.999999996580763994558083140873
0.999999995346039893817646770913
0.99999999392135829889838305462
0.999999992306718987755687066965
0.999999990502122293456466195494
0.999999988507567993956115515175
0.999999986323056089254635026009
0.999999983948586690374327190511
0.999999981384159797315192008682
0.999999978629775299054927018005
0.999999975685433195593532218481
0.999999972551133597953310072626
0.999999969226876506134260580438
0.999999965712661809114081279404
0.999999962008489617915074632037
0.999999958114359932537240638339
0.999999954030272641958276835794
0.999999949756227857200485686917
0.999999945292225578263867191708
0.999999940638265694126118887652
0.99999993579434842683184569978
0.999999930760473443314140240545
0.999999925536641076639909897494
0.999999920122851215786852208112
0.999999914519103749732664709882
0.999999908725398900521952327836
0.999999902741736446110110136942
0.999999896568116497519440599717
0.99999989020453905474994371616
0.999999883651004117801619486272
0.999999876907511797696770372568
0.999999869974061872390791450016
0.999999862850654452905985181133
0.999999855537289650264654028433
0.999999848033967353444495529402
0.999999840340687562445509684039
0.999999832457450277267696492345
0.999999824384255608933358416834
0.999999816121103446420192994992
0.999999807667993789728200226818
0.999999799024926749879682574829
0.999999790191902215852337576507
0.99999978116892029866846769437
0.9999997719559808873057704659
0.999999762553084092786548353615
0.999999752960229915110801357514
0.999999743177418243256227015081
0.999999733204649188245127788832
0.999999723041922750077503678767
0.999999712689238928753354684886
0.999999702146597724272680807189
0.999999691413999025613179583161
0.999999680491443054819455937832
0.999999669378929700869207408687
0.999999658076458963762433995726
0.999999646584030843499135698949
0.999999634901645451101614980871
0.999999623029302564525266916462
0.999999610967002516836998893268
0.999999598714744974969903523743
0.999999586272530160968585732917
0.999999573640358074833045520791
0.999999560818228605540980424848
0.999999547806141864114692907606
0.999999534604097850554182969063
0.999999521212096564859450609219
