1
0.999999999693934715772059007577
0.999999998775738752065933567792
0.999999997245412219903926143161
0.999999995102955119286036733683
0.999999992348367339189962876844
0.999999988981648990638007035159
0.999999985002799962607866746112
0.999999980411820477144146934734
0.999999975208710312202242675994
0.999999969393469578804456432408
0.999999962966098387973090666492
0.999999955926596517663540453213
0.999999948274964189920410717605
0.999999940011201404743701459665
0.999999931135307940088807754364
0.999999921647284129022636989248
0.999999911547129749500584239286
0.999999900834845023567254429508
0.999999889510429729178042634885
0.999999877573884199399856242962
0.999999865025208101165787866194
0.999999851864401767542744892125
0.999999838091464976486122395727
0.999999823706397950040525302029
0.999999808709200577183651148516
0.999999793099872968937802397704
0.999999776878415125302979049593
0.999999760044827046279181104182
0.999999742599108842888711023988
0.999999724541260404109266346495
0.999999705871281951985451996734
0.999999686589173375494965512189
0.999999666694934785660109355376
0.99999964618856607145858106378
0.999999625070067565957288024947
0.999999603339439047111625313846
0.999999580996680625943895392993
0.999999558041792413476400724903
0.999999534474774298686838847061
0.999999510295626503619814684498
0.999999485504349028275328237214
0.999999460100941761631077042694
0.999999434085404925731666025968
0.999999407457738520577095187036
0.999999380217942657189666988415
0.999999352366017224547078967589
0.999999323901962333671633587073
0.999999294825778206607935771899
0.999999265137464621311380597035
0.999999234837021799826572987513
0.999999203924449853175815405848
0.999999172399748670336805389525
0.999999140262918362331845401059
0.999999107513959040183237902966
0.999999074152870814913285357761
0.99999904017965357549968530293
0.999999005594307543987042663503
0.99999897039683272037535743948
0.999998934587229104664629630861
0.999998898165496918899464162678
0.999998861131636052057558572415
0.999998823485646726183517785103
0.999998785227528941277341800742
0.999998746357282697339030619332
0.999998706874908216413189165905
0.999998666780405498499817440461
0.999998626073774543598915442999
0.999998584755015573755088098551
0.999998542824128588968335407117
0.999998500281113589238657368696
0.999998457125970796610658908321
