1
0.999999999399659111887217477488
0.999999997598636558571172372467
0.999999994596932340051864684938
0.999999990394546345306991952384
0.999999984991478796381159099838
0.999999978387729471229761202267
0.999999970583298591897403184703
0.99999996157818604736178258463
0.999999951372391948645201864565
0.999999939965916295747661024507
0.999999927358759199691462526971
0.999999913550920660476606371958
0.999999898542400678103092559468
0.999999882333199363593223552016
0.999999864923316827969301812118
0.999999846312752960209024877258
0.999999826501508093379300134984
0.999999805489582005435522660264
0.999999783276974918422297378129
0.999999759863686943361926751095
0.999999735249718080254410779162
0.999999709435068551144354387361
0.999999682419738356031757575693
0.999999654203727494916620344156
0.999999624787036189843547617784
0.99999959416966455183484185909
0.999999562351612691912805530592
0.999999529332880721099741094804
0.999999495113468639395648551726
0.999999459693376779867435288907
0.999999423072605031492798843828
0.999999385251153727338646604039
0.999999346229022978427281032054
0.999999306006212784758702127874
0.999999264582723479399817279045
0.999999221958555062350626485568
0.999999178133707644633432209957
0.999999133108181559315141839761
0.999999086881976917418057837494
0.999999039455093829964482665673
0.999998990827532518999021249329
0.999998940999293095543976050976
0.999998889970375781643951995648
0.999998837740780799343554008374
0.999998784310508259665084551671
0.999998729679558384653148550569
0.999998673847931396352350930101
0.999998616815627405784994152782
0.999998558582646746017985606159
0.999998499148989528073627752747
0.999998438514656085018827980093
0.999998376679646527875888750714
0.99999831364396107868941498964
0.999998249407600070526314084418
0.999998183970563614408888497564
0.99999811733285193238174315411
0.999998049494465357511785441602
0.999997980455404111843620285072
0.99999791021566841742185260955
0.999997838775258607313389802584
0.99999776613417479254053432669
0.99999769229241741719249603193
0.999997617249986481269274918304
0.999997541006882539882383298391
0.999997463563105704054123634705
0.999997384918656306851403314795
0.999997305073534681341129726206
0.999997224027740938545605331456
0.999997141781275633576342443121
0.999997058334138766433341061202
0.999996973686330892228113498277
