1
0.999999999415044360517867971794
0.999999997660177442071471887175
0.999999994735399244660811746144
0.9999999906407097682858875487
0.999999985376109012946699294844
0.999999978941597089665549447091
0.999999971337173887420135542925
0.999999962562839517232760044863
0.999999952618594090125725415419
0.999999941504437384054426729563
0.999999929220369732085771374841
0.999999915766390912175154426222
0.999999901142501257389483271254
0.999999885348700545684152984904
0.999999868384988999103768492205
0.999999850251366617648329793155
0.999999830947833512340139350272
0.999999810474389683179197163554
0.999999788831035241187805695517
0.999999766017770186365964946162
0.99999974203459474075827984052
0.999999716881508904364750378591
0.999999690558512788207679022889
0.999999663065606392287065773417
0.999999634402790049669818017719
0.999999604570063538311330830766
0.999999573567427191278511600103
0.999999541394881119593662788247
0.999999508052425323256784395198
0.999999473540059913290178883472
0.999999437857785111738451178098
0.999999401005601029623903741594
0.999999362983507777968839036475
0.999999323791505356773257062741
0.999999283429594099104065207939
0.999999241897774115983565934584
0.999999199196045518434061705193
0.999999155324408306455552519765
0.999999110282862924137248228362
0.99999906407140926045684636847
0.999999016690047648481254327635
0.999998968138778199232774568372
0.999998918417601134756012015714
0.999998867526516566073269132175
0.999998815465524604206848380272
0.999998762234625582223657147551
0.999998707833819611145997896529
0.999998652263106913018475552235
0.999998595522487598863392577186
0.99999853761196200174765635893
0.999998478531530121671266897465
0.999998418281192402723434042855
0.999998356860948955926460257615
0.999998294270800003324950466776
0.999998230510745655941207132855
0.999998165580786357864440105914
0.999998099480922109094649385952
0.999998032211153242698742360517
0.999997963771480091743626417156
0.999997894161902767251604018384
0.999997823382421491267280089232
0.999997751433036596857562017249
0.999997678313748306067054727464
0.999997604024556951962665607425
0.999997528565462645566697119648
0.999997451936465719946056651679
0.999997374137566508167651591066
0.999997295168765121253784400324
0.999997215030062003293664929515
0.999997133721457376331898103672
0.99999705124295157343539131034
