1
0.999999999513897730452072210028
0.999999998055590810785986377596
0.999999995625079241001742502704
0.999999992222363021099340585351
0.999999987847442262101083088055
0.999999982500316964006970010814
0.999999976180987015794698891114
0.999999968889452528486572191468
0.999999960625713502082589911879
0.999999951389770047605054514861
0.999999941181622054031663537899
0.999999930001269632384719443507
0.999999917848712671641919769172
0.999999904723951504870171902439
0.999999890626985910024870918278
0.999999875557815998128319279203
0.999999859516441880202819447732
0.999999842502863445226068961347
0.99999982451708091524267274508
0.999999805559094290252630798932
0.999999785628903570255943122902
0.999999764726508866274912179506
0.999999742851910289331840431259
0.999999720005107728404425415647
0.9999996961861014055372720577
0.999999671394891431752682819933
0.999999645631477696028355239832
0.999999618895860420408894242428
0.99999959118803960489429982772
0.999999562508015360506874458224
0.999999532855787687246618133941
0.999999502231356918180438242416
0.99999947063472283126372985862
0.999999438065885759563400370098
0.999999404524845703079449776851
0.999999370011602661811878078879
0.999999334526156968827592663729
0.999999298068508513104291068885
0.999999260638657516686578219378
0.999999222236603979574454115209
0.999999182862348123812523681408
0.999999142515890060423089380492
0.999999101197229900428453674976
0.999999058906367643828616564861
0.999999015643303623690485437692
0.999998971408037728991757830954
0.999998926200570292799341132195
0.99999888002090142613553780393
0.999998832869031129000347846159
0.999998784744959512416073721397
0.999998735648686909449622817192
0.999998685580213431123297596059
0.999998634539539077437098057999
0.999998582526664181457931590558
0.999998529541588743185798193736
0.999998475584312873643000330048
0.999998420654836905896445387043
0.999998364753160950968435827235
0.999998307879285119881274113141
0.99999825003320963467956516979
0.9999981912149346063856114597
0.999998131424460257044017907901
0.99999807066178669767708697691
0.999998008926914039307121129241
0.999997946219842726023330214957
0.999997882540572757825714234059
0.999997817889104245736575649062
0.999997752265437522822821847512
0.999997685669572811129057754442
0.999997618101510110655283369852
0.999997549561249865490708543803
