1
0.999999999599718636389411585697
0.999999998398874545557646342786
0.999999996397467727504704271269
0.99999999359549829325288783366
0.999999989992966020757592104928
0.999999985589871132063422010106
0.999999980386213516148075086676
0.999999974381993284033853797155
0.999999967577210324698455679027
0.999999959971864860186485657323
0.999999951565956668453338807012
0.99999994235948586052131759061
0.999999932352452436390422008117
0.999999921544856507082954522048
0.999999909936698072598915132403
0.999999897527977132938303839182
0.999999884318693688101120642386
0.999999870308847738087365542015
0.999999855498439504941643463098
0.999999839887468877641651943122
0.999999823475935856187390982086
0.999999806263840551601163042506
0.999999788251182963882968124381
0.999999769437963204055108690227
0.999999749824181272117584740045
0.999999729409837279092698736349
0.999999708194931113958148216625
0.999999686179462998758538105903
0.999999663363432933493868404184
0.999999639746840918164139111468
0.99999961532968706379165269027
0.99999959011197137037640914059
0.99999956409369405996301338746
0.999999537274854910506860505848
0.999999509655454255074857883301
0.999999481235492093667005519819
0.999999452014968315261000952887
0.999999421993883252923751570052
0.999999391172236795632954908797
0.999999359550029165433215894154
0.999999327127260251302232063608
0.99999929390393027528460834219
0.999999259880039348402647192415
0.999999225055587359634046151768
0.999999189430574642045712607796
0.999999153005000973593041635468
0.999999115778866798365243084845
0.999999077752171894317712030897
0.999999038924916594517355861171
0.999998999297100787941872113151
0.999998958868724696635865711869
0.99999891763978843162163911984
0.999998875610291992899192337063
0.999998832780235602513130288571
0.999998789149619149441150511848
0.999998744718443077772462856956
0.999998699486707165462462398864
0.999998653454411634555754062603
0.999998606621556707096942773205
0.99999855898814238308602853067
0.999998510554168773545313797513
0.999998461319636100519403498765
0.999998411284544364008297634427
0.999998360448893675034298667015
0.999998308812684255642011521559
0.999998256375916105831436198059
0.999998203138589447647177621548
0.999998149100704503133840717055
0.999998094262261161269123022066
0.999998038623259644097629461612
0.999997982183700173663964960724
