1
0.999999999764660807421989829891
0.999999999058643118665656857047
0.999999997881947044753303543985
0.999999996234572585684929890704
0.999999994116519630438233434688
0.999999991527788290035516638454
0.999999988468378453454477039486
0.999999984938290231717417100299
0.999999980937523624824336820893
0.999999976466078632775236201269
0.999999971523955255570115241426
0.999999966111153493208973941364
0.999999960227673234669509838568
0.999999953873514701996327858069
0.999999947048677784167125537351
0.999999939753162481181902876415
0.99999993198696879304065987526
0.999999923750096830765698996402
0.99999991504254659435702023984
0.999999905864317972792321143061
0.999999896215411077093904168578
0.999999886095825907261769316392
0.999999875505562352273614123987
0.999999864444620634174043516396
0.999999852913000752963057493616
0.999999840910702486596051130618
0.999999828437726168139931814949
0.999999815494071575550094621576
0.999999802079738819848842013016
0.999999788194727901036173989269
0.999999773839038819112090550334
0.999999759012671685098894158727
0.999999743715626387974282351934
0.999999727947903149782860054984
0.999999711709501748480022342846
0.999999695000422295088071678038
0.999999677820664900629310523072
0.999999660170229565103738877951
0.999999642049116288511356742674
0.999999623457324959829861654725
0.999999604394855801103858539136
0.999999584861708812333347395906
0.999999564857883993518328225036
0.99999954438338123363649856401
0.999999523438200754732463337859
0.999999502022342556806222546584
0.999999480135806528835473727668
0.999999457778592892864821806143
0.999999434950701537871964319493
0.999999411652132574879203730234
0.999999387882886003886540038366
0.999999363642961935916275706404
0.999999338932360259946108271834
0.999999313751081086998340197169
0.999999288099124417072971482412
0.999999261976490361192304590077
0.999999235383178919356339520164
0.999999208319190091565076272673
0.99999918078452398884081731012
0.999999152779180611183562632505
0.999999124303159958593312239827
0.999999095356462142092368594604
0.999999065939087161680731696833
0.999999036051035128380704009032
0.999999005692305931169983068685
0.999998974862899792093173800822
0.999998943562816600127973742929
0.99999891179205646629668535752
0.999998879550619501621611107112
0.999998846838505595080448529188
0.999998813655714968717802548781
