1
0.999999999122168525822473839071
0.999999996488674214312197818799
0.999999992099516954446869476669
0.999999985954696968271093737712
0.999999978054214033740265676897
0.999999968398068372898990219255
0.999999956986259985747267364786
0.99999994381878887228509711349
0.999999928895655143534781927883
0.999999912216859021540926732996
0.999999893782400395281229066313
0.999999873592279375777991390351
0.999999851646496185075818630139
0.999999827945050823174710785679
0.999999802487943512119272782002
0.999999775275174362931807081623
0.999999746306743486634616147057
0.999999715582650994250002440822
0.999999683102897218844873350463
0.99999964886748216041922887598
0.999999612876406041017673942406
0.999999575129669082684813474771
0.99999953562727139644294993559
0.999999494369213315358990712411
0.999999451355495061477540730266
0.999999406586116745820902451669
0.999999360061078590433680801652
0.999999311780381039405085630278
0.999999261744024092735116937547
0.999999209952008194512984573521
0.999999156404333566783293463232
0.99999910110100043159064853171
0.999999044042009233024259629019
0.999998985227360082106429217674
0.999998924657053422926367147738
0.999998862331089588550980806758
0.999998798249468690002572657249
0.999998732412191393414957474306
0.999998664819257809810437720444
0.999998595470668383278223245725
0.999998524366423335862918975181
0.999998451506523333698339683906
0.999998376890968487806787834415
0.999998300519759353299775739288
0.999998222392896152221908323554
0.999998142510379550707000362308
0.999998060872209770799656780582
0.999997977478387367611389890953
0.999997892328912674209107080969
0.999997805423786134682018200692
0.999997716763008304141635562701
0.999997626346579626677169017057
0.999997534174500546377828413824
0.99999744024677161835512606558
0.999997344563393175675969359872
0.999997247124365884474173071794
0.999997147929690077816644588893
0.999997046979366532859501148778
0.999996944273395582669650138996
0.999996839811777893380906334642
0.999996733594513909082479585777
0.999996625621604184885882204981
0.999996515893049386924928967346
0.999996404408849959288829722936
0.999996291169006679133701709361
0.999996176173519990548754776682
0.999996059422390559667803699995
0.999995940915619052624663254392
0.999995820653205913508543289936
0.999995698635151919475561044237
0.999995574861457736659531292389
