1
0.999999999625052149454518257699
0.999999998500208597818073030794
0.999999996625469456112966781802
0.999999994000834613316897048207
0.99999999062630406942986383001
0.999999986501877935474169589725
0.999999981627556100427511864837
0.999999976003338675312193117861
0.999999969629225660128213348798
0.999999962505216943853270095133
0.999999954631312748531968281895
0.999999946007512852119702984055
0.999999936633817476661079126643
0.999999926510226511133794247144
0.999999915636740177582453270588
0.999999904013358253962451271946
0.999999891640080851296090713731
0.999999878516908080605674058461
0.999999864643839830868898843619
0.999999850020876213108067531721
0.999999834648017338345482585282
0.999999818525263095558841541788
0.999999801652613595770446863753
0.999999784030068950002601013693
0.999999765657629047233001529094
0.999999746535293998483950872469
0.99999972666306380375544904382
0.999999706040938574069798505661
0.99999968466891842044930172051
0.999999662547003231871656225849
0.999999639675193119359164484194
0.999999616053488082911826495547
0.999999591681888344574247184937
0.99999956656039379332412408985
0.9999995406890045401837596728
0.999999514067720696175456396304
0.999999486696542261299214260362
0.999999458575469235555033264973
0.999999429704501840987518335169
0.999999400083639966574367008434
0.9999993697128838343601842098
0.999999338592233444344969939266
0.999999306721688796528724196833
0.999999274101250112956051907531
0.999999240730917393626953071362
0.999999206610690638541427688324
0.999999171740570069744080683449
0.999999136120555576212609594222
0.999999099750647491013921808189
0.999999062630845703125714862836
0.999999024761150323570291220676
0.999998986141561463369953344227
0.999998946772079233547003696003
0.999998906652703634101442276005
0.999998865783434887077874009265
0.999998824164272992476298895781
0.99999878179521806131901939807
0.999998738676270204628337978647
0.999998694807429533426557100029
0.999998650188696047713676762214
0.999998604820070080556604352751
0.999998558701551409910734946607
0.999998511833140368842975931329
0.999998464214837068375629769434
0.999998415846641508508696460922
0.999998366728553800264478468307
0.999998316860574054665278254106
0.99999826624270249375570074335
0.999998214874939117535745936038
0.999998162757284148050018757203
0.999998109889737585298519206845
