1
0.999999999467394262708808128082
0.999999997869576828790627587296
0.999999995206547920290063302673
0.999999991478307537207115274214
0.999999986684855568519481039402
0.999999980826192014227160598239
0.999999973902316985352456413239
0.999999965913230481895368484402
0.999999956858932503855896811729
0.999999946739423162256343857734
0.999999935554702346074407159904
0.999999923304770277354691643268
0.999999909989626845074894845311
0.999999895609272049235016766033
0.999999880163706111879662330466
0.999999863652928921986529076094
0.999999846076940701600221927947
0.999999827435741339698438423511
0.999999807729330947303481025301
0.999999786957709635437652195833
0.999999765120877515123254397622
0.999999742218834475337985168153
0.999999718251580738126449432457
0.999999693219116303488647190534
0.999999667121441282446880904899
0.999999639958555786023453038069
0.999999611730459925240666052559
0.999999582437153700098519948369
0.999999552078637221619317188015
0.999999520654910600825360234012
0.999999488165973948738951548876
0.999999454611827376382393595122
0.999999419992470994777988835267
0.999999384307904914948039731826
0.999999347558129247914848747314
0.999999309743143993678415881732
0.999999270862949485305648522626
0.999999230917545722796546669997
0.99999918990693281717341278636
0.999999147831110990480851796747
0.999999104690080353741166163672
0.999999060483840906954355887137
0.999999015212392983187328354688
0.999998968875736582440083566325
0.99999892147387192675722644708
0.999998873006799238183361921983
0.99999882347451840569618752852
0.999998772877029873384913116752
0.999998721214333752271841149195
0.99999866848643004235697162585
0.999998614693319076707211934263
0.999998559835001077367166999466
0.999998503911475933314534358942
0.999998446922744088638523862755
0.999998388868805654361437973421
0.999998329749660741505579153454
0.999998269565309683137854790402
0.999998208315752590280567346781
0.999998146000989573956019285106
0.999998082621020967231117992924
0.999998018175846992150468395266
0.999997952665467648714070492133
0.999997886089883381011134133587
0.999997818449094300063961782143
0.999997749743100516894855900318
0.999997679971902475593026338174
0.999997609135500287180775558227
0.999997537233894062680406022992
0.999997464267084246181127582531
0.999997390235070948705242699361
0.999997315137854392297356298513
