1
0.999999999716942089555971051595
0.999999998867768247201581743866
0.999999997452478694981437001843
0.999999995471073210850931900495
0.999999992923551905832368902338
0.999999989809914668903445544856
0.999999986130161722108766753081
0.999999981884292843403727601981
0.999999977072308254832933016587
0.999999971694207734351778071868
0.999999965749991504004867692856
0.999999959239659452769899417035
0.999999952163211580646873244405
0.999999944520647998658091637481
0.999999936311968595781252133747
0.999999927537173483038657195721
0.9999999181962626604303068234
0.999999908289236016933898554271
0.999999897816093774594037313364
0.999999886776835822388420638163
0.999999875171462271339350991184
0.999999862999973010424525909912
0.999999850262368150666247856861
0.999999836958647692064516832033
0.999999823088811634619332835427
0.999999808652860089352998329559
0.999999793650792945243210851913
0.999999778082610424334575327521
0.99999976194831230458248683135
0.999999745247898697009247825918
0.999999727981369823659463236254
0.999999710148725462488528137328
0.999999691749965724518744991656
0.999999672785090720772416261752
0.999999653254100340227239485102
0.999999633156994693905517124222
0.999999612493773892829551641626
0.999999591264437936999343037314
0.999999569468986715392588848772
0.99999954710742045005389400103
0.999999524179739029960956031573
0.999999500685942566136077402916
0.999999476626031169601560577576
0.999999452000004729335103093035
0.999999426807863467381309874327
0.999999401049607272717878458934
0.999999374725236145344808846858
0.999999347834750418329008425644
0.999999320378149758603569807747
0.999999292355434499235400380712
0.999999263766604640224500144541
0.999999234611660070548566636717
0.999999204890601012252204782271
0.999999174603427465335414581205
0.999999143750139429798196033516
0.999999112330737016662851601723
0.999999080345220225929381285823
0.999999047793589168620087548334
0.999999014675843844734970389254
0.9999989809919843652963322711
0.999998946742010730304173193872
0.999998911925923050780795620085
0.999998876543721437748502012255
0.999998840595405780184989907866
0.99999880408097630013486423195
0.999998767000432997598124984506
0.999998729353775872574772165535
0.999998691141005147109410700068
0.999998652362120710179738125589
0.99999861301712278383035936713
0.99999857310601136806127442469
