1
0.999999999864554345307965377287
0.99999999945821738123186150915
0.999999998780989218793990858103
0.999999997832869635949748499115
0.999999996613858854743739357218
0.999999995123956764153660969896
0.999999993363163364179513337149
0.999999991331478654821296458977
0.999999989028902636079010335379
0.999999986455435418974957428873
0.999999983611076892486835276941
0.999999980495827056614643879584
0.999999977109685911358383236802
0.999999973452653567740355811111
0.999999969524729914738259139995
0.999999965325915063374395685969
0.999999960856208902626462986518
0.999999956115611432494461041642
0.999999951104122764000692313857
0.999999945821742786122854340647
0.999999940268471609883249584527
0.999999934444309124259575582983
0.999999928349255440274134798528
0.999999921983310557926927231165
0.999999915346474366195650418376
0.999999908438746976102606822678
0.999999901260128387647796444071
0.999999893810618600831219282554
0.999999886090217615652875338128
0.999999878098925321090462148277
0.999999869836741939188584638032
0.999999861303667358924940344878
0.999999852499701580299529268814
0.999999843424844603312351409841
0.999999834079096538985709230474
0.999999824462457165274997805682
0.999999814574926815247124523012
0.999999804416505266857484457432
0.999999793987192520106077608943
0.999999783286988686015206440061
0.999999772315893764584870950785
0.999999761073907644792768678599
0.999999749561030548683504548535
0.999999737777262254212473635562
0.99999972572260298342428086471
0.99999971339705251427432131095
0.999999700800611068807199899311
0.999999687933278536000614167278
0.999999674795055026876866577368
0.999999661385940430413654667063
0.999999647705934857633280898881
0.999999633755038197513442810305
0.999999619533250672098745326366
0.999999605040572059344583522034
0.999999590277002470273259859823
0.99999957524254201590707680225
0.999999559937190585223731886799
0.99999954436094817822322511347
0.999999528513814794905556482263
0.999999512395790546293028455693
0.999999496006875432385641033761
0.999999479347069453183394216467
0.999999462416372497663985541294
0.999999445214784787872019933275
0.999999427742306212785194929893
0.999999409998936772403510531149
0.999999391984676577749269199558
0.999999373699525517800168472604
0.999999355143483703578510812804
0.999999336316551135084296220157
0.999999317218727812317524694663
