1
0.999999999921067916908157258149
0.999999999684271778654931495112
0.999999999289611363195717785857
0.999999998737087003597423517931
0.999999998026698366793141303788
0.999999997158445674827476068458
0.999999996132328816678125349426
0.999999994948347903367391609208
0.999999993606502712850669922773
0.999999992106793578194867677666
0.999999990449220166333077486343
0.999999988633782699309904273832
0.999999986660481177125348040136
0.999999984529315377734803860221
0.999999982240285523182876659121
0.999999979793391613469566436834
0.999999977188633537572570730845
0.999999974426011295491889541154
0.999999971505524998249825330277
0.999999968427174534824075635697
0.999999965190960016236942919932
0.999999961796881331466124720464
0.99999995824493859153392349981
0.999999954535131685418036795454
0.999999950667460724140767069912
0.999999946641925596679811860668
0.999999942458526414057473630237
0.999999938117263065251449916104
0.999999933618135661284043180785
0.999999928961144091132950961764
0.999999924146288576842778184073
0.999999919173568785346617460164
0.999999914042985049711376177584
0.999999908754537147892449411302
0.999999903308225190912139623833
0.999999897704049178770446815179
0.999999891942009000445068522822
0.999999886022104766958307209279
0.99999987994433647831016287455
0.999999873708704134500635518634
0.999999867315207735529725141532
0.999999860763847281397431743244
0.999999854054622661081452861254
0.999999847187534096626393420593
0.99999984016258136598764849623
0.999999832979764691209823013196
0.99999982563908385024831204646
0.999999818140539065147720521054
0.999999810484130224885745974461
0.999999802669857329462388406682
0.999999794697720378877647817717
0.999999786567719373131524207565
0.999999778279854312224017576227
0.999999769834125307177430386218
0.999999761230532246969460175023
0.999999752469075242622409405158
0.99999974354975407209167315159
0.999999734472569068444158801867
0.999999725237519898612958968442
0.999999715844606784642678576347
0.999999706293829726533317625581
0.999999696585188613262573653628
0.999999686718683555852749123005
0.999999676694314554303844033711
0.999999666512081497593555923231
0.99999965617198449674418725408
0.999999645674023551755738026259
0.999999635018198662628208239767
0.999999624204509718339295432088
0.999999613232956940933604528254
0.999999602103540108366530603234
