1
0.999999999692644192528234725614
0.999999998770576659090636439942
0.999999997233797399687205142982
0.999999995082306525340243297251
0.999999992316104036049750902748
0.999999988935189820793425496959
0.999999984939563879571267079882
0.999999980329226323405578114034
0.999999975104177152296358599415
0.999999969264416366243608536024
0.999999962809943854225025461346
0.999999955740759838285214300413
0.999999948056864096379570128192
0.999999939758256850552697869716
0.999999930844938100804597524984
0.999999921316907736112966631481
0.999999911174165756477805189206
0.999999900416712383943718123192
0.999999889044547396466100508405
0.999999877057671016089557269879
0.999999864456083131791785945097
0.999999851239783854595088996575
0.999999837408773073477163961797
0.999999822963051010482615765795
0.999999807902617554589141946053
0.999999792227472816819044965087
0.99999977593761668615002236038
0.999999759033049384626679056964
0.999999741513770801226712592324
0.99999972337978093595012296646
0.999999704631080010841515104403
0.999999685267667914878586543637
0.999999665289544759083639746677
0.999999644696710432434372251009
0.999999623489165156975388981664
0.999999601666908821684387476125
0.999999579229941648605972659425
0.999999556178263526717842069047
0.999999532511874456019995704992
0.99999950823077465855703849229
0.999999483334964023306667968427
0.999999457824442661291186595918
0.999999431699210683532896837278
0.999999404959268090031798692507
0.999999377604614769765589699091
0.999999349635251055801177244575
0.999999321051176837116258866445
0.999999291852392113710834564699
0.999999262038896996607206801855
0.999999231610691707849980502942
0.999999200567776025394550742931
0.999999168910150171285522446851
0.999999136637814145522895614704
0.999999103750768059128972709004
0.999999070249011912103753729752
0.999999036132545815469541139464
0.999999001401369880248637400655
0.999998966055483995418740050809
0.999998930094888383024454014958
0.999998893519583043065779293102
0.999998856329568086565018347756
0.99999881852484351352217117892
0.99999878010540943495954024911
0.999998741071265961899428020843
0.999998701422413205364136956632
0.999998661158851054331364593963
0.999998620280579730845715857868
0.999998578787599234907190748345
0.999998536679909677538091727911
0.999998493957511169760721259081
0.999998450620403711575079341856
