1
0.999999999418946350360215546971
0.999999997675785623485467112914
0.999999994770517597331149772799
0.999999990703142382919565989141
0.999999985473660091273018224456
0.999999979082070611369204016228
0.999999971528373943208123364457
0.999999962812570197812078731658
0.999999952934659375181070117833
0.99999994189464147531509752298
0.999999929692516720258765872131
0.999999916328284887967470240255
0.999999901801946200485815552383
0.999999886113500546791499346
0.999999869262948148929126546136
0.999999851250289006898697152792
0.999999832075523231722513628483
0.99999981173865082340057597321
0.999999790239671781932884186972
0.999999767578586329364043194801
0.999999743755394576716355459212
0.999999718770096412967518517689
0.999999692622691949139834832749
0.999999665313181518300211791939
0.999999636841564898404044470226
0.999999607207842422518240255158
0.999999576412014201665101609251
0.999999544454080124822326069989
0.999999511334040414034518562403
0.999999477051895291346284011524
0.999999441607644756757622417354
0.999999405001288921290836242406
0.999999367232828006990530411713
0.99999932830226212487900738779
0.999999288209591385978569633153
0.999999246954815901311519610317
0.999999204537935781900159781799
0.999999160958951249789095072629
0.999999116217862527022930407838
0.999999070314669613601665787428
0.999999023249372731569906136428
0.999998975021972102972256379871
0.999998925632467727808716517757
0.999998875080860050168496400147
0.999998823367148959029293564527
0.999998770491334898480317860958
0.999998716453417757499266826926
0.999998661253398091197652775008
0.999998604891275677530870780174
0.999998547367051071610433155001
0.99999848868072427343633989949
0.999998428832295505053195938672
0.999998367821765099527908660093
0.99999830564913316788278052627
0.999998242314399932162416462234
0.999998177817565614411421393015
0.999998112158630325652097781131
0.999998045337594620995957939158
0.999997977354458389420699404582
0.999997908209222075015532027464
0.999997837901885788802758270322
0.999997766432449863849285520701
0.999997693800914522199718703632
0.999997620007279985898662744148
0.999997545051546588013025029795
0.999997468933714550587410485605
0.999997391653784206688726499124
0.999997313211755667339275532868
0.999997233607629265605964974384
0.999997152841405334555702211219
0.999997070913084096233092168404
