1
0.999999999222720203917447179265
0.999999996890880815669788717059
0.999999993004481946279327075899
0.999999987563523484723759793269
0.999999980568005431003086869168
0.999999972017928007161913228629
0.999999961913291102177936409134
0.999999950254094716051156410686
0.999999937040339070826178158313
0.999999922272024166503001652018
0.999999905949150003081626891799
0.999999888071716691584356340172
0.999999868639724343033492459654
0.999999847653172957429035250243
0.999999825112062756815589636972
0.999999801016393852215458082355
0.999999775366166243628640586394
0.999999748161380153099742074119
0.99999971940203558062876254553
0.999999689088132859282609388174
0.999999657219671878038980139536
0.999999623796652969964782187162
0.999999588819076246082317993569
0.999999552286941817413890021271
0.999999514200250017026405657816
0.999999474559000844919864903204
0.999999433363194523138872682466
0.999999390612831273728033920634
0.999999346307911318731953542738
0.999999300448434769172934011294
0.99999925303440195811788271385
0.999999204065812996589102112921
0.999999153542668217653499596054
0.99999910146496784335568008828
0.999999047832711984717946052115
0.999998992645901085829507337621
0.999998935904535257712666407315
0.999998877608614833434330648743
0.999998817758140035039104986936
0.999998756353111195593896809442
0.999998693393528648165613503807
0.999998628879392503776557532547
0.999998562810703206515938745724
0.999998495187461089450664530887
0.999998426009666374625339813065
0.999998355277319395106871979806
0.999998282990420594984470881172
0.999998209148970196302741442196
0.999998133752968532128591050423
0.999998056802416046551229555917
0.999997978297312961615261883708
0.999997898237659721409897883859
0.999997816623456770024347406434
0.999997733454704440525517838978
0.999997648731403065980316569039
0.99999756245355309047795344668
0.999997474621154958107638321962
0.999997385234209001936278582434
0.999997294292715555030781615642
0.99999720179667528352496219668
0.999997107746088409463425250578
0.999997012140955487957683089917
0.999996914981276852074643102242
0.999996816267053167948120062647
0.999996715998284657622718896164
0.999996614174971876209951915371
0.999996510797115378821331432846
0.999996405864715498523764836136
0.99999629937777279042876443782
0.999996191336287809647842550476
0.999996081740261000270209024166
