1
0.999999999461337885087175436638
0.999999997845351540348701746552
0.999999995152041076806881392258
0.999999991381406272417109448725
0.999999986533447349223990840983
0.999999980608164196205223106517
0.999999973605556924383108707843
0.999999965525625533757647644961
0.999999956368370024328839917871
0.999999946133790507118987989088
0.999999934821886871105789396097
0.999999922432659227311546601413
0.999999908966107575736259605037
0.999999894422232027402230869484
0.999999878801032693331762857269
0.999999862102509462502553105878
0.999999844326662445936904077826
0.999999825473491643634815773112
0.999999805542997277640893116768
0.999999784535179347955136108794
0.999999762450037854577544749191
0.999999739287572908530421500473
0.999999715047784620836068825156
0.999999689730672991494486723241
0.999999663336238131527977657242
0.999999635864480151958844089677
0.99999960731539916380938848306
0.999999577688995167079610837391
0.999999546985268383814116077701
0.999999515204218814012904203992
0.999999482345846568698277678777
0.999999448410151869914841427089
0.999999413397134606640292986413
0.999999377306795111941539744294
0.999999340139133385818581700732
0.999999301894149539293721318245
0.999999262571843794411563521862
0.999999222172216151172108311584
0.999999180695266831619960612443
0.999999138140995946777422886953
0.999999094509403607666797597631
0.999999049800490036332689669507
0.999999004014255232775099102582
0.999998957150699419038630821888
0.999998909209822817167889752454
0.999998860191625538185178356798
0.999998810096107693112799097435
0.999998758923269503995356899395
0.999998706673111081855154225195
0.999998653345632537714493537351
0.999998598940834204640282223409
0.999998543458716193654822745884
0.999998486899278726802720029809
0.999998429262521804083974075184
0.99999837054844586958779473207
0.999998310757050812291879537952
0.999998249888337187307740805409
0.999998187942304883613076071924
0.999998124918954234274792725046
0.999998060818285461337495689804
0.999997995640298675823487428715
0.999997929384994210799675329326
0.999997862052372177288361854153
0.999997793642432797334151928226
0.999997724155176404003952939092
0.999997653590603108320067349268
0.999997581948713243349402546301
0.999997509229506920114260992705
0.999997435432984360659247613512
0.999997360559146009073572258785
0.999997284607991865357234928524
