1
0.999999999796801541940283186705
0.999999999187206278783435209334
0.999999998171213988484851142857
0.999999996748824893089135912305
0.999999994920038881573987055162
0.999999992684856064961707033945
0.999999990043276332229993386136
0.999999986995299683378846111736
0.999999983540926229430567673262
0.999999979680155859362855608197
0.999999975412988573175709916541
0.99999997073942448189143306081
0.999999965659463585510025041003
0.999999960173105773009183394606
0.999999954280351155411210584134
0.999999947981199732716106609587
0.999999941275651504923871470965
0.999999934163706361012202705751
0.999999926645364523025705238979
0.999999918720625768919774145616
0.999999910389490320739014350693
0.999999901651958067461123391695
0.999999892508029009086101268622
0.999999882957703256636250443989
0.999999873000980699089268455282
0.999999862637861447467457765015
0.999999851868345501770818373188
0.999999840692432750977047817287
0.999999829110123417130751022341
0.999999817121417278187323063321
0.999999804726314556191368865257
0.999999791924815251142888428149
0.999999778716919252019579289481
0.999999765102626558821441449254
0.999999751081937393593079832499
0.999999736654851534289889514184
0.999999721821369202956475419342
0.999999706581490288570535085455
0.999999690935214791132068512525
0.999999674882542821663378163066
0.99999965842347438016446403708
0.999999641558009466635326134565
0.999999624286148081075964455522
0.999999606607890223486378999951
0.999999588523236004888872230367
0.999999570032185425283444146771
0.999999551134738484670094749163
0.999999531830895183048824037542
0.999999512120655520419632011908
0.999999492004019607804821134778
0.999999471480987445204391406151
0.999999450551559032618342826026
0.999999429215734370046675394406
0.999999407473513457489389111288
0.999999385324896516991088901705
0.999999362769883326507169840625
0.999999339808474108082236853079
0.999999316440668750693987476552
0.99999929266646736536472417356
0.999999268485869952094446944102
0.999999243898876510883155788179
0.999999218905487152753153168305
0.999999193505701877704439084482
0.999999167699520685737013536709
0.999999141486943576850876524986
0.999999114867970662068330511829
0.999999087842601941389375497238
0.999999060410837414814011481212
0.999999032572677193364540926268
0.99999900432812116601866136989
0.999998975677169554820977737108
