1
0.999999999761543190146539927809
0.999999999046172982630764636269
0.999999997853889155408069200348
0.999999996184691708478453620046
0.999999994038580863886522820394
0.999999991415556510609974338877
0.999999988315618537626505712979
0.999999984738767055958419405215
0.999999980685002176628017878102
0.999999976154323677590696206607
0.999999971146731669868756853248
0.999999965662226264484502280538
0.999999959700807350415630025964
0.999999953262474927662140089524
0.999999946347229107246334933734
0.999999938955069778145912096079
0.999999931085996940360871576559
0.999999922740010815935818300204
0.999999913917111182826147341984
0.999999904617298152054161164415
0.999999894840571723619859767496
0.999999884586931897523243151227
0.999999873856378673764311315608
0.999999862648912163365366723156
0.999999850964532366326409373869
0.999999838803239171625136805233
0.999999826165032690283851479762
0.999999813049912922302553397458
0.999999799457879867681242558319
0.999999785388933526419918962347
0.999999770843074120563187534572
0.999999755820301317044140887447
0.999999740320615448929686408519
0.999999724344016405197521635273
0.999999707890504296869949030224
0.999999690960078901902363668341
0.999999673552740553361672937172
0.999999655668489140225574374199
0.999999637307324551471765516908
0.999999618469247120167153752845
0.99999959915425662426713415698
0.999999579362353174794009191828
0.999999559093536771747778857389
0.999999538347807526150745616178
0.99999951712516532698060700568
0.999999495425610285259665488411
0.999999473249142512010223526886
0.99999945059576189620997865859
0.999999427465468548881233346037
0.999999403858262581046290051745
0.999999379774143770660543850681
0.999999355213112450790902130393
0.999999330175168510415062428365
0.999999304660311949533024744596
0.999999278668542879167091541603
0.999999252199861299317262819386
0.999999225254267209983538577944
0.999999197831760722188221279794
0.999999169932341835931310924934
0.999999141556010662235109975882
0.999999112702767201099618432636
0.999999083372611341502533832681
0.999999053565543416510763563565
0.999999023281563204079702700255
0.999998992520670926253956167784
0.999998961282866472011221503635
0.99999892956815006339610363284
0.999998897376521589386300092883
0.999998864707981272026415808796
0.999998831562528889271845855546
0.999998797940164774189497620682
