1
0.999999999752947510422984578327
0.999999999011790152714240775822
0.999999997776527815851466129971
0.999999996047160610856963103288
0.999999993823688537730731695774
0.999999991106111485450469444913
0.999999987894429565038478813221
0.999999984188642665472457338183
0.999999979988751008797009944828
0.999999975294754372967531708127
0.999999970106652869006325090595
0.999999964424446385891087629716
0.999999958248135145666424250521
0.999999951577719037310032490495
0.999999944413198060821912349638
0.999999936754572327224366290466
0.999999928601841725495091850462
0.999999919955006255634089029627
0.999999910814066028663660290476
0.99999990117902104458380563301
0.999999891049871192372222594713
0.999999880426616694073516100616
0.999999869309257327643081225688
0.999999857697793315125522894959
0.999999845592224656520841108431
0.999999832992551240806733403588
0.999999819898773067983199780429
0.999999806310890360094845163985
0.999999792228903006119367091742
0.999999777652811006056765563699
0.999999762582614470929343042371
0.999999747018313289714797065244
0.999999730959907573435430094833
0.999999714407397433113544593652
0.999999697360782646704535636673
0.99999967982006354727531061144
0.999999661785239912781264592923
0.999999643256311854244700043637
0.999999624233279371665616963583
0.999999604716142576066317815275
0.999999584704901467446802598715
0.999999564199556045807071313902
0.999999543200106311147123960836
0.999999521706552374489263002033
0.999999499718894235833488437493
0.999999477237131895179800267215
0.999999454261265463550500953716
0.999999430791294829923288034479
0.999999406827220216342766434536
0.999999382369041511786633691372
0.999999357416758827277192267502
0.999999331970372162814442162926
0.999999306029881518398383377644
0.999999279595287005051318374171
0.999999252666588733795549615024
0.999999225243786482586472175171
0.999999197326880584490993442159
0.999999168915870928486810953473
0.999999140010757625596227171627
0.999999110611540564796939634107
0.999999080718220079155855728459
0.999999050330795835606068067136
0.999999019449268278236786500202
0.999998988073637073981103640108
0.999998956203902555905926874402
0.999998923840064612988953740569
0.999998890982123356252486701123
0.999998857630078896718828218582
0.999998823783931123365675830428
0.999998789443680258237634461693
0.999998754609326190312401649862
