1
0.999999999225720581641496664815
0.999999996902882215543684196746
0.999999993031485012728865058307
0.999999987611528862174736786983
0.99999998064301387490360184529
0.999999972125940161937762695743
0.999999962060307612254916875827
0.999999950446116447899669310573
0.999999937283366446827415074949
0.999999922572057942105061556504
0.999999906312190933732608755236
0.999999888503765310687754208629
0.999999869146781406037405304232
0.999999848241239219781562042044
0.999999825787138862942526884581
0.999999801784480335520299831842
0.999999776233263859559485808859
0.999999749133489546082387278148
0.999999720485157395089004239708
0.999999690288267739646244081086
0.999999658542820579754106802284
0.999999625248816137457197328331
0.999999590406254523777818121744
0.999999554015135960760574107553
0.999999516075460559427767748275
0.999999476587228430801701506425
0.99999943555043990794928276955
0.999999392965095101892814000166
0.999999348831194123654597660789
0.999999303148737306301541138964
0.999999255917724871878249359725
0.999999207138157042429327248101
0.999999156810033928977077266609
0.99999910493335575356610434028
0.999999051508122960285618319176
0.999998996534335660157921665814
0.999998940011994075227619305224
0.999998881941098538561618624954
0.999998822321649272204524550034
0.999998761153646609223244468012
0.999998698437090771662383303919
0.999998634171982092588848445303
0.999998568358320794047244817193
0.999998500996107320126782269654
0.999998432085341892872065727715
0.999998361626024845350002578925
0.999998289618156621649802673346
0.999998216061737332793768473493
0.99999814095676742287110982943
0.999998064303247224948734128702
0.999997986101177183115851221373
0.999997906350557519417066032474
0.999997825051388788963890874584
0.999997742203671213800930672733
0.999997657807405238017395276984
0.999997571862591194680192074884
0.999997484369229527878530916496
0.999997395327320681701621651882
0.999997304736865100238674131106
0.999997212597863005534293279197
0.999997118910315063722293871251
0.999997023674221607869583294814
0.999996926889582971043068937433
0.999996828556399819376565574203
0.999996728674672485936980592669
0.999996627244401414813523842895
0.999996524265587161117707637459
0.999996419738230057916439363908
0.999996313662330771343533797335
0.999996206037889745488200787804
0.999996096864907313417347722861
