1
0.999999999835480601895199015416
0.999999999341922518603098524181
0.999999998519325750123698526295
0.999999997367690185434696559241
0.999999995887015935558395085536
0.99999999407730300049479410518
0.999999991938551269221591155656
0.999999989470760852761088699481
0.999999986673931751113286736654
0.99999998354806385325588280466
0.999999980093157381233481828531
0.999999976309212113001478883234
0.999999972196228159582176431286
0.999999967754205409953272010171
0.99999996298314408615937054492
0.999999957883044077178169573017
0.999999952453905383009669094463
0.999999946695727892631566646742
0.999999940608511828088467154885
0.999999934192257189380370618892
0.999999927446963754462672113732
0.999999920372631634357674101921
0.999999912969260940087679045973
0.99999990523685167165268694589
0.999999897175403718030395339156
0.99999988878491707922080422577
0.999999880065391866246216068248
0.99999987101682807910663086659
0.999999861639225606779746158281
0.999999851932584671310166868352
0.999999841896905050653288071771
0.999999831532186966853714693571
0.999999820838430197866841808718
0.999999809815634965737274342246
0.999999798463801159442709831637
0.999999786782928890005450739409
0.999999774773018046403194603045
0.999999762434068628635941422544
0.99999974976608085874829612294
0.999999736769054514695653779199
0.999999723442989707500316853839
0.999999709787886548184587809374
0.999999695803744814703861720773
0.999999681490564729102743513067
0.999999666848346291381233186257
0.999999651877089390517028277827
0.999999636576794137532431250293
0.999999620947460421405139641138
0.999999604989088464179758375394
0.999999588701678154833984990546
0.999999572085229493367819486593
0.999999555139742590803564326052
0.999999537865217336118917046406
0.999999520261653840336180110171
0.999999502329052103455353517347
0.999999484067412014454134805419
0.999999465476733906399431361933
0.999999446557017446224335799343
0.999999427308262855973453042679
0.999999407730470135646783091943
0.999999387823639285244325947133
0.999999367587770193743779145734
0.999999347022863083189747612778
0.999999326128917953582231348264
0.999999304905934693898927889677
0.999999283353913415162139699532
0.99999926147285411737186677783
0.999999239262756800528109124571
0.999999216723621575653169202269
0.99999919385544833172474454841
0.999999170658237179765137625509
