1
0.999999999508128567526910046581
0.999999998032514159085337723809
0.999999995573156774675283031684
0.999999992130056525319048432721
0.999999987703213299994331464404
0.999999982292627098701132126735
0.999999975898298143484055344743
0.999999968520226212298496193398
0.999999960158411527189059597731
0.999999950812853977133443095227
0.999999940483553562131646685884
0.999999929170510504228275294736
0.99999991687372458137872399675
0.999999903593196015627597716957
0.999999889328924806974896455358
0.999999874080910955420620211953
0.999999857849154571987071449257
0.999999840633655656674250167271
0.999999822434414209482156365993
0.999999803251430452455394970457
0.999999783084704274571663518145
0.999999761934235675830962009059
0.999999739800024989300197830744
0.999999716682072103957068520685
0.999999692580377019801574078883
0.999999667494939958878319430369
0.999999641425760921187304575142
0.999999614372840017750831975718
0.999999586336177359591204094613
0.999999557315772835686118469312
0.99999952731162677910248248736
0.999999496323739189840296148759
0.999999464352110067899559453508
0.999999431396739635324877326639
0.999999397457627892116249768151
0.999999362534775060318281703076
0.999999326628181028908670668898
0.999999289737846130954324053164
0.999999251863770366455241855874
0.99999921300595395745602900206
0.999999173164396792934383029205
0.999999132339099205957211324858
0.999999090530061196524513889017
0.999999047737282986680895646714
0.999999003960764576426356597949
0.999998959200506187805501667754
0.999998913456507820818330856127
0.999998866728769808531751550618
0.99999881901729226196806621374
0.999998770322075181127274845494
0.999998720643118788053982370911
0.999998669980423193770491252508
0.999998618333988620321406415314
0.999998565703815178729030321847
0.999998512089903091037967897137
0.999998457492252357248219141184
0.999998401910863310426691441535
0.99999834534573595057338479819
0.999998287796870610755206598697
0.999998229264267290972156843054
0.99999816974792632429114291881
0.999998109247847710712164825964
0.999998047764031894324432414578
0.999997985296478764105643222138
0.999997921845188653122704636189
0.999997857410161783420221581764
0.999997791991398266020496521378
0.999997725588898322968134380062
0.999997658202662176307740082848
0.999997589832689937061616092251
0.999997520478981938296669795818
