1
0.999999999472843570380575783929
0.999999997891374170500000673201
0.999999995255592022402879592846
0.999999991565496904044607617834
0.99999998682108892644748721068
0.999999981022368089611518371385
0.999999974169334393536701099947
0.999999966261987949245337858883
0.999999957300328756737428648194
0.999999947284356704990671005362
0.99999993621407201604966985542
0.999999924089474578892122735851
0.999999910910564504540332109173
0.999999896677341792994297975383
0.999999881389806555276322796999
0.99999986504795879138640657402
0.999999847651798501324549306446
0.999999829201325907135355919308
0.999999809696540897796523950092
0.999999789137443584330355861312
0.999999767524034077759154115483
0.999999744856312378082918712607
0.999999721134278596323952115199
0.999999696357932843504556785774
0.999999670527275119624732724333
0.99999964364230553570678239339
0.999999615703024202773008255463
0.999999586709431231845712773065
0.999999556661526622924895946198
0.999999525559310487032860237377
0.999999493402783046214210571634
0.999999460191944300468946948968
0.999999425926794360819371831894
0.99999939060733333828778768293
0.999999354233561343896496964589
0.999999316805478488667802139389
0.999999278323084883624005669844
0.999999238786380639787410018471
0.9999991981953659792026201103
0.999999156550041012891938407847
0.999999113850405740855364911113
0.999999070096460385137504545128
0.999999025288205056760659772408
0.999998979425639977769435517985
0.999998932508765259186134244374
0.999998884537580901010755951575
0.999998835512087236310208027135
0.99999878543228437610679293357
0.999998734298172431422813133395
0.999998682109751624302873551642
0.999998628867022176791579113342
0.999998574569984088888929818495
0.999998519218637582639530592132
0.999998462812982880087986359285
0.999998405353020203278902044985
0.999998346838749663234580111748
0.999998287270171370977323022089
0.999998226647285659574038163555
0.999998164970092751069330461178
0.999998102238592645463199914957
0.99999803845278567582255391244
0.999997973612672064191997378657
0.999997907718251921593832776125
0.999997840769525470072665029875
0.999997772766493042695401527453
0.99999770370915463946204226886
0.999997633597510704461797104159
0.999997562431561348716968495864
0.999997490211306794272161369008
0.999997416936747263171980648622
0.999997342607883088483333722252
