1
0.999999999813911077950479011633
0.999999999255644533846520971565
0.999999998325200145643520954764
0.999999997022578024363781423745
0.999999995347778170007302378508
0.999999993300800471551781356538
0.999999990881645151041823282867
0.999999988090312097455125694978
0.999999984926801199769386130356
0.999999981391112680029209514032
0.999999977483246316189990920975
0.999999973203202330296335276216
0.999999968550980500303637654724
0.999999963526581048256502981531
0.999999958130003863132628794119
0.999999952361249055954317555006
0.99999994622031640467696433916
0.999999939707206131345174071612
0.999999932821918235958946752362
0.999999925564452607495979918895
0.999999917934809356978576033725
0.999999909932988373384432634339
0.99999990155898976773585218325
0.99999989281281354003283468046
0.999999883694459579253077663452
0.999999874203928107441186057258
0.999999864341219013574857399362
0.999999854106332297654091689765
0.999999843499268070701191390981
0.99999983252002611067155157798
0.999999821168606750632079638308
0.999999809445009768538170646934
0.999999797349235164389824603859
0.999999784881283160231646434113
0.999999772041153645041333675181
0.999999758828846507796583864547
0.999999745244361970542001927242
0.999999731287700033277587863267
0.999999716958860584981039210106
0.999999702257843625652355967759
0.999999687184649377336143061257
0.999999671739277617987795565568
0.999999655921728569651918405725
0.999999639732002121306209119211
0.999999623170098272950667706027
0.999999606236017135607596628688
0.999999588929758709276995887194
0.999999571251322993958865481545
0.999999553200709989653205411742
0.999999534777919696360015677783
0.999999515982952225101598742185
0.999999496815807464855652142433
0.999999477276485637666780803556
0.999999457364986521490379800525
0.999999437081310338371054058371
0.999999416425456977286501114577
0.999999395397426549259023431659
0.999999373997219054288621009619
0.999999352224834492375293848454
0.999999330080272974541344410682
0.99999930756353427874216777127
0.999999284674618738044671317766
0.999999261413526241426552587654
0.999999237780256788887811580935
0.999999213774810491450750760123
0.999999189397187238093067662703
0.999999164647387139837064751191
0.999999139525410307705044488102
0.999999114031256630674704410922
0.999999088164926219768346982164
0.99999906192641907498597220183
