1
0.999999999233471603687917195202
0.999999996933886192707063855778
0.999999993101244100124347369274
0.999999987735544992872860348143
0.999999980836789204019510179933
0.999999972404976511519691939611
0.99999996244010713741801055221
0.999999950942181081714466017729
0.999999937911198233386755873653
0.999999923347158925501787507528
0.999999907250063047037258456839
0.999999889619910709015471184102
0.999999870456702022458728151832
0.99999984976043698736702936003
0.999999827531115825784979733726
0.99999980376873853771257927292
0.999999778473305345194432902645
0.999999751644816248230540622899
0.999999723283271357843204896199
0.999999693388671007099333110091
0.99999966196101508497662280206
0.999999629000303813519678897137
0.999999594506537414773106320354
0.999999558479715999759207534225
0.999999520919839679500285001268
0.999999481826908787063246109028
0.999999441200923322448090857506
0.999999399041883507699424171733
0.999999355349789675884153439256
0.999999310124641827002278660075
0.999999263366440405143009684252
0.999999215075185410306346511788
0.99999916525087717555919653023
0.999999113893515811923862202093
0.99999906100310176348955337744
0.99999900657963503025627005627
0.999998950623116056313222088647
0.999998893133545063705014399602
0.999998834110922274476251914166
0.99999877355524791067153955737
0.999998711466522305357784716762
0.999998647844745791601894779888
0.999998582689918591448474671779
0.999998516002041148986734242499
0.999998447781113464216673492047
0.999998378027136203272107195517
0.999998306740109366153035352909
0.999998233920033507970970276801
0.999998159566908961792819354741
0.99999808368073594966318751176
0.999998006261514804648982135404
0.999997927309245970839413075737
0.99999784682392989232369018282
0.99999776480556668012411591917
0.999997681254157000374505059881
0.999997596169701075119462529983
0.999997509552199237425895717024
0.999997421401652042405316933582
0.99999733171805993414693602972
0.999997240501423023673055467953
0.99999714775174208813979248589
0.999997053469017238569449546048
0.999996957653249141095841423521
0.999996860304438239808177968371
0.999996761422584756751064105629
0.999996661007689358058314610389
0.999996559059752487819139332714
0.999996455578774479100445660151
0.999996350564755887013745905278
0.999996244017697266670552380674
0.999996135937598951137772473885
