1
0.999999999468767053478757134144
0.999999997875067991870423611545
0.999999995218903037219604357233
0.999999991500272078503996908694
0.999999986719175226745903728442
0.999999980875612370923022353963
0.999999973969583622057655247772
0.999999966001088869127499947353
0.999999956970128334177161377738
0.999999946876701906184337076411
0.999999935720809696171329505887
0.999999923502451704138138666167
0.99999991022162793008476455725
0.999999895878338485033509641653
0.999999880472583257962071456859
0.999999864004362581937357390416
0.999999846473676234914762517292
0.999999827880524438938891762518
0.999999808224907305032047588611
0.999999787506824611149625070539
0.999999765726276690358531595848
0.999999742883263542658767164539
0.999999718977785279072634239128
0.999999694009841788577830357099
0.999999667979433404241262905998
0.999999640886560015040629423311
0.999999612731221731998232371552
0.999999583513418777158676675754
0.999999553233151150521962335915
0.999999521890418963110391814553
0.999999489485222325946267574182
0.999999456017561239029589614802
0.99999942148743603542726532396
0.999999385894846604116992239142
0.999999349239793056121072822862
0.999999311522275724506414462667
0.999999272742294498250714696042
0.999999232899849710420880910533
0.999999191994941361016913106141
0.999999150027569561061113745382
0.99999910699773442157578529077
0.999999062905436164605532667338
0.999999017750675012194960800116
0.999998971533450853321767226589
0.99999892425376413207516179682
0.999998875911614737432842048293
0.999998826507003002461715368554
0.999998776039928927161781757604
0.99999872451039284459994860299
0.999998671918394865798518367228
0.999998618263935101779793512833
0.99999856354701366356607650232
0.999998507767630884224274723238
0.9999984509257868747766906381
0.99999839302148185726792917194
0.999998334054715942720292787271
0.999998274025489353178386409127
0.999998212933802199664512500021
0.999998150779654815245578447502
0.999998087563047310943886714085
0.999998023283980019826344687317
0.999997957942452941892952367198
0.999997891538466410210617141274
0.999997824072020535801641472062
0.999997755543115651732932747109
0.999997685951751980049095891445
0.999997615297929631772433367587
0.999997543581648939969852563081
0.999997470802910126685958402959
0.999997396961713302943053349736
0.99999732205805880180804479096
