1
0.999999999352347845871236131643
0.999999997409391272462642064056
0.99999999417113027977421779724
0.999999989637564978828265793709
0.999999983808695369624786053464
0.999999976684521341141476113989
0.999999968265043115422940900316
0.999999958550260581446877949929
0.999999947540173850235589725344
0.99999993523478292178907622656
0.999999921634087907129639916093
0.999999906738088695234978331428
0.999999890546785508149696397595
0.999999873060178456896096577111
0.99999985427826743045187640746
0.999999834201052650861640813673
0.99999981282853411812538979575
0.999999790160711832243123353692
0.999999766197586015259446412529
0.999999740939156778196661434777
0.999999714385424121054768420436
0.999999686536388265878372294537
0.999999657392049212667473057081
0.999999626952407072444373170583
0.999999595217461956231375097559
0.99999956218721408607308376304
0.999999527861663572991801629541
0.999999492240810528009831159579
0.999999455324654951127172353154
0.999999417113197175410732597811
0.999999377606437311882814356068
0.999999336804375471565720090439
0.99999929470701176548175226344
0.999999251314346415675515800103
0.999999206626379644191615625459
0.999999160643111562052354202024
0.999999113364542391302336454828
0.999999064790672242963864846388
0.999999014921501339081544301735
0.999998963757029901699979745899
0.999998911297258152863776103914
0.999998857542186092572933375777
0.999998802491814275938963874069
0.999998746146142591939565136272
0.99999868850517148466394701245
0.999998629568901065134411965118
0.999998569337331555395564919309
0.999998507810463288514313262567
0.99999844498829637551295945741
0.999998380870831149458410891384
0.999998315458067832395272489521
0.999998248750006646368149176851
0.999998180746647924443948340922
0.99999811144799177764497244425
0.999998040854038761082733799412
0.999997968964788874757232406409
0.999997895780242451735375652788
0.999997821300399936106373388611
0.999997745525261438892528076394
0.999997668454827293160747103684
0.999997590089097831977937858028
0.999997510428073388411007726972
0.999997429471754295526864098065
0.999997347220140664347809433821
0.999997263673233049985356046818
0.999997178831031674484108862089
0.999997092693536870910975267179
0.999997005260748972332862649637
0.999996916532668422838980859524
0.999996826509295333451632359356
0.999996735190630259282329461712
