1
0.999999999268277317554520777776
0.999999997073109492262688036135
0.999999993414496413102199312561
0.99999998829243796905075214454
0.999999981706934493175253919617
0.999999973657985763431099712761
0.999999964145591890840591986489
0.9999999531697528754037307408
0.999999940730468828142818438209
0.999999926827739860080157541233
0.999999911461565860193445587356
0.999999894631947050527287501609
0.999999876338883431081683283992
0.999999856582375112878935397021
0.999999835362422095919043840695
0.999999812679024602246613540046
0.999999788532182631861644495075
0.999999762921896406808741630812
0.999999735848165927087904947257
0.999999707310991414743739369442
0.999999677310372869776244897366
0.999999645846310403207723993546
0.999999612918804348105084045528
0.999999578527854704468325053313
0.999999542673461694342051941931
0.999999505355625317726264711382
0.99999946657434601871017321173
0.999999426329623686271474980458
0.999999384621458653477077405114
0.999999341449851031349282948213
0.999999296814801041932696534786
0.999999250716308907271923089866
0.999999203154374849411567538482
0.999999154128998979373932343151
0.99999910364018163022592489142
0.999999051687922912989847645804
0.999998998272223049710305531335
0.999998943393082373454205935559
0.999998887050501106266153783508
0.999998829244479470190754000214
0.999998769975017687272611510707
0.999998709242116090578633702535
0.999998647045774791131123038213
0.999998583385994344041591830319
0.999998518262774749310040078853
0.999998451676116451025677633879
0.999998383626019671233109420427
0.999998314112484631976940363529
0.999998243135511888368682775763
0.999998170695101551430639119644
0.99999809679125395422971678272
0.999998021423969429832823152537
0.999997944593248422329168079159
0.999997866299091153763356487616
0.999997786541497957202295765455
0.99999770532046927673519576274
0.999997622636005445428963867016
0.999997538488106685328205003316
0.999997452876773551544431484217
0.999997365802006266122248234751
0.999997277263805384173167567496
0.999997187262171127741794407484
0.999997095797104051939641067293
0.999997002868604378811312471953
0.999996908476672663468320934044
0.999996812621309238977573841112
0.99999671530251454942828104322
0.99999661652028903890965239043
0.999996516274633151510897732805
0.999996414565547220298924457893
0.999996311393031800385244878271
