1
0.999999999462207744826969246787
0.999999997848830757263272062119
0.999999995159869259353513371025
0.999999991395323251097693173506
0.999999986555192510451206544531
0.999999980639477370480960871646
0.999999973648177498120048767305
0.999999965581293226435377619055
0.999999956438824444404644964379
0.999999946220771263050153265795
0.999999934927133571349600060785
0.999999922557911480325287811866
0.999999909113105100999518981553
0.99999989459271432234999110733
0.99999987899673936642130911423
0.999999862325180122191170539736
0.99999984457803681170418030888
0.999999825755309323938035959145
0.999999805856997880937342415564
0.99999978488310237167979721562
0.99999976283362290718770282183
0.999999739708559709505664159224
0.999999715507912667611378765287
0.99999969023168200354945156505
0.999999663879867717319882558513
0.999999636452469919944974208192
0.999999607949488722447028976603
0.999999578370924124826046863745
0.999999547716776349126632794651
0.999999515987045395348786769318
0.999999483181731374514811250265
0.999999449300834397647008700005
0.999999414344354686789984043571
0.999999378312292130921434818447
0.999999341204647063108268412179
0.999999303021419483350484824769
0.999999263762609613692688981246
0.999999223428217454134880881611
0.999999182018243226721665450896
0.999999139532687042475345151615
0.999999095971549012418222446286
0.999999051334829247572599797422
0.999999005622527969983082130057
0.99999895883464540169427436922
0.999998910971181431683874052396
0.999998862032136504041091029649
0.999998812017510507743622838461
0.999998760927303886880679328897
0.99999870876151653042995803844
0.999998655520148882480668817152
0.999998601203200832010509202519
0.999998545810672712086386582087
0.999998489342564744752905880887
0.999998431798877041032369561435
0.999998373179609711947080086247
0.99999831348476309056394484287
0.999998252714337398927568756335
0.999998190868332637037951826642
0.999998127946749026939698978822
0.999998063949587012722020062938
0.99999799887684659438491507899
0.999997932728527993972988952009
0.999997865504631433530846607027
0.999997797205157246125395431591
0.999997727830105542778937888215
0.999997657379476434513776439417
0.999997585853270476441423397773
0.999997513251487557539576300769
0.999997439574128121897444998467
0.999997364821192391559634415898
0.999997288992680477548447015579
