1
0.999999999592373289836189087509
0.999999998369492937300151425006
0.999999996331359164436491937522
0.999999993477971860222908162541
0.999999989809331024659400100063
0.999999985325436657745967750088
0.999999980026288870504913575132
0.99999997391188755191393511268
0.999999966982232812995334825246
0.999999959237324653749112712831
0.999999950677163074175268775434
0.999999941301748074273803013057
0.999999931111079654044715425698
0.999999920105157924510308475874
0.999999908283982885670582163584
0.999999895647554426503234026313
0.999999882195872880075171451608
0.999999867928937913319487051922
0.999999852846749859303088214801
0.999999836949308607003672477731
0.999999820236614267443542303226
0.999999802708666840622697691288
0.999999784365466326541138641915
0.999999765207012836221167617623
0.999999745233306480685087080928
0.999999724444347148910594569315
0.999999702840134951919992545299
0.999999680420670000735583471396
0.999999657185952295357367347606
0.999999633135981835785344173928
0.999999608270758844064118875394
0.999999582590283209171388989489
0.999999556094555153151759441243
0.999999528783574564982927768142
0.999999500657341666709498895216
0.999999471715856458331472822465
0.999999441959119050871152012405
0.999999411387129444328536465036
0.999999379999887749725928642874
0.999999347797394078085631008435
0.999999314779648540429946024233
0.999999280946651025736571227753
0.999999246298401867072414006543
0.999999210834900953415171898087
0.999999174556148395787147364899
0.999999137462144416232945332013
0.999999099552889014752565799427
0.999999060828382302368311229657
0.999999021288624279080181622703
0.999998980933615277955084366113
0.999998939763355076948414534854
0.99999889777784412014938197899
0.99999885497708218551338177349
0.999998811361069606107321305899
0.999998766929806381931200576219
0.999998721683292624007322046964
0.999998675621528554380290643167
0.999998628744514173050106364826
0.999998581052249591039071674459
0.99999853254473491936948903458
0.99999848322197038008596337022
0.999998433083955973188494681381
0.999998382130691920721687893092
0.99999833036217833370784546787
0.999998277778415212146967405715
0.999998224379402889105961094174
0.999998170165141364584826533246
0.999998115135630749605866185448
0.999998059290871155191382513294
0.999998002630862914408282904333
0.999997945155605916234264896048
