1
0.999999999332491840142722594464
0.999999997329967138526285452826
0.999999993992426117195293500117
0.999999989319868665127444273821
0.999999983312294782322737773939
0.999999975969704579803476462985
0.999999967292097946547357878444
0.999999957279475104598986945348
0.999999945931836053958363663696
0.999999933249180683603185570973
0.999999919231509215578057592211
0.999999903878821649882979727408
0.999999887191117986517951976566
0.9999998691683983365052768022
0.999999849810662810867256666825
0.999999829117911520626194032957
0.99999980709014435475978643808
0.999999783727361646334941269743
0.999999759029563284329356065427
0.999999732996749601809938212682
0.999999705628920376732082786475
0.999999676926076053184999636869
0.999999646888216520146386301349
0.999999615515341888638545242429
0.999999582807452491728383847658
0.999999548764548329415902117034
0.999999513386629512723402513075
0.999999476673696152673187498294
0.99999943862574858233216446024
0.999999399242786690678030936397
0.999999358524810921799996776826
0.999999316471821164675759519014
0.999999273083817752372226550506
0.999999228360800906934002796334
0.999999182302770628361088256497
0.999999134909727249720390318544
0.999999086181670882034211444989
0.999999036118601747347156560863
0.999998984720519956681528128684
0.999998931987425954126535998512
0.999998877919319739682180170348
0.999998822516201535393065569224
0.999998765778071674326099582686
0.99999870770493026750358467325
0.999998648296777647992428228463
0.999998587553614037837235173356
0.999998525475439659082610432961
0.999998462062254733773158932308
0.99999839731405948395348559643
0.999998331230854242690497812873
0.999998263812639343051102969184
0.999998195059414896057603527879
0.999998124971181234776906876505
0.999998053547938692275920402608
0.99999798078968749059924903122
0.999997906696427962813800149888
0.999997831268160330964178683644
0.999997754504885039139594482549
0.999997676406602309384652471635
0.999997596973312363743957575934
0.999997516205015646306719645509
0.999997434101712490139846067905
0.99999735066340322831024423067
0.999997265890088082862519058835
0.999997179781767386863577939948
0.999997092338441584402630724071
0.999997003560111119568887261266
0.99999691344677610338465001405
0.999996821998437090961431295
0.999996729215094304343836029147
0.999996635096748187621074066556
