1
0.999999999926102889347134805575
0.999999999704411446366236759786
0.999999999334925671057305862632
0.999999998817645674442644576629
0.999999998152571345499950439262
0.999999997339702795251525913045
0.999999996379039912675068535464
0.999999995270582697770578306518
0.999999994014331261560357688722
0.999999992610285604044406682078
0.999999991058445503178120361554
0.99999998935881118100610365218
0.999999987511382637528356553958
0.99999998551615976172257660437
0.999999983373142553588763803418
0.999999981082331124149220613617
0.999999978643725362381644572451
0.999999976057325379308338142437
0.999999973323131063906998861057
0.999999970441142527199929190829
0.999999967411359658164826669235
0.999999964233782567823993758793
0.999999960908411145155127996986
0.99999995743524550118053184633
0.99999995381428552487790284431
0.99999995004553132726954345344
0.999999946128982908355453673721
0.999999942064640157113331042638
0.999999937852503184565478022705
0.999999933492571879689592151408
0.999999928984846353507975891262
0.999999924329326606020629242266
0.999999919526012526205249741906
0.999999914574904336106442315213
0.999999909476001702657299574639
0.999999904229304958924728907732
0.99999989883481388286412538946
0.999999893292528585497791482339
0.999999887602449066825727186369
0.999999881764575326847932501551
0.999999875778907365564407427883
0.99999986964544507195284950285
0.999999863364188668057863651484
0.999999856935137931834844948753
0.999999850358292974306095857173
0.99999984363365390649391883926
0.999999836761220506353708969982
0.999999829740992884907768711855
0.999999822572971153178400527395
0.99999981525715508912099949157
0.999999807793544914780170529411
0.999999800182140519133611178404
0.999999792422941902181321438547
0.999999784515949063923301309842
0.999999776461162004359550792287
0.999999768258580834512372348399
0.999999759908205443359463515662
0.999999751410035830900824294076
0.999999742764072108158757146157
0.999999733970314164110959609388
0.999999725028762109779734146287
0.999999715939415834142778294336
0.999999706702275337200092053536
0.999999697317340729973977886402
0.999999687784612012464435792936
0.999999678104089184671465773135
0.999999668275772135572765364486
0.999999658299660865168334566988
0.999999648175755595502778305672
0.999999637904056104531491655507
0.999999627484562503276777079009
