1
0.999999999876028278222861445101
0.999999999504113334936050705437
0.99999999888425483707266039346
0.999999998016453117699597896717
0.999999996900708065794560752693
0.999999995537019570335246498871
0.999999993925387742343957597768
0.999999992065812581820694049384
0.999999989958294088765455853718
0.999999987602832152155940548255
0.99999998499942688301445059551
0.999999982148078392363288458
0.999999979048786458157849210693
0.999999975701551191420435316104
0.999999972106372592151046774234
0.999999968263250660349683585082
0.999999964172185396016345748649
0.999999959833176799151033264934
0.999999955246224869753746133938
0.99999995041132960782448435566
0.999999945328491013363247930101
0.999999939997709086370036857261
0.999999934418983826844851137139
0.999999928592315345809993232251
0.999999922517703532243160680082
0.999999916195148386144353480631
0.999999909624649907513571633899
0.999999902806208207373117602401
0.999999895739823285722991386137
0.999999888425494920518588060077
0.999999880863223444826815011766
0.999999873053008525580764853657
0.999999864994850495847344973299
0.999999856688749133581950445659
0.999999848134704549806883733254
0.999999839332716633499842373567
0.99999983028278560670543129163
0.999999820984911247379045562411
0.999999811439093777565290110942
0.999999801645332975219560012192
0.999999791603628951364157728676
0.99999978131398181702138572291
0.999999770776391461168941532378
0.99999975999085788380682515708
0.999999748957381195957339059532
0.999999737675961286598180777219
0.999999726146598155729350310139
0.999999714369291914373150120809
0.99999970234404256252958020923
0.9999996900708501001986405754
0.999999677549714416358028756804
0.999999664780635622030047215958
0.999999651763613828236998415377
0.999999638498648812934277430031
0.99999962498574079816648918495
0.99999961122488967291133121762
0.999999597216095437168803528039
0.999999582959358201961208578723
0.999999568454677856266243907157
0.999999553702054511106211975857
0.999999538701488166481112784822
0.999999523452978711368643871538
0.999999507956526367813410161034
0.999999492212131024793109190796
0.999999476219792571285438498307
0.9999994599795112293350030086
0.999999443491286998941802721674
0.999999426755119769083535175014
0.999999409771009539760200368619
0.999999392538956533016403227521
0.999999375058960526807538826688
