1
0.999999999576107856391615769098
0.999999998304431536588765538909
0.9999999961849708185468443844
0.999999993217725924310457230604
0.99999998940269685387960407752
0.999999984739883496231982462632
0.999999979229285851367592385941
0.999999972870904030308736309962
0.999999965664738033055414234695
0.999999957610787970629928622657
0.999999948709053620987674548815
0.9999999389595352061732569382
0.999999928362232615164373328298
0.999999916917145958983326181624
0.999999904624275348652417960693
0.99999989148362067314934620299
0.999999877495182043496413371031
0.999999862658959348671317002299
0.999999846974952810718662021827
0.999999830443162429638448429614
0.99999981306358820543067622566
0.999999794836230249117647872481
0.999999775761088449677060907561
0.999999755838163029153520255932
0.999999735067453987547025917593
0.999999713448961324857577892544
0.999999690982685152107478643302
0.999999667668625469296728169866
0.999999643506782387447628934751
0.999999618497155906560180937959
0.999999592639746248678989104519
0.999999565934553302781750971917
0.999999538381577179890769002668
0.999999509980817991028345659288
0.999999480732275847216783404292
0.999999450635950637433779775165
0.999999419691842694746242159454
0.999999387899951908131868094642
0.999999355260278388612960043247
0.999999321772822358234122930298
0.999999287437583705973054293281
0.999999252254562542852056594711
0.999999216223759090915734759619
0.999999179345173461186391250521
0.999999141618805542641723604902
0.999999103044655557326336747792
0.999999063622723616262533141708
0.999999023353009830472615249164
0.999998982235514199956583070161
0.999998940270236946759041529731
0.999998897457178181902293090388
0.999998853796337905386337752134
0.999998809287716228233477977483
0.999998763931313372488318691467
0.999998717727129449173162356601
0.999998670675164458288008972886
0.999998622775418621877463465353
0.999998574027892050963828296517
0.999998524432584745547103466379
0.999998473989497038694196362485
0.999998422698628930405106984836
0.999998370559980531702137795946
0.999998317573552064629893720848
0.999998263739343640210677222058
0.999998209057355258444488299574
0.999998153527587252398234340944
0.999998097150039733094217808684
0.999998039924712700532438702794
0.99999798185160648777980441082
0.999997922930721094836314932763
0.999997863162056632724272731139
