1
0.999999999472931277999521171296
0.999999997891725223020387147699
0.999999995256381724040295466693
0.999999991566900892081548590795
0.999999986823282616121844057488
0.999999981025527118205786791805
0.999999974173634176288771868713
0.999999966267603901393101750728
0.999999957307436404541078900365
0.999999947293131685732703317626
0.999999936224689633945672539994
0.999999924102110471224591492501
0.99999991092539408654715771263
0.999999896694540701957976125414
0.99999988140955009541244180582
0.999999865070422599977462141396
0.999999847677158104630734669627
0.999999829229756720394561853027
0.999999809728218336246641229081
0.999999789172543285253880185337
0.999999767562731567416278721794
0.999999744898783071711534375936
0.999999721180698020184252072795
0.999999696408476412834431812371
0.999999670582118471706678519695
0.999999643701624085778689732251
0.999999615766993477095070375071
0.999999586778226756678122910671
0.999999556735323813505544876534
0.999999525638284980644243660208
0.999999493487110147071916799177
0.999999460281799645855471680989
0.999999426022353365972605843126
0.999999390708771529467924210621
0.99999935434105424736372924599
0.999999316919201630682323411747
0.99999927844321379044600917041
0.999999238913090726654786521976
0.999999198328832772375562853995
0.999999156690439927608338166465
0.999999113997912414397717384418
0.999999070251250232743700507854
0.999999025450453604690892461804
0.999998979595522752283898171299
0.999998932686457564500415173825
0.999998884723258485429653319443
0.999998835705925515071612608153
0.999998785634458875470897964988
0.999998734508858566627509389946
0.999998682329124921608354270575
0.99999862909525805143573506939
0.999998574807258178154256711423
0.999998519465125412786221659189
0.999998463068859866353932375205
0.999998405618461760901993784501
0.999998347113931429497313274624
0.999998287555268761117588383058
0.999998226942474199852028959867
0.999998165275547856722937467566
0.999998102554489953774918831186
0.999998038779300602030275513243
0.999997973949980134555914901284
0.999997908066528662374139457825
0.99999784112894629650725164538
0.999997773137233481044461314013
0.99999770409139032700807092624
0.999997633991416945420382944576
0.999997562837313669348304756568
0.999997490629080720836441287247
0.99999741736671843295169992416
0.999997343050226805694080667308
