1
0.99999999963776819988936495065
0.999999998551072910579762265115
0.99999999673991402104888948088
0.999999994204291531296746597945
0.999999990944205552345636078826
0.999999986959655973173255461006
0.999999982250642904801907207002
0.999999976817166236209288854297
0.999999970659226189440005327924
0.999999963776822542449451702851
0.999999956169955406259930441593
0.999999947838624891893744006666
0.999999938782830777306287473039
0.999999929002573395564468228258
0.999999918497852524623681347293
0.99999990726866827550622929266
0.999999895315020648212112064357
0.999999882636909753763632124901
0.999999869234335481138487011776
0.999999855107297941358979187498
0.999999840255797134425108652067
0.999999824679833171359177867998
0.999999808379406052161186835292
0.999999791354515665808833091432
0.999999773605162234346721561451
0.999999755131345757774852245348
0.999999735933066236093225143122
0.999999716010323780324142717291
0.999999695363118279445302505337
0.999999673991449955501309432293
0.999999651895318697469861035643
0.999999629074724727395562240417
0.999999605529667934256110584101
0.999999581260148429073808529211
0.99999955626616632287095853826
0.999999530547721615647560611251
0.999999504104814307403614748182
0.99999947693744450916142341157
0.999999449045612331943289063929
0.999999420429317775749211705261
0.99999939108856095160149379808
0.999999361023341859500135342387
0.999999330233660610467438800697
0.99999929871951720450340417301
0.999999266480911863652636384359
0.999999233517844476892832972226
0.999999199830315155246296399127
0.999999165418324009735329127579
0.999999130281871262404536082613
0.999999094420956691209312339197
0.999999057835580518194262822362
0.999999020525742965403992457141
0.999998982491443921816198781016
0.999998943732683498453184256505
0.999998904249461806337251346122
0.999998864041778956490702512383
0.999998823109634948913537755288
0.999998781453030005650361999869
0.999998739071964126701175246126
0.999998695966437423088279956573
0.999998652136450005833978593728
0.999998607582001985960573620105
0.999998562303093363468065035704
0.999998516299724360401057765557
0.999998469571894976759551809664
0.99999842211960532356584963054
0.999998373942855622864556153218
0.999998325041645874655671377695
0.99999827541597618996149776649
0.999998225065846679804337782116
0.99999817399125745520649388709
