1
0.999999999553453866596441912407
0.999999998213815355363465187111
0.999999995981084466301069824112
0.999999992855261310431558285927
0.999999988836345887754930572555
0.999999983924338087248884221481
0.999999978119238019935721695219
0.999999971421045685815442993771
0.999999963829761195910350579652
0.99999995534538432817583952783
0.999999945967915304656514763337
0.999999935697354014330073823658
0.999999924533700679241121633822
0.999999912476955188367355731316
0.999999899527117541708776116138
0.999999885684187850287685250805
0.999999870948166114104083135317
0.999999855319052444180272232188
0.99999983879684684051625254142
0.999999821381549303112024063012
0.999999803073159831967586796964
0.999999783871678649127545668307
0.999999763777105754591900677042
0.999999742789441037338349360653
0.99999972090868471941149664417
0.999999698134836911833644990111
0.999999674467897503582491935958
0.999999649907866605680339944229
0.999999624454744329149491477438
0.9999995981085307850122489981
0.999999570869225862246310043702
0.999999542736829893918582001788
0.999999513711342657984459947329
0.999999483792764487510851267871
0.999999452981095382497755963414
0.999999421276335453967476496473
0.999999388678484701920012867049
0.999999355187543237377667537658
0.999999320803511060340440508298
0.999999285526388503875239166518
0.999999249356175567982063512318
0.999999212292872141638611083181
0.99999917433647866893409172917
0.999999135486994927823900525254
0.999999095744421251374944858981
0.999999055108757639587224730349
0.99999901358000431450534506439
0.999998971158161165107003398589
0.999998927843228524459107120492
0.9999988836352063925616562301
0.999998838534094880436953189928
0.999998792539894210129602925008
0.999998745652604492661907897855
0.999998697872225728033868108469
0.999998649198758027267786019365
0.999998599632201723430569018092
0.999998549172556816522217104648
0.999998497819823528587335204065
0.999998445574001859625923316344
0.999998392435092031682586366514
0.999998338403094155779626817093
0.999998283478008453961649593111
0.999998227659834926228654694569
0.999998170948573905647549509013
0.999998113344225392218334036443
0.999998054846789719007915664406
0.999997995456266774993991930387
0.999997935172657004265772684448
0.999997873995960295800955464074
0.999997811926176982666447656811
0.999997748963307286906854187691
