1
0.99999999941177941664705031144
0.999999997647117666588201245759
0.999999994706014749823452802957
0.999999990588470666352804983035
0.999999985294485416176257785992
0.999999978824058999293811211828
0.99999997117719152672776772306
0.999999962353882998478127319686
0.999999952354133414544890001707
0.999999941177942885950358231639
0.999999928825311301672229546966
0.999999915296238772732806410204
0.999999900590725410154391283868
0.999999884708771324959286630474
0.99999986765037629510288752499
0.999999849415540653652101354965
0.999999830004264289584625657881
0.99999980941654742494506535877
0.999999787652390059733420457633
0.999999764711792193949690954469
0.999999740594754049638481774309
0.999999715301275626799792917154
0.99999968883135703645592684552
0.999999661184998389629186021921
0.999999632362199686319570446358
0.999999602362961148571685043862
0.999999571187282887407832276949
0.999999538835164902828012145619
0.999999505306607305854527112388
0.999999470601610318531982102286
0.99999943472017405188267957783
0.999999397662298616928922001534
0.999999359427984124693011835916
0.999999320017230797219554006006
0.999999279430038523486246049288
0.999999237666407747582297815825
0.999999194726338358485406843101
0.99999915060983080028478298118
0.999999105316884961958123767545
0.999999058847501065550034127227
0.999999011201679444127421447774
0.99999896237941998666798326667
0.999998912380723137260929433978
0.999998861205588895906259949697
0.99999880885401748464857973886
0.999998755326009125532493726496
0.999998700621563929580304375122
0.999998644740682229858919072285
0.999998587683364026368337817985
0.999998529449609763197770462284
0.999998470039419440347217005183
0.999998409452793279861282371712
0.999998347689731614806873949419
0.999998284750234667228596663335
0.999998220634302548148752975976
0.999998155341935479611947812373
0.999998088873133794685088560072
0.999998021227897604390477681591
0.99999795240622735281732502699
0.999997882408123039965630596271
0.999997811233585109924604239495
0.999997738882613673716548419179
0.99999766535520906440837052287
0.999997590651371504044675475598
0.999997514771101214670068202395
0.999997437714398640373758553324
0.9999973594812638921780489909
0.999997280071697192127544440154
0.99999719948569898431145475115
0.999997117723269490774384848919
0.999997034784409044583242121007
