1
0.999999999688560681221360937343
0.999999998754242502840838824341
0.999999997197045686903038586024
0.999999995016970122385657759878
0.999999992214015809288696345902
0.999999988788182747612154344097
0.999999984739470937356031754462
0.999999980067880489542631039512
0.999999974773411293149649736733
0.99999996885606345919939030864
0.999999962315836876669550292718
0.999999955152731656582432151481
0.999999947366747687915733422415
0.99999993895788519271405903055
0.999999929926144059955106513371
0.999999920271524289638875870878
0.999999909994025881765367103071
0.999999899093648947356882672466
0.999999887570393486413422579062
0.99999987542425949893498682286
0.99999986265524698492157540386
0.999999849263355944373188322061
0.999999835248586488312128039979
0.999999820610938505716092095099
0.999999805350412218629685412452
0.999999789467007516030605529522
0.999999772960724508941154908825
0.999999755831563197361333550361
0.999999738079523470268838991615
0.999999719704605660730578620132
0.999999700706809546701947510883
0.999999681086135239205248126382
0.999999660842582738240480466629
0.999999639976152265852249456657
0.999999618486843599995950171433
0.999999596374656962716187535989
0.999999573639592354012961550325
0.99999955028164977388627221444
0.999999526300829333358421990852
0.999999501697131032429410879558
0.999999476470554871099238880561
0.999999450621100960390208456374
0.999999424148769300302319606999
0.99999939705356000185787479495
0.999999369335473176079176482745
0.999999340994508711943922207865
0.999999312030666720474414432829
0.99999928244394731269295562015
0.99999925223435048859954576983
0.999999221401876248194184881868
0.999999189946524813521477881295
0.999999157868296184581424768112
0.999999125167190250351723079802
0.999999091843207343899280203914
0.99999905789634735420179367793
0.999999023326610392281565964367
0.999998988133996458138597063225
0.99999895231850566279518943702
0.999998915880138117273645548266
0.999998878818893932596267859481
0.999998841134772997740753908147
0.999998802827775534751708619297
0.99999876389790154362913199293
0.999998724345151135395326491562
0.999998684169524421072594577709
0.999998643371021289638633788854
0.999998601949642074160351512546
0.999998559905386663615445286268
0.999998517238255280048520035052
0.999998473948247812437273296382
0.999998430035364593848612457805
