1
0.999999999241600656674222591391
0.99999999696640251567458790305
0.99999999317440568802339839749
0.999999987865610284742956537229
0.999999981040016083788657397236
0.999999972697623196182803440024
0.999999962838431843969999590627
0.999999951462441805105640924012
0.999999938569653301634332365211
0.999999924160066333556073914224
0.999999908233681011893168033566
0.999999890790497336645614723238
0.999999871830515529858018908271
0.999999851353735480508078126149
0.999999829360157410640397301904
0.999999805849781431277278898051
0.99999978082260754241872291459
0.999999754278635855087031814037
0.999999726217866702349112983939
0.999999696640299973182663961779
0.999999665545935889632289672591
0.999999632934774673742595041404
0.999999598806816325513580068218
0.999999563162061066989849678066
0.999999526000509120216008795978
0.99999948732216059621435988447
0.999999447127015717029507868574
0.999999405415074482661452748289
0.999999362186337337199404373678
0.999999317440804391665665207256
0.99999927117847575708253771154
0.99999922339935165549462681156
0.999999174103432419968839894864
0.999999123290718272549781886482
0.999999070961209324259755248931
0.999999017114905797143364907242
0.999998961751808135289820711478
0.999998904871916449721425124153
0.9999988464752309624827830703
0.999998786561752006640801937465
0.999998725131479915262389113195
0.999998662184414799369847060007
0.999998597720557103052385627961
0.999998531739907048354609742091
0.999998464242464968343426789943
0.999998395228231085063441696548
0.999998324697205731581561849453
0.99999825264938935198699709872
0.999998179084782279346654831897
0.9999981040033846246828375115
0.999998027405196943107057450106
0.999997949290219456663919572748
0.999997869658452609442633729486
0.999997788509896623487804845354
0.999997705844552053910945232928
0.999997621662419233778962279757
0.999997535963498496158763373387
0.999997448747790174117255901365
0.999997360015294822765952176269
0.999997269766012664149457123131
0.999997177999944253379283054528
0.999997084717089923522337358008
0.999996989917450118667829883634
0.999996893601025393927272943984
0.999996795767815971345271464088
0.999996696417822406033337756526
0.999996595551045142080681671359
0.999996493167484623576513058651
0.99999638926714140563234423098
0.999996283850015821315082575893
0.999996176916108425736240405968
