1
0.999999999494564750790459584096
0.999999997978259003161838336382
0.99999999545108275711413625686
0.999999991913036123669655808044
0.999999987364118991806094527419
0.999999981804331361523452414986
0.999999975233673343844031933259
0.999999967652144827745530619723
0.999999959059746035272553399409
0.999999949456476855402797809802
0.999999938842337288136263850902
0.999999927217327444495253985224
0.999999914581447324479768212768
0.999999900934696928089806533535
0.999999886277076477369973872555
0.999999870608585750275665304798
0.999999853929224968851485755295
0.999999836238994133097435224045
0.999999817537893354035816173564
0.999999797825922631666628603853
0.999999777103081965989872514911
0.999999755369371579050152831769
0.999999732624791359825167091913
0.999999708869341530359520220372
0.999999684103021979630909754633
0.999999658325833040706243082241
0.999999631537774602563217740681
0.999999603738846776224136192468
0.999999574929049672711300900119
0.999999545108383292024711863633
0.999999514276847856208974008041
0.99999948243444347628638979586
0.999999449581170152256959227088
0.999999415717027884120682301727
0.999999380842017004944466407323
0.999999344956137514728311543877
0.999999308059389524494520173903
0.999999270151773145265394759917
0.999999231233288488063237764436
0.999999191303935663910351649974
0.999999150363714783829038879048
0.999999108412625958841601914173
0.999999065450669410992645680381
0.99999902147784514028217017767
0.999998976494153479777082793589
0.999998930499594318455081065622
0.999998883494167989383072381315
0.999998835477874492561056740669
0.999998786450714050033639068715
0.999998736412686772823121827969
0.999998685363792882974109943461
0.999998633304032491508905877708
0.999998580233405709449812093226
0.99999852615191286986373597756
0.999998471059553861728375068196
0.999998414956329129132939215197
0.999998357842238561055125956045
0.999998299717282601584145140805
0.999998240581461250719996769476
0.999998180434774841529588229605
0.999998119277223374012919521192
0.999998057108807070214595569269
0.999997993929526263201523761381
0.999997929739381063996006560046
0.999997864538371583620346427779
0.999997798326498155141450752126
0.999997731103760889581621995603
0.999997662870160008985465083242
0.999997593625695735397584940074
0.99999752337036829086258649113
0.999997452104177786402772198926
