1
0.999999999301759312508863786206
0.999999997207037250035455144825
0.999999993715833812579774075857
0.999999988828148889119518116786
0.999999982543982812721594655159
0.999999974863335250319096303429
0.999999965786206534978930449142
0.999999955312596444656492167269
0.999999943442505201396386382839
0.99999993017593291622091555837
0.999999915512879367085474768828
0.999999899453344887056971401762
0.999999881997329365113102994655
0.99999986314483302329847447254
0.999999842895855861613085835415
0.999999821250397880056937083282
0.99999979820845930067463314117
0.999999773770040234488476471597
0.999999747935140681498467074562
0.99999972070376075272690741258
0.999999692075900670218402410683
0.999999662051560433972952068871
0.999999630630740155012858849659
0.999999597813440166405030140595
0.999999563599660468149465941678
0.999999527989401171268468715425
0.999999490982662386784340924351
0.999999452579444447763989956002
0.999999412779747354207415810379
0.999999371583571328159223412513
0.999999328990916591664017687435
0.999999285001783255744101097662
0.999999239616171542444078568224
0.999999192834081562786252561637
0.999999144655513649837530465447
0.999999095080467803597912279656
0.999999044108944468156607854326
0.999998991740943754535919651971
0.999998937976465773758150135109
0.999998882815510969912509153801
0.999998826258079454021299170563
0.999998768304171337106822647911
0.999998708953787063258289435907
0.999998648206926854520304459584
0.999998586063590821915170181455
0.999998522523779409532096451585
0.999998457587492728393385732488
0.999998391254731222588247874228
0.999998323525495003138985339319
0.99999825439978440311250551531
0.99999818387759964455341332723
0.999998111958941282573221087659
0.999998038643809317171928796597
0.999997963932204192438746304106
0.999997887824126241440580997732
0.999997810319575686222037802509
0.999997731418552970872326568497
0.999997651121058317436052220728
0.999997569427092170002424609265
0.999997486336654861638351121655
0.99999740184974661438843668293
0.999997315966367872341891143151
0.999997228686518968565621889866
0.999997140010200236126536310621
0.999997049937412230136146717996
0.999996958468155061616755574505
0.999996865602429285679875192727
0.999996771340235346414715422725
0.999996675681573465865881189529
0.999996578626444088122582343203
0.999996480174847657274028733809
