1
0.999999999860246235883209919848
0.999999999440985054555142141908
0.999999998742216456015796666179
0.999999997763940440265173492662
0.999999996506156896280970158841
0.999999994968865935085489127232
0.999999993152067445656427935319
0.999999991055761650038391508133
0.999999988679948326186774920643
0.999999986024627585123880635365
0.999999983089799426849708652298
0.999999979875463740341956508928
0.999999976381620747645229130285
0.999999972608270226714921591338
0.999999968555412288573336354602
0.999999964223047044242775882594
0.999999959611174271678635250282
0.999999954719794081903216920182
0.999999949548906474916520892293
0.999999944098511561740849629132
0.999999938368609120331598205667
0.999999932359199372733371546929
0.999999926070282096901564727887
0.999999919501857514880782673572
0.999999912653925626671025383985
0.999999905526486321249990396609
0.999999898119539598617677711445
0.999999890433085458774087328493
0.999999882467124123763824172784
0.99999987422165526051998085677
0.999999865696679202109464768
0.999999856892195726487670981442
0.99999984780820494467690195961
0.999999838444706856677157702507
0.999999828801701351466135747614
0.999999818879188651088441019965
0.999999808677168644521771057043
0.999999798195641331766125858849
0.999999787434606712821505425381
0.999999776394064787687909756642
0.999999765074015667387641315145
0.999999753474459240898397638375
0.999999741595395619242481188849
0.999999729436824802419891966565
0.999999716998746679408327509009
0.999999704281161361230090278696
0.999999691284068847885180275625
0.999999678007469139373597499798
0.999999664451362235695341951214
0.999999650615748247872716092388
0.999999636500627064883417460806
0.999999622105998686727446056466
0.999999607431863224427104341885
0.999999592478220566960089854547
0.999999577245070825348705056967
0.999999561732413999592949949147
0.9999995459402502007151269936
0.999999529868579206670631265297
0.999999513517401128481765226752
0.999999496886716077170831340482
0.999999479976524052737829606485
0.999999462786824944160457562248
0.999999445317618862461017670284
0.99999942756890569661720746808
0.999999409540685668673631880665
0.999999391232958667607988445525
0.999999372645724693420277162659
0.999999353778983857132800494583
0.999999334632736047723255978781
0.999999315206981376213946077769
0.999999295501719842604870791547
