1
0.999999999628079505598066134553
0.999999998512318022392264538212
0.999999996652715439360292748461
0.999999994049271867524453227816
0.999999990701987417907048438792
0.999999986610861868463473456359
0.999999981775895330216030743031
0.99999997619708780316472029881
0.99999996987443939833184458621
0.999999962807950004695101142715
0.999999954997619622254489968327
0.99999994644344836203231352556
0.999999937145436224028571814415
0.999999927103583208243264834891
0.999999916317889425698695049505
0.999999904788354654350257533224
0.999999892514979227264859673596
0.99999987949776292239789654559
0.999999865736705961793973074236
0.99999985123180823443078679702
0.999999835983069740308337713941
0.99999981999049070147123075003
0.999999803254071006897163442773
0.999999785773810767608438254683
0.999999767549709983605055185762
0.999999748581768765909316698526
0.999999728869987003498920330458
0.999999708414364807396168544074
0.999999687214902399645666264405
0.999999665271599558202808566421
0.999999642584456394089897912636
0.999999619153473129351539228082
0.999999594978649652965430050244
0.999999570059986075953872841637
0.999999544397482509339170064777
0.999999517991138842099019257148
0.999999490840955296278025343781
0.999999462946931760853885862161
0.999999434309068568893508199835
0.999999404927365498352287431771
0.999999374801822771274828483001
0.999999343932440498683433816041
0.999999312319218680578103430889
0.999999279962157316958837327547
0.99999924686125651884793796853
0.999999213016516397267707816354
0.999999178427937063240449333534
0.999999143095518516766162520071
0.999999107019260868867149838479
0.999999070199164230565713751275
0.999999032635228601861854258459
0.999998994327454204800176285062
0.999998955275841039380679831083
0.999998915480389105603364896524
0.999998874941098625512836406415
0.999998833657969599109094360756
0.999998791631002137414441222063
0.999998748860196462473481915367
0.999998705345552463263913978153
0.999998661087070361830342335452
0.999998616084750269195069449779
0.999998570338592296380397783651
0.999998523848596443386327337066
0.999998476614762821235160572542
0.999998428637091651971502415108
0.999998379915582935595352864766
0.999998330450236894151316846546
0.999998280241053416617091897933
0.99999822928803294708188786899
0.999998177591175263501099834684
0.999998125150480698941635182564
