1
0.999999999849980780730618334928
0.999999999399923344967078264744
0.999999998649827470664774864417
0.999999997599693268846010596462
0.99999999624952073951078546088
0.999999994599309882659099457669
0.999999992649060698290952586831
0.999999990398773186406344848365
0.999999987848447347005276242271
0.99999998499808318008774676855
0.9999999818476806856537564272
0.999999978397239863703305218223
0.999999974646760714236393141618
0.999999970596243348275322659902
0.999999966245687543775488848041
0.999999961595093411759194168553
0.999999956644461063248741083953
0.999999951393790387221827131725
0.999999945843081383678452311869
0.999999939992334163640919086902
0.999999933841548616086924994306
0.999999927390724852038772496599
0.999999920639862760474159131263
0.9999999135889623413930848983
0.999999906238023705817852260225
0.999999898587046853748461217037
0.999999890636031674162609306222
0.999999882384978389104901452811
0.999999873833886776530732731771
0.99999986498275694746240560562
0.999999855831588901899920074356
0.999999846380382639843276137981
0.999999836629138272314776259009
0.999999826577855577269815512409
0.999999816226534776752998823213
0.999999805575175759742023728904
0.999999794623778637259192691999
0.999999783372343298282203249983
0.999999771820869853833357865369
0.999999759969358303912656538159
0.999999747817808648520099268353
0.999999735366220776633383593435
0.999999722614594910297114438436
0.999999709562930827466686878324
0.999999696211228750186705838132
0.999999682559488678457171317859
0.999999668607710390233478392474
0.999999654355894218582534449524
0.999999639804039941459734563978
0.99999962495214766988738119835
0.999999609800217403865474352642
0.999999594348249143394014026853
0.999999578596242888473000220984
0.999999562544198639102432935033
0.999999546192116506304614631517
0.999999529539996490079545310437
0.999999512587838479404922509275
0.999999495335642585303048690548
0.999999477783408807773923854256
0.999999459931137146817548000399
0.999999441778827713456223591493
0.999999423326480396667648165021
0.999999404574095196451821720984
0.999999385521672334853349184414
0.999999366169211589827625630278
0.999999346516713072396953521093
0.999999326564176782561332856858
0.999999306311602831343066100089
0.999999285758991107719850788271
0.999999264906341722713989383919
0.999999243753654676325481887034
