1
0.999999999887694945854832440091
0.999999999550780005463934685395
0.99999999898925495678270181088
0.999999998203120021855738741579
0.999999997192374978638440552459
0.999999995957020049175412168552
0.999999994497055011422048664826
0.999999992812480087422954966314
0.999999990903295055133526147984
0.999999988769500136598367134866
0.999999986411095220795175464445
0.999999983828080196701648674207
0.999999981020455286362391689181
0.999999977988220378755102046853
0.999999974731375473879779747222
0.999999971249920571736424790288
0.999999967543855672325037176051
0.999999963613180886667919367028
0.999999959457895992720466438186
0.999999955078001212527283314557
0.999999950473496546088369996141
0.999999945644381771359121557907
0.999999940590657110384142924886
0.999999935312322452141131634562
0.999999929809377796630087686935
0.999999924081823254873313544522
0.999999918129658826870809207321
0.999999911952884401600272212818
0.999999905551499979061702561012
0.999999898925505670277402714419
0.999999892074901364225070210523
0.999999884999687282949309974356
0.99999987769986309338321461837
0.999999870175429128593691530114
0.999999862426385166536135784554
0.999999854452731429255152306723
0.99999984625446769470613617159
0.999999837831594073911389841669
0.999999829184110566870913316961
0.999999820312017062562404134951
0.999999811215313894052769683185
0.999999801894000728275102574116
0.999999792348077676251705270261
0.999999782577544849004880234133
0.999999772582402135512325003219
0.999999762362649535774039577518
0.999999751918287160812326419546
0.999999741249314899604883066786
0.999999730355732863174011981755
0.999999719237540940497410701937
0.999999707894739242597381689848
0.999999696327327769473924945487
0.999999684535306410104738006339
0.999999672518675386534425797436
0.999999660277434587740685856261
0.999999647811583902701215720299
0.999999635121123553460620314581
0.999999622206053428996597176592
0.999999609066373529309146306332
0.999999595702083965420570166316
0.999999582113184626308566294028
0.99999956829967551197313468947
0.999999554261556733436577815155
0.999999539998828290698895671085
0.999999525511490183760088257259
0.999999510799542301597853111161
0.999999495862984755234492695308
0.999999480701817655692309472215
0.999999465316040780926698516851
0.999999449705654352982264754246
0.999999433870658260836705721886
