1
0.999999999454701193890571175871
0.999999997818804886584587165999
0.999999995092310967059745507868
0.999999991275219435316046201478
0.999999986367530402375791709346
0.999999980369243868238982031471
0.999999973280359721883314705337
0.999999965100878185353394655976
0.999999955830799147626919420873
0.999999945470122719726191462541
0.999999934018848790628908318467
0.999999921476977582379674913682
0.999999907844509094978491248185
0.99999989312144321740305485946
0.99999987730778017169797067254
0.999999860403519957863238687423
0.999999842408662686921161366627
0.999999823323208247849436247634
0.999999803147156862692668255477
0.999999781880508531450857390155
0.999999759523263365146306114184
0.99999973607542147480131689008
0.999999711536982749393587255327
0.999999685907947410967722134956
0.999999659188315570546023991483
0.999999631378087228128492824908
0.999999602477262494737431097747
0.99999957248584159241744373503
0.999999541403824410146228274243
0.999999509231211169968389640417
0.999999475968001982906230296066
0.999999441614196959982052703708
0.999999406169796101195856863342
0.999999369634799739614550162514
0.99999933200920776421583013871
0.99999929329302039704430171696
0.999999253486237860144569822296
0.999999212588860042494331992202
0.999999170600887388182798076741
0.999999127522319786187665613397
0.999999083353157458553539527202
0.99999903809340051630272228067
0.999998991743049181479818798834
0.99999894430210356510713154421
0.999998895770563889229265441827
0.999998846148430153846220491687
0.999998795435702692024904081336
0.99999874363238161478761867329
0.999998690738467033156666730065
0.999998636753959169176653176692
0.999998581678858133869880475686
0.999998525513164260303256014595
0.999998468256877548476779793418
0.999998409909998331457359199703
0.999998350472526720267296695965
0.99999828994446282592889474472
0.999998228325807092531363196031
0.999998165616559520074702049897
0.999998101816720441625818693865
0.999998036926289857184713127936
0.999997970945268210840595202171
0.999997903873655724638069841603
0.999997835711452398577137046232
0.999997766458658565724704203603
0.99999769611527444812537623875
0.999997624681300378846060539217
0.999997552156736468909059567522
0.999997478541583051381280711212
0.999997403835840237285026432801
0.999997328039508359687204119837
0.999997251152587640632418697351
