1
0.999999999695934671528618764569
0.999999998783738686114475058275
0.999999997263411932735266418604
0.999999995134954633435597770585
0.999999992398366677193166651705
0.999999989053647952985670599446
0.999999985100798682857714538841
0.999999980539818755786996007373
0.999999975370708171773515005043
0.999999969593466930817271531851
0.999999963208095143940568050311
0.99999995621459270012110209791
0.999999948612959710381176137162
0.999999940403196063698487705551
0.999999931585301982117641728109
0.999999922159277243594033279805
0.99999991212512207017226728567
0.999999901482836239807738820673
0.99999989023242008556735527236
0.999999878373873385406511715701
0.99999986590719625034751061321
0.999999852832388680390351964888
0.999999839149450675535035770736
0.999999824858382346803864493268
0.999999809959183583174535669968
0.99999979445185460669165422587
0.999999778336395306332917698455
0.999999761612805682098326087726
0.999999744281085845010181856196
0.999999726341235906090787466383
0.999999707793255643295537993254
0.999999688637145278669038361841
0.999999668872904923233591034659
0.999999648500534354944591086678
0.999999627520033906868945905444
0.999999605931403356962050565926
0.999999583734642927268509993155
0.999999560929752506766021724616
0.999999537516732206476888222824
0.999999513495582137423411950294
0.999999488866302299605592907028
0.999999463628892693023431093025
0.9999994377833534286992289708
0.999999411329684506632986540353
0.999999384267886037847006264201
0.999999356597957911318985679827
0.999999328319900349093529712263
0.999999299433713351170638361509
0.999999269939396917550311627565
0.999999239836951159254851972946
0.999999209126376187306561860169
0.999999177807671890683138826716
0.999999145880838491429187797621
0.999999113345875878522406310367
0.999999080202784385029701752501
0.999999046451563788906469198992
0.999999012092214201175011112355
0.999998977124735843879932417622
0.999998941549128717021233114792
0.999998905365392709576610741351
0.999998868573528154612972684845
0.999998831173534941108016482758
0.999998793165413180084044597606
0.999998754549162982563359491905
0.999998715324784348545961165655
0.999998675492277500076454543887
0.999998635051642326132537164085
0.999998594002878937736511488765
0.999998552345987445910679980443
0.999998510080967961677345101634
0.999998467207820485036506852339
