1
0.999999999833380281977213144273
0.999999999333521016886550114577
0.999999998500422426772615835944
0.999999997334084289590805383341
0.999999995834506605341118756769
0.999999994001689596068160881259
0.99999999183563303972732683178
0.999999989336337047340919070848
0.999999986503801507886635135947
0.999999983338026643409079952107
0.999999979839012231863648594299
0.999999976006758384272643525037
0.999999971841265100636064744322
0.999999967342532380953912252153
0.999999962510560336248488511046
0.99999995734534874447518859597
0.999999951846897716656314969441
0.999999946015207252791867631458
0.999999939850277352881846582022
0.999999933352108127948554283648
0.999999926520699466969688273821
0.99999991935605136994524855254
0.999999911858163947897537582321
0.999999904027037089804252900649
0.999999895862670906687696970039
0.999999887365065398547869790491
0.99999987853422045436246889949
0.99999986937013618515379675955
0.999999859872812479899550908158
0.999999850042249560644336270343
0.99999983987844731636585038359
0.9999998293814057470640932479
0.999999818551124852739064863272
0.999999807387604633390765229706
0.999999795890845200041496809718
0.999999784060846441668957140791
0.999999771897608469295448685443
0.999999759401131282920971443673
0.99999974657141488254552541548
0.99999973340845915714680813835
0.999999719912264328769424537313
0.999999706082830286391072149854
0.999999691920157030011750975973
0.999999677424244670653763478185
0.999999662595093097294807193975
0.999999647432702420957184585859
0.999999631937072641640895653836
0.999999616108203759345940397907
0.999999599946095774072318818071
0.999999583450748796842333376844
0.999999566622162605611379149195
0.999999549460337533446363522671
0.999999531965273358302681572241
0.999999514136970191202635760419
0.999999495975428032146226087207
0.999999477480646881133452552604
0.999999458652626849186617619125
0.999999439491367825283418824256
0.999999419996869920446158630511
0.999999400169133134674837037892
0.999999380008157467969454046397
0.999999359513943031352312118543
0.999999338686489602778806329297
0.999999317525797515315844066208
0.999999296031866546918820404244
0.99999927420469680861003780592
0.999999252044288411411798733752
0.999999229550641244301800725225
0.999999206723755307280043780338
0.999999183563630822391132824123
0.999999160070267567590462931548
