1
0.999999999354734603329575293174
0.99999999741893852434060363521
0.999999994192611652010782563593
0.999999989675753986340112078324
0.999999983868365749373197104433
0.999999976770446719065432716889
0.999999968381997006439121378207
0.999999958703016722516565550904
0.99999994773350586729776523498
0.999999935473464329760417967918
0.999999921922892442971431137266
0.999999907081789984886199817993
0.999999890950157288571631397645
0.99999987352799413198312095119
0.999999854815300737165273403662
0.999999834812077104118088755058
0.999999813518323454886171930411
0.999999790934039678447220467206
0.999999767059225996845839290472
0.999999741893882521104330862727
0.999999715438009251222695183969
0.999999687691606298223234716716
0.999999658654673884150554385997
0.999999628327211897982351729297
0.999999596709220672785534134164
0.999999563800700319582404063112
0.999999529601650838372961516143
0.999999494112072451201811418287
0.999999457331965269091256232059
0.999999419261329403063598419976
0.999999379900164964141140444553
0.999999339248472285390789693338
0.999999297306251366812546166329
0.999999254073502430451014788559
0.999999209550225587328498022543
0.999999163736421170511903255829
0.999999116632089068978928025899
0.999999068237229726818782182818
0.9999990185518432550537681891
0.999998967575929764706188507262
0.99999891530948958884295052485
0.999998861752522838486356704379
0.999998806905029735681011970883
0.99999875076701050247152124939
0.999998693338465360902489464934
0.999998634619394421996219080029
0.999998574609798129841919944738
0.999998513309676595461894521577
0.999998450719030040900747735577
0.99999838683785868820308451177
0.999998321666162870435812237702
0.999998255203942809643535838404
0.999998187451198727870860238909
0.999998118407930958184692826762
0.999998048074139722629638526996
0.999997976449825243250302264642
0.999997903534987853113591427245
0.999997829329627774264110939839
0.999997753833745450791070652485
0.9999976770473409937167730277
0.999997598970414736108125453029
0.999997519602967122054337778536
0.999997438944998373600014929252
0.999997356996508712789761830209
0.999997273757498472690485868952
0.999997189227968208413699358061
0.999997103407917919959402297536
0.999997016297348162439106999955
0.999996927896259157897418390348
0.99999683820465135042354631878
0.99999674722252496206209571028
