1
0.999999999566073882739658529317
0.999999998264295419936331654753
0.999999996094664611590019376308
0.999999993057181568723024156498
0.999999989151846180313043532806
0.999999984378658557382379967748
0.99999997873761858890873099881
0.999999972228726385914399088506
0.999999964851982059421686699352
0.999999956607385387385988906317
0.999999947494936591851910634432
0.999999937514635561797149421182
0.999999926666482408244007729081
0.999999914950477131192485558131
0.999999902366619730642582908331
0.999999888914910317616602242197
0.999999874595348892114543559728
0.999999859407935454136406860925
0.999999843352670114704494608304
0.999999826429552762796504339349
0.99999980863858362045704097909
0.999999789979762687686104527529
0.999999770453089964483694984665
0.999999750058565561872114813013
0.999999728796189479851364012575
0.999999706665961829443745045864
0.999999683667882499626955450367
0.999999659801951823467902613629
0.999999635068169689944284073135
0.999999609466536210078402291401
0.999999582997051383870257268427
0.999999555659715322342151466728
0.99999952745452813651638734882
0.999999498381489826392964914703
0.999999468440600614016489089408
0.99999943763186038836465741042
0.999999405955269371482074802771
0.999999373410827563368741266459
0.999999339998535075046959264
0.999999305718391906516728795395
0.999999270570398390844957248191
0.999999234554554417009342159872
0.999999197670860096032185992954
0.999999159919315538935791209951
0.999999121299920856742460273381
0.999999081812676160474495645758
0.999999041457581561154199789598
0.999999000234637169803875167418
0.999998958143842986423521779216
0.999998915185199233057744550024
0.999998871358706020728845942358
0.999998826664363460459128418734
0.999998781102171552248591979151
0.999998734672130629164144011156
0.999998687374240580183482052234
0.999998639208501738373513489933
0.99999859017491410373423832425
0.999998540273477787287959017704
0.999998489504192900056978032808
0.99999843786705977510820275711
0.999998385362078301419330728095
0.999998331989248812057269333309
0.999998277748571307022018572752
0.99999822264004589733588090894
0.999998166663672916065763729421
0.999998109819452363211667034193
0.999998052107384349795893285773
0.999997993527469208885349871707
0.999997934079706940480036791996
0.999997873764097655602256509155
0.999997812580641687318916410732
