1
0.999999999816276075037535520096
0.999999999265104300150142080383
0.999999998346484675337819680863
0.999999997060417200600568321534
0.999999995406901875938388002396
0.99999999338593870135127872345
0.999999990997527676839240484696
0.999999988241668802402273286134
0.999999985118362078040377127763
0.999999981627607503753552009584
0.999999977769405190564100394113
0.999999973543754916427417356317
0.999999968950656903388107821229
0.999999963990111040423869326332
0.999999958662117438557004334143
0.999999952966675986765210382146
0.99999994690378668504848747034
0.999999940473449644429138061241
0.999999933675664753884859692334
0.999999926510432124437954826135
0.999999918977751756088423462643
0.999999911077623537813963139342
0.999999902810047691659178781265
0.999999894175023995579465463379
0.999999885172552560597125648201
0.999999875802633497734461798245
0.999999866065266584946868988482
0.999999855960452044278952143941
0.999999845488189875730711264623
0.999999834648479968279843888013
0.99999982344132232192635001411
0.99999981186671704769253210543
0.999999799924664145578390161972
0.999999787615163615583924183738
0.999999774938215457709134170727
0.999999761893819782976322585455
0.99999974848197636934088450289
0.999999734702685438847424848063
0.999999720555946991495943620976
0.999999706041761027286440821626
0.9999996911601274351966139875
0.999999675911046326248765581113
0.99999966029451781146519806498
0.999999644310541779823608976585
0.999999627959118231323998315929
0.999999611240247276988668545528
0.99999959415392891681761966538
0.999999576700163150810851675487
0.999999558878950089990667038364
0.99999954069028951231246082898
0.999999522134181639820837972366
0.999999503210626472515798468521
0.999999483919623899375039854931
0.999999464261174142443167056626
0.999999444235277090697877611092
0.999999423841932855161473980843
0.999999403081141324811653703364
0.99999938195290261067071924117
0.999999360457216712738670594263
0.999999338594083742037810225156
0.999999316363503587545835671335
0.999999293765476360285049395316
0.999999270800002060255451397097
0.99999924746708068745704167668
0.999999223766712241889820234064
0.999999199698896945598391994281
0.999999175263634576538152032299
0.999999150460925245731402810634
0.999999125290769064200446791801
0.999999099753165920922981513286
0.999999073848115926921309437603
