1
0.999999999832662855858700368117
0.999999999330651423434801472467
0.999999998493965813750605775567
0.999999997322605915783810814901
0.999999995816571729534416590468
0.999999993975863366024725564785
0.999999991800480603210132812819
0.999999989290423663135243259603
0.999999986445692545800056905136
0.999999983266287029159968824388
0.999999979752207446281886404904
0.999999975903453464098902259138
0.999999971720025304655621312122
0.999999967201922967952043563855
0.999999962349146342965866551822
0.999999957161695429697090276022
0.999999951639570450190319661488
0.999999945782771182400949783187
0.999999939591297626328980641119
0.999999933065150004019017160317
0.999999926204328093426454415749
0.999999919008832005573594869929
0.999999911478661740460438522859
0.999999903613817409109287837055
0.999999895414298789475537887483
0.999999886880106103603793599177
0.999999878011239129449450047105
0.999999868807698200079414618813
0.999999859269482982426779926755
0.999999849396593698536150895961
0.999999839189030348407527526433
0.999999828646792821018607355654
0.999999817769881338413995308656
0.999999806558295678549086460407
0.999999795012035952446183273423
0.999999783131102160105285747704
0.99999977091549430152639388325
0.999999758365212487731810142577
0.999999745480256607699232063169
0.999999732260626772450962107541
0.999999718706322870964697813179
0.999999704817345014262741642597
0.999999690593693202345093595795
0.999999676035367435211753672775
0.99999966114236782388502433605
0.999999645914694146320300660591
0.999999630352346624562187571428
0.999999614455325258610685068561
0.999999598223629937443490689475
0.999999581657260772082906896685
0.999999564756217762528933690191
0.99999954752050101980387353251
0.999999529950110432885423961125
0.999999512045046001773584976036
0.999999493805307837490659039759
0.999999475230895829014343689778
0.999999456321810198389243851125
0.999999437078050834593057061284
0.999999417499617737625783320254
0.999999397586511018509725090553
0.999999377338730566222579909663
0.999999356756276491786650240101
0.999999335839148906224238544382
0.999999314587347587490739897476
0.999999293000872757630759224412
0.999999271079724416644296525192
0.999999248823902453509049337299
0.999999226233407090269622585765
0.999999203308238215903713808075
0.999999180048395830411323004228
0.999999156453880044814752636739
