1
0.999999999176838350045670722466
0.999999996707353511204985352379
0.999999992591545261433338964707
0.999999986829413933797638946999
0.999999979420959306253280374222
0.999999970366181600844868171407
0.99999995966508070655009987604
0.999999947317656734391277950635
0.999999933323909795390704857709
0.999999917683839889548380597262
0.999999900397447127886607631808
0.999999881464731621427688423864
0.99999986088569337017162297343
0.999999838660332596163016205537
0.999999814788649299401868120185
0.999999789270643701932783642405
0.999999762106315914778065234714
0.99999973329566593793771289711
0.999999702838693993456331554626
0.999999670735400303378526132292
0.999999636985784978726599092624
0.999999601589848130522852898139
0.999999564547590091834194936382
0.999999525859010862660625207354
0.999999485524110665046748636087
0.999999443542889721037170147611
0.999999399915348363698797129473
0.999999354641486704053932044189
0.999999307721304853124877354276
0.999999259154803255000842909794
0.999999208941981909681828710745
0.999999157082841372279347069707
0.999999103577381642793397986679
0.999999048425603054290888849209
0.999998991627505939838727044844
0.999998933183090521481517498614
0.999998873092357021263865135552
0.999998811355305994297282268235
0.999998747971937440581768896664
0.9999986829422518042065348709
0.999998616266249418238487578492
0.999998547943930615744534406986
0.999998477975295729791582743928
0.999998406360345093446539976867
0.999998333099079039776313493348
0.99999825819149790184781068092
0.999998181637602234772543852159
0.999998103437392149572815469583
0.999998023590868201360137845768
0.999997942098030723201418368262
0.999997858958880159185866887128
0.999997774173416953402693252428
0.99999768774164143891880485171
0.999997599663554059823411535035
0.999997509939155260205723152467
0.999997418568445484154949554068
0.999997325551425286782603052416
0.999997230888094890133288572542
0.999997134578454960340820889542
0.999997036622505941494409853476
0.999996937020248277683265314408
0.999996835771682412996597122401
0.999996732876809013568220052548
0.999996628335628412465041492396
0.999996522148141164798573754524
0.999996414314347936702631614025
0.999996304834249061244122458447
0.999996193707845204556861062883
0.999996080935136810730057277397
0.999995966516124545897525877081
0.999995850450808965170779174514
