1
0.999999999593375821227425603865
0.999999998373503284909702415462
0.999999996340382391046830434789
0.999999993494013028616507199331
0.99999998983439541966333763412
0.999999985361529453165019276639
0.99999998007541512912155212689
0.999999973976052558555238647386
0.999999967063441630443776375614
0.999999959337582344787165311573
0.999999950798474923630010380293
0.999999941446119144927706656745
0.999999931280515119702556603443
0.999999920301662958976862682903
0.999999908509562662750624895125
0.999999895904214120001540777594
0.99999988248561755277421525534
0.999999868253772850046345865849
0.999999853208680122840235071635
0.999999837350339371155882872699
0.999999820678750706015591731557
0.999999803193914016397059185692
0.999999784895829524344890160137
0.999999765784497118836782192375
0.999999745859916910895037744922
0.999999725122089011541959280294
0.99999970357101342077754679849
0.999999681206690138601800299512
0.999999658029119276037022245873
0.999999634038300833083212637575
0.999999609234235031784976399649
0.999999583616921761120011069579
0.999999557186361021088316647365
0.999999529942553144756800520554
0.99999950188549802110316022663
0.999999473015195650127395765594
0.999999443331646253874112062476
0.999999412834849943365611579793
0.999999381524806607579591855028
0.999999349401516357538355350698
0.999999316464979415286506991833
0.999999282715195669801744315919
0.999999248152165454150974710501
0.999999212775888546289593250549
0.999999176586365279284507323609
0.999999139583595653135716929683
0.999999101767579778865524531284
0.999999063138317656473930128413
0.999999023695809508005538646103
0.999998983440055333460350084351
0.999998942371055243860666905675
0.999998900488809461251094035106
0.999998857793317985631631472643
0.999998814284580817002279218286
0.999998769962598288429944659583
0.999998724827370288892325334018
0.999998678878897151456328629138
0.999998632117178765099652082426
0.999998584542215351866900618916
0.999998536154007022780376701121
0.999998486952553999884685254074
0.999998436937856172157523815258
0.999998386109913872665799772221
0.999998334468727101409513124963
0.999998282014296080433268798515
0.999998228746620809737066792877
0.99999817466570151136551203308
0.999998119771538296340906981641
0.999998064064131275685554101074
0.999998007543480671444058316411
0.999997950209586594638722090167
