1
0.999999999654713311869613789895
0.99999999861885324747845515958
0.999999996892419917848826571571
0.999999994475413211958425563353
0.999999991367833129807252134924
0.999999987569679782417608748801
0.999999983080953058767192942469
0.999999977901653069878307178442
0.999999972031779704728648994205
0.999999965471333074340520852274
0.99999995822031317871392275265
0.99999995027872001784885469533
0.999999941646553591745316680317
0.99999993232381390040330870761
0.999999922310501054845133239724
0.999999911606615055070790276659
0.9999999002121557900579773559
0.999999888127123481851299402479
0.999999875351517908406151491363
0.9999998618853394027894410101
0.999999847728587742956563033658
0.999999832881263039929820024554
0.999999817343365404731514445302
0.999999801114894726339343833388
0.999999784195851226797913113842
0.999999766586234684062617361633
0.999999748286045320178061501792
0.99999972929528313514424553432
0.999999709613948128961169459217
0.999999689242040412651135738997
0.999999668179559986214144373662
0.999999646426506960672497825726
0.999999623982881225003893632675
0.999999600848682890230634257023
0.999999577023912178397324623802
0.999999552508568867459359807981
0.999999527302653179461344734591
0.999999501406165114403279403632
0.999999474819104672285163815104
0.999999447541472075151602894039
0.99999941957326721198029417792
0.999999390914490193793540129263
0.999999361565141020591340748069
0.999999331525219914418300959369
0.999999300794726875274420763162
0.999999269373661792137397696933
0.99999923726202499807413914823
0.999999204459816382062342654535
0.999999170967036055124310678366
0.999999136783684128282345682237
0.999999101909760712558750128665
0.999999066345265696931221555133
0.999999030090199303444364886673
0.999998993144561532098180123285
0.999998955508352493914969727484
0.999998917181572299917036161787
0.999998878164221061126681888709
0.999998838456298666521604445734
0.999998798057805449168711220409
0.999998756968741298045699750219
0.999998715189106324174872497679
0.99999867271890074960083438782
0.999998629558124574323585420643
0.999998585706777798343125596148
0.999998541164860754726362301881
0.999998495932373221428690612811
0.999998450009315531517017916485
0.999998403395687684991344212904
0.999998356091489792873971964582
0.999998308096721966187203634036
0.99999825941138431595334168378
