1
0.999999999267442984951514972636
0.999999997069771939806059890543
0.999999993406986864563634753722
0.999999988279087759224239562172
0.99999998168607473481017677841
0.999999973627947680299143939919
0.999999964104706817735745971731
0.999999953116352036097680411331
0.999999940662883335384947258717
0.999999926744300937642151438922
0.999999911360604842869292951946
0.999999894511795051066371797788
0.999999876197871673255690438964
0.999999856418834931481853800506
0.999999835174684714722559419897
0.999999812465421134000109759654
0.999999788291044411359109744808
0.999999762651554546799559375359
0.999999735546951651343761113822
0.999999706977235947036319885228
0.999999676942407544899538152094
0.99999964544246644493341591442
0.999999612477412869182558097236
0.999999578047247039691569625575
0.999999542151968956460450499435
0.999999504791578841533805643849
0.999999465966076916956239983847
0.999999425675463293750055981945
0.999999383919738193959858563176
0.999999340698901728607950190053
0.999999296012954119738935787609
0.999999249861895589397420280875
0.999999202245726248605706132366
0.99999915316444643043070072963
0.999999102618056356917008997698
0.999999050606556139086933399085
0.999998997129946110007381321338
0.999998942188226380700655226974
0.999998885781397284233662503539
0.999998827909459042651008076064
0.999998768572411989019599332096
0.999998707770256234361738734151
0.999998645502992111744333669776
0.999998581770619954234291526518
0.999998516573140094898519691924
0.999998449910552533737018165994
0.999998381782857936883601723821
0.999998312190056304338270365406
0.999998241132148080190233940812
0.999998168609133486484097375069
0.99999809462101296730907051824
0.999998019167786855732060757873
0.999997942249455262775370556483
0.999997863866018854572814689163
0.999997784017477631124393155915
0.999997702703832258563920731831
0.999997619925082847913699879427
0.999997535681229954285242911283
0.999997449972273799723154752428
0.999997362798214828316645252926
0.999997274159053373132621800323
0.999997184054789878260294244683
0.999997092485424787788872436067
0.999996999450958434785263762024
0.999996904951391152316375610098
0.99999680898672349549372029287
0.999996711556955797384205197886
0.999996612662088613099342637724
0.999996512302122164683737537416
0.999996410477057118271204672055
0.999996307186893806928651429189
