1
0.999999999720233678779379715706
0.999999998880934826139821325341
0.999999997482103220036719903874
0.99999999552373919353698283885
0.999999993005842413573702742724
0.999999989928413102191484540526
0.999999986291451259390328232257
0.999999982094956774147931355401
0.999999977338929646464293909958
0.999999972023369987361718358443
0.999999966148277796840204700857
0.999999959713653074899752937199
0.99999995271949582154036306747
0.99999994516580603676203509167
0.999999937052583720564769009798
0.999999928379828872948564821854
0.999999919147541604935724990355
0.999999909355721805503947052784
0.999999899004369585675533471658
0.99999988809348483442818178446
0.999999876623067773806496916222
0.999999864593118292788176404429
0.999999852003636391373220249079
0.99999983885462218058393091269
0.999999825146075549398005932744
0.999999810877996719860050234274
0.999999796050385580947761354764
0.999999780663242132661139294214
0.999999764716566486022486515139
0.999999748210358530009500555025
0.999999731144618486666786338901
0.999999713519346244972041404253
0.999999695334541915947568213596
0.999999676590205499593366766931
0.99999965728633688488713460174
0.999999637422936404895779105573
0.999999617000003837574695353396
0.999999596017539293946185807727
0.999999574475542885032552931079
0.999999552374014610833796723455
0.999999529712954360327614722337
0.999999506492362355558611852757
0.999999482712238596526788114716
0.999999458372583083232143508212
0.999999433473395926696980495763
0.999999408014677015898996614851
0.999999381996426572882796790509
0.999999355418644486626078560221
0.999999328281330868151144386502
0.999999300584485828480296731868
0.99999927232810936761353559632
0.999999243512201485550860979856
0.999999214136762293314575344994
0.999999184201791790904678691732
0.99999915370728997832117102007
0.999999122653257077608657255041
0.999999091039693088767137396644
0.999999058866597900774308982363
0.99999902613397173567477693723
0.999998992841814593468541261245
0.999998958990126585177904416923
0.999998924578907599780563941749
0.999998889608157859321124760754
0.999998854077877474821889336454
0.999998817988066335260555206332
0.999998781338724551659424832906
0.999998744129852235040800678689
0.999998706361449385404682743683
0.999998668033516113773373490403
0.999998629146052531169175381365
0.999998589699058526569785954052
