1
0.999999999683424567464840038156
0.999999998733698269859360152623
0.999999997150821107183560343401
0.999999994934793190459743073006
0.999999992085614297643303416407
0.999999988603284650778846298635
0.999999984487804138844069257175
0.999999979739172872861274754541
0.999999974357390741808160328219
0.999999968342457745684725978208
0.999999961694373995513274167024
0.999999954413139491293804894667
0.999999946498754122004015698622
0.999999937951218109688511503919
0.999999928770531343324989848043
0.999999918956693822913450730994
0.999999908509705548453894152772
0.999999897429566741990925038408
0.999999885716277181479938462871
0.999999873369836977943236888677
0.999999860390246131380820315826
0.999999846777504752814991206833
0.999999832531612842245749561698
0.999999817652570288650792917906
0.999999802140377314074726200488
0.999999785995033807495246946928
0.999999769216539879934657619742
0.99999975180489553139295821893
0.999999733760100761870148744492
0.999999715082155682388531658944
0.999999695771060292948106962285
0.999999675826814593548874654516
0.999999655249418695213137198152
0.999999634038872597940894593194
0.99999961219517630173214683964
0.999999589718329917609196400008
0.999999566608333445572043274296
0.999999542865186996642989925022
0.999999518488890459799733889668
0.999999493479444057086880093266
0.999999467836847677482126073301
0.999999441561101543030076754803
0.999999414652205542708429675258
0.999999387110159898561789759697
0.999999358934964499567854545603
0.999999330126619456748926495493
0.999999300685124770105005609366
0.999999270610480661680696812255
0.999999239902687020453697641642
0.99999920856174406846861302256
0.999999176587651694703140492493
0.999999143980410010179582513956
0.999999110740019125920241549466
0.999999076866479041925117599021
0.999999042359789869216513125139
0.999999007219951607794428127818
0.99999897144696447970346753209
0.99999893504082837392132887544
0.999998898001543512492617082899
0.999998860329109895417332154466
0.999998822023527522695474090142
0.999998783084796505349345352442
0.999998743512916954401248403883
0.999998703307888980873485706979
0.999998662469712584766057261731
0.999998620998387877101265530655
0.999998578893914968901412976265
0.999998536156293860166499598563
0.999998492785524772941130322579
0.999998448781607596203002685797
0.99999840414454255199672161325
