1
0.999999999818647844485042242013
0.999999999274591488962471430568
0.99999999836783082240998510315
0.999999997098365955849885722273
0.999999995466196778259870825423
0.999999993471323400662242875114
0.999999991113745823057001871348
0.999999988393463934421845351608
0.999999985310477734756773315894
0.999999981864787446106390689238
0.999999978056392846426092546608
0.99999997388529404673818135052
0.999999969351490936020354638458
0.999999964454983625294914872939
0.999999959195772114561862053961
0.999999953573856403821196181525
0.999999947589236493072917255631
0.999999941241912493339327738795
0.999999934531884182575822705985
0.999999927459151671804704619717
0.999999920023714961025973479991
0.999999912225574161261931749323
0.999999904064729161490276965196
0.999999895541180072733311590127
0.999999886654926783968733161601
0.999999877405969406218844142131
0.999999867794307828461342069204
0.999999857819942161718529405334
0.999999847482872517012708613038
0.999999836783098672299274767283
0.999999825720620738600530330586
0.999999814295438715916475302947
0.999999802507552715269412146881
0.999999790356962625637038399873
0.999999777843668558041656524438
0.999999764967670512483266520576
0.999999751728968377939565925772
0.999999738127562265432857202541
0.999999724163452174963140350883
0.999999709836638217552717833314
0.999999695147120282179287187319
0.999999680094898368842848412896
0.999999664679972588565703972563
0.999999648902342941347853866318
0.999999632762009427189298094163
0.999999616258972046090036656096
0.999999599393230798050069552119
0.99999958216478568306939678223
0.999999564573636812170320808946
0.999999546619784185352841632266
0.999999528303227802616959252191
0.999999509623967663962673668721
0.999999490582003769389984881855
0.999999471177336229921195354109
0.999999451409965045556305085483
0.999999431279890105273011613463
0.999999410787111631115919863078
0.999999389931629401040424909297
0.999999368713443748113434139668
0.999999347132554339268040166644
0.999999325188961507571150377771
0.999999302882665142000462310534
0.999999280213665242555975964933
0.999999257181961920259993803484
0.999999233787555175112515826186
0.999999210030445007113542033039
0.999999185910631416263072424044
0.999999161428114402561106999201
0.999999136582894077029948221025
0.999999111374970439669596089516
0.999999085804343490480050604674
