1
0.999999999532018790660004015081
0.999999998128075384684620985354
0.999999995788169560029245985788
0.9999999925123014277161814789
0.999999988300470987745427464688
0.999999983152678240116983943153
0.999999977068923295853153376811
0.999999970049206043931633303146
0.999999962093526595374726184673
0.999999953201884839160129558877
0.999999943374280886310145888274
0.999999932610714847847077635379
0.999999920911186612748622337676
0.999999908275696292037082457682
0.999999894704243996734760457912
0.999999880196829504797051413334
0.999999864753453149290862711496
0.999999848374114819193891889881
0.999999831058814625528441411006
0.999999812807552457272208812356
0.999999793620328647492101481475
0.999999773497142974143514493335
0.999999752437995659271052772965
0.999999730442886702874716320366
0.999999707511816104954505135538
0.999999683644784087555024143512
0.999999658841790650676273344288
0.999999633102835794318252737867
0.999999606427919740525567249279
0.999999578817042378275914416008
0.999999550270203929613899163087
0.999999520787404283517219027999
0.999999490368643773052781398292
0.999999459013922398220586273965
0.999999426723240159020633655018
0.999999393496597166475226003968
0.999999359333993642628968245845
0.999999324235429587481860380649
0.999999288200905001033902408381
0.999999251230420216352001716587
0.999999213323975122413855842751
0.999999174481569941264069711906
0.999999134703204783924945786566
0.999999093988879650396484066732
0.999999052338594762723289477435
0.999999009752350231927664481191
0.999998966230146169031911540515
0.999998921771982685058333117922
0.99999887637785989102923167593
0.999998830047777897966909677052
0.999998782781736927915972046321
0.999998734579736980876418783737
0.999998685441778389915157276846
0.999998635367861044009885063133
0.999998584357985165205207067629
0.999998532412151086568030677881
0.999998479530358697076053431374
0.999998425712608218773880253138
0.999998370958899984728418530722
0.999998315269233883917365801608
0.999998258643610138385326990829
0.999998201082029081199209485931
0.999998142584490712359013286914
0.99999808315099525390934331881
0.999998022781542816872502044134
0.999997961476133623293094387918
0.999997899234767784193422812677
0.999997836057445521618092243443
0.999997771944167057611707605247
0.999997706894932503196571360604
0.999997640909742080417288434546
