1
0.99999999943944584135380182488
0.999999997757783254392904837005
0.999999994955012350139611498889
0.999999991031133128593921810534
0.999999985986145589755835771939
0.999999979820049733625353383104
0.999999972532845449180172181514
0.999999964124533069487199554715
0.999999954595112372501830577676
0.999999943944583469246367712913
0.999999932172946359720810960425
0.999999919280201154947462782729
0.999999905266347854926323179825
0.999999890131386459657392151712
0.999999873875317191185274623422
0.999999856498139938487668132439
0.999999837999854701564572678762
0.99999981838046181348289564994
0.999999797639961052198032120941
0.999999775778352639754587016796
0.99999975279563668717486280002
0.999999728691813083436557008099
0.999999703466882050584274566063
0.999999677120843699640317936428
0.999999649653698141626989581709
0.999999621065445265521987039392
0.999999591356085404392217697023
0.999999560525618447215379092086
0.999999528574044727058378612128
0.999999495501364132898913794634
0.999999461307576886781589564634
0.999999425992683210751010847162
0.999999389556682993784875179699
0.999999351999576457927787487279
0.999999313321363714202050232416
0.999999273522044984652268340142
0.999999232601620380300744272972
0.999999190560089901147478030907
0.999999147397453769237074538978
0.999999103113712206614138722216
0.999999057708865324300973043137
0.999999011182913233319879964256
0.999998963535856044693161948089
0.999998914767693980465423919668
0.999998864878427262681270804023
0.999998813868056002363005063671
0.999998761736580310532929161127
0.999998708484000409235648021422
0.999998654110316520515766569588
0.999998598615528866417889730656
0.999998541999637446942017504625
0.999998484262642706177359741559
0.999998425404544644123916441458
0.999998365425343482826292529353
0.999998304325039444329092930275
0.999998242103632750676922569255
0.999998178761123623914386371325
0.999998114297512286086089261516
0.999998048712798848214333702344
0.999997982006983754388329543872
0.999997914180067004608076786099
0.999997845232048820918180354056
0.999997775162929647407850097807
0.999997703972709595099388479866
0.999997631661388775015097962751
0.999997558228967631244188396522
0.999997483675446385831264706212
0.999997408000825260820931816852
0.999997331205104367235492190957
0.999997253288284149164155678591
0.999997174250364828651527204784
