1
0.999999999905176295555975229945
0.999999999620705071201598457264
0.999999999146586437959172144474
0.999999998482820395828696291574
0.999999997629406833787868436048
0.999999996586345862858991040412
0.99999999535363737201976164215
0.999999993931281583314785166294
0.999999992319278163677154225297
0.999999990517627446173776206706
0.999999988526329208760046185489
0.999999986345383451435964161647
0.99999998397479039624613506021
0.999999981414549821145953956147
0.999999978664661837157723311975
0.999999975725126333259140665177
0.999999972595943420472508478269
0.999999969277113098797826751252
0.999999965768635368235095484124
0.999999962070510228784314676886
0.999999958182737569423181867023
0.99999995410531750117399951705
0.999999949838250024036767626967
0.999999945381535138011486196774
0.999999940735172843098155226471
0.999999935899163028274472253543
0.99999993087350591558504220302
0.999999925658201394007562612387
0.999999920253249352519731019129
0.999999914658650013166152348276
0.999999908874403153902221674798
0.999999902900508996772543923726
0.999999896736967430754816632543
0.999999890383778455849039801251
0.999999883840942072055213429849
0.999999877108458279373337518336
0.999999870186327077803412066714
0.999999863074548578367739537498
0.999999855773122670044017468172
0.999999848282049463854548321251
0.999999840601328848777029634221
0.99999983273096082481146140708
0.99999982467094539195784363983
0.999999816421282772260781257501
0.999999807981972632653366872546
0.999999799353015306202507872513
0.99999979053441057086359933237
0.999999781526158426636641252117
0.999999772328259095566238556785
0.999999762940712355607786321343
0.999999753363518317783587008307
0.999999743596676982093640617677
0.999999733640188348537947149453
0.999999723494052306094204141118
0.999999713158269076807016517705
0.999999702632838549654081816698
0.999999691917760724635400038096
0.9999996810130356017509711819
0.99999966991866318100079524811
0.999999658634643573407174699241
0.999999647160976667947807072778
0.999999635497662575644994831237
0.999999623644701185476435512101
0.99999961160209249744212911537
0.999999599369836622564378103561
0.999999586947933560843182476674
0.999999574336383201256239772192
0.999999561535185765848154915147
0.999999548544341032574322980508
0.999999535363849112457046430791
0.999999521993710005496325265995
