1
0.999999999718353071997967163043
0.999999998873412287991868652171
0.999999997465177759004006929899
0.999999995493649374012079533713
0.999999992958827133016086463613
0.999999989860711036016027719597
0.999999986199301194034205764183
0.999999981974597496048318134854
0.999999977186600053080667294125
0.999999971835308754108950779482
0.99999996592072371015547105344
0.999999959442844921220228115999
0.999999952401672276280919504643
0.999999944797205997382150144404
0.999999936629445862479315110249
0.999999927898392093617019327212
0.999999918604044579772960332775
0.99999990874640332094713812694
0.99999989832546842816185517222
0.999999887341239901417111468618
0.999999875793717740712907016132
0.999999863682901835026939352247
0.999999851008792406403813401994
0.999999837771389454843529165373
0.999999823970692869323784179869
0.999999809606702760866880907997
0.999999794679419240495121812273
0.999999779188842086163901967666
0.999999763134971519917826299206
0.999999746517807541756894806895
0.999999729337350262703409953247
0.999999711593599460712766813231
0.999999693286555357829570311878
0.99999967441621795405382044919
0.999999654982587249385517225164
0.999999634985663243824660639802
0.999999614425446159415855618136
0.999999593301935774114497235132
0.999999571615132309965190415824
0.999999549365035655945632697694
0.999999526551646034100429005775
0.999999503174963333407276877551
0.999999479234987664888478775538
0.999999454731719028544034699735
0.999999429665157424373944650142
0.999999404035303074422813551791
0.999999377842155756646036479651
0.999999351085715693088218358753
0.999999323765982994771661651612
0.999999295882957550674063895713
0.999999267436639471817727553571
0.999999238427028758202652625187
0.999999208854125520851141573075
0.999999178717929759763194397237
0.999999148018441585961113560188
0.999999116755660999444899061928
0.999999084929588111236853364971
0.99999905254022292133697646932
0.999999019587565540767570837488
0.999998986071615858506334006961
0.999998951992374207620173365285
0.999998917349840366064483987429
0.999998882144014666906173260941
0.999998846374896888100636260788
0.999998810042487251692477912002
0.999998773146785868704000677099
0.999998735687792628112902093562
0.999998697665507751963787086424
0.999998659079931240256655655685
0.999998619931063204013810263859
0.999998580218903643235250910948
