1
0.999999999459240451749053590902
0.999999997836961695973911901092
0.999999995133163843696877393086
0.999999991347846783895647604368
0.999999986481010627592524997453
0.999999980532655374787509572343
0.999999973502781025480601329036
0.999999965391387579671800267533
0.999999956198475037361106387834
0.999999945924043509570822152455
0.99999993456809310732325002391
0.999999922130623608573785077169
0.999999908611635346389334699779
0.999999894011128098725293966709
0.999999878329102087626267802989
0.99999986156555731309225620862
0.999999843720493886145561646117
0.999999824793911695763881652965
0.999999804785811075014123616711
0.999999783696191801851682612323
0.999999761525054098321163564833
0.999999738272397964422566474241
0.999999713938223622200496265577
0.999999688522530960632650476327
0.999999662025320201763634031522
0.999999634446591345593446931161
0.999999605786344614166694100277
0.999999576044579896461073076352
0.99999954522129741452118878442
0.999999513316497279369343686994
0.999999480330179602027840246592
0.999999446262344382496678463212
0.999999411112991842820463261887
0.999999374882121982999194642616
0.999999337569735136099779992946
0.999999299175831191099916850362
0.999999259700410370044210139895
0.99999921914347278395496232406
0.999999177505018543854475865373
0.999999134785047871787355688866
0.999999090983560767753601794539
0.999999046100557564820121569937
0.999999000136038262986915015063
0.99999895309000297327628459243
0.999998904962452028755137689586
0.999998855753385429423474306532
0.999998805462803397325899368298
0.999998754090706043484715337399
0.999998701637093589944527138869
0.999998648101966258749939697736
0.999998593485324160923255476519
0.999998537787167407486776937731
0.999998481007496220485109006404
0.99999842314631082196285660757
0.999998364203611322942322203744
0.999998304179398056490413182473
0.999998243073671133629432006273
0.999998180886430776403983600176
0.999998117617677095836370426696
0.999998053267410424993499873381
0.999997987835630874897674402746
0.999997921322338667593498939823
0.999997853727534136147880872159
0.999997785051217280560820199753
0.999997715293388544921526772669
0.999997644454048040252303053421
0.999997572533196099620056429558
0.999997499530832834047089363594
0.999997425446958465578006780561
0.999997350281573327279716068006
0.99999727403467764119682215096
