1
0.99999999976990161520973288134
0.999999999079606571861233987875
0.999999997929114758932200857089
0.999999996318426287444935951498
0.999999994247541046377136808587
0.999999991716459035728803428356
0.999999988725180366522238273319
0.999999985273705038757441343478
0.999999981362032941412110176316
0.999999976990164185508547234349
0.999999972158098771046752517577
0.999999966865836587004423563485
0.999999961113377744403862834588
0.999999954900722354267372793402
0.999999948227870194550348514895
0.999999941094821376275092461583
0.999999933501576010463907095982
0.99999992544813387507218749306
0.99999991693449519214453857785
0.99999990796065996168096035035
0.999999898526628072659150348045
0.999999888632399636101411033451
0.999999878277974540985439944052
0.999999867463353009355842004879
0.999999856188534930190314753418
0.999999844453520303488858189667
0.999999832258309129251472313626
0.999999819602901518500459587813
0.99999980648729736021351754971
0.999999792911496765412948661833
0.999999778875499845121055386699
0.999999764379306377293232799275
0.999999749422916583974085824593
0.999999734006330354141312000138
0.999999718129547798817213788425
0.999999701792569029024093651969
0.99999968499539382271734666574
0.999999667738022290919275292254
0.999999650020454544652181994024
0.999999631842690583916066771053
0.999999613204730408710929623339
0.999999594106574019036770550883
0.999999574548221525915892016201
0.999999554529672818325991556776
0.99999953405092811831167409764
0.999999513111987203828334713762
0.999999491712850407942880792689
0.999999469853517397588404946873
0.999999447533988505831814563862
0.99999942475426362165080718114
0.999999401514342856067685261223
0.999999377814226209082448804111
0.999999353653913680695097809803
0.9999993290334052709056322783
0.999999303952701090736354672117
0.999999278411801140187264991255
0.999999252410705419258363235713
0.999999225949414149994254330522
0.999999199027927110350333350652
0.999999171646244522371205221134
0.999999143804366275034567479452
0.999999115502292590385025050637
0.999999086740023357400275472173
0.999999057517558687102621206577
0.999999027834898468469759791333
0.999998997692043034568598613987
0.999998967088992163354532749509
0.999998936025746076872167122929
0.999998904502304664099199271732
0.999998872518668147080234120949
0.99999884007483630377066674555
