1
0.999999999523219829100639799435
0.999999998092879427424861660256
0.999999995708978794972665582463
0.999999992371517820721749103541
0.999999988080496504672112223489
0.999999982835915068868359867338
0.999999976637773402288189572573
0.999999969486071393909298876679
0.999999961380809376798595167202
0.999999952321987017889171056595
0.999999942309604650247933932405
0.999999931343662051830278869602
0.999999919424159444680810793216
0.999999906551096717777227240731
0.999999892724473982141830674664
0.999999877944291348796923557529
0.999999862210548706720203426812
0.999999845523246277956275207544
0.999999827882383951482836437208
0.999999809287961727299887115805
0.999999789739979938474334630882
0.999999769238438362961574057408
0.999999747783337222806210320414
0.999999725374676518008243419899
0.999999702012456248567673355865
0.999999677696676636529105053341
0.999999652427337570870236049814
0.999999626204439273635671270313
0.999999599027981744825410714839
0.999999570897965095461756845907
0.999999541814389436567012126034
0.999999511777254768141176555218
0.999999480786561201206552595977
0.999999448842308846785442710825
0.999999415944497815900149362278
0.999999382093128108550672550336
0.999999347288199946781617200031
0.999999311529713330592983311362
0.999999274817668482029375809361
0.999999237152065290068492231512
0.999999198532904087777239965362
0.999999158960184875155619010911
0.999999118433907763225931830675
0.999999076954072974032783349685
0.999999034520680507576173567941
0.999998991133730474878404947958
0.999998946793223097984082414769
0.999998901499158376893205968372
0.999998855251536644672682996315
0.999998808050357790300211036083
0.999998759895622146842697475222
0.999998710787329714300142313732
0.999998660725480714717150476645
0.999998609710075259116024426476
0.99999855774111345851906662574
0.99999850481859553497088199947
0.999998450942521599493773010181
0.999998396112891763110042120388
0.999998340329706358886596717639
0.999998283592965275801134339417
0.999998225902668957942864835786
0.999998167258817405311788206745
0.999998107661410728930206914811
0.999998047110449261865028347529
0.9999979856059330041162525049
0.999997923147862288750786774472
0.999997859736237337813236081274
0.999997795371058040281297962792
0.999997730052324951266484731605
0.999997663780037959746493925195
0.999997596554197398788232931111
