1
0.999999998958000846371874104079
0.999999995832003163442891491286
0.999999990622007173257657086651
0.99999998332801276479386842766
0.999999973950020160096130439342
0.999999962488029137119838196668
0.999999948942040028931899087183
0.999999933312052835532313110889
0.9999999155980676679433827303
0.999999895800084526165107945417
0.999999873918103743264396143786
0.999999849952125208218944862892
0.999999823902149254095661490283
0.999999795768175991916848488472
0.999999765550205532704808319977
0.999999733248238098504145909828
0.999999698862274022381768645573
0.999999662392313304337676527211
0.999999623838356388461079404806
0.999999583200403385774279740872
0.999999540478454518321882460441
0.99999949567251011917079495106
0.999999448782570521387924600276
0.999999399808635835995573870605
0.999999348750706618105255074624
0.999999295608782978739270674851
0.999999240382865361986830521346
0.999999183072953989892539539142
0.999999123679049417567910040816
0.999999062201151867057546951401
0.999998998639261782450660120958
0.999998932993379496814156937035
0.999998865263505454237247249694
0.999998795449640209831443371513
0.999998723551783985641350227525
0.999998649569937336778480130306
0.99999857350410070733204292992
0.99999849535427454139124847643
0.999998415120459394067609082413
0.999998332802655820472637060448
0.999998248400864153673239798081
0.999998161915085059803232070408
0.999998073345319093974126190005
0.999997982691566700275132006936
0.99999788995382843381776183378
0.999997795132105071758132908144
0.999997698226396947163152617577
0.999997599236704948211240662204
0.999997498163029407969304429571
0.999997395005371214615763619804
0.999997289763730812239828082966
0.99999718243810886697531259415
0.999997073028506267000636853481
0.999996961534923456405010711023
0.999996847957361323366853866901
0.999996732295820422997678633692
0.999996614550301421431299786491
0.999996494720805317868439487938
0.999996372807332667420610050613
0.999996248809884247243928712123
0.999996122728460945516815172596
0.999995994563063428373084207124
0.999995864313692472968853053317
0.999995731980349078504843873816
0.999995597563033800092568981199
0.999995461061747747955053000624
0.999995322476491588226110707183
0.999995181807266320106464263517
0.999995039054072720752230907237
0.999994894216911789364132800983
0.999994747295784303098287182365
