1
0.999999999765445513055794890533
0.999999999061782052223179562134
0.999999997889009728524456477317
0.999999996247128319915020711051
0.999999994136138048439477188367
0.999999991556038803075523446751
0.999999988506830694845461948717
0.999999984988513501704687769234
0.999999981001087445697805833333
0.999999976544552526824816141016
0.999999971618908634063416229765
0.999999966224155767413606099581
0.999999960360294037897688212979
0.99999995402732344551566256996
0.999999947225243879245226708008
0.999999939954055561130985552154
0.999999932213758269128334177367
0.999999924004352114259575046162
0.99999991532583709652470815854
0.999999906178213326946035977016
0.999999896561480694501256039075
0.999999886475639310212670807232
0.999999875920689063057977818971
0.999999864896629953037177074293
0.999999853403462202194873498229
0.999999841441185699508764628263
0.999999829009800444978850464395
0.999999816109306438605131006625
0.999999802739703791409908717469
0.999999788900992392370881134411
0.999999774593172352510350719967
0.999999759816243671828317474137
0.999999744570206461347083859437
0.99999972885506061004434741335
0.999999712670806117920108135877
0.999999696017443207018970952049
0.999999678894971655296330936835
0.999999661303391573774490552751
0.999999643242703073475752262311
0.999999624712906154400116065517
0.999999605714000816547581962368
0.999999586245987059918149952864
0.999999566308864884511820037005
0.999999545902634401350894677307
0.999999525027295499413071411254
0.999999503682848400742955163878
0.999999481869293105340545935178
0.999999459586629502183541262639
0.999999436834857702294243608776
0.999999413613977816694955436105
0.999999389923989734363374282111
0.999999365764893566321802609309
0.999999341136689312570240417699
0.999999316039377084130990169797
0.999999290472956769981749403087
0.9999992644374285921671230426
0.999999237932792439664808625821
0.999999210959048423497108615265
0.999999183516196543664023010933
0.99999915560423691118785427534
0.999999127223169526068602408486
0.999999098372994388306267410371
0.999999069053711497900849280995
0.999999039265320965874650482874
0.999999009007822903249973478523
0.999998978281217310026818267943
0.999998947085504075182882388617
0.999998915420683420762770765577
0.999998883286755346766483398824
0.999998850683719964216322750872
0.999998817611577162089986359206
