1
0.999999999805184835999227743741
0.999999999220739455019213437481
0.999999998246663746037654618704
0.999999996882957709054551287409
0.999999995129621344069903443597
0.999999992986654762106013549783
0.999999990454057963162881605967
0.999999987531830836218205149635
0.999999984219973381271984180785
0.999999980518485709346521161933
0.999999976427367709419513630564
0.999999971946619492513264049194
0.999999967076241058627772417822
0.999999961816232296740736273932
0.999999956166593317874458080041
0.999999950127324122028937836149
0.999999943698424709204175542254
0.999999936879894968377868735843
0.999999929671735121594622341945
0.999999922073945057832133898046
0.999999914086524777090403404145
0.999999905709474279369430860243
0.999999896942793564669216266338
0.999999887786482744012062084948
0.999999878240541817397968316072
0.999999868304970673804632497195
0.999999857979769424254357090831
0.999999847264937957724839634466
0.99999983616047649626068505313
0.999999824666384817817288421793
0.999999812782663144439254665485
0.999999800509311365104281321692
0.999999787846329590834670852928
0.999999774793717710608120796678
0.999999761351475835446933615458
0.999999747519603965351109309267
0.999999733298102100320647878107
0.99999971868697012933324685946
0.999999703686208385455813640874
0.999999688295816535621440834802
0.999999672515794912897035828792
0.99999965634614329523799369781
0.999999639786861793666616904375
0.999999622837950408182905448484
0.999999605499409138786859330139
0.999999587771238096500781011855
0.999999569653437281324670493632
0.99999955114600669325852777547
0.999999532248946221280050394853
0.999999512962256087433843276813
0.999999493285936180697603958833
0.999999473219986612093634903431
0.999999452764407381621936110605
0.999999431919198489282507580356
0.999999410684360046097651775199
0.999999389059891941045066232618
0.999999367045794174124750952615
0.999999344642066967381310860219
0.999999321848710209792443492915
0.999999298665723901358148850704
0.999999275093108153100729396101
0.999999251130862965020185129106
0.999999226778988448138818512234
0.999999202037484380412024620455
0.999999176906351094906710841315
0.999999151385588480600574712298
0.99999912547519642647131377089
0.999999099175175265585835404636
0.999999072485524775899534688506
0.999999045406245068434714085015
0.999999017937336254213676056679
