1
0.999999999492986679783257386589
0.99999999797194660811072708384
0.999999995436879784982409091754
0.999999991887786210398303410329
0.999999987324665995380712502083
0.999999981747519139929636367015
0.999999975156345533022772542608
0.999999967551145396704725953896
0.999999958931918508930891675845
0.999999949298665091745874633489
0.999999938651385145149674826826
0.99999992699007855811998979334
0.999999914314745552701424458064
0.999999900625386017871676358482
0.999999885922000064653047957108
0.99999987020458780406784171646
0.999999853473149125093755174021
0.999999835727684249775393254822
0.999999816968193178112755958864
0.999999797194675799083540823631
0.999999776407132445754655236669
0.999999754605563007103796735464
0.999999731789967594153267782531
0.999999707960346206903068377869
0.999999683116699067397803446511
0.999999657259026175637472988456
0.999999630387327531622077003703
0.999999602501603357396220417286
0.999999573601853652959903229203
0.999999543688078418313125439454
0.999999512760277986522794435587
0.999999480818452246566607755085
0.99999944786260142048917032298
0.999999413892725508290482139273
0.999999378908824620992845666478
0.999999342910898980640865829628
0.999999305898948587234542628721
0.999999267872973551796178526274
0.999999228832973985348075984803
0.999999188778950109934839929338
0.999999147710901925556470359879
0.999999105628829654257572201459
0.999999062532733407060447916592
0.999999018422613294987399967795
0.999998973298469318038428355067
0.99999892716030192030274292847
0.999998880008110879735738762975
0.999998831841896640426625708642
0.999998782661659202375403765473
0.999998732467398787626677858498
0.999998681259115396180447987717
0.999998629036809361103621540678
0.999998575800480793418500979897
0.999998521550129804147388767888
0.999998466285756615334889829683
0.999998410007361338003306627797
0.999998352714944194197244087263
0.999998294408505294939004670596
0.999998235088044973295495765342
0.999998174753563229266717371502
0.999998113405060284897274414107
0.999998051042536362231771818188
0.999997987665991683314814508776
0.999997923275426359168704948388
0.999997857870840611838048062054
0.999997791452234774389751237322
0.999997724019608846823814474192
0.999997655572963051184842697694
0.999997586112297831562045757892
0.999997515637613076933121192269
0.999997444148909231387278850889
