1
0.999999999211233503437767922151
0.999999996844934124773374151118
0.999999992901101864006818686903
0.999999987379736721138101529505
0.999999980280838585144920216408
0.999999971604407678071879672643
0.999999961350443999918979898212
0.999999949518947661708523355628
0.999999936109918552418207582377
0.999999921123356783070335040975
0.999999904559262464687208193936
0.999999886417635708291129503777
0.999999866698476624904401433014
0.99999984540178510350472151913
0.999999822527561477158997149672
0.999999798075805745867228324641
0.999999772046518131674019969068
0.999999744439698523557069620438
0.999999715255347365605587128812
0.999999684493464435774967569159
0.999999652154050178154420791543
0.999999618237104703766249258479
0.999999582742628012610452969966
0.999999545670620437753939313552
0.999999507021081979196708289237
0.999999466794012970005667284568
0.999999424989413632225421224575
0.999999381607284076878272571776
0.999999336647624414986523788684
0.999999290110435090639384725364
0.999999241995716103836855381815
0.999999192303467787645843145583
0.999999141033690475133255404216
0.999999088186384166299092157715
0.999999033761549305232563256141
0.999998977759186113978273624525
0.9999989201792948145808281879
0.999998861021875740107134333812
0.999998800286929112601796987292
0.999998737974455154109421073372
0.999998674084454308719216442114
0.99999860861692679847578801855
0.999998541571872956446043190226
0.99999847294929311569688934469
0.999998402749187609295233869489
0.999998330971556659285681689653
0.999998257616400709757442655246
0.999998182683719982755121691298
0.999998106173515033390231110388
0.999998028085786194729678300064
0.99999794842053357779576572284
0.99999786717775784872230815381
0.999997784357459340576212980523
0.999997699959638275402085128007
0.999997613984295208311436908843
0.999997526431430583393478173093
0.999997437301044622692813845788
0.999997346593137992343258702022
0.999997254307710914389417666825
0.999997160444763943942803052778
0.999997065004297414070322247426
0.999996967986311879883487563347
0.999996869390807785471508850605
0.999996769217785574923595959262
0.999996667467245692328958739381
0.99999656413918869279910950354
0.9999964592336150204232581018
0.999996352750525230312916846742
0.999996244689919766557295588427
0.999996135051799073245604176918
0.999996023836163816511657387309
