1
0.999999999514135984313156768621
0.999999998056544048274929537001
0.99999999562722419188531830514
0.999999992226176415144323073037
0.999999987853400607029641378176
0.99999998250889698958587814559
0.999999976192665451790730912762
0.999999968904705993644199679693
0.999999960645018615146284446382
0.999999951413603427319287675346
0.999999941210460541185511829099
0.99999993003558973470035198261
0.999999917888991229908413060912
0.999999904770665026809695064003
0.999999890680611125404197991884
0.99999987561882963671422430707
0.999999859585320449717471547046
0.999999842580083786458544636844
0.999999824603119646937443576462
0.999999805654428031154168365902
0.999999785734009050131021467678
0.999999764841862703868002881791
0.999999742977989103387415070756
0.99999972014238835971156049709
0.999999696335060361818136698275
0.999999671556005442774051061861
0.999999645805223380534698662814
0.999999619082714508166986888682
0.99999959138847871464861327695
0.999999562722516222024182752648
0.999999533084827030293695315777
0.999999502475411139457150966336
0.999999470894268882581457091874
0.999999438341400148644311229873
0.999999404816805159690318305366
0.999999370320483915719478318351
0.999999334852436527754093731346
0.999999298412663106816467006865
0.999999261001163874951203069941
0.999999222617938721135999458056
0.999999183262987978437763558759
0.999999142936311646856495372049
0.999999101637909837414497360442
0.999999059367782661134071986453
0.999999016125930340059824175114
0.999998971912352874191753926425
0.999998926727050485574466165417
0.999998880570023285230263354606
0.999998833441271384181447956507
0.999998785340794893450322433637
0.999998736268594035081491711026
0.999998686224668809074955788674
0.999998635209019548497622054128
0.999998583221646364371792969905
0.999998530262549256697468536004
0.999998476331728447519253677456
0.999998421429184269904055781808
0.999998365554916612829572386545
0.999998308708925809362710879213
0.999998250891211970525773722329
0.999998192101775318363365840924
0.999998132340615963897789697512
0.999998071607734129173650217126
0.999998009903129925213249862281
0.999997947226803574061193558009
0.999997883578755186739783766825
0.999997818958985096315927876276
0.999997753367493413811928348878
0.999997686804280361272390109662
0.999997619269346049719615621143
0.999997550762690701198209808354
