1
0.9999999997970724363582917249
0.999999999188289523388561974571
0.999999998173651483135415674042
0.999999996753158204576550360798
0.99999999492680968771196603484
0.999999992694606043563965158683
0.999999990056547050087942807295
0.999999987012632929328503905708
0.999999983562863570263345991407
0.999999979707238972892469064391
0.999999975445759248238175587176
0.999999970778424285278163097246
0.999999965705234195034734057117
0.999999960226188866485586004274
0.999999954341288410653021401231
0.999999948050532716514737785474
0.999999941353921895093037619517
0.999999934251455946387920903362
0.999999926743134759377085174492
0.999999918828958556105135357939
0.999999910508927225549768991186
0.999999901783040656688683611719
0.999999892651299071566484144569
0.999999883113702470183170589735
0.999999873170250630494138022186
0.999999862820943774543991366954
0.999999852065781902332730624039
0.99999984090476501386035579344
0.999999829337892998104564412643
0.999999817365166077109961406677
0.999999804986584028831941850513
0.99999979220214707531511066918
0.999999779011855105537165400165
0.999999765415708230520408505981
0.99999975141370645026483998663
0.999999737005849653748157379596
0.999999722192137951992663147394
0.999999706972571456020659752539
0.999999691347150054809844732517
0.999999675315873748360218087328
0.999999658878742758716384742002
0.999999642035756863833739771508
0.999999624786916174734585638362
0.999999607132220691418922342564
0.999999589071670524909052346629
0.999999570605265564182673188043
0.99999955173300592026208732932
0.999999532454891704169597232976
0.99999951277092269386059797398
0.999999492681099111379694477364
0.999999472185420956726886743127
0.999999451283888118879872308753
0.999999429976500819883256099274
0.999999408263258948714735652175
0.99999938614416261639661342997
0.99999936361921182292888943266
0.999999340688406568311563660245
0.999999317351746852544636112725
0.999999293609232786650409252616
0.999999269460864259606580617401
0.999999244906641493457755132113
0.999999219946564377181630334235
0.999999194580633021800508686283
0.999999168808847427314390188258
0.999999142631207593723274840158
0.999999116047713632049465104501
0.99999908905836543127065851877
0.999999061663163213431460007996
0.999999033862106867509567109664
0.999999005655196393504979823774
0.999998977042432013462303075357
