1
0.999999999455954191596163127542
0.999999997823816655362350047653
0.999999995103587391298560760333
0.999999991295266621449400190613
0.999999986398854012747960950946
0.99999998041434989826115042888
0.999999973341754166966666161898
0.999999965181066707842205687484
0.999999955932287853954676393187
0.999999945595417272237170891458
0.999999934170455295756596569845
0.999999921657401924512953428348
0.999999908056257047483939004451
0.99999989336702077569185576067
0.999999877589693109136703697004
0.999999860724274269863087738486
0.999999842770764146848705422599
0.999999823729162851115859211859
0.999999803599470493686851568782
0.999999782381687074561682493368
0.999999760075812704762654448132
0.999999736681847384289767433074
0.999999712199791224165323910711
0.999999686629644335411626343557
0.999999659971406829050977194129
0.999999632225078705083376462426
0.999999603390660185553429073479
0.999999573468151159438832564774
0.999999542457551959806494323857
0.999999510358862475634111888212
0.999999477172082928966290182871
0.999999442897213430825331670349
0.999999407534254092233538813161
0.999999371083204913190911611309
0.999999333544066226764357452339
0.999999294916837921931573873735
0.999999255201520331759468263044
0.999999214398113456248040620267
0.999999172506617406419593407918
0.999999129527032404318731551029
0.999999085459358560967757512117
0.999999040303595987388973753696
0.999998994059744905626985200797
0.999998946727805426704094315937
0.999998898307777772664906024147
0.999998848799661943509420325427
0.999998798203458161282242144807
0.999998746519166759050278869836
0.999998693746787625791228037997
0.999998639886321094571997036837
0.999998584937767387437190791388
0.99999852890112650438680930165
0.999998471776398889510062417685
0.999998413563584431784647676977
0.99999835426268357529977492959
0.999998293873696320055444175523
0.999998232396623110140865264839
0.999998169831463834533735735022
0.999998106178218937323265436135
0.999998041436888418509454368177
0.999997975607472722181512381212
0.999997908689971959361741937755
0.999997840684386241072445500322
0.999997771590716011402832918975
0.999997701408961270352904193714
0.999997630139122350989566712087
0.99999755778119958637972786164
0.999997484335192976523387642374
0.99999740980110296550975590435
0.9999973341789297753834375726
0.99999725746867351716673510964
