1
0.999999999421800067622712049342
0.999999997687200381513150659885
0.999999994796200830649013369111
0.999999990748801526052602639538
0.999999985545002467723918471165
0.999999979184803655662960863992
0.99999997166820508986972981802
0.999999962995206770344225333247
0.99999995316580880810874987219
0.999999942180011203163303434849
0.999999930037814066530188483739
0.999999916739217287187102556345
0.999999902284220976156348115182
0.999999886672825244460227622767
0.999999869905029981076438616583
0.999999851980835519071888484177
0.999999832900241636401972300519
0.999999812663248555111294990638
0.999999791269856386222159017052
0.99999976872006512973456437976
0.999999745013874785648511078762
0.999999720151285576008604039089
0.999999694132297500814843260741
0.999999666956910671089531206235
0.999999638625125197854970338085
0.999999609136941192133463118807
0.999999578492358764947312010918
0.999999546691377916296517014416
0.999999513733998868225683054334
0.999999479620221620734810130671
0.999999444350046506890805630974
0.999999407923473415671367092727
0.999999370340502569121099440963
0.999999331601134189284607600712
0.999999291705368276161891571974
0.999999250653204940775253817264
0.999999208444644516191601724131
0.999999165079687002410935292573
0.999999120558332510455556985107
0.999999074880581262370071726764
0.999999028046433480199084442575
0.999998980055889274964897595055
0.999998930908948757689813646721
0.999998880605612150418437522603
0.999998829145879564173071685218
0.999998776529751220998321059596
0.999998722757227453961093033286
0.99999866782830815203908514377
0.999998611742993759321507241111
0.999998554501284386830661787826
0.99999849610318014558885124643
0.999998436548681368662983004469
0.999998375837788167075359524461
0.99999831397050087389288819395
0.999998250946819600137871475454
0.999998186766744567854914294003
0.999998121430275999088621574629
0.999998054937414115883598242362
0.999997987288159140284449222236
0.999997918482511405358081901795
0.999997848520471133149101206072
0.999997777402038434679809597583
0.999997705127213643017114463873
0.999997631695997091227923192491
0.999997557108388890334538245952
0.999997481364389373403867011803
0.999997404463998762480514415074
0.999997326407217279609085380798
0.999997247194045368878789759037
0.999997166824483141311930012307
0.999997085298530929975413528155
