1
0.999999999609572975955984475149
0.999999998438291903823937900597
0.999999996486156894626162738859
0.99999999375316783734035652742
0.99999999023932473196651926628
0.999999985944627689526953417953
0.999999980869076598999356519926
0.999999975012671571406031034712
0.999999968375412606746976962313
0.999999960957299593999891840213
0.999999952758332755209380593442
0.999999943778511979353140759486
0.999999934017837266431172338343
0.999999923476308727465777792531
0.999999912153926362456957122049
0.999999900050690060382407864381
0.999999887166600154309037407074
0.999999873501656311169938362582
0.999999859055858864032018118451
0.999999843829207701872974212165
0.999999827821702824692806643725
0.999999811033344454536120338162
0.999999793464132369358310370444
0.999999775114066791203981665603
0.999999755983147720073134223639
0.999999736071375266988070507068
0.999999715378749320926488053374
0.999999693905269992910689325072
0.999999671650937393962976784678
0.999999648615751635105652894708
0.999999624799712605316415192647
0.999999600202820415617566141009
0.999999574825075066009105739795
0.999999548666476778535638914036
0.999999521727025553197165663732
0.999999494006721389993685988884
0.999999465505564399947502352006
0.999999436223554694080917215615
0.999999406160692161371628117195
0.999999375316977134886542444292
0.999999343692409392581055271876
0.999999311286989267522073987493
0.999999278100716759709598591144
0.999999244133591869143629082828
0.999999209385614706846467925061
0.999999173856785383840417580359
0.999999137547104011147780511237
0.999999100456570588768556717696
0.999999062585185338747351124766
0.999999023932948150061861269933
0.999998984499859355778994540742
0.999998944285918844876448474679
0.999998903291126728376525534259
0.999998861515483228323830644513
0.999998818958988344718363805441
0.99999877562164218858242747956
0.999998731503444981960626591899
0.999998686604396613830658679944
0.999998640924497306237128668727
0.999998594463747170202339020761
0.999998547222146316748592198564
0.999998499199694856898190664651
0.999998450396392901673436881538
0.999998400812240562096633311739
0.999998350447237949190082417772
0.999998299301385062953784199635
0.999998247374682236454646044876
0.999998194667129469692667953495
0.999998141178726984712454850523
0.999998086909474781514006735961
0.999998031859372971119626072323
