1
0.999999998958155056349994538323
0.999999995832620114377675690776
0.999999990623395285105345919874
0.999999983330480679555307688133
0.999999973953876075682956070523
0.999999962493581806555198454589
0.999999948949597872172034840332
0.999999933321924272533465227752
0.999999915610561118661792079365
0.999999895815508521579317857686
0.999999873936766703330647487746
0.999999849974335774938083432062
0.999999823928215736401625690632
0.999999795798406920788181651005
0.999999765584909550142356238212
0.999999733287723513441846989735
0.999999698906849365798166218156
0.999999662442287107211313923472
0.999999623894036959725895030715
0.999999583262099367431119389948
0.999999540546474330326987001172
0.999999495747162181480405251932
0.999999448864163364980583992292
0.999999399897477991849825684767
0.99999934884710650617734017942
0.999999295713049130007732401282
0.9999992404953061964079097379
0.999999183193878038444779576821
0.999999123808765100207551768108
0.999999062339967714763133699307
0.999998998787486215178432757966
0.999998933151321045542658794147
0.999998865431472649945021657913
0.999998795627941361452428736811
0.999998723740727624154089880903
0.999998649769831993161517402768
0.999998573715254801541618689953
0.999998495576996715428208517551
0.999998415355057956865891810594
0.999998333049439303010785806691
0.99999824866014108692979789339
0.999998162187163863734440383269
0.999998073630508188536225588905
0.999997982990174616446665822878
0.999997890266163702577273397765
0.999997795458476002039560626145
0.999997698567112180967342283111
0.999997599592072905494433143758
0.999997498533358619710043058149
0.999997395390969989747986801376
0.99999729016490779276438161105
0.999997182855172472848437337234
0.999997073461764918178573680052
0.999996961984685794888605414599
0.999996848423935547067742390936
0.999996732779515173916706771706
0.999996615051425341569313332002
0.999996495239666605137074384402
0.999996373344239963820712091547
0.999996249365145972731738766015
0.999996123302385520048574107932
0.999995995155959382927335354907
0.999995864925868227501837282034
0.99999573261211316399510451447
0.999995598214694747518649364793
0.999995461733613866250891533127
0.999995323168871408370250719599
0.99999518252046837307744908685
0.999995039788405426506301409972
0.999994894972683567857529851608
0.999994748073303685309554111882
