1
0.999999999761746916071558644035
0.999999999046987553263932113623
0.999999997855721911577120408765
0.999999996187950102033425991976
0.999999994043672124632848863257
0.999999991422887868353086560091
0.99999998832559733319413908248
0.999999984751800630178308892937
0.999999980701497759305595991464
0.999999976174688609553697915544
0.999999971171373291944917127694
0.999999965691551806479253627913
0.999999959735224042134404953686
0.999999953302390220954976030043
0.999999946393050120896361931955
0.999999939007203964003167584451
0.999999931144851639253090525017
0.999999922805993146646130753652
0.999999913990628486182288270356
0.999999904698757768883865537646
0.99999989493038099475086255552
0.99999988468549816378327932398
0.999999873964109164958813380508
0.999999862766214109299767187622
0.999999851091813107828443207836
0.999999838940906049522538978636
0.99999982631349293438205450002
0.999999813209573873429292234505
0.99999979962914886666425218209
0.999999785572217803064631880261
0.999999771038780904675036254048
0.999999756028838171495465303451
0.999999740542389492503616565955
0.999999724579434867699490041559
0.999999708139974519127690655296
0.999999691224008224743613482133
0.999999673831536317614165909617
0.999999655962558464672440550203
0.999999637617074998985344791436
0.999999618795085698508273708285
0.999999599496590785285832225782
0.999999579721590259318020343926
0.999999559470084009582535600202
0.999999538742072258123982919642
0.999999517537554782897757377214
0.999999495856531916970766360464
0.999999473699003438298404944362
0.999999451064969568925278053939
0.999999427954430086806780764164
0.999999404367385325009820462583
0.999999380303835172512094686681
0.999999355763779629313603436458
0.999999330747218806436649174429
0.999999305254152703881231900596
0.999999279284581321647351614956
0.999999252838504770757310780027
0.999999225915923051211109395808
0.9999991985168361630087474623
0.999999170641244328194829904533
0.999999142289147324724751797476
0.999999113460545263620815603645
0.999999084155438366927626248071
0.999999054373826412600578805723
0.999999024115709733706580664148
0.999998993381088108201026898314
0.999998962169961647106219970738
0.99999893048233057246676480645
0.999998898318194662238056480419
0.999998865677554138464699917677
0.999998832560409112168997580739
0.999998798966759361306344544573
