1
0.999999999297630060013375441486
0.999999997190520240053501765942
0.999999993678670429098076510854
0.999999988762080849191704601253
0.999999982440751278289781112107
0.999999974714681938436910968449
0.999999965583872829633094170276
0.999999955048323951878330717591
0.999999943108035305172620610392
0.999999929763007000538266311196
0.999999915013239148997570282518
0.999999898858731750550532524358
0.999999881299484805197153036715
0.999999862335498423959734282107
0.999999841966772828882881185564
0.99999982019330790894429128457
0.999999797015103886188569504156
0.999999772432160760615715844324
0.999999746444478643248032767588
0.999999719052057756130125198979
0.999999690254898210284295601014
0.999999660052999894688241511176
0.999999628446363253431172779528
0.999999595434988175490786943556
0.999999561018874993933991390804
0.999999525198023708760786121275
0.999999487972434430993473597482
0.999999449342107493698961206974
0.999999409307043007899551412265
0.999999367867240973595244213357
0.99999932502270183487524946031
0.999999280773425480717264690611
0.999999235119412355210499754321
0.999999188060662569377257113956
0.999999139597176234239839232032
0.999999089728953682865153496095
0.999999038455994915253199906147
0.999998985778300375493188312248
0.999998931695870285629723639431
0.999998876208704756685108350212
0.99999881931680401070394736962
0.999998761020168269730845622689
0.999998701318797977855012959481
0.999998640212693135076449379994
0.999998577701854185484364734293
0.999998513786281240101061484893
0.999998448465974743015749481856
0.999998381740934916273033650214
0.999998313611161870895216452482
0.999998244076656050971507738723
0.999998173137417789568814896484
0.999998100793447308731742850796
0.999998027044744830504896526691
0.999997951891310909999788236746
0.999997875333145547216417980962
0.999997797370249408288600534433
0.999997718002622493216335897159
0.999997637230265357111136381718
0.999997555053178222017606913141
0.999997471471361532024957341491
0.999997386484815620200095054315
0.999997300093540708587624976644
0.999997212297537352299059421057
0.999997123096805773379003312584
0.999997032491346526938968963805
0.999996940481159724001258837234
0.999996847066246030699687707965
0.999996752246605669078860501031
0.999996656022239083227987066493
0.999996558393146717236277254415
0.999996459359328904170638452342
