1
0.999999999691899787990223558154
0.9999999987675990409385917701
0.99999999722709798088970956087
0.999999995070396274776669542916
0.999999992297494255666379103786
0.999999988908391812536535780964
0.999999984903088834364837111934
0.999999980281585432173585559212
0.999999975043881605962781122798
0.999999969189977466754726265208
0.99999996271987279250481606141
0.999999955633567805257655436435
0.999999947931062393990941927768
0.999999939612356669726977997925
0.99999993067745052144346118439
0.999999921126344060162693949678
0.999999910959037396906978756306
0.999999900175530309631710679241
0.999999888775823020381494643516
0.999999876759915418134028186614
0.999999864127807613911613771052
0.999999850879499607714251396828
0.999999837014991399541941063944
0.999999822534282989394682772399
0.999999807437374488294778984709
0.999999791724265896242229700874
0.999999775394957213237034920894
0.999999758449448439279194644769
0.999999740887739685391011335014
0.99999972270983095157248499163
0.999999703915722348845918077132
0.999999684505413766189008129004
0.999999664478905314624057609763
0.999999643836196994151066519407
0.999999622577288804770034857938
0.999999600702180968525567550387
0.999999578210873374395362134237
0.999999555103366133401721072005
0.99999953137965924554464436369
0.999999507039752710824132009293
0.999999482083646640262486471329
0.999999456511341033859707749798
0.999999430322836113660400769731
0.999999403518131657619960606098
0.999999376097227887782992183929
0.999999348060124804149495503225
0.999999319406822406719470563985
0.999999290137320917537522291241
0.999999260251620225581348222477
0.999999229749720441873250820208
0.999999198631621566413230084436
0.999999166897323710223588477675
0.999999134546826984326628462441
0.999999101580131388722350038734
0.999999067997237034433055669069
0.999999033798143921458745353448
0.999998998982852160821721554385
0.99999896355136175252198427188
0.999998927503672696559533505933
0.999998890839785326001276644092
0.999998853559699418802608761325
0.999998815663415308030437245179
0.999998777150932771640157170623
0.999998738022252142698675925203
0.99999869827737342120599350892
0.999998657916296496139807459258
0.999998616939021700567025163764
0.999998575345548923465344159922
0.999998533135878386879369372764
0.999998490310010090809100802289
0.999998446867944146276840911014
