1
0.999999999147826779122283369361
0.999999996591307338533738402475
0.999999992330441456189760174311
0.999999986365229243112651147385
0.999999978695670810324713784212
0.999999969321766046803645622276
0.99999995824351517459405158661
0.999999945460918082673629214696
0.999999930973974882064680969052
0.999999914782685794811811774707
0.999999896887050709892719169147
0.999999877287069849352008077403
0.999999855982743213189678499475
0.999999832974070912428032897878
0.999999808261053169111676197645
0.999999781843690094262910861289
0.999999753721981687881736888812
0.999999723895928283035061667761
0.999999692365529879722885198134
0.999999659130786699989812404965
0.999999624191698854858145750768
0.999999587548266566372490160575
0.999999549200490167599753021932
0.999999509148369547517631872324
0.999999467391905150215336561814
0.999999423931097197737472015433
0.999999378765945801106340695696
0.999999331896451182366547527636
0.999999283322613563562697436282
0.999999233044433388784000271698
0.999999181061910658030456033885
0.999999127375045815391274572903
0.999999071983839082911060813785
0.999999014888290793656722144078
0.999998956088401058650561026298
0.999998895584170433004089773021
0.999998833375599027739610846766
0.999998769462687175924031635077
0.999998703845435321646561988018
0.999998636523843797974109293136
0.999998567497912826951278475462
0.999998496767642741644976922544
0.999998424333034097166716946958
0.999998350194087115561103473738
0.999998274350802240917346352944
0.999998196803179806302352972125
0.999998117551220255805333181343
0.999998036594923922493194368144
0.999997953934291361477448845108
0.999997869569322794802701537265
0.999997783500018888602767219709
0.999997695726379864922250817472
0.999997606248406278872664643131
0.999997515066098574543218546751
0.999997422179457307045424840908
0.999997327588482698423888450634
0.999997231293175525834726613539
0.999997133293536122344846717169
0.999997033589565043065761074104
0.999996932181262732086679534405
0.99999682906862974451911441065
0.999996724251666635474578015419
0.999996617730373960064582661289
0.999996509504752162378338198323
0.999996399574801908549659401615
0.999996287940523642667756121227
0.999996174601918030866443132254
0.999996059558985628257232747274
0.999995942811726989951637278864
0.999995824360142782083471502119
0.999995704204233559764247729618
