1
0.999999999358730629062108619109
0.999999997434922516248434476438
0.99999999422857555053667510947
0.999999989739689842949132980721
0.999999983968265504508110552706
0.99999997691430242419130536291
0.999999968577800601998717411334
0.999999958958760148952649160492
0.9999999480571811760754030729
0.999999935873063572344676686043
0.999999922406407448782772462437
0.99999990765721280538969040208
0.99999989162547975318773296749
0.999999874311208403199202621181
0.999999855714398755424099363154
0.999999835835050920884725655924
0.999999814673164899581081499491
0.999999792228740802535469356371
0.999999768501778851792494151596
0.999999743492278936329853422649
0.999999717200241167169849632046
0.999999689625665766357087704819
0.999999660768552844913870103483
0.999999630628902402840196828038
0.999999599206714662180672803515
0.999999566501989733957600492431
0.999999532514727618170979894785
0.999999497244928536865415935608
0.999999460692592601063211077417
0.999999422857720032808970245242
0.999999383740310832102693439083
0.999999343340365332011288046488
0.999999301657883532534754067456
0.999999258692865655717696427018
0.999999214445311923604720050207
0.999999168915222336195824937022
0.99999912210259722655791847501
0.999999074007436705713303126686
0.999999024629740995706583817082
0.999998973969510318582365471229
0.999998922026744785362950551644
0.999998868801444618092943983356
0.999998814293610038816950691398
0.999998758503241269579575600801
0.99999870143033842140312117408
0.999998643074901938376797261299
0.999998583436931820500603862456
0.999998522516428400841448365099
0.99999846031339190144393569426
0.99999839682782254435267077497
0.999998332059720551612258532259
0.999998266009086256289606353675
0.99999819867591988042931916425
0.999998130060221646076001889014
0.999998060161991775274259452999
0.999997988981230601090999243752
0.999997916517938456593128648819
0.999997842772115563825252593233
0.99999776774376225585427846454
0.999997691432878643702508725255
0.999997613839465171459153225442
0.999997534963522172191119352647
0.999997454805049867943012031901
0.999997373364048591781738650752
0.999997290640518565751904134231
0.999997206634460233942718332401
0.999997121345873929421088632807
0.999997034774759874231619960483
0.99999694692111851246352216549
0.999996857784950177183702635375
0.99999676736625509043676629517
