1
0.999999999929774174844965273223
0.999999999719096588357558630378
0.999999999367967351560082533979
0.999999998876386464452536984027
0.999999998244353927034921980521
0.999999997471869628284935060947
0.999999996558933568202576225303
0.999999995505545968832450398622
0.999999994311706608129952655872
0.999999992977415597117385459569
0.999999991502672824772446347197
0.999999989887478402117437781271
0.999999988131832329152359761792
0.999999986235734494854909826245
0.999999984199185010247390437144
0.999999982022183875329801594489
0.999999979704731090102143298282
0.999999977246826543542113086005
0.999999974648470346672013420175
0.999999971909662499491844300792
0.99999996903040289097930326534
0.99999996601069174317899523885
0.999999962850528834046315296291
0.999999959549914274603565900179
0.999999956108847953828444587998
0.999999952527330093765556284779
0.999999948805360472370296065492
0.999999944942939200664966392651
0.999999940940066278649567266257
0.999999936796741706324098686309
0.999999932512965483688560652809
0.999999928088737610742953165754
0.999999923524057976464973762631
0.999999918818926802899227368471
0.999999913973343868001109058241
0.999999908987309393815223756974
0.999999903860823158296966539638
0.999999898593885272468639868748
0.999999893186495847352546206821
0.999999887638654660904080628825
0.999999881950361935167848059791
0.999999876121617559121546037204
0.999999870152421532765174561064
0.999999864042773745076431168854
0.999999857792674529122223248123
0.999999851402123551835643411323
0.999999844871120924238994120969
0.999999838199666757354577839578
0.999999831387760940160092104634
0.999999824435403472655536916136
0.999999817342594465863214736601
0.999999810109333808760823103512
0.99999980273562150134836201687
0.99999979522145765464813393919
0.999999787566842157637836407957
0.999999779771775121339771885687
0.999999771836256434731637909863
0.999999763760286208835736943001
0.999999755543864332629766522587
0.999999747186990806113726648618
0.999999738689665851332222246128
0.999999730051889246240648390085
0.999999721273660990839005080488
0.99999971235498130717189724237
0.999999703295849973194719950698
0.999999694096266988907473205472
0.999999684756232576354761931725
0.99999967527574662451428366694
0.999999665654809022363735948602
0.999999655893419880925421239226
0.999999645991579311221642001328
