1
0.999999999718717003105439289357
0.999999998874868012421757157426
0.999999997468453138971256066725
0.999999995499472160709331092221
0.999999992967925299680587158946
0.999999989873812444862721804384
0.999999986217133596255735028535
0.9999999819978887538596268314
0.999999977216078028696699675493
0.999999971871701420766953560815
0.99999996596475881904808602485
0.999999959495250223540097067598
0.999999952463175856287591614091
0.999999944868535495245964739297
0.999999936711329251437518905732
0.999999927991557124862254113395
0.999999918709219226542472824804
0.99999990886431544545587257744
0.999999898456845781602453371306
0.999999887486810346004517668916
0.999999875954209138662065470271
0.99999986385904215957509677537
0.999999851201309408743611584214
0.999999837981010886167609896802
0.99999982419814670286939417565
0.999999809852716858848964420758
0.999999794944721354106320632127
0.999999779474160188641462809755
0.999999763441033362454390953644
0.999999746845340986567407526309
0.999999729687083172002814990265
0.999999711966259696716008420481
0.999999693682870782751592741988
0.999999674836916430109567954787
0.999999655428396638789934058877
0.999999635457311408792691054259
0.999999614923660851140141403448
0.999999593827444965832285106444
0.999999572168663752869122163247
0.999999549947317212250652573857
0.999999527163405566021481263306
0.999999503816928703159305769077
0.999999479907886734686428553687
0.999999455436279660602849617135
0.999999430402107480908568959421
0.999999404805370306625889043062
0.999999378646068137754809868056
0.999999351924200974295331434405
0.999999324639769038292058667139
0.999999296792772218722689103743
0.999999268383210626609525206732
0.999999239411084261952566976106
0.999999209876393235774116874381
0.999999179779137548074174901558
0.999999149119317198852741057635
0.999999117896932410154420267645
0.999999086111983070956910069071
0.99999905376446929228251292443
0.999999020854391185153531296237
0.999998987381748638547662721976
0.999998953346541985531814589194
0.999998918748771004061381972861
0.99999888358843580515866733549
0.999998847865536610868275602115
0.999998811580073421190206772735
0.999998774732046125102158384834
0.99999873732145505567103782596
0.999998699348300101874542633595
0.999998660812581263712672807742
0.99999862171429876323003327343
0.999998582053452711448926493176
