1
0.999999999412312989832685161673
0.999999997649252181375345571723
0.99999999471081735258337630512
0.999999990597008614479079824378
0.999999985307825967062456129497
0.999999978843269521355807682994
0.999999971203339166336832022353
0.999999962388034902005529147573
0.999999952397356950406503983686
0.999999941231305200517454068176
0.99999992888987976336068186356
0.999999915373080638936187369836
0.999999900680907827243970587006
0.999999884813361439306333977584
0.999999867770441586145580004086
0.999999849552148267761708666512
0.999999830158481484154719964863
0.999999809589441346346916361654
0.999999787845028076382902781916
0.999999764925241563240376763133
0.999999740830081917941640767822
0.999999715559549251508997258497
0.999999689113643674964748697676
0.999999661492365299331197547872
0.999999632695714235630646271602
0.99999960272369037284079240635
0.99999957157629415505084580218
0.999999539253525360216201534058
0.999999505755384432426069452049
0.999999471081871149635844631121
0.99999943523298584491243445882
0.999999398208728629278141397663
0.999999360009099613755267910165
0.999999320634099020388418921357
0.999999280083726738155291968724
0.999999238357983100122794439812
0.999999195456868217313228797138
0.999999151380382311771199965733
0.999999106128525383496707945596
0.999999059701297765556660124275
0.99999901209869945795105650177
0.999998963320730682724502003111
0.999998913367391661921601553331
0.99999886223868261758696007746
0.999998809934603549720577575499
0.999998756455154791389361434994
0.999998701800336453615614118462
0.999998645970148869466243013449
0.999998588964592038941248119954
0.99999853078366618408523436301
0.99999847142737174898741159268
0.999998410895708622625477346446
0.999998349188677249088641474373
0.999998286306277739399206438975
0.9999982222485104266240796278
0.999998157015375310763261040847
0.99999809060687283590596052818
0.999998023023003224096783014829
0.999997954263766586358030963311
0.999997884329163255756611761171
0.999997813219193343314827870927
0.999997740933857404144191605155
0.999997667473155327222400501341
0.999997592837087667660966872063
0.999997517025654536482193179836
0.999997440038856155730684349692
0.999997361876692969495650231693
0.999997282539165088799393288355
0.999997202026272846708820907224
0.999997120338016576290840475849
0.999997037474396610612359381776
