1
0.999999999580568732504559648078
0.999999998322275041040541054826
0.999999996225118703563339295215
0.999999993289099942117559294275
0.999999989514218756703201052005
0.999999984900475036297962105891
0.999999979447868780901842455933
0.999999973156400212559447027161
0.999999966026069109226170894544
0.999999958056875581924316520599
0.999999949248819630653883905325
0.999999939601901366437175511237
0.999999929116120789274191338336
0.999999917791477788142628924106
0.999999905627972474064790731063
0.999999892625604958062979221722
0.999999878784375240137194396084
0.999999864104283209265133791632
0.999999848585329087491402333399
0.999999832227512874816000021383
0.99999981503083446021662439307
0.999999796995294176760182836006
0.99999977812089180240207042516
0.999999758407627448164589623048
0.999999737855501225070042892185
0.999999716464513133118430232571
0.999999694234663283332054106722
0.999999671165951675710914514639
0.999999647258378421277313918836
0.999999622511943520031252319313
0.999999596926647082995032178587
0.999999570502489110168653496657
0.99999954323946971257441873604
0.999999515137589001234630359249
0.999999486196846976149288366287
0.999999456417243748340695219667
0.999999425798779428831153381907
0.999999394341454017620662853005
0.999999362045267625731526095478
0.999999328910220253163743109326
0.999999294936312121961918819579
0.999999260123543343148355688754
0.999999224471913805700751254335
0.999999187981423731663710441353
0.999999150652073232059535712324
0.999999112483862417910529529763
0.999999073476791178194389431155
0.999999033630859845978022804047
0.999998992946068532283732110955
0.999998951422417126089214889362
0.9999989090599058494390760643
0.999998865858534924377920560801
0.999998821818304239883445916348
0.999998776939214018000257055974
0.999998731221264369750656442193
0.999998684664455517179249000037
0.999998637268787349263732266991
0.999998589034260088048711168085
0.999998539960873955578790628351
0.99999849004862895185397064779
0.999998439297525298918856151431
0.999998387707562996773447139276
0.999998335278742267462348536355
0.999998282011063222007862805185
0.999998227904525971432292408281
0.999998172959130737780242270674
0.999998117174877521051712392364
0.999998060551766654313610160898
0.999998003089798026543633113761
0.999997944788971970808688638499
0.999997885649288598131079197628
