1
0.999999999113393323035836601775
0.999999996453573292143346407101
0.999999992020539907322529415978
0.999999985814293279595688090922
0.999999977834833297940519969416
0.999999968082160184401629976492
0.999999956556273827956715649634
0.999999943257174339628079451359
0.999999928184861719415721381665
0.999999911339336300386548828101
0.999999892720597860495956865634
0.999999872328646732810852881812
0.999999850163482917331236876635
0.999999826225106414057108850102
0.999999800513517667077678652277
0.999999773028716565370643820643
0.999999743770703219958306817716
0.999999712739477963907575031044
0.999999679935040908240750923142
0.999999645357392163980136956525
0.999999609006532064192640518741
0.999999570882460497855959147273
0.999999530985178020081605154701
0.999999489314684630869578541024
0.999999445870980552264484231273
0.999999400654066117333229612996
0.999999353663941548120419611223
0.999999304900607066670659150986
0.999999254364062895028553157317
0.999999202054309366261009017762
0.999999147971346702412631657353
0.999999092115175236550328463636
0.999999034485795190718704361643
0.999998975083207009006969201437
0.999998913907410802437425445532
0.999998850958407126121585406509
0.999998786236196202104054009396
0.999998719740778363451738641743
0.999998651472153943231546691095
0.999998581430323496554990470031
0.999998509615287134444372441067
0.999998436027045300988902454264
0.999998360665598440277790359687
0.999998283530946996400246007397
0.999998204623091413445479247457
0.999998123942031913458095004898
0.999998041487769051549605592299
0.999997957260303271809220859723
0.999997871259635018326150657231
0.999997783485764735189604834886
0.999997693938692866488793242752
0.999997602618419967335228193406
0.999997509524946370795817074395
0.999997414658272743004374660813
0.999997318018399528050110802724
0.999997219605327170022235350189
0.999997119419056224032260615786
0.99999701745958735621400137461
0.999996913726920899634365014208
0.999996808221057631449468772189
0.9999967009419978847262200361
0.999996591889742325598433581035
0.999996481064291620199924182089
0.999996368465646212619901689322
0.999996254093806880014483340346
0.999996137948774066472878985223
0.999996020030548327106600936531
0.999995900339130550094068894396
0.999995778874521179524492708879
0.999995655636720881531687155075
0.999995530625730433271769470593
