1
0.999999999390283611511165418051
0.999999997561134446044661672204
0.999999994512552614622791224974
0.999999990244538006223251613847
0.999999984757090620846042838821
0.999999978050210569513467362412
0.999999970123897852225525184622
0.999999960978152468982216305449
0.999999950612974530805843187409
0.999999939028363926674103367986
0.999999926224320878631601772213
0.999999912200845275656035937573
0.999999896957937228769708326581
0.999999880495596848994921401754
0.999999862813824136331675163092
0.999999843912619090779969610594
0.999999823791981934384409669292
0.999999802451912667144995339186
0.999999779892411400084029082791
0.999999756113478133201510900108
0.999999731115112977519743253652
0.999999704897316044061028605938
0.999999677460087443847669419483
0.999999648803427287901968156802
0.999999618927335687246227280411
0.99999958783181264188044679031
0.99999955551685837384923161153
0.999999521982472994174884206586
0.999999487228656613879707037995
0.999999451255409343986002568272
0.999999414062731295516073259932
0.999999375650622690514524038008
0.999999336019083528981354902498
0.999999295168114143983473240951
0.99999925309771442449857659085
0.999999209807884814615874802257
0.999999165298625314335367875174
0.999999119569936034679358272115
0.999999072621817308714753380627
0.999999024454269247463855663227
0.999998975067291850926665119914
0.999998924460885563192391600751
0.999998872635050384261035105737
0.999998819589786647199503022421
0.999998765325094463030097813316
0.99999870984097394277512194094
0.999998653137425419501482792839
0.999998595214449115253785294044
0.999998536072045252076634369587
0.999998475710213829970030019467
0.999998414128955293023182093748
0.99999835132826986328069551746
0.99999828730815765176487275312
0.999998222068618880520318725758
0.999998155609653993636243285437
0.999998087931262991112646432157
0.999998019033446206016435553465
0.999997948916203971414518036909
0.999997877579536509351498807519
0.999997805023444041871982790326
0.999997731247926791020574910362
0.999997656252985089864182555175
0.99999758003861927146971311231
0.999997502604829446859469044284
0.999997423951616060122660201159
0.999997344078979333303891507967
0.999997262986919599470070352254
0.999997180675437080665801659052
0.999997097144532109957992815907
0.999997012394205020413551210368
0.999996926424456145099384229979
