1
0.999999999232124237025232105225
0.999999996928496948100928420899
0.999999993089118133227088947024
0.999999987713987792403713683598
0.999999980803106036653105093137
0.999999972356472865975263175642
0.999999962374088169347885468596
0.999999950855952279837879359548
0.999999937802064975400639923464
0.999999923212426367058469622862
0.999999907087036676855973382771
0.999999889425895904793151203194
0.999999870229004050870003084128
0.999999849496361337131133950606
0.999999827227967763576543802628
0.999999803423823441228535102709
0.999999778083928481109410313366
0.999999751208282994241471897112
0.999999722796887091647022316465
0.999999692849740995370666496456
0.999999661366844816434706899599
0.999999628348198665861445988412
0.999999593793802654673186225409
0.999999557703657004914532535622
0.999999520077761827607787381567
0.999999480916117344797555688274
0.999999440218723778528442380775
0.999999397985581239822749921586
0.999999354216689950725083235739
0.999999308912050022257744785747
0.99999926207166178748764195916
0.999999213695525468459379681008
0.999999163783641176195260413806
0.999999112336009243762191545102
0.999999059352629893204777999927
0.999999004833503346567624703312
0.999998948778629825895336580288
0.999998891188009664254821018403
0.999998832061642972668380480172
0.999998771399530195225224815658
0.999998709201671553969958949892
0.999998645468067381969490270421
0.999998580198717901268423702277
0.99999851339362333391136417049
0.999998445052784235009823987639
0.999998375176200604563803153724
0.999998303763873108707116443838
0.999998230815801747439763857983
0.999998156331987075873257708736
0.999998080312429316052202921128
0.999998002757128912065809345222
0.999997923666086196980984368565
0.999997843039301503864635378704
0.999997760876775165783669763186
0.99999767717850773784959983459
0.99999759194449933108472805543
0.999997505174750611622869200801
0.999997416869261801508628195734
0.999997327028033344831214890291
0.999997235651065685679839134536
0.999997142738359268143710778531
0.999997048289914425289737209823
0.99999695230573171222943074099
0.999996854785811462029698759579
0.999996755730154229802053578169
0.999996655138760348613402584306
0.999996553011630484597560553084
0.999996449348764859799132409535
0.999996344150164029329630466236
0.999996237415828548300567035767
0.99999612914575886080115196819
