1
0.999999999836893360694034527114
0.999999999347573220731533183425
0.99999999853203991317940335648
0.999999997390293104970737658732
0.999999995922333018150141015212
0.999999994128159541695310963405
0.99999999200777267560624750331
0.999999989561172419882950634928
0.999999986788358885547722820775
0.999999983689332072600564060849
0.999999980264091758996869430121
0.99999997651263816678124385362
0.999999972434971295953687331348
0.999999968031091035491897400789
0.999999963300997385395874061942
0.999999958244690567710222239839
0.999999952862170249368034546933
0.999999947153436763436218370771
0.999999941118489887870168786321
0.9999999347573297336921882561
0.999999928069956189879974317591
0.999999921056369478478131895827
0.99999991371656948846435852829
0.999999906050556108816351752466
0.999999898058329561578716493386
0.999999889739889735729150288535
0.999999881095236631267653137911
0.999999872124370248194225041516
0.999999862827290697531168461865
0.999999853203997868256180936442
0.999999843254491760369262465247
0.999999832978772595915017973311
0.999999822376840152848842535604
0.999999811448694431170736152126
0.999999800194335652925303747907
0.999999788613763707090242860431
0.9999997767069785936655534897
0.999999764473980312651235635713
0.999999751914768864047289298469
0.999999739029344358876016940485
0.999999725817706686115116099245
0.99999971227985606780919169978
0.999999698415792170891336354543
0.999999684225515328428457451082
0.99999966970902542939825252688
0.999999654866322473800721581938
0.999999639697406461635864616255
0.999999624202277503925984092348
0.9999996083809354896487775477
0.999999592233380529826547444827
0.99999957575961262445929378373
0.999999558959631662524714101892
0.999999541833437866067413324345
0.999999524381031124065088988573
0.999999506602411547540043557092
0.999999488497579025469974567386
0.999999470066533668877184481971
0.999999451309275477761673300847
0.999999432225804452123441024014
0.999999412816120591962487651472
0.999999393080224008301115645736
0.999999373018114590117022544291
0.999999352629792448432510809653
0.999999331915257583247580441821
0.999999310874509994562231440796
0.999999289507549682376463806577
0.99999926781437675771258000168
0.999999245794991220570580026106
0.999999223449393070950463879853
0.999999200777582197829929100408
0.9999991777795588232535806128
