1
0.999999999601528966053365365951
0.99999999840611575319115900129
0.999999996413760361413380906015
0.999999993624462901742333542643
0.999999990038223374178016911173
0.999999985655041667698128549091
0.999999980474917893324970918911
0.999999974497852051058544020634
0.999999967723844029876545391744
0.999999960152894051823579957272
0.999999951785002005877345254703
0.999999942620167892037841284036
0.999999932658391932349672970304
0.999999921899673793745932925958
0.999999910344013809293528538547
0.999999897991411978992459808069
0.999999884841868191820424272009
0.999999870895382558799724392884
0.999999856151955079930360170692
0.999999840611585755212331605435
0.999999824274274695667941159627
0.999999807140022012319491295784
0.999999789208827594144679551391
0.999999770480691552165808388963
0.999999750955613886382877808501
0.999999730633594707818190272519
0.999999709514634127494048243534
0.999999687598731923365846796514
0.999999664885888539522795781522
0.999999641376103642897987811011
0.999999617069377566558330272528
0.999999591965710310503823166073
0.99999956606510176371216402913
0.999999539367552259250260249246
0.99999951187306157507350690139
0.999999483581630044248811373109
0.999999454493257555753871201887
0.99999942460794422061098885024
0.999999393925690149842466780683
0.999999362446495454470607455733
0.999999330170360134495410875388
0.99999929709728418991687703965
0.999999263227267842779610873549
0.999999228560311093083612377086
0.999999193096414162873486475291
0.99999915683557694112693070565
0.999999119777799538866247530677
0.999999081923082178136041875405
0.999999043271424858936313739832
0.999999003822827803311668048991
0.999998963577290900239802340366
0.999998922534814260743019076472
0.999998880695398217888225644856
0.999998838059042549630817120487
0.999998794625747700060003353428
0.999998750395513447131179418648
0.999998705368340123911252703692
0.999998659544227730400223208562
0.999998612923176488642695858289
0.999998565505186398638670652872
0.999998517290257571410450054827
0.999998468278390117980336526671
0.999998418469584260392934993433
0.999998367863839998648245455115
0.999998316461157554790872836747
0.99999826426153692882081713833
0.999998211264978342782683284895
0.999998157471481907698773738957
0.999998102881047734591390963033
0.999998047493676045505139882152
0.999997991309366840440020496317
