1
0.999999999490938651369731360319
0.99999999796375449445662297876
0.999999995418447751305279780354
0.99999999185501819987109684007
0.999999987273465951176376620424
0.999999981673791005221119121416
0.999999975055993362005324343045
0.999999967420073132551294747827
0.999999958766030205836727873248
0.999999949093864692883926181821
0.999999938403576593692889673548
0.999999926695166019285920810944
0.999999913968632858640717131493
0.999999900223977222779581097711
0.999999885461199222724815172114
0.999999869680298747454116892186
0.999999852881276019012091182958
0.999999835064131037398738044431
0.999999816228863802614057476603
0.999999796375474314658049479476
0.999999775503962795575318978081
0.999999753614329245365865972417
0.999999730706573664029690462485
0.9999997067806961625890949108
0.999999681836696852066381779878
0.999999655874575732461551069719
0.999999628894333025819207705354
0.999999600895968732139351686783
0.999999571879482851421983014006
0.99999954184487549468940414954
0.999999510792146883986220018414
0.99999947872129701931243062063
0.999999445632326122712640881218
0.999999411525234083164548337663
0.999999376400021122712757914996
0.999999340256687241357269613218
0.999999303095232772164990819874
0.99999926491565760411361907245
0.999999225717962070270061758492
0.999999185502146059612016415485
0.999999144268209905206390430976
0.999999102016153496030881342449
0.999999058745977276174698999966
0.999999014457681023593238478497
0.999998969151265182375709628104
0.999998922826729641499809986271
0.999998875484074734032446940546
0.999998827123300570995922953443
0.999998777744407152390238024964
0.999998727347394811282299542654
0.999998675932263547672107506514
0.999998623499013694626569304091
0.999998570047645252145684935385
0.999998515578158442274059325428
0.999998460090553487056297399249
0.999998403584830497514701619366
0.999998346060989584671574448294
0.999998287519031081593823273579
0.999998227958954988281448095222
0.99999816738076163780135630077
0.999998105784451141175850352738
0.999998043170023609427232713642
0.999997979537479486644713233545
0.999997914886818661805989449931
0.999997849218041579000271212863
0.99999778253114823822755852234
0.999997714826138972554758765909
0.999997646103014004026476868603
0.999997576361773443665015292936
0.99999750560241751351497896394
0.999997433824946546643275269162
