1
0.999999999612631418344221856387
0.999999998450525673376887425547
0.999999996513682765097996707482
0.99999999380210269350754970219
0.999999990315785458605546409672
0.999999986054731060391986829927
0.999999981018939498866870962956
0.999999975208410774030198808759
0.999999968623145107926575292367
0.999999961263142167489093026234
0.999999953128402285784659397905
0.99999994421892524076866948235
0.999999934534711143463425742084
0.999999924075760104891230639623
0.999999912842072014029781712452
0.999999900833646981901381423086
0.999999888050485008506029771524
0.999999874492586093843726757768
0.999999860159950348936774844333
0.999999845052577773785174031218
0.999999829170468368388924318424
0.999999812513622132748025705951
0.999999795082039177884780656314
0.999999776875719614821491632028
0.99999975789466333253585617058
0.999999738138870442050176734483
0.999999717608340943364453323738
0.999999696303075058523290863377
0.999999674223072565482084428368
0.999999651368333686285438943742
0.999999627738858531955656872015
0.999999603334646991470435750671
0.999999578155699286874380504742
0.999999552202015307145188671711
0.999999525473595274327465176611
0.999999497970439077398907556926
0.999999469692546938404120737687
0.999999440639918857343104718893
0.999999410812554834215859500546
0.999999380210455091066990007675
0.999999348833619627896496240282
0.999999316682048444704378198367
0.999999283755741763535240806959
0.999999250054699473366781603545
0.999999215578921796243605513155
0.999999180328408843188014998304
0.999999144303160503177707596478
0.999999107503177109279590695223
0.999999069928458550471361832024
0.999999031579004937775323469396
0.99999899245481649323608053237
0.999998952555893105831330558431
0.999998911882235108627980935125
0.999998870433842390603729199938
0.999998828210715173803180277901
0.999998785212853458226334169012
0.999998741440257354895493335789
0.999998696892927085855262703262
0.999998651570862651105642271432
0.999998605474064161668934502813
0.999998558602531839589744322438
0.999998510956265573845769267791
0.999998462535265697503916726419
0.999998413339532099541884235805
0.999998363369065113026579183497
0.999998312623864737958001569496
0.999998261103931196380756318831
0.999998208809264377272540968988
0.999998155739864613700262907514
0.999998101895732016686224596924
0.999998047276866586230426037218
