1
0.999999999728076849336844134086
0.999999998912307175302771611314
0.999999997552691199942387356714
0.999999995649228701211086445255
0.999999993201919901153473801969
0.99999999021076468874724696434
0.999999986675763063992405932368
0.999999982596915137911253168568
0.999999977974220688459183747909
0.999999972807680048703105057939
0.99999996709729288557610971111
0.999999960843059421122802632453
0.999999954044979655343183821969
0.999999946703053477214950817142
0.999999938817280997760406080488
0.999999930387662216979549612006
0.999999921414197245894683874212
0.999999911896885862461203942075
0.999999901835728288723714740627
0.999999891230724413659913807351
0.999999880081874348292103604763
0.999999868389178092620284132863
0.999999856152635535622152929136
0.999999843372246899342314918613
0.999999830048012072758467638778
0.999999816179931166892913552147
0.999999801768004181745652658719
0.99999978681223100629438249598
0.999999771312611862583707988961
0.999999755269146639591326675145
0.999999738681835337317238554533
0.999999721550678177806048552156
0.999999703875674939013151742984
0.999999685656825954005455514562
0.999999666894130889716052479343
0.999999647587590079211850024876
0.999999627737203411470545688644
0.999999607342970886492139470647
0.999999586404892615298933833401
0.999999564922968708913231239421
0.999999542897199056312729226192
0.999999520327583657497427793714
0.999999497214122734511931867019
0.999999473556816176333938983589
0.999999449355664093985751605942
0.999999424610666487467369734077
0.999999399321823356778793367994
0.999999373489134923964627432724
0.999999347112600966980267003237
0.999999320192221707870317004563
0.999999292727997257657079899218
0.999999264719927394295950762171
0.999999236168012450853836980968
0.999999207072252316308436093095
0.999999177432646990659748098551
0.999999147249196695952377922367
0.999999116521901321164023102028
0.999999085250761088339288562565
0.999999053435775775433569378947
0.999999021076945715513772938721
0.99999898817427079755759677937
0.999998954727751132587343363411
0.99999892073738683162531515336
0.9999988862031777836492096867
0.999998851125124210703631888464
0.99999881550322611278858175865
0.99999877933748348990405929726
0.999998742627896453072366966808
0.99999870537446511331580722981
0.999998667577189470634380086267
0.999998629236069525028085536178
