1
0.999999999417558349534829176264
0.99999999767023328711701424254
0.999999994758024923768857661344
0.99999999068093314846805697016
0.999999985438958183259217094019
0.99999997903209980609773310789
0.999999971460358128005907474289
0.999999962723733260006042655732
0.999999952822225091075836189702
0.999999941755833843259893001232
0.999999929524559405535910627805
0.999999916128401777903889069421
0.999999901567361182408433251112
0.999999885841437508027240710362
0.999999868950630865782613909687
0.999999850894941366696855311602
0.999999831674369010769964916108
0.999999811288913909024245185719
0.999999789738576061459696120437
0.999999767023355690120922645292
0.999999743143252683985622297769
0.999999718098267265098400002898
0.999999691888399433459255760681
0.999999664513649300090492033632
0.999999635974017087036713746784
0.999999606269502683275618437619
0.999999575400106310851811031171
0.999999543365828191809896452469
0.999999510166668215127572238998
0.999999475802626491827140853275
0.999999440273703354975509682845
0.999999403579898804572678727709
0.999999365721213062663252912898
0.999999326697646018224929775897
0.999999286509198115346919166768
0.999999245155869243006918622996
0.999999202637659734271835532127
0.999999158954569589141669894161
0.99999911410659902966102663413
0.999999068093748277874510677066
0.999999020916017333782122022967
0.999998972573406530450768059382
0.999998923065915978902751248825
0.999998872393545790160374053812
0.999998820556296186268241399375
0.99999876755416727824865574803
0.999998713387159399168524487322
0.999998658055272660050150079769
0.999998601558507171915834987885
0.999998543896863378854789061734
0.999998485070341169844709838799
0.999998425078940988974807169143
0.999998363922662836245081052766
0.999998301601507155744741339731
0.999998238115473947473788030038
0.999998173464563655521430973749
0.999998107648776390909972633381
0.999998040668112264661715471448
0.999997972522571720865869338013
0.999997903212154870544736695592
0.999997832736862046765224931733
0.999997761096693360549636508949
0.99999768829164914496487881479
0.999997614321729733077859236801
0.999997539186935235910880237498
0.999997462887265986530849204428
0.999997385422722206982371062622
0.999997306793304341354655662144
0.999997226999012389647703002993
0.999997146039846795950722935231
0.999997063915807893330622846406
