1
0.999999999452310439629343363777
0.999999997809241869539675917622
0.999999995070794289730997661536
0.999999991236967589181006133003
0.999999986307761989934306257055
0.99999998028317726994629310866
0.999999973163213651261571612849
0.999999964947871022857839307107
0.99999995563714949575739865395
0.999999945231048958937947190861
0.999999933729569634444089842873
0.999999921132711522275826609985
0.999999907440474511410855029681
0.999999892652858823893780026992
0.99999987676986445972460160192
0.999999859791491418903319754463
0.999999841717739701429934484622
0.999999822548609640371353179944
0.999999802284101013682970915397
0.999999780924213932387090153497
0.999999758468948618528315819276
0.999999734918304961084345450217
0.999999710272283182099783971353
0.999999684530883281574631382682
0.999999657694105370531190146721
0.999999629761949559991762725986
0.999999600734415849956349120475
0.999999570611504462469554255222
0.999999539393215397531378130225
0.999999507079548877186425670516
0.999999473670504790412394413579
0.999999439166083470276191746962
0.999999403566284916777817670663
0.999999366871109351961877109716
0.999999329080556775828370064119
0.999999290194627299399598996388
0.999999250213321144720168831554
0.999999209136638422812382032134
0.999999166964579244698541060643
0.999999123697143721400948379596
0.99999907933433196394190645151
0.99999903387614430538832266393
0.999998987322580745740197016858
0.999998939673641396019831972808
0.999998890929326589294134919328
0.999998841089636325563105856418
0.999998790154570826871349709108
0.999998738124130204241168939916
0.999998684998314679717168473871
0.999998630777124475343953236006
0.999998575460559702143825688836
0.999998519048620582161390757392
0.99999846154130722641895090419
0.999998402938619967983413516777
0.999998343240558806854778595152
0.999998282447124076099953526864
0.999998220558315997763543236942
0.999998157574134571845547725388
0.999998093494580242435176842264
0.999998028319653231577035512601
0.999997962049353539271123736398
0.999997894683681498584348901204
0.999997826222637331561315932049
0.999997756666221260246629753965
0.999997686014433506684895291983
0.999997614267274292920717471134
0.999997541424743840998701216449
0.999997467486842483985753915476
0.999997392453570332904178030731
0.999997316324927720820880949759
0.999997239100914980802770060109
