1
0.999999999170541942206114072178
0.999999996682167657802153826196
0.999999992534877368832724187087
0.999999986728670853253220229817
0.999999979263548222085944416904
0.999999970139509697375501673378
0.999999959356555057077287074208
0.999999946914684412213603081909
0.999999932813897984829054621514
0.999999917054195663901339230506
0.999999899635577671475061833917
0.99999988055804389652791996923
0.999999859821594672126821023994
0.999999837426229998271764998208
0.999999813371949985985054354387
0.999999787658754635266689092532
0.99999976028664427918357660019
0.99999973125561891773571687736
0.999999700565678772967714849074
0.999999668216823955901872977847
0.999999634209054688582796188712
0.999999598542370971010484481667
0.99999956121677313625184524426
0.999999522232261406351483401522
0.999999481588835892331701415969
0.999999439286496705214801750117
0.999999395325244178067691791512
0.999999349705078532934976465185
0.999999302425999991861260696169
0.999999253488008776891149409494
0.999999202891105110069247530191
0.999999150635289213440159983293
0.999999096720561420070794156345
0.99999904114692195200575497438
0.999998983914371031289647362428
0.999998925022909102011681170552
0.999998864472536386216461323784
0.999998802263253105948592747154
0.999998738395059705297285290726
0.99999867286795640630714387953
0.999998605681943542045075901115
0.999998536837021445577988743025
0.99999846633319044997278979281
0.99999839417045099931868890053
0.999998320348803315660290991218
0.999998244868247954109108377452
0.999998167728785025687443521747
0.999998088930415196529111199197
0.999998008473138577656413872319
0.999997926356955835203166316205
0.999997842581867191213973455888
0.999997757147873200800347603945
0.999997670054974197029196147923
0.999997581303170623989728937886
0.999997490892462925771155823895
0.999997398822851546462686656014
0.999997305094336930153531284304
0.999997209706919631955202021345
0.999997112660599984934606254683
0.999997013955378655225558759412
0.999996913591255975894966923079
0.999996811568232502054343058262
0.99999670788630878881519947754
0.999996602545485280266746030975
0.999996495545762531520495031145
0.999996386887140986665656328114
0.99999627656962142285834715949
0.999996164593204062143172450305
0.999996050957889792698551900685
0.999995935663678947591392898175
0.999995818710572081933207755355
