1
0.999999999588014554241510722932
0.999999998352058216966042891727
0.99999999629213087715129404387
0.999999993408232756841869104392
0.999999989700363633993163148261
0.999999985168523619627478637994
0.999999979812712824767118036107
0.999999973632931138389778880082
0.999999966629178560495461169921
0.999999958801455202106467368139
0.999999950149760952200495012221
0.999999940674096032822149027197
0.999999930374460221926824488037
0.999999919250853741559126319771
0.9999999073032765917190545224
0.999999894531728661384306633408
0.999999880936210172599487577827
0.99999986651672101434229489314
0.999999851273261186612728579348
0.999999835205830911455393561482
0.999999818314430077847987377027
0.999999800599058907835114951013
0.999999782059717179372171358409
0.999999762696405114503761524247
0.999999742509122713229885448527
0.999999721497870086572845593764
0.999999699662647234532641959959
0.999999677003454157109274547111
0.999999653520290965325045817735
0.999999629213157770202258234349
0.999999604082054571740911796951
0.999999578126981369941006505542
0.999999551347938386847147285152
0.999999523744925511437031673267
0.999999495317942965755264594918
0.999999466066990749801846050104
0.999999435992068974599078501342
0.999999405093177640146961948631
0.999999373370316857467798854486
0.999999340823486626561589218909
0.99999930745268716947293796693
0.999999273257918597224147561064
0.999999238239180798792915538797
0.999999202396474107246149287676
0.999999165729798300539243882668
0.99999912823915371173910671132
0.99999908992454045186804023615
0.99999905078595840990374199464
0.999999010823407918913119374338
0.999998970036888867873869912728
0.999998928426401478830598534842
0.999998885991945751783305240679
0.999998842733522019798897417786
0.999998798651130060832770141133
0.999998753744770318974133260781
0.999998708014442683200684314215
0.999998661460147264534725763951
0.999998614081884285020862535021
0.999998565879653855681397089938
0.999998516853455976516329428705
0.999998467003290980592566938867
0.999998416329158756887807157909
0.999998364831059527446655010863
0.999998312508993514313715422759
0.999998259362960717488988393598
0.999998205392961247994776385895
0.999998150598995327875684324681
0.999998094981063068154014672473
0.999998038539164690874372354301
0.999997981273300196036757370166
0.999997923183469694663472182583
