1
0.999999999765710079202563065337
0.999999999062840427832554723864
0.999999997891390823845370050549
0.999999996251361489285613970424
0.999999994142752424153286483488
0.999999991565563517426085127227
0.999999988519794769104009901639
0.999999985005446179187060806726
0.999999981022517858697540305002
0.999999976571009807635448396468
0.999999971650921914978482618608
0.999999966262254291748945433937
0.999999960405006937946836842457
0.99999995407917974254985438165
0.999999947284772816580300514033
0.999999940021786271060477702122
0.999999932290219883945781020884
0.999999924090073766258512932836
0.999999915421348029020975900494
0.999999906284042561210867461341
0.999999896678157362828187615378
0.999999886603692655917541287636
0.999999876060648107412021090568
0.99999986504902405037853441172
0.999999853568820373794778788579
0.999999841620037077660754221142
0.999999829202674161976460709411
0.999999816316731626741898253385
0.999999802962209694001671778096
0.999999789139108141711176358513
0.99999977484742708089271445715
0.999999760087166511546286074008
0.999999744858326433671891209087
0.999999729160906958291832324903
0.999999712994908085406109421456
0.999999696360329815014722498745
0.999999679257172036095369094255
0.999999661685434970692654133018
0.999999643645118618806577615032
0.9999996251362229804371395403
0.999999606158747944562037446303
0.999999586712693733225876258075
0.999999566798060235406353513099
0.999999546414847562125771673891
0.999999525563055713384130740451
0.999999504242684800203733175294
0.999999482453734711562276515906
0.999999460196205558482063224801
0.99999943747009734096309330198
0.999999414275410059005366747442
0.999999390612143823631186023704
0.999999366480298634840551130765
0.99999934187987460365576453114
0.999999316810871619054523762316
0.999999291273289792059131286805
0.99999926526712912266958710461
0.999999238792389721908193678246
0.999999211849071589774951007712
0.999999184437174726269859093009
0.999999156556699242415220396651
0.999999128207645027188732456125
0.99999909939001230263500019646
0.999999070103801068754023617657
0.999999040349011325545802719716
0.999999010125643073010337502637
0.999998979433696422169930428936
0.999998948273171373024581498612
0.999998916644068036596593174181
0.999998884546386412885965455644
0.999998851980126501892698342999
0.999998818945288414639094298764
