1
0.999999999804598305175318273541
0.99999999921839333172357555668
0.999999998241384857600166924385
0.999999996873573104849697301688
0.999999995114957962449864226073
0.999999992965539541422970160056
0.999999990425317730746712641121
0.999999987494292530421091669268
0.999999984172464051468409707013
0.99999998045983218286636429184
0.999999976356396924614955423749
0.999999971862158387736485565256
0.99999996697711657223095471636
0.999999961701271367076060414547
0.999999956034622883294105122332
0.999999949977171009862786377198
0.999999943528915857804406641662
0.99999993668985753814126837824
0.9999999294599958288287666619
0.999999921839330840889203955157
0.999999913827862574322580258013
0.999999905425591029128895570466
0.999999896632516316330452355032
0.999999887448638324904948149197
0.999999877873957054852382952959
0.999999867908472617195059228834
0.999999857552185011932976976823
0.999999846805094128043833734409
0.999999835667200076549931964109
0.999999824138502968473574128438
0.999999812219002581770155302365
0.999999799908699027461977948406
0.999999787207592416571344529075
0.999999774115682749098255044373
0.999999760632969914020407031785
0.999999746759454022360102953826
0.999999732495135074117342810496
0.999999717840013069292126601795
0.999999702794088007884454327723
0.99999968735735988989432598828
0.999999671529828826344044045982
0.999999655311494817233608500828
0.99999963870235786256301935282
0.99999962170241785130997413944
0.999999604311675005519077785721
0.999999586530129325190330291662
0.999999568357780699301429194747
0.999999549794629238874676957494
0.9999995308406749439100735799
0.999999511495917814407619061967
0.999999491760357850367313403694
0.999999471633995273833761530113
0.999999451116829862762358516193
0.999999430208861728175406824448
0.99999940891009087007290645488
0.999999387220517399477159870003
0.999999365140141205365864607302
0.999999342668962509783625591808
0.999999319806981201708140361006
0.999999296554197281139408914896
0.999999272910610748077431253478
0.999999248876221824566812301782
0.999999224451030399585249597294
0.999999199635036584155045602529
0.999999174428240267253897854971
0.999999148830641559904108817136
0.999999122842240462105678489024
0.999999096463037084880909333151
0.999999069693031428229801349516
0.999999042532223381130052075605
0.999999014980613165626266436448
