1
0.999999999842888454004707909917
0.999999999371553927041134102183
0.999999998585996308086976114282
0.999999997486215708164536408731
0.999999996072212127273814985529
0.99999999434398545439250938216
0.999999992301535689520619598625
0.999999989944862943680448097439
0.999999987273967216871994878602
0.999999984288848398072957479599
0.999999980989506598305638362945
0.99999997737594181757003752864
0.999999973448153944843852514168
0.999999969206143202171688244562
0.999999964649909367508939794789
0.999999959779452440855607164849
0.999999954594772644256295279774
0.999999949095869866688701677049
0.999999943282743997130523894157
0.99999993715539525762636685613
0.999999930713823426131625637936
0.999999923958028724690905164607
0.999999916888011042281902973627
0.999999909503770378904619064997
0.999999901805306734559053438716
0.999999893792620220267508557299
0.999999885465710725007681958232
0.999999876824578359801876104029
0.999999867869223013627788532176
0.999999858599644797507721705188
0.999999849015843711441675623064
0.999999839117819644407347823289
0.99999982890557270742704076838
0.999999818379103011523056920851
0.999999807538410334650791355671
0.999999796383494898854848997871
0.999999784914356482090624922421
0.999999773130995306402724054351
0.999999761033411371791146393662
0.999999748621604567233589477837
0.999999735895575003752355769393
0.999999722855322570325142805814
0.999999709500847488996555512131
0.999999695832149537721988963312
0.99999968184922893854604808439
0.999999667552085580446430412849
0.999999652940719463423135948688
0.999999638015130587476164691907
0.999999622775319063627819105022
0.999999607221284891878099188034
0.999999591353028072227004940942
0.999999575170548604674536363746
0.999999558673846489220693456446
0.999999541862921725865476219042
0.999999524737774314608884651534
0.999999507298404477495523678954
0.999999489544811881458485913754
0.999999471476996859564678743482
0.999999453094959300791799705621
0.999999434398699205139848800172
0.999999415388216572608826027135
0.999999396063511514221033849026
0.999999376424583918954169803328
0.999999356471433897830536352558
0.999999336204061450850133496715
0.999999315622466689035263698315
0.999999294726649390341322032327
0.999999273516609776812913423782
0.999999251992347848450037872681
0.999999230153863605252695379022
0.999999208001157047220885942806
