1
0.999999999538592532211112029472
0.999999998154370239866750580404
0.999999995847333011944613190281
0.999999992617480848444699859101
0.999999988464813860389313049382
0.999999983389332047778452761122
0.999999977391035299589816531807
0.999999970469923837868009286467
0.999999962625997440568426100072
0.999999953859256329735671897652
0.999999944169700505369746679207
0.999999933557329856448347982223
0.999999922022144493993778269214
0.999999909564144418006037540181
0.999999896183329739507428257639
0.999999881879700569520252884104
0.999999866653256685999906494544
0.999999850503998310990994013991
0.999999833431925444493515442446
0.999999815437038197529773242422
0.999999796519336570099767413922
0.999999776678820562203497956943
0.999999755915490284863267334003
0.999999734229345738079075545102
0.999999711620387143895527515269
0.999999688088614391290320781991
0.999999663634027591285757807782
0.999999638256626854904141055158
0.999999611956412293167772986635
0.999999584733383795054351139697
0.999999556587541693630782901892
0.999999527518885766852463348187
0.999999497527416347786299866129
0.99999946661313343643229245572
0.999999434776037032790441116958
0.999999402016127358905350774876
0.999999368333404414777021429472
0.999999333727868311427755543264
0.999999298199519270902158041281
0.999999261748357182177926461009
0.999999224374382267299665727478
0.999999186077594526267375840689
0.999999146857994181125661725673
0.999999106715581342896825844946
0.999999065650356122603170661023
0.999999023662318520244696173904
0.999998980751468757866007308621
0.999998936917806946489406527689
0.999998892161333197137196293625
0.999998846482047509809376606427
0.999998799879950217572854853643
0.999998752355041320427631035272
0.999998703907321040418310076348
0.999998654536789377544891976868
0.999998604243446553851981661865
0.999998553027292791384184056369
0.999998500888327979119196697866
0.999998447826552561146229436417
0.999998393841966537465282272024
0.9999983389345700190986576672
0.999998283104363228090960546979
0.999998226351346275464493373875
0.999998168675519272241558610403
0.999998110076882551489063644112
0.999998050555436113207008475001
0.999997990111180290462300490617
0.999997928744114972232637228444
0.999997866454240602607228538545
0.99999780324155718158607442092
0.999997739106065042236082263116
0.999997674047764184557252065133
