1
0.999999999499880165565457446064
0.999999997999520773284132246772
0.999999995498921712133721939608
0.999999991998082982114226524573
0.999999987497004694247948464181
0.999999981995686737512585295917
0.999999975494129333952741944813
0.999999967992332261523813485837
0.999999959490295742270404844021
0.999999949988019665170213556848
0.999999939485504141245542086835
0.999999927982749059474087971466
0.999999915479754641900456135772
0.999999901976520888524646579754
0.999999887473047688324356840894
0.999999871969335263344191844226
0.999999855465383613584151589748
0.999999837961192739044236077461
0.999999819456762750746747769881
0.999999799952093537669384204492
0.99999977944718543287905276884
0.99999975794203832535345100041
0.999999735436652326114881361718
0.999999711931027435163343852764
0.999999687425163763521140936064
0.999999661919061533232877536648
0.999999635412720522253948729485
0.999999607906141063651261902123
0.999999579399323157424817054562
0.9999995498922668035746141868
0.999999519384972224145258223871
0.999999487877439530159051628289
0.999999455369668610593691937538
0.999999421861659798516086539166
0.999999387353412982903932970657
0.999999351844928385801836157043
0.999999315336206229254401023354
0.999999277827246402239325107075
0.999999239318049126801213333238
0.999999199808614513962368164357
0.999999159298942563722789600433
0.999999117789033609149385029014
0.999999075278887650242154450098
0.999999031768504798023400326201
0.999998987257885274537727582356
0.999998941747029190807438681077
0.999998895235936546832533622364
0.999998847724607675679919793765
0.99999879921304257734959719528
0.999998749701241473886170751939
0.999998699189204476311942926259
0.99999864767693180667151864327
0.999998595164423464964897902973
0.999998541651679784258988092915
0.999998487138700764553789213096
0.999998431625486738916208651062
0.999998375112037707346246406814
0.999998317598354002910809867899
0.999998259084435736632201496832
0.999998199570282908510421293613
0.999998139055895962634679108305
0.999998077541275010027277403424
0.999998015026420161710518641485
0.999997951511331528706705285003
0.999997886996009555105047184043
0.999997821480454240905544338602
0.999997754964665808152801673714
0.999997687448644478891424114408
0.999997618932390475166016585717
0.999997549415904019021184012672
0.999997478899185221479228857788
