1
0.99999999969073882777337303196
0.999999998762955089048887202807
0.999999997216649005871147437574
0.999999995051820467217851273745
0.999999992268469473088998711319
0.999999988866596023484589750296
0.999999984846200229426926853193
0.999999980207281868871405094978
0.999999974949841274884931863198
0.999999969073878114400599770306
0.999999962579392720485316203849
0.999999955466384871094476238795
0.999999947734854677250382337661
0.999999939384802138953034500446
0.99999993041622725620243272715
0.999999920829130028998577017774
0.999999910623510457341467372316
0.99999989979936876327570871581
0.999999888356704724756696123222
0.999999876295518341784429594554
0.999999863615809836403514054837
0.99999985031757920861394950407
0.999999836400826347393433479738
0.999999821865551363764268444356
0.999999806711754257726454397925
0.999999790939435029279991340445
0.999999774548593678424879271915
0.999999757539230427205723117368
0.999999739911345164600220414286
0.999999721664937890608371162671
0.999999702800008716252477825037
0.999999683316557641532540401386
0.999999663214584666448558891716
0.999999642494089902022835758544
0.999999621155073348255371001869
0.999999599197535116168467084208
0.999999576621475094739821543044
0.999999553426893506014039303409
0.999999529613790238968817902787
0.999999505182165404626459803694
0.99999948013201900298696500613
0.99999945446335114507263597261
0.999999428176161830883472703135
0.99999940127045117144177766022
0.999999373746219166747550843866
0.999999345603465927823094716587
0.999999316842191343646106815868
0.999999287462395747283494529256
0.99999925746407891669065293172
0.999999226847240962889884485776
0.999999195611882107925794116454
0.99999916375800224077607936124
0.999999131285601472463042682648
0.999999098194679914008986543195
0.99999906448523756541391094288
0.999999030157274426677815881703
0.999998995210790719845306284697
0.99999895964578644491638215186
0.999998923462261601891043483192
0.999998886660216412813895203726
0.999998849239650766662634850945
0.999998811200564774459564887366
0.999998772542958658249290238018
0.999998733266832307009508440387
0.999998693372185831762521956989
0.999998652859019343530633250339
0.999998611727332842313842320436
0.999998569977126550156754092313
0.99999852760840046705936856597
0.999998484621154704043988203921
0.999998441015389261110613006167
