1
0.99999999940649009211313114065
0.999999997625960368452524562599
0.999999994658410829018180265848
0.999999990503841362787795787881
0.999999985162252191805976053729
0.999999978633643316072721063392
0.999999970918014624565728354355
0.999999962015366117284997926618
0.999999951925698016275134705211
0.999999940649010210513836227619
0.999999928185302811023404956359
0.999999914534575817803840891429
0.999999899696829341877446495346
0.999999883672063383244221768109
0.999999866460277941904166709719
0.999999848061473239901886245207
0.999999828475649166215077912057
0.9999998077028059428883466353
0.999999785742943569921692414937
0.999999762596062047315115250967
0.999999738262161597113220068422
0.999999712741242330338309329818
0.999999686033304135968080572638
0.999999658138347236047138721915
0.999999629056371741597786240163
0.999999598787377763642325589899
0.999999567331365413203059233638
0.99999953468833469027998717138
0.999999500858285816917714328156
0.999999465841219015160845628998
0.99999942963713417398707861139
0.999999392246031515441018200363
0.999999353667911150544966858433
0.999999313902773412365831973148
0.99999927295061818988131108199
0.999999230811445705136009109992
0.999999187485256180174530982185
0.999999142972049614996876698569
0.999999097271826453692256109207
0.999999050384586585238366751582
0.999999002310330231679813550727
0.999998953049057615061201431672
0.999998902600768846404832856933
0.999998850965464258777615214058
0.999998798143143852179548503045
0.999998744133807959677540111443
0.999998688937456692293892501766
0.999998632554090272073210599046
0.999998574983708921060099328315
0.999998516226312750276861152088
0.999998456281902092790403457911
0.999998395150477059623028708302
0.99999833283203787281934182829
0.999998269326584865446250205423
0.999998204634118148526056302217
0.999998138754637944103365043702
0.999998071688144696267386279942
0.999998003434638293995817548421
0.999997933994119292400171161717
0.999997863366587802502749582345
0.999997791552044046348157735338
0.999997718550488357003303008241
0.999997644361920956512790326087
0.999997568986342177943527076422
0.999997492423752132317815721763
0.99999741467415126372486611217
0.999997335737539683186980710161
0.999997255613917834793369365798
0.999997174303285940588637004112
0.999997091805644222617388550134
0.999997008120993013946531391412
