1
0.999999999811286621742567604088
0.999999999245146375947967953834
0.999999998301579262616201049241
0.999999996980585392769569352822
0.999999995282164544363467939547
0.999999993206317050464804196963
0.999999990753042578006670737523
0.999999987922341460055974948773
0.999999984714213363545809443167
0.999999981128658510520779145736
0.999999977165676789958581593964
0.999999972825268423903821712884
0.999999968107433079289592114947
0.999999963012170978160497725185
0.999999957539482120516538543598
0.999999951689366506357714570186
0.999999945461824024661723342433
0.999999938856854897473169785371
0.999999931874458902747448973969
0.999999924514636151506863370741
0.999999916777386754773715438205
0.999999908662710490503400251328
0.999999900170607580740522735141
0.999999891301077914462780427129
0.999999882054121491670173327293
0.999999872429738423385003898147
0.999999862427928709607272139692
0.999999852048692239314675589412
0.999999841292029234551819172339
0.99999983015793947327409796344
0.999999818646423066503814425232
0.999999806757480014240968557715
0.999999794491110316485560360888
0.999999781847314084259892297268
0.999999768826091317563964366855
0.999999755427441905375474107132
0.999999741651365958716723980615
0.999999727497863477587713987305
0.999999712966934461988444127201
0.999999698058578911918914400303
0.999999682772796938401427269127
0.999999667109588430413680271158
0.999999651068953498977975868911
0.99999963465089203307201159987
0.999999617855404254740392389067
0.999999600682490052960815773986
0.999999583132149427733281754627
0.999999565204382490080092793505
0.999999546899189240001248890621
0.999999528216569677496750045975
0.999999509156523691544293797051
0.99999948971905150418848506888
0.999999469904153115429323861463
0.999999449711828414244507712283
0.999999429142077511656339083856
0.999999408194900407664817976183
0.999999386870297213292246851779
0.999999365168267817516323248128
0.999999343088812331359349627746
0.999999320631930754821325990633
0.999999297797623087902252336789
0.99999927458588944162443112873
0.999999250996729815987862366455
0.99999922703014409997024358745
0.999999202686132404593877254229
0.999999177964694840881065829308
0.999999152865831408831809312687
0.999999127389542108446107704367
0.999999101535826828701658541831
0.999999075304685902665369212627
0.999999048696119108292634791724
