1
0.999999999185447352445521573827
0.99999999674178963182669122034
0.999999992669026616098904014507
0.999999986967158527306764881359
0.999999979636185254427971358382
0.99999997067610690848482590809
0.999999960086923600499630992999
0.999999947868635219450084150594
0.99999993402124187635848784339
0.999999918544743682247144533903
0.999999901439140637116054222133
0.999999882704432963009821833111
0.999999862340620659928447366838
0.999999840347703838894233285828
0.999999816725682610929482052597
0.999999791474556976034193667147
0.999999764594327267275275517022
0.99999973608499359567503006474
0.999999705946555850211154847784
0.999999674179014474972859716217
0.99999964078236946996014467004
0.999999605756620946195312171767
0.999999569101769236745269608946
0.999999530817814452632319444092
0.999999490904756704878764139721
0.99999944936259632655151108338
0.999999406191333428672862737585
0.999999361390968233287424027367
0.999999314961500962439799877757
0.999999266902931838174595213786
0.999999217215261082536414960487
0.999999165898489028592166505405
0.999999112952615787364152311056
0.999999058377641691919279764988
0.999999002173567075324456254748
0.99999894434039204860198424285
0.999998884878117055841073579359
0.999998823786742319086329189304
0.999998761066268060382355997717
0.999998696716694834840666317177
0.999998630738022642461260147684
0.9999985631302519273333473393
0.999998493893383133546137742087
0.999998423027416483144236281078
0.999998350532352309194550343818
0.999998276408191055786289780372
0.999998200654933055986361978285
0.999998123272578531839371862588
0.999998044261128149479134208377
0.999997963620582019927951478167
0.999997881350940698297335984535
0.999997797452204517654195115028
0.999997711924373922087738719711
0.999997624767449355687176648644
0.999997535981431151519416289375
0.999997445566319753673667491967
0.999997353522115717261442568997
0.999997259848819375349648908013
0.999997164546431283049798821594
0.999997067614951884451102159801
0.999996969054381512620466310182
0.99999686886472083369170604783
0.999996767045970291754031222808
0.99999666359813033089665168518
0.999996558521201395208777285006
0.999996451815184261846525259898
0.999996343480079152854500534886
0.999996233515886734366517885064
0.999996121922607561494089623011
0.999996008700242078326425598789
0.999995893848791062019643050007
