1
0.999999999529940675202510647068
0.999999998119762478765437663242
0.999999995769465632733385973552
0.999999992479050026084053115483
0.999999988248515658817439089034
0.999999983077862530933543894207
0.999999976967090753454669993516
0.999999969916200215358514924446
0.999999961925191027667381149513
0.999999952994063301403571131232
0.999999943122816814522479944571
0.999999932311451789068712514563
0.999999920559968225042268841207
0.999999907868366122443148924503
0.999999894236645481271352764452
0.999999879664806412549182823568
0.999999864152848916276639101852
0.999999847700772992453721599304
0.999999830308578863125035240955
0.999999811976266306245975101774
0.999999792703835654883448569308
0.999999772491286798015153181041
0.999999751338619735641088936973
0.999999729245834689805860762135
0.999999706212931660509468656528
0.999999682239910758774215082667
0.999999657326771873577797578037
0.999999631473515337987123530183
0.999999604680140929957588014076
0.999999576946648982556098417263
0.999999548273039495782654739742
0.999999518659312469637256981514
0.999999488105468015142207605095
0.999999456611506243319809073
0.999999424177427376214666310261
0.999999390803231302804476854362
0.999999356488918134111543167819
0.999999321234488092180470175663
0.999999285039941177011257877894
0.999999247905277499626208737027
0.999999209830497171047625215579
0.99999917081560041332011223858
0.999999130860587226443669806031
0.999999089965457610418297917931
0.999999048130211898310903961828
0.999999005354850090121487937722
0.999998961639372407894654770644
0.999998916983778851630404460593
0.999998871388069532351039470086
0.999998824852244672101164724154
0.999998777376304381903082685312
0.999998728960248772779095816077
0.999998679604077955751506578963
0.999998629307792152864919899002
0.999998578071391475141638238711
0.999998525894876033603964060603
0.999998472778246050296502289711
0.999998418721501525219252926036
0.999998363724642791439123357122
0.999998307787669848956113582972
0.999998250910582919814828528615
0.999998193093382226059873119084
0.999998134336067767691247354378
0.999998074638639877775858622044
0.999998014001098667336009384599
0.999997952423444358416304567072
0.999997889905676951016744169465
0.999997826447796778204235579324
0.99999776204980406202338372168
0.999997696711698802474188596534
0.999997630433481332623557591432
