1
0.999999999514385562449092503812
0.999999998057542249796370015247
0.999999995629470173064134996821
0.999999992230169110207782523503
0.999999987859639283271917520324
0.999999982517880581234237524768
0.999999976204893115117044999351
0.999999968920676773898037481558
0.99999996066523177962181989642
0.999999951438557910243787318905
0.999999941240655387808544674044
0.999999930071524212316091961839
0.999999917931164272744126719772
0.999999904819575791137253872876
0.99999989073675876749547342115
0.999999875682713090796482902078
0.999999859657438983084887240693
0.999999842660936333338383974478
0.999999824693205363601578028465
0.999999805754245962852166940138
0.999999785844058353134755634528
0.99999976496264242342704164912
0.999999743109998395773629908945
0.999999720286126159152217951487
0.999999696491025935607410701778
0.999999671724697725139208159817
0.999999645987141638769912788121
0.999999619278357676499524586688
0.999999591598345949350346018036
0.99999956294710656834467954468
0.999999533324639533482525166619
0.999999502730945066808487808885
0.999999471166023168322567471478
0.999999438629873949047066616913
0.999999405122497520004287707707
0.999999370643893881194230743858
0.9999993351940632546615006504
0.999999298773005751428399889846
0.999999261380721371494928462198
0.999999223017210336905691292486
0.999999183682472647660688380711
0.999999143376508525804524651903
0.999999102099317971337200106063
0.999999059850901206303319668223
0.999999016631258341725185800897
0.999998972440389377602798504086
0.999998927278294647003065165336
0.999998881144974149925985784648
0.999998834040427997393862824538
0.999998785964656411451301210036
0.999998736917659503120603403659
0.999998686899437383424071867921
0.999998635909990274406311527855
0.999998583949318287089624845976
0.999998531017421532496314284799
0.999998477114300232670984769356
0.999998422239954387613636299648
0.999998366394384441413478725735
0.999998309577590283048209585104
0.999998251789572134562433802785
0.999998193030330329023058766325
0.999998133299864866430084475724
0.999998072598175968828115856013
0.999998010925263858261757832224
0.999997948281128756775615329389
0.999997884665770664369688347506
0.999997820079189803088581811608
0.999997754521386617021505571756
0.999997687992360995146157165436
0.999997620492113270529443980195
0.999997552020643554193668478547
