1
0.999999999529178396073803014588
0.999999998116713806339816983382
0.999999995762606008753436981351
0.999999992466855114336965471011
0.999999988229461123090402452362
0.999999983050424035013747925404
0.999999976929743961129304352653
0.999999969867420790414769271592
0.999999961863454522870142682223
0.999999952917845380540029509575
0.999999943030593141379824828618
0.999999932201698027434133564384
0.999999920431159927680653254356
0.99999990771897895314168636105
0.999999894065155103817232884467
0.999999879469688490729595287121
0.999999863932579113878773569013
0.999999847453826862242465267627
0.999999830033432068887577770511
0.999999811671394622791808615148
0.999999792367714523955157801538
0.999999772122391994422230254713
0.999999750935426923170723512158
0.999999728806819532245242498902
0.999999705736569710623484752432
0.999999681724677569327752735262
0.999999656771143330402651372424
0.999999630875966882825878201402
0.999999604039148337619735684711
0.999999576260687805806526284869
0.999999547540585287386250001873
0.999999517878841115425814223272
0.999999487275455067880614024034
0.99999945573042736679525432919
0.999999423243758012169735138741
0.999999389815447337070963840233
0.999999355445495119454335508635
0.999999320133901692386757531494
0.99999928388066705586822990881
0.999999246685791320921055103099
0.999999208549274598567535576876
0.999999169471116999829973792657
0.999999129451318635730672212958
0.999999088489879617291933300294
0.999999046586800055536059517181
0.999999003742080061485353326134
0.99999895995571974616211718967
0.999998915227719220588653570303
0.999998869558078706809567393066
0.999998822946798315847161120473
0.999998775393878047701434752526
0.999998726899318124416993214254
0.99999867746311876803844143069
0.999998627085279978565779401833
0.999998575765801978043612052716
0.999998523504684877494241845852
0.999998470301928787939971243759
0.999998416157533931425405171467
0.999998361071500418972846091492
0.999998305043828472626898928866
0.999998248074518203409866146103
0.99999819016356972234405020572
0.999998131310983251474056032748
0.999998071516758901822186089703
0.999998010780896895433045301615
0.999997949103397454351238593517
0.999997886484260689599068427924
0.999997822923486712198837267351
0.99999775842107574419515003683
0.999997692977028118654914123908
0.999997626591343835578129528585
