1
0.999999999706329467663579180225
0.999999998825317870654316720902
0.999999997356965097949910159514
0.999999995301271260572661958577
0.99999999265823635852257211809
0.999999989427860391799640638055
0.999999985610143360403867518471
0.999999981205085264335252759338
0.999999976212686103593796360656
0.999999970632945878179498322424
0.99999996446586469911466110716
0.999999957711442344354679789831
0.999999950369679035944159295468
0.999999942440574773883099624072
0.999999933924129558171500775643
0.999999924820343277787060287665
0.999999915129216043752080622653
0.999999904850747856066561780608
0.999999893984938825752806224045
0.999999882531788841788511490449
0.99999987049129790417367757982
0.999999857863466234952909417188
0.999999844648293612081602077524
0.999999830845780257604360485857
0.999999816455926060498882179672
0.999999801478731131787469621486
0.999999785914195471470122811297
0.999999769762319079546841749107
0.999999753023101956017626434914
0.999999735696544211904779331235
0.999999717782645847208300438069
0.999999699281406861928189755417
0.999999680192827367086749745795
0.999999660516907362683980409201
0.999999640253646848719881745637
0.999999619403045825194453755103
0.999999597965104403129998900113
0.999999575939822582526517180668
0.999999553327200474406311059283
0.999999530127238078769380535959
0.999999506339935284593423148181
0.999999481965292424945346283494
0.999999457003309277780545016867
0.999999431453986065143624273333
0.99999940531732278703458405289
0.999999378593319443453424355539
0.99999935128197603440014518128
0.999999323383292670897048992629
0.9999992948972694639664382521
0.999999265823906413608312959695
0.999999236163203630844975577929
0.999999205915161004654123644286
0.999999175079778757080362083798
0.999999143657056777101388433948
0.999999111646995286761807619769
0.999999079049594286061619641259
0.99999904586485377500082449842
0.999999012092773864601724653767
0.999998977733354554864320107299
0.999998942786596067833215784049
0.9999989072524982924861092215
0.999998871131061339845302882168
0.999998834422285320933099228569
0.999998797126170235749498260702
0.999998759242716195316802441084
0.999998720771923199635011769715
0.999998681713791470748731171625
0.999998642068320897635658184299
0.999998601835511591318095270253
0.999998561015363773840647354518
0.999998519607877334181011974579
