1
0.999999999857605681441441447532
0.999999999430422725765765790129
0.99999999871845113297297302779
0.999999997721690903063063160516
0.999999996440142036036036188307
0.999999994873804420869589648646
0.999999993022678279608328466566
0.99999999088676350122995017955
0.999999988466060085734454787598
0.999999985760568033121842290711
0.999999982770287343392112688889
0.999999979495218016545265982131
0.999999975935360163603604632954
0.999999972090713562522523716325
0.999999967961278324324325694761
0.999999963547054560031313030777
0.999999958848042158621183261857
0.999999953864241231116238850518
0.999999948595651555471874871728
0.999999943042273353732696250518
0.999999937204106625898702986888
0.999999931081151260947592618322
0.999999924673407258879365144821
0.999999917980874730716323028901
0.999999911003553565436163808045
0.999999903741443874061189944769
0.999999896194545656591401439073
0.999999888362858913026798290957
0.999999880246383532345078037906
0.999999871845119625568543142435
0.99999986315906730371949606706
0.99999985418822634475333188675
0.99999984493259685969235306402
0.999999835392178959558862061385
0.999999825566972533330556416331
0.999999815456977581007436128857
0.999999805062194102589501198963
0.999999794382622209099054089165
0.999999783418261789513792336948
0.999999772169112954856018404826
0.9999997606351757051257322928
0.999999748816450040322934000869
0.999999736712935849425321066519
0.999999724324633354477498414781
0.999999711651542333434861120622
0.999999698693663008342014109076
0.999999685450995268176654917625
0.999999671923539112938783546269
0.999999658111294653650702457526
0.999999644014261890312411651394
0.999999629632440711901608665357
0.999999614965831229440595961933
0.999999600014433442929373541119
0.999999584778247352367941402917
0.999999569257272957756299547327
0.999999553451510370116750436864
0.999999537360959367404689146497
0.999999520985620282687023063772
0.999999504325492893919147263659
0.999999487380577201101061746158
0.999999470150873426277371436299
0.999999452636381458425773871568
0.999999434837101297546269051963
0.999999416753032943638856977486
0.999999398384176507725840110652
0.999999379730531878784915988945
0.99999936079209916783838707488
0.999999341568878374886253368459
0.99999932206086949992851486968
0.999999302268072542965171578544
0.999999282190487503996223495051
