1
0.999999999417094387332838323346
0.999999997668377771375958218414
0.999999994753849930084754760173
0.999999990673511085503832873655
0.999999985427361126610890096345
0.99999997901540005340592642824
0.999999971437627976911244331859
0.9999999626940448971268438072
0.999999952784650814052724854264
0.99999994170944572768888747305
0.999999929468429749057634126075
0.999999916061602878158964813338
0.999999901488965226015181997354
0.999999885750516792626285678125
0.999999868846257689014578318165
0.999999850776187804157757454959
0.999999831540307360100428013538
0.999999811138616467864892456419
0.999999789571115016428848321084
0.999999766837803227836900532566
0.99999974293868121311135155338
0.99999971787374886122989892101
0.999999691643006394237147560489
0.99999966424645392315539993433
0.999999635684091447984656042536
0.999999605955919190769520810136
0.999999575061937151509994237131
0.999999543002145552250681248552
0.999999509776544392991581844399
0.999999475385133784754998487188
0.999999439827913949585536101949
0.999999403104884887483194688684
0.999999365216046820492579172424
0.999999326161399859635992015683
0.999999285940944115935735680978
0.99999924455467981143641509334
0.999999202002607057160332715284
0.999999158284725853107488546812
0.999999113401036532344789975468
0.99999906735153920589453946377
0.999999020136233984779039474233
0.999998971755121091042894931888
0.999998922208200746730710761767
0.999998871495472951842486963869
0.999998819616938039445130925742
0.999998766572596120560945109901
0.999998712362447417234534441377
0.999998656986492040488201382686
0.99999860044473021236655085886
0.999998542737162265936490257445
0.999998483863788201198019578442
0.999998423824608462240348671912
0.999998362619622938041175075341
0.999998300248832183712011101306
0.999998236712236088230554287293
0.999998172009835206708316945878
0.999998106141629539145299077063
0.999998039107619307586105605878
0.999997970907804845097643919871
0.999997901542186373724518944073
0.99999783101076422653363806603
0.999997759313538403525001285743
0.999997686450509348787818453275
0.999997612421677284366694493656
0.999997537227042432306234331918
0.999997460866605014651042893092
0.999997383340365475490330027242
0.999997304648323814824095734366
0.999997224790480587763852327043
0.99999714376683590533190226779
0.999997061577390100595152944152
