1
0.999999999859853105910190151917
0.999999999439412534663063070184
0.999999998738678175236316292285
0.99999999775765002762994981822
0.999999996496328202866266110505
0.999999994954712589922962706623
0.999999993132803188800039606576
0.999999991030600110519799272879
0.999999988648103244059939243016
0.999999985985312700442761979502
0.999999983042228368645965019823
0.999999979818850359691850826493
0.999999976315178562558116936998
0.999999972531213088267065813852
0.999999968466953825796394994541
0.999999964122400886168406941579
0.999999959497554158360799192451
0.999999954592413753395874209673
0.999999949406979671273631993245
0.999999943941251911994072543166
0.999999938195230364534893396922
0.999999932168915250940699479543
0.999999925862306349166885865998
0.999999919275403770235755018803
0.999999912408207514147306937957
0.999999905260717580901541623462
0.999999897832933970498459075316
0.999999890124856682938059293519
0.999999882136485718220342278073
0.999999873867821187367610491492
0.999999865318862979357561471261
0.999999856489611205212497679895
0.999999847380065642887814192363
0.999999837990226625450418396213
0.999999828320093930855705366412
0.999999818369667559103675102961
0.999999808138947621216630068375
0.99999979762793422821687272517
0.999999786836627158059798148315
0.999999775765026521767708800326
0.999999764413132319340604681202
0.999999752780944550778485790943
0.999999740868463216081352129549
0.999999728675688426271506159537
0.99999971620262007032664541839
0.999999703449258259269072368625
0.999999690415602882076484547724
0.999999677101654049771184418205
0.999999663507411762353171980067
0.99999964963287601982244723331
0.999999635478046711156707715418
0.999999621042924058400558351423
0.999999606327507950531696678809
0.999999591331798387550122697576
0.999999576055795480478138870239
0.9999995604994992293157451968
0.999999544662909523040639214742
0.99999952854602647267512338658
0.999999512148850078219197712315
0.999999495471380228650559729431
0.999999478513617257036116825475
0.9999994612755608303089616129
0.999999443757211170513699016738
0.999999425958568166628026574472
0.999999407879631929674246748618
0.999999389520402459652359539177
0.999999370880879756562364946149
0.999999351961063820404262969532
0.999999332760954651178053609328
0.999999313280552359906039328052
0.999999293519856946588220125705
