1
0.999999999289722052431272913964
0.999999997158887987680486730824
0.999999993607498027792246375611
0.999999988635552061744249385811
0.999999982243050200558798223938
0.999999974429992444235892889992
0.999999965196378681753230921458
0.999999954542209135155417243368
0.999999942467483804442451855721
0.999999928972202800636637221032
0.999999914056366012715670876787
0.999999897719973551701855285501
0.999999879963025639639795372204
0.999999860785522165507188674383
0.999999840187463351348640117067
0.999999818168849086141847237741
0.999999794729679702953717423952
0.999999769869955201784250675701
0.999999743589675693655749455502
0.999999715888841289590516225871
0.999999686767452100610853449325
0.999999656225508237739063588378
0.999999624263009811997449105547
0.999999590879957045430614925863
0.999999556076350049060863511841
0.999999519852188822888194863481
0.999999482207473811001818830846
0.99999944314220490237943295142
0.999999402656382430087944612751
0.999999360750006394127353814838
0.999999317423077238586870407744
0.999999272675594963466494391469
0.999999226507559679788528228528
0.999999178918971831642181768984
0.999999129909831419027455012838
0.999999079480138775011255347636
0.999999027629894010615885235893
0.999998974359097347885949602642
0.999998919667749119888355835428
0.999998863555849548667708859284
0.999998806023398745246311136725
0.999998747070397042691070055298
0.99999868669684477406889300255
0.999998624902742050402082440996
0.999998561688089093735243295669
0.999998497052886459179887879145
0.999998430997134146736016191426
0.999998363520832489470535620057
0.999998294623981820450353552587
0.999998224306582472742377376562
0.999998152568634668391212017013
0.999998079410138740463764861488
0.999998004831095022026943297533
0.999997928831503735125352250179
0.99999785141136532384820156949
0.999997772570680121262398643012
0.999997692309448349412548395776
0.999997610627670452387860677845
0.999997527525346763255242876767
0.999997443002477615081602380087
0.999997357059063340933846575354
0.999997269695104384901185312629
0.999997180910600969028223516943
0.999997090705553648426473500876
0.999996999079962756162842651975
0.999996906033828625304238357785
0.999996811567151588917568005854
0.999996715679932313136646371277
0.999996618372170908983775916568
0.999996519643868042592771416821
0.999996419495023936008237797068
