1
0.99999999969473729599656053324
0.999999998778949295008544595476
0.999999997252635886013649724191
0.999999995115797180034178381902
0.999999992368433177070130568609
0.999999989010543766099203821796
0.999999985042129058143700603978
0.99999998046318894218131845264
0.999999975273723640256662292813
0.999999969473732930325127199467
0.999999963063217034431318097631
0.999999956042175730530630062276
0.999999948410609240667668018432
0.999999940168517453820129503583
0.999999931315900481010316980246
0.999999921852758211215927985904
0.999999911779090866481567445589
0.99999990109489822476263043427
0.999999889800180397081419414462
0.999999877894937494460236848681
0.999999865379169405876780274411
0.999999852252876242353352154169
0.999999838516058003889952487953
0.999999824168714690486581275763
0.999999809210846302143238517601
0.999999793642452949882226675982
0.99999977746353474472584821342
0.999999760674091464629498204886
0.999999743274123331637781575409
0.999999725263630234728395862476
0.999999706642612395945945991116
0.999999687411069704268129498814
0.999999667569002159694946385571
0.999999647116409984271001576417
0.999999626053293066973992608837
0.999999604379651518826221945346
0.99999958209548522880538712343
0.999999559200794529978395530634
0.999999535695579089278339779412
0.999999511579839350794429719826
0.99999948685357498145975796433
0.999999461516786314341231900471
0.999999435569473238416549065732
0.99999940901163586470801192263
0.999999381843274193215620471165
0.999999354064388334961677173851
0.99999932567497828994618203069
0.999999296675044169191437504196
0.99999926706458597269744359437
0.999999236843603700464200301212
0.999999206012097574536312549753
0.999999174570067483891477877478
0.999999142517513650574301209417
0.999999109854435963562480083056
0.999999076580834533878316960909
0.999999042696709472544114305492
0.999999008202060779559872116806
0.999998973096888676970195319882
0.999998937381192942730478989688
0.999998901054973909907630513771
0.999998864118231467479347429617
0.999998826570965837490234662255
0.999998788413177019940292211686
0.99999874964486501482952007791
0.999998710266029933180220723443
0.9999986702766718860146966108
0.999998629676790873332947739982
0.999998588466387117179579036019
0.999998546645460506532288036396
0.999998504214011263435679666145
0.999998461172039387889753925265
