1
0.999999999889821244991594539897
0.999999999559284979966378159588
0.999999999008391093902048396558
0.999999998237139808843210175837
0.999999997245530902745258572395
0.999999996033564486630496048747
0.999999994601240560498922604893
0.999999992948559124350538240833
0.999999991075520178185342956567
0.99999998898212361098103428958
0.999999986668369644782217164902
0.999999984134258057544286657503
0.999999981379789071311847692414
0.999999978404962464040295344603
0.999999975209778346751932076586
0.999999971794236830469060350879
0.99999996815833769314707524245
0.999999964302081045808279213816
0.999999960225466888452672264975
0.999999955928495332102556858445
0.999999951411166154713328069192
0.99999994667347957832959082225
0.999999941715435491929042655102
0.999999936537033895511683567747
0.999999931138274789077513560187
0.999999925519158172626532632421
0.999999919679684157181043246965
0.999999913619852631718742941302
0.999999907339663596239631715434
0.999999900839117161766012031876
0.999999894118213217275581428112
0.999999887176951873790642366657
0.999999880015333020288892384997
0.999999872633356767792633945646
0.99999986503102300527956458609
0.999999857208331843771986768843
0.999999849165283283269900493906
0.999999840901877212751003298763
0.99999983241811374323759764593
0.999999823713992874729683535406
0.999999814789514607227260967193
0.999999805644678940730329941289
0.999999796279485875238890457695
0.99999978669393541075294251641
0.999999776888027547272486117436
0.999999766861762284797521260771
0.999999756615139623328047946416
0.999999746148159673886368636886
0.999999735460822325450180869666
0.999999724553127578019484644756
0.999999713425075542616582424671
0.999999702076666108219171746896
0.999999690507899385849555073946
0.999999678718775375507732405822
0.999999666709293966171401280008
0.999999654479455379885166621534
0.999999642029259394604423505371
0.999999629358706121351474394032
0.999999616467795560126319287519
0.999999603356527710928958185832
0.999999590024902684781693551486
0.999999576472920370662222921965
0.999999562700580768570546297269
0.999999548707883878506663677399
0.99999953449482981149287752487
0.999999520061418567529187839682
0.999999505407650035593292159319
0.999999490533524437729795408814
0.999999475439041551894092663133
0.999999460124201489108486384794
0.999999444589004249372976573795
