1
0.999999999662458893823213657015
0.99999999864983557529285462806
0.999999996962130155431225375651
0.999999994599342412193720974756
0.999999991561472567624946350406
0.999999987848520621724901502603
0.999999983460486352448981506313
0.99999997839736998184179128657
0.999999972659171509903330843372
0.999999966245890825611297714204
0.999999959157528039987994361582
0.999999951394083153033420785505
0.999999942955556164747576985974
0.999999933841947186152765425504
0.999999924053255995204381179065
0.999999913589482813947029171686
0.999999902450627642380709403369
0.999999890636690480505421874113
0.999999878147671328321166583919
0.999999864983570296850245995302
0.999999851144387275070357645745
0.999999836630122262981501535251
0.999999821440775482628282588848
0.999999805576346934010700806539
0.999999789036836506106453725806
0.999999771822244309937843809166
0.999999753932570456527173519135
0.999999735367814834852140393195
0.999999716127977555935046893865
0.999999696213058730798195483658
0.999999675623058248419283700059
0.999999654357976219820614005585
0.999999632417812756024488862749
0.999999609802567746008605809038
0.999999586512241411817569769482
0.999999562546833753451380744082
0.999999537906344770910038732836
0.999999512590774464193543735746
0.999999486600122944324198215327
0.999999459934390322324304634094
0.999999432593576598193862992048
0.999999404577681882955175751704
0.999999375886706065585940450546
0.999999346520649368130762013607
0.999999316479511790589640440885
0.999999285763293443984878194897
0.999999254371994328316475275642
0.999999222305614443584431683121
0.99999918956415412285565480488
0.999999156147613144085539715888
0.999999122055991618296388878662
0.999999087289289767532807218231
0.999999051847507480772492272081
0.999999015730644980060048965242
0.999998978938702265395477297716
0.999998941471679447801079732017
0.999998903329576638299158730661
0.999998864512393725867411831132
0.999998825020131043572746420978
0.999998784852788480392860037682
0.999998744010366147350055143761
0.99999870249286415546663420173
0.99999866030028272678720213662
0.999998617432621639267154023401
0.999998573889881336995699712134
0.999998529672061597928234277788
0.999998484779162755131665107911
0.999998439211184697583689739986
0.999998392968127647328913099045
0.999998346049991604367335185088
0.999998298456776679721258460631
