1
0.9999999992240027335554941601
0.999999996896011045244279102917
0.999999993016024824044052365934
0.999999987584044069954813949153
0.999999980600068893998866315087
0.999999972064099407198511926254
0.999999961976135498531448320136
0.999999950336177167997675496736
0.999999937144224748664100843598
0.999999922400278018486119435693
0.999999906104337088486033735535
0.999999888256402180708448668156
0.999999868856473295153364233556
0.999999847904550542843082894251
0.99999982540063392377760465024
0.999999801344723660001534426556
0.999999775736819751514872223197
0.999999748576922531384525427711
0.999999719865031888588191577583
0.999999689601148045170475597843
0.999999657785271112153679951007
0.999999624417401422604712024622
0.999999589497538865501269356173
0.999999553025683662887956870691
0.999999515001836147831681955722
0.999999475425996320332444611267
0.999999434298164513457152224873
0.999999391618340838228107259056
0.99999934738652540566761217633
0.999999301602718548842574364244
0.999999254266920489797598747828
0.999999205379131339554987789597
0.9999991549393514311816488771
0.999999102947580986722186935367
0.999999049403820117198904426914
0.999998994308069266701011201803
0.999998937660328546250809722551
0.999998879460598288915207376704
0.999998819708878827761111551808
0.999998758405170273810824710381
0.999998695549472960131254239968
0.999998631141787330811609990633
0.99999856518211349687419442489
0.999998497670451902408217392804
0.999998428606802769458283819404
0.999998357991166431091301092238
0.999998285823543220374176598853
0.999998212103933470373817726795
0.999998136832337625179434326128
0.999998060008755906835631321883
0.999997981633188759431618564122
0.999997901705636516034303440392
0.999997820226099509710593338241
0.99999773719457818454969810773
0.999997652611072873618525136408
0.999997566475584021006284274335
0.999997478788111959779882909061
0.999997389548657134028530890646
0.999997298757219987841438069154
0.999997206413800854285511832131
0.999997112518400288472264492157
0.999997017071018623468603436777
0.99999692007165641438604097857
0.999996821520313994291484505084
0.999996721416991918296446328895
0.999996619761690519467833837552
0.999996516554410463939461806149
0.999996411795152084778237622231
0.999996305483915937095673598378
0.999996197620702464980979584652
0.999996088205512112523365431116
