1
0.999999999805808670316764619201
0.999999999223234903311663401837
0.999999998252278476940091422875
0.999999996892939391202048682317
0.999999995145217868142140105192
0.99999999300911368571576076647
0.999999990484627065967515591183
0.999999987571757786852799654298
0.999999984270505959393915418332
0.999999980580871583590862883284
0.999999976502854659443642049155
0.99999997203645529797455537846
0.999999967181673277138997946167
0.999999961938508707959272214794
0.999999956306961701457680646854
0.999999950287032146611920779833
0.99999994387872004342199261373
0.999999937082025391887896148546
0.999999929896948303031933846796
0.99999992232348877685410570848
0.999999914361646702332109271083
0.99999990601142219048824699712
0.999999897272815130300216424075
0.99999988814582574381262247698
0.999999878630453808980860230804
0.999999868726699436827232148062
0.999999858434562738374040691269
0.999999847754043602598983397911
0.999999836685142029502060267987
0.999999825227858130105573764013
0.999999813382191904409523885988
0.999999801148143241391608171398
0.999999788525712252074129082757
0.999999775514898936457086620067
0.999999762115703294540480783326
0.99999974832812543734661403505
0.999999734152165253853183912724
0.999999719587822744060190416349
0.999999704635098130012238470954
0.999999689293991189664723151509
0.999999673564502034039946920529
0.999999657446630663137909778015
0.999999640940377187980914186483
0.999999624045741608568960145931
0.999999606762723813879745193844
0.999999589091323914935571792739
0.999999571031541911736439942615
0.999999552583377915304652105988
0.999999533746831814617905820342
0.999999514521903609676201085676
0.999999494908593522524142827024
0.999999474906901331117126119352
0.999999454516827257499755887693
0.999999433738371301672032132046
0.999999412571533352611652389896
0.999999391016313521340919123759
0.999999369072711807859832333634
0.999999346740728323190694482037
0.999999324020362956311203106452
0.999999300911615929265963131911
0.999999277414487020010369633383
0.999999253528976450589027535898
0.999999229255084109979634376941
0.999999204592810109204492619028
0.999999179542154559285904724675
0.999999154103117349201568231365
0.999999128275698478951483139099
0.999999102059898170580254372908
0.99999907545571620204327700776
0.999999048463152795385155968688
0.999999021082207950605891255691
