1
0.999999999806495232235192816006
0.999999999225980928940771264024
0.99999999825845720113903780657
0.999999996903923937807689981128
0.999999995162381138946727787697
0.999999993033828804556151226279
0.999999990518267045658262759389
0.99999998761569575123075992451
0.999999984326114921273642721644
0.999999980649524666809213613305
0.999999976585924876815170136979
0.99999997213531566231381475518
0.999999967297696912282845005393
0.999999962073068737744563350134
0.999999956461431027676667326887
0.999999950462783893101459398167
0.999999944077127334018939563975
0.999999937304461350429107824311
0.999999930144785831309661716659
0.999999922598100998705206166051
0.999999914664406630571136247454
0.999999906343702948952056885901
0.999999897635989842825665618875
0.999999888541267312191962446377
0.999999879059535468073249830923
0.999999869190794199447225309996
0.999999858935043506313888883597
0.999999848292283610717845476756
0.999999837262514290614490164444
0.999999825845735657026125409175
0.999999814041947709952751210949
0.999999801851150449394367569766
0.999999789273343986373276948143
0.999999776308528209867176883563
0.999999762956703230898369838542
0.999999749217868938444553350564
0.999999735092025443528029882145
0.999999720579172746148799433286
0.999999705679310957329164466501
0.999999690392439855024520056759
0.999999674718559661279471129092
0.999999658657670376094017683499
0.999999642209771999468159719981
0.999999625374864420379594776023
0.999999608152947860872927776654
0.99999959054402220992585625936
0.999999572548087467538380224141
0.999999554165143744732802133512
0.99999953539519115253142444999
0.999999516238229468889642248541
0.999999496694258804829757991683
0.999999476763279271374074141931
0.999999456445290868522590699286
0.99999943574029348525300520123
0.999999414648287343609922572796
0.999999393169272332571040351468
0.999999371303248563158660999761
0.999999349050215924350482055161
0.999999326410174638191108442697
0.99999930338312448263593523734
0.999999279969065790751869826636
0.999999256167998340494307285553
0.999999231979922242885550076608
0.999999207404837497925598199799
0.999999182442744216636754117644
0.999999157093642287996715367626
0.999999131357531934050086874777
0.99999910523441304377456617658
0.999999078724285728192455735552
0.999999051827149876281453089177
0.999999024543005599063860699971
