1
0.999999999759126900755745737115
0.999999999036507714045285410975
0.999999997832142439868619021581
0.999999996146031078225746568933
0.999999993978173518094365590514
0.999999991328569981519081011356
0.999999988197220246455287906429
0.999999984584124423925288738246
0.99999998048928251392908350681
0.999999975912694516466672212118
0.999999970854360431538054854173
0.999999965314280259143231432972
0.999999959292454110304504411033
0.999999952788881762977268863324
0.999999945803563439206129714876
0.999999938336499138991086965689
0.999999930387688751309838153247
0.999999921957132276162383277551
0.999999913044829935593327263632
0.999999903650781507558065186458
0.999999893774987103078899508546
0.99999988341744683317813269241
0.999999872578160586833462275536
0.999999861257128364044888257922
0.99999984945435016481241063957
0.99999983716982621118063434551
0.999999824403556281104954450711
0.99999981115554048560767341769
0.99999979742577893571109370896
0.999999783214271520392912862008
0.999999768521018239653130876832
0.999999753346019204514050215948
0.999999737689274525997973341873
0.999999721550783982060295329575
0.999999704930547794745621104084
0.999999687828565853031648202887
0.999999670244838267940679088497
0.999999652179365039472713760915
0.999999633632146167627752220142
0.999999614603181763428096928692
0.999999595092471826873747886566
0.999999575100016357964705093764
0.999999554625815356700968550285
0.999999533669868823082538256131
0.999999512232176979154019136331
0.999999490312739602870806265855
0.999999467911556916277504569734
0.999999445028628808351811585453
0.999999421663955501138332238042
0.999999397817536883614764064987
0.999999373489372955781107066286
0.999999348679463828659663704457
0.999999323387809613272736442013
0.999999297614410198598022816441
0.999999271359265695657825290255
0.999999244622376104452143863455
0.999999217403741424980978536041
0.999999189703361879288934233045
0.999999161521237356353708491952
0.999999132857367967197603775276
0.999999103711753600798317620502
0.999999074084394479200454952661
0.999999043975290602404015771754
0.99999901338444197040900007778
0.999998982311848694237710333255
0.999998950757510773890146538179
0.999998918721428209366308692552
0.999998886203601111688499258889
0.999998853204029480856718237192
0.999998819722713316870965627459
0.999998785759652841775846354722
