1
0.9999999995308983535835523071
0.9999999981235934143342092284
0.999999995778085293274273226416
0.999999992494373879381441838632
0.999999988272459172655715065048
0.99999998311234128411939536818
0.999999977014020102750180285511
0.999999969977495850592674742074
0.999999962002768305602273812838
0.999999953089837578801279960317
0.999999943238703781211995647027
0.999999932449366801812118410453
0.999999920721826862646253175626
0.999999908056083741669795017515
0.999999894452137660927348861151
0.999999879909988620418914706534
0.999999864429636620144492553663
0.999999848011081771126384865056
0.999999830654324073364591640711
0.999999812359363637881415343145
0.999999793126200353654553509841
0.999999772954834442728611065832
0.999999751845265905103588011116
0.999999729797494740779484345694
0.999999706811521060778602532082
0.999999682887344976123245032795
0.999999658024966486813411847834
0.999999632224385703871405439713
0.999999605485602738319528270949
0.999999577808617590157780341542
0.999999549193430370408464114007
0.999999519640041079071579588344
0.999999489148449938191731689585
0.99999945771865694776892041773
0.999999425350662218825448235293
0.999999392044465751361315142276
0.999999357800067878443428526225
0.999999322617468378027183462109
0.99999928649666769420178979999
0.999999249437665604922642614838
0.999999211440462443256649294199
0.999999172505058209203809838073
0.999999132631453013786426708975
0.999999091819646968026802369423
0.99999905006964018294723928193
0.999999007381432880592342371529
0.999998963755025060962111638219
0.999998919190416946101152007031
0.999998873687608536009463477967
0.999998827246600052731650976057
0.999998779867391607290016963816
0.999998731549983310706863903761
0.999998682294375385026796720922
0.9999986321005678302498154153
0.999998580968560868420524911926
0.999998528898354610561227673315
0.999998475889949167694226161984
0.999998421943344872886427765479
0.999998367058541726137832483801
0.999998311235539838470742779464
0.9999982544743394319297635775
0.999998196774940728559499802941
0.999998138137343839382253918302
0.999998078561548875420328386099
0.999998018047556058718328131363
0.99999795659536550029855561661
0.999997894204977533227918229386
0.999997830876392157506415969692
0.999997766609609595178653762559
0.999997701404630068289236533019
0.999997635261453798882769206102
