1
0.999999999691483676400594049483
0.999999998765934927646981122962
0.999999997223353531694556295406
0.999999995063739599565622029331
0.999999992287093131260178324737
0.999999988893414126778225181624
0.999999984882702586119762599992
0.999999980254958620307093042356
0.999999975010182007295611583686
0.999999969148372969129923149012
0.999999962669531394787725275819
0.999999955573657395291320426622
0.999999947860750859618406138907
0.999999939530811898791284875188
0.999999930583840512809956635465
0.999999921019836701674421419739
0.999999910838800465384679228009
0.999999900040731914963032522792
0.999999888625630939387178841571
0.999999876593497649679420646862
0.99999986394433193481745547615
0.999999850678134016845888254466
0.999999836794903784742416519293
0.999999822294641349529342733149
0.999999807177346711206666896032
0.999999791443019869774389007944
0.999999775091660825232509068883
0.99999975812326957758102707885
0.999999740537846348864547962876
0.999999722335391028060769258445
0.999999703515903615169690965558
0.999999684079384221213615546731
0.999999664025832957214845464478
0.999999643355249601128775793768
0.999999622067634486022313922149
0.999999600162987500873157387105
0.999999577641308645681306188635
0.999999554502598031469062789256
0.999999530746855769258729651483
0.9999995063740817480280043128
0.999999481384276078799189235724
0.999999455777438872594586882769
0.999999429553570129414197253936
0.999999402712669849258020349225
0.999999375254738143148358631151
0.999999347179775122107514562231
0.999999318487780675113185679947
0.999999289178754913187674446817
0.999999259252697947353283325356
0.999999228709609888632314778079
0.99999919754949062600246634247
0.999999165772340270486040481046
0.999999133378158933105339656322
0.999999100366946613860363868298
0.999999066738703534795718042005
0.999999032493429473866797252413
0.999998997631124764140508887067
0.999998962151789294594550483453
0.999998926055423287273526966601
0.999998889342026631155135873996
0.99999885201159954828398213067
0.999998814064141927637763274106
0.999998775499654102283386691852
0.999998736318135850176247458876
0.999998696519587504383252962725
0.999998656104008953882100740884
0.999998615071400309695093255868
0.999998573421761793866835432709
0.999998531155093295375024808891
0.999998488271394925241963846929
0.999998444770666905512257471855
