1
0.99999999970540176530420239942
0.999999998821607172239112060197
0.99999999734861622080472898233
0.999999995286428911001053165819
0.999999992635045131805782148149
0.999999989394464994241218391835
0.999999985564688498307361896877
0.999999981145715644004212663276
0.999999976137546431331770691031
0.999999970540180860290035980142
0.99999996435361893087900853061
0.999999957577860643098688342434
0.99999995021290610797137787813
0.999999942258755214474774675182
0.999999933715408073631181196106
0.999999924582864574418294978386
0.999999914861124938880720947054
0.999999904550188944973854177078
0.99999989365005681474229959349
0.999999882160728437163754733774
0.999999870082203923260522060446
0.999999857414483162010299110989
0.99999984415756626443538834792
0.999999830311453341558092233754
0.999999815876144282356108305976
0.999999800851639086829436564585
0.999999785237937977022681934614
0.999999769035040730891239491029
0.999999752242947570479714158864
0.999999734861658495788105938118
0.999999716891173395794112366275
0.999999698331492492542338368366
0.999999679182615675010481481877
0.999999659444543054220844169322
0.999999639117274630173426430702
0.999999618200810513890530728531
0.999999596695150594349854600296
0.999999574600295093596002971026
0.999999551916243789584370915691
0.999999528642997015381865821837
0.999999504780554659966185226949
0.999999480328916723337329131027
0.999999455288083427539902459102
0.999999429658054661551602748659
0.999999403438830425372429999697
0.999999376630410941046989137249
0.999999349232796097552977698797
0.999999321245986116935000609374
0.999999292669980888170755406463
0.999999263504780522282544552581
0.999999233750385019270368047728
0.999999203406794490156528354419
0.999999172474009045963327935169
0.999999140952028575668464327464
0.999999108840853301316542456334
0.99999907614048322290756232178
0.999999042850918340441523923801
0.999999008972158764940729724913
0.999998974504204496405179725116
0.999998939447055756879478849442
0.999998903800712435341324635374
0.999998867565174642813019545429
0.999998830740442490316866042122
0.999998793326515977852864125452
0.999998755323395327465618720453
0.999998716731080317110524902091
0.999998677549571279854490057915
0.999998637778868215697514187923
0.999998597418971124639597292116
0.999998556469880117703041833011
0.999998514931595194887847810605
