1
0.999999999419665663857870185893
0.999999997678662655431480743573
0.999999994776991085743134135555
0.999999990714650732748225436808
0.999999985491641818491359572363
0.99999997910796434297253654222
0.999999971563618195169453883864
0.99999996285860348610441405981
0.999999952992920326799719532573
0.999999941966568606233067839639
0.999999929779548435426761443523
0.999999916431859814380800344225
0.99999990192350285411748700426
0.999999886254477554636821423628
0.999999869424784026961106064846
0.999999851434422271090340927913
0.999999832283392287024526012829
0.999999811971694407830568707141
0.999999790499328411463864085817
0.999999767866294408946714611375
0.999999744072592733346027671359
0.99999971911822316261719834074
0.999999693003185918804831544549
0.9999996657274811129312297453
0.999999637291108744996392942994
0.999999607694069037044926062663
0.999999576936361989076829104306
0.999999545017987823136706992955
0.999999511938946539224559728609
0.999999477699238248362689773785
0.999999442298863172595702053513
0.99999940573782142294589903031
0.999999368016112999413280704175
0.99999932913373812404245200014
0.99999928909069690785571538072
0.999999247886989572897675770946
0.999999205522616119168333170819
0.999999161997576879734594967886
0.99999911731187174357415869963
0.999999071465501154776234216115
0.99999902445846511334082151734
0.999998976290763730290223065822
0.999998926962397227669043786591
0.999998876473365938544191067194
0.999998824823669751893362445117
0.99999877201330911180576777042
0.999998718042284018281407043105
0.999998662910594804387187650718
0.99999860661824147012310959326
0.999998549165224459578382720792
0.9999984905515436617307045708
0.999998430777199631691587455862
0.999998369842192258438728913461
0.999998307746521986061338793661
0.999998244490188925581719558977
0.999998180073193410066778596956
0.999998114495535439516515907599
0.999998047757215458020141340967
0.999997979858233465577654897061
0.999997910798590017300568888459
0.999997840578285113188883315161
0.999997769197319086309505564714
0.999997696655692047684738099633
0.999997622953404552426093232498
0.999997548090456489511268500792
0.999997472066848414051776217093
0.999997394882580437069918843918
0.999997316537652891632603768812
0.999997237032066110806738379324
0.999997156365820205614625137969
0.999997074538915509123171432293
