1
0.99999999974545039638229582124
0.999999998981801585529183284962
0.999999997709053456418359928648
0.999999995927206120072128214815
0.999999993636259576490488143463
0.999999990836213825673439714592
0.999999987527068867620982928202
0.999999983708824702333117784292
0.999999979381481329809844282863
0.999999974545038750051162423915
0.999999969199496963057072207448
0.999999963344855968827573633462
0.999999956981115878384969164472
0.999999950108276580706956337963
0.999999942726338075793535153934
0.999999934835300474667008074903
0.999999926435163777327375100867
0.999999917525927983774636231828
0.99999990810759298298648900527
0.999999898180158885985235883709
0.999999887743625803793179329659
0.999999876797993625388016880606
0.999999865343262461792050999065
0.999999853379432201982979222521
0.999999840906502845960801550973
0.999999827924474615770122909453
0.999999814433347400388640835445
0.999999800433121310838657791464
0.999999785923796236097871314996
0.99999977090537217616628140604
0.999999755377849353088492989627
0.999999739341227544819901140727
0.99999972279550697340511078437
0.999999705740687638844121920556
0.999999688176769541136934549286
0.999999670103752569261246208043
0.99999965152163694526166182186
0.999999632430422669138181390736
0.999999612830109629868502452155
0.999999592720697938474927468633
0.999999572102187705979758902686
0.999999550974578932382996754313
0.999999529337871506662338561
0.999999507192065650862389247777
0.999999484537161253960846352129
0.999999461373158426980012336571
0.999999437700057169919887201104
0.999999413517857593802773408243
0.999999388826559698628670957987
0.999999363626163484397579850338
0.999999337916668951109500085295
0.999999311698076320809036587889
0.999999284970385371451584433089
0.999999257733596325081748545927
0.999999229987709292721831388917
0.999999201732724052327228037029
0.999999172968640825942543415294
0.999999143695459724590079986228
0.999999113913180637247535287315
0.999999083621803674937211781071
0.999999052821328948681411930011
0.999999021511756347457833271619
0.999998989693085982288778268412
0.999998957365317964196549382905
0.999998924528452404203449077613
0.999998891182489191287174890022
0.999998857327428436470029282646
0.999998822963270139752012255485
0.999998788090014412155426271056
0.999998752707661364702573791874
0.999998716816210997393454817939
