1
0.999999999364121539002780991723
0.999999997456486156011123966891
0.999999994277093851025028925505
0.99999998982594451302219340505
0.999999984103038475069524793071
0.999999977108375404100115702022
0.999999968841955522158571056934
0.999999959303778829244890857808
0.999999948493845436381377567159
0.999999936412155232545728722471
0.99999992305870832876024678626
0.999999908433504836047234221041
0.9999998925365446433843885643
0.999999875367828083838617203583
0.999999856927354935365315213858
0.999999837215125420009087520157
0.999999816231139648792236584995
0.999999793975397621714762408374
0.999999770447899449798967452807
0.999999745648645133044851718296
0.999999719577635004519322592387
0.999999692234868842177775150049
0.999999663620347090109419241344
0.999999633734069526269649941241
0.999999602576036483725374637288
0.999999570146248073498895792
0.999999536444704295590213405376
0.999999501471405483066234864964
0.999999465226351524904657708248
0.99999942770954264315008686026
0.99999938892097905984712724603
0.999999348860660886018081328075
0.99999930752858823268525156891
0.999999264924761321893242893566
0.999999221049180153642055302043
0.999999175901845172020898644405
0.99999912948275637702977292065
0.999999081791913879690980593296
0.999999032829318013071429049887
0.999998982594968888193420752941
0.999998931088866727101560627489
0.999998878311011751840453598561
0.999998824261404073432402128674
0.999998768940043913922011142859
0.999998712346931495353885566146
0.999998654482067150794932786084
0.999998595345450880245152802672
0.999998534937083127793755465973
0.999998473256964004463043238502
0.999998410305093843319923507806
0.999998346081472755386698736402
0.999998280586100962707973849319
0.999998213818978909372958696622
0.999998145780106706403955740825
0.99999807646948457584556990696
0.999998005887112850764708582574
0.999997934032991864228279155213
0.99999786090712183828088654991
0.999997786509502994967135691695
0.999997710840135667353933968116
0.999997633899020188508188766718
0.999997555686156669452202550019
0.999997476201545665297487630596
0.999997395445187287066346470965
0.999997313417081978847988921189
0.999997230117229962687019906298
0.99999714554563157165034681384
0.999997059702287138804877031362
0.999996972587196886195215483895
0.999996884200361368932874484017
0.99999679454178080906245895676
