1
0.999999999496129166054458892177
0.999999997984516442173230643675
0.999999995465162050400920179527
0.999999991938065990737527499732
0.999999987403228152160750141775
0.999999981860648534670588105655
0.999999975310327249289343853889
0.999999967752264296017017386475
0.9999999591864595638313062409
0.999999949612913385799117804709
0.999999939031625428853544690355
0.999999927442596026061494285386
0.999999914845825066400664127286
0.999999901241312549871054216055
0.999999886629058587494967014209
0.999999871009063179272402521747
0.999999854381326436225663201185
0.999999836745848469377051515039
0.999999818102629167704265000793
0.999999798451668642229606120964
0.99999977779296689295307487555
0.999999756126524141919276189583
0.999999733452340389128210063063
0.999999709770415634579876495991
0.999999685080749989296577950881
0.99999965938334356430061689025
0.999999632678196470614295776613
0.999999604965308597215312147455
0.999999576244680277170573390322
0.999999546516311399457777042699
0.999999515780202186121528029616
0.999999484036352748184128813591
0.999999451284762974623276932107
0.999999417525433198505879772711
0.999999382758363308809634872887
0.999999346983553638601449620182
0.999999310201004187881324014597
0.999999272410714956649258056132
0.999999233612686277972159132332
0.999999193806918040827724780684
0.999999152993410578282862388733
0.999999111172163890337571956479
0.999999068343178199036458408955
0.999999024506453504379521746159
0.999998979661989917389064430608
0.999998933809787771131993849849
0.999998886949847065608310003881
0.999998839082167911840315355221
0.999998790206750642894917291414
0.999998740323595147749813349947
0.999998689432701759471910918364
0.999998637534070478061209996667
0.999998584627701636584617972403
0.999998530713595346064437308087
0.999998475791751717522970466234
0.999998419862170973004822371877
0.999998362924853112509993025014
0.99999830497979858012769227571
0.999998246027007375857920123963
0.999998186066479721745281494805
0.999998125098215728812078850751
0.99999806312221573012521957935
0.999998000138479725684703680599
0.999997936147008159579741004563
0.999997871147800920788029088726
0.99999780514085845339877778315
0.999997738126180868434289550351
0.999997670103768276916866852844
0.999997601073621011913417078176
0.99999753103573929546854515138
0.999997459990123238604553534969
