1
0.999999999810068818106856269878
0.999999999240275050382820154482
0.999999998290618918872496578842
0.999999996961100312553583080444
0.999999995251719231426079659286
0.999999993162475786512288777885
0.99999999069336975576760551121
0.999999987844401361236634784291
0.999999984615570491897074134613
0.999999981006877147748923562176
0.999999977018321439814485529496
0.999999972649903257071457574057
0.999999967901622710542142158374
0.999999962773479689204236819933
0.999999957265474193057741558732
0.999999951377606333124958837288
0.999999945109876109405888655601
0.999999938462283410878228551155
0.999999931434828348564280986466
0.999999924027510922464045961533
0.999999916240331132577523476357
0.999999908073288978904713530937
0.999999899526384461445616125275
0.999999890599617580200231259369
0.999999881292988446190861395735
0.999999871606496948395204071858
0.999999861540143086813259287737
0.999999851093926972467329505889
0.999999840267848494335112263798
0.999999829061907763438910023979
0.999999817476104890801025248948
0.999999805510439654376853013673
0.999999793164912165188695780671
0.999999780439522534258856012457
0.999999767334270539542728783999
0.999999753849156514107221482845
0.999999739984180235907729183964
0.99999972573934181596655434987
0.999999711114641254283696980565
0.999999696110078550859157076047
0.999999680725653705692934636318
0.999999664961366829807332123892
0.999999648817217812180047076254
0.999999632293206763833381955919
0.999999615389333684767336762889
0.999999598105598574981911497161
0.999999580442001434477106158738
0.999999562398542374275223210134
0.999999543975221283353960188833
0.999999525172038272735619557352
0.99999950598899334242020131569
0.999999486426086603430007926363
0.99999946648331783372043446434
0.999999446160687366358388317167
0.999999425458194979299264559813
0.999999404375840783565365654795
0.999999382913624890178994064627
0.999999361071547188117847326794
0.999999338849607677381925441296
0.999999316247806580015833333164
0.999999293266143784997268539882
0.999999269904619292326231061452
0.999999246163233213025023360387
0.999999222041985436071342974174
0.999999197540876183509794827842
0.999999172659905344318076458876
0.999999147399073029518490329792
0.999999121758379128088733978075
0.999999095737823862073412328755
0.999999069337407120450222919317
0.999999042557129014241468212276
