1
0.999999999794001337427573616878
0.999999999176005571754899392545
0.999999998146012480937372401968
0.999999996704022175997295107663
0.999999994850034656934667509631
0.999999992584050034771792070387
0.9999999899060680874640638649
0.999999986816088926033785355685
0.999999983314112550480956542742
0.999999979400138960805577426072
0.99999997507416826802995046819
0.999999970336200250109470744064
0.999999965186235129088743178727
0.999999959624272793945465309662
0.999999953650313355701939599385
0.99999994726435670333586358538
0.999999940466402836847237267648
0.999999933256451867258363108704
0.999999925634503794569241108547
0.999999917600558507757568804664
0.999999909154616117845648659568
0.99999990029667662483348067326
0.99999989102674002872106484574
0.999999881344806440530703639524
0.999999871250875638217792129581
0.999999860744947843826935240941
0.999999849827022946335830511089
0.99999983849710105676678040254
0.999999826755182175119784915296
0.999999814601266190372541586839
0.999999802035353213547352879687
0.999999789057443355666521256353
0.999999775667536505707744254323
0.999999761865632663671021873597
0.999999747651731829556354114175
0.999999733025834225408345901087
0.999999717987939629182392309303
0.999999702538048262923098263855
0.99999968667615990458585883971
0.999999670402274776215278961899
0.999999653716392877811358630424
0.999999636618514098351795382769
0.999999619108638548858891681448
0.999999601186766340354949988978
0.999999582852897250795365380327
0.999999564107031613247045243043
0.999999544949169205665384652093
0.999999525379310139072686069994
0.999999505397454413468949496746
0.999999485003602028854174932349
0.999999464197753207272967301833
0.999999442979907726680721680168
0.999999421350065698099740529869
0.999999399308227232552326313453
0.999999376854392219016176568402
0.999999353988560768513593757234
0.999999330710732881044577879948
0.999999307020908667631431399059
0.999999282919088017251851852052
0.999999258405271040928141701443
0.999999233479457738660300947231
0.999999208141648221470632051933
0.999999182391842378336832553032
0.999999156230040320281204913044
0.999999129656242158326051594486
0.99999910267044778144907013484
0.999999075272657300672562996624
0.999999047462870827018832642352
0.999999019241088249465576609509
0.999998990607309568012794898095
0.999998961561535004705092433142
