1
0.999999999647261827995237126743
0.999999998589047423003250969487
0.999999996825356674001739065716
0.999999994356189580990701415431
0.999999991181546254992440481146
0.999999987301426584984653800348
0.99999998271583068198964383555
0.999999977424758546007410586753
0.999999971428210066015651591442
0.999999964726185464058971774648
0.999999957318684518092766211339
0.999999949205707450161639826547
0.99999994038725403822098769524
0.999999930863324615337717204966
0.999999920633918959467223430693
0.999999909699037181631808834936
0.999999898058679281831473417697
0.999999885712845260066217178974
0.999999872661535227358342581283
0.999999858904749183707849624625
0.999999844442487018092435846484
0.99999982927474895255670617189
0.999999813401534987100660600845
0.999999796822845121724299133348
0.999999779538679245405319306883
0.999999761549037691210628508998
0.99999974285392023709562181466
0.999999723453327105104904148902
0.999999703347258184216173049208
0.999999682535713585451730978093
0.999999661018693419833880398073
0.999999638796197576340318846633
0.999999615868226277015651248803
0.999999592234779410837575142068
0.99999956789585719985069545146
0.999999542851459533032709714462
0.99999951710158652140592039359
0.999999490646238275992629951361
0.999999463485414685770535925258
0.999999435619116083806545702828
0.99999940704734224805605435904
0.999999377770093400563666818925
0.999999347787369652351685545
0.999999317099170892397808074747
0.9999992857054973427466393332
0.999999253606348892375876857841
0.999999220801725763330125573702
0.9999991872916280666316879433
0.999999153076055691258261504117
0.999999118155008859254451181187
0.999999082528487570620256974507
0.99999904619649182535567888408
0.999999009159021956527624297451
0.999998971416077742091488289589
0.999998932967659515114178248041
0.999998893813767164573391710292
0.999998853954400801491431138857
0.999998813389560647912901458767
0.999998772119246703837802670023
0.99999873014345908028843723514
0.999998687462197777264805154118
0.999998644075463016811511351989
0.999998599983254687906253366236
0.999998555185573123615938584408
0.999998509682418323940567006503
0.999998463473790288880138632521
0.999998416559689351501560850011
0.99999836894011528976022873394
0.999998320615068436723049671855
0.999998271584548903412326126272
0.999998221848556689828058097191
