1
0.999999999883616319529267002508
0.999999999534465500161672935064
0.999999998952547319852612872637
0.999999998137861889624389277742
0.999999997090409209477002150379
0.999999995810189279410451490548
0.999999994297201988402434835734
0.999999992551447558497557110968
0.999999990572925767651213391218
0.999999988361636837908008601516
0.999999985917580547223337816831
0.999999983240757006619503499678
0.999999980331166216096505650057
0.999999977188808175654344267969
0.999999973813682996315321815928
0.999999970205790456034833368903
0.999999966365130665835181389411
0.999999962291703625716365877452
0.99999995798550944670068929554
0.999999953446547906743546718644
0.999999948674819227889543071797
0.999999943670323299116375892481
0.999999938433060120424045180698
0.999999932963029691812550936447
0.999999927260232124304195622244
0.999999921324667306876676775573
0.999999915156335239529994396435
0.999999908755236033286450947344
0.999999902121369577123743965785
0.999999895254735982064175914275
0.999999888155335137085444330296
0.99999988082316704218754921385
0.999999873258231919415095489967
0.999999865460529546723478233616
0.999999857430059924112697444798
0.999999849166823273627358048543
0.99999984067081937322285511982
0.999999831942048333921491121146
0.999999822980510155723266052519
0.99999981378620483862817991394
0.999999804359132382636232705408
0.999999794699292787747424426925
0.99999978480668605396175507849
0.999999774681312181279224660102
0.999999764323171280722135634278
0.999999753732263241268185538502
0.999999742908588173939676835289
0.999999731852145967714307062124
0.999999720562936622592076219007
0.999999709040960249595286768454
0.999999697286216848723938710464
0.999999685298706308955729582522
0.999999673078428852335264309659
0.999999660625384256817937966844
0.999999647939572633426053016592
0.99999963502099409318191192142
0.999999621869648414040909756295
0.99999960848553581804765144625
0.999999594868656194179834528768
0.99999958101900954243745900385
0.999999566936595973842827334011
0.999999552621415488395939519251
0.999999538073467975074493097054
0.999999523292753544900790529937
0.999999508279272197874831817899
0.99999949303302393399661696094
0.99999947755400875326614595906
0.999999461842226655683418812259
0.999999445897677641248435520538
0.999999429720361709961196083896
0.999999413310278972844002964848
