1
0.999999999591888011352125431586
0.999999998367552045408501726342
0.999999996326992213191431346786
0.999999993470208403678611830401
0.999999989797200616870043177187
0.999999985307968852765725387144
0.999999980002513222387960922788
0.999999973880833725736749784119
0.999999966942930251789789508621
0.99999995918880291156938255881
0.999999950618451816097831397201
0.999999941231876854352833561279
0.999999931029078026334389051044
0.999999920010055332042497866496
0.999999908174808993521764932666
0.999999895523338899749887787038
0.999999882055645161749168892129
0.999999867771727668497305785422
0.999999852671586531016600929433
0.999999836755221860329356786679
0.999999820022633656435573357157
0.999999802473821808312948178354
0.999999784108786538006086175301
0.999999764927527956537289810512
0.999999744930045841861954158958
0.999999724116340527046986608184
0.99999970248641179004778223316
0.999999680040259963931248421432
0.999999656777884826652780247969
0.999999632699286711279285100318
0.999999607804465395766158053448
0.999999582093421213180306494905
0.999999555566153941477125499659
0.999999528222663913723522455257
0.999999500062951129919497361698
0.999999471087015479042747756466
0.99999944129485729416018102711
0.999999410686476464249494711112
0.999999379261873100332991270989
0.999999347021047313432973169256
0.999999313963999214571742868429
0.999999280090728803749300368509
0.999999245401236191987948132009
0.999999209895521490309988621448
0.999999173573584698715421836823
0.999999136435426039248852703167
0.99999909848104551191028122048
0.999999059710443227722009851277
0.999999020123619297706341058074
0.999998979720573832885577303387
0.999998938501306833259718587215
0.999998896465818631895672297105
0.999998853614109006748833508027
0.999998809946178290886109607527
0.999998765462026595329803058121
0.999998720161653920079913859809
0.999998674045060376158744475106
0.999998627112246185610899829044
0.999998579363211348436379921623
0.999998530797956086679789677873
0.999998481416480400341129097797
0.999998431218784511465003106423
0.999998380204868531073714166268
0.999998328374732570189564739849
0.999998275728376739834857289679
0.999998222265801151031894278276
0.999998167987005914802978168154
0.999998112891991253192713884346
0.999998056980757277223403889366
0.999998000253303986895048183214
0.999997942709631826296856615954
