1
0.999999998948395085740514787176
0.999999995793580120917454223672
0.999999990535555327575423234521
0.999999983174320705714421819721
0.999999973709876144312147516757
0.999999962142221865413205250661
0.999999948471357869017595021432
0.999999932697284266147619291587
0.99999991482000116782558052364
0.999999894839508685073781180108
0.999999872755806928914523723506
0.999999848568896121392413078866
0.999999822278776151485146783671
0.999999793885447463281934687984
0.999999763388910167805079254322
0.999999730789164376076882945199
0.999999696086210421164253148163
0.999999659280048414089492325729
0.999999620370678576897205402929
0.99999957935810124265429976731
0.999999536242316633405380343902
0.999999491023324971195052057737
0.999999443701126589090222296363
0.999999394275721820157798447326
0.999999342747110997464687898173
0.999999289115294343055495573935
0.99999923338027218999712886216
0.99999917554204498237879761291
0.999999115600612942245106751216
0.999999053555976624707568589656
0.999998989408136362833090515778
0.999998923157092489688579917129
0.999998854802845560385549106286
0.999998784345395907990905470797
0.999998711784743865571556398208
0.999998637120890099261316663615
0.999998560353835053149396117078
0.999998481483579060302702146146
0.999998400510122786855049525911
0.999998317433466676895648106438
0.999998232253611174513707737788
0.999998144970556945843043195055
0.999998055584304434972864328302
0.999997964094854308036985912622
0.999997870502207120146920260595
0.999997774806363426414179684798
0.99999767700732378195027649781
0.999997577105088852889025474724
0.999997475099659305364241390635
0.999997370991035805509739020636
0.999997264779218908437030677305
0.999997156464209280279931135738
0.999997046046007698194557633542
0.999996933524614828314724945812
0.999996818900031447796550310159
0.999996702172258111751546039159
0.999996583341295597335829370422
0.999996462407144792727820004075
0.99999633936980636406133271521
0.999996214229281088492484741437
0.999996086985569854199695782881
0.999995957638673216294478152122
0.999995826188592284999856474315
0.999995692635327615427343062038
0.999995556978880317799962540448
0.99999541921925105825152968464
0.999995279356440724960464194737
0.999995137390450317127488233382
0.999994993321280611908719038183
0.999994847148932608504878771782
0.999994698873407195094387134304
