1
0.999999999443574427715475394507
0.999999997774297599839599115512
0.999999994992169627394673625531
0.999999991097190399358396462048
0.99999998608936002675307008758
0.999999979968678509578694502125
0.999999972735145847835269705683
0.999999964388762041522795698256
0.999999954929527201663574942359
0.99999994435744132825760743799
0.999999932672504421304893185152
0.999999919874716480805432183843
0.999999905964077617781526896579
0.999999890940587943255479785876
0.999999874804247346204988389218
0.999999857555055937652355169121
0.999999839193013939642185050616
0.999999819718121130129873108672
0.99999979913037773116002426832
0.999999777429783853754940992076
0.999999754616339497914623279939
0.999999730690044774661373594427
0.999999705650899795017494398053
0.999999679498904447960683228303
0.999999652234059066557847472723
0.999999623856363650808987131313
0.999999594365818200714102204074
0.999999563762423049340100078552
0.999999532046177974642375829717
0.99999949921708342071013930763
0.999999465275139276521088049776
0.999999430220345653097524518671
0.999999394052702772484053639346
0.999999356772210745702977874316
0.999999318378869572754297223582
0.999999278872679586704919074691
0.999999238253640676532540965127
0.999999196521753175304070282436
0.999999153677017194041809489136
0.999999109719432732745758585224
0.99999906464900012448282495825
0.999999018465719369253008608212
0.999998971169590800123216922657
0.99999892276061430607114743907
0.999998873238790331186010007514
0.999998822604118875467804627988
0.999998770856600049938833763008
0.999998717996234298688307262637
0.999998664023021510693922664359
0.999998608936962019022587355721
0.999998552738055934696603799239
0.999998495426303479760576919944
0.999998437001704876259111642867
0.999998377464260235214510430524
0.999998316813969889693680670462
0.999998255050833839696622362681
0.999998192174852529312545357243
0.999998128186025958541449654149
0.999998063084354460450242640945
0.999997996869838257083529242664
0.999997929542477570485914384335
0.999997861102272511679700528475
0.999997791549223413731795062631
0.999997720883330498686802911834
0.999997649104593988589329001115
0.999997576213014105483978255506
0.999997502208591182437658062554
0.999997427091325330472670884774
0.999997350861216882655924109713
0.999997273518265950009720199887
0.999997195062473087645571467874
