1
0.999999999006422113367875681433
0.999999996025688675516107650765
0.999999991057799464400090982963
0.999999984102754591042128140543
0.999999975160554166464521586022
0.999999964231198301689573781914
0.999999951314686885694982265704
0.999999936411020029503049499908
0.999999919520197844136077947041
0.999999900642220551638672532135
0.99999987977708815201083325519
0.999999856924800756274862578721
0.999999832085358475453062965244
0.999999805258761642612341802305
0.99999977644501014673039662739
0.999999745644104320874134828045
0.999999712856044387088161329302
0.999999678080830456394778593676
0.999999641318462750838591546199
0.999999602568941492464205111901
0.999999561832266903316224215814
0.999999519108439316461556245486
0.999999474397458842922503663431
0.999999427699325815765973857197
0.999999379014040457036571751814
0.999999328341603210823507197347
0.999999275682014299171385118825
0.999999221035273944124810441281
0.999999164401382589772993014776
0.999999105780340458160537764343
0.999999045172147993376654540043
0.99999898257680563951055319194
0.999998917994313507584536182549
0.999998851424672263732418286963
0.999998782867882129998804430215
0.999998712323943550472904462367
0.999998639792857080266230695997
0.999998565274622941423388056137
0.999998488769241578033586392849
0.999998410276713656230640481226
0.999998329797039509081457708817
0.999998247330219580675247925683
0.999998162876254426123523444403
0.999998076435144600537796577555
0.999997988006890548007277175202
0.999997897591492712621175087406
0.999997805188951871535607551778
0.999997710799268246795179493347
0.99999761442244272657831061224
0.999997516058475643951908296003
0.999997415707367776072089782247
0.999997313369119567028064921033
0.999997209043731682953648487455
0.999997102731204789982655256608
0.99999699443153944322659754107
0.99999688414473641984159257845
0.999996771870796163916850218811
0.999996657609719563630790162279
0.999996541361507063072622258915
0.99999642312615966144306867136
0.999996302903677802831339249678
0.999996180694062264393551231478
0.999996056497313934308124316885
0.999995930313433367686570818478
0.999995802142421341685007973865
0.999995671984278633459553020657
0.999995539839006131188625658979
0.999995405706604389983738201408
0.999995269587074520067915273103
0.99999513148041707655266918664
0.999994991386632947616419642145
