1
0.999999999807750561409136480506
0.999999999231002023591940996994
0.999999998269754608593018474494
0.999999996924008205390066450491
0.9999999951937629250053873875
0.999999993079018545394376360491
0.999999990579775288601638294494
0.999999987696033043604870726995
0.999999984427791810404073657992
0.999999980775051700021549550002
0.999999976737812601434995940508
0.999999972316074514644412829512
0.999999967509837550672102679528
0.999999962319101709518065490556
0.999999956743866880159998800082
0.999999950784133062597902608104
0.999999944439900367854079377139
0.999999937711168795928529107186
0.999999930597938346821251798247
0.999999923100209020532247450319
0.999999915217980706039213600889
0.999999906951253625386755174986
0.999999898300027667552569710097
0.999999889264302832536657206219
0.999999879844079120339017663355
0.999999870039356641981953544018
0.999999859850135286443162385694
0.999999849276415164744946650899
0.999999838318196276887306339631
0.999999826975478622870241451892
0.999999815248262091671449525165
0.999999803136546905335535484483
0.999999790640332841817894404812
0.999999777759620123163131211186
0.999999764494408749371245903603
0.999999750844698609419936019549
0.999999736810489814331504021538
0.999999722391782364105949909572
0.999999707588576258743273683649
0.99999969240087149824347534377
0.999999676828668082606554889935
0.99999966087196612285481478466
0.999999644530765618988255027944
0.999999627805066571006875619787
0.999999610694868867888374097674
0.999999593200172731677355386637
0.999999575320978051351517024159
0.999999557057284937933161472756
0.999999538409093280399986269913
0.99999951937640330079659634066
0.999999499959214777078386759968
0.999999480157527931289962452865
0.999999459971342763431323419354
0.999999439400659162480167196918
0.999999418445477350481098710588
0.999999397105797105389513035334
0.999999375381618649250015096186
0.999999353272941982062604893144
0.999999330779766992804979963694
0.999999307902093903521745232865
0.999999284639922603190598238143
0.999999260993253202833841442043
0.99999923696208559142917238205
0.999999212546419991021195983194
0.999999187746256179565307320445
0.999999162561594490128413781349
0.999999136992434700665910440875
0.999999111038777033222402224055
0.999999084700621376775586668373
0.999999057977967731325463773828
0.999999030870816318916638465453
