1
0.999999999492299562753316877206
0.999999997969198251013267508824
0.99999999543069617580215435737
0.999999991876793115075372497813
0.999999987307489290877526855184
0.999999981722784703208617429482
0.999999975122679241046341758192
0.999999967507173015413002303831
0.999999958876266026308599066397
0.999999949229958273733132045891
0.999999938568249868708903704828
0.999999926891140811235914043209
0.999999914198631101314163061033
0.999999900490720738943650758301
0.999999885767409835146679597528
0.999999870028698389923249578715
0.999999853274586625317965626891
0.999999835505074319286222817027
0.999999816720161693872626074153
0.99999979691984874907717539827
0.999999776104135595922173251893
0.999999754273022234407619635022
0.999999731426508775555817010172
0.999999707564595219366765377345
0.99999968268728178788506966157
0.999999656794568370088427400333
0.999999629886455188021443518664
0.99999960196294235270642047908
0.999999573024029753121055819065
0.99999954306971761130995446365
0.99999951210000603829541887535
0.999999480114895145099751516682
0.999999447114384931722952387645
0.999999413098475509187323950755
0.999999378067166988515168668528
0.999999342020459591751091465994
0.999999304958353318895092343155
0.999999266880848280969473762525
0.99999922778794458899653818662
0.999999187679642465020890540472
0.999999146555941909042530824081
0.999999104416843032083761499962
0.999999061262346056189187493146
0.999999017092451203403413728665
0.999998971907158362704137744004
0.999998925706467756135964464193
0.999998878490379716765801276779
0.999998830258894133571345719247
0.999998781012011228597202716628
0.999998730749731223887977193954
0.999998679472054230465971613739
0.999998627178980359353488438501
0.999998573870509943617435055785
0.999998519546642872235509003076
0.999998464207379478274617667921
0.999998407852719872757063512836
0.999998350482664388749753925367
0.999998292097212915230386443
0.999998232696365896288170915795
0.999998172280123331923107343755
0.999998110848485555202103114425
0.999998048401452566125158227806
0.999997984939024808781482533959
0.99999792046120217214877357037
0.999997854967985100316241187102
0.999997788459373704306187846669
0.999997720935368095140916011587
0.99999765239596871690963553192
0.999997582841175569612346407666
0.999997512270988875293653563858
0.999997440685408967020464388042
