1
0.999999999616754897679982150294
0.999999998467019368675323676143
0.99999999655079363503062950258
0.999999993868077585723597167089
0.999999990418871331776529132185
0.999999986203174651144820472837
0.999999981220987765873076114076
0.999999975472310675961296055902
0.999999968957143270387177835801
0.999999961675485660173023916286
0.999999953627337845318834297359
0.999999944812699825824608979019
0.999999935231571601690347961267
0.999999924883953283938353706617
0.99999991376984487256862621507
0.999999901889246256558863024111
0.999999889242157546931366596255
0.999999875828578854708439394017
0.999999861648510179890081417398
0.999999846701951522476292666397
0.999999830988902882467073141015
0.999999814509364259862422841252
0.999999797263335876706946692138
0.999999779250817621978342231159
0.999999760471809495676609458314
0.999999740926311719846353298635
0.999999720614324183465271289606
0.999999699535846997555665893742
0.99999967769088027313983957356
0.999999655079423899195489866543
0.999999631701478097767221697723
0.999999607557042757832732604584
0.999999582646118101436627512157
0.999999556968704017556603957928
0.999999530524800728237266866927
0.999999503314408122456313776638
0.999999475337526422258349612093
0.999999446594155627643374373292
0.999999417084295738611388060235
0.999999386807946977206995597953
0.999999355765109343430196986446
0.999999323955782837280992225715
0.999999291379967569781683778274
0.999999258037663651954574106639
0.999999223928871083799663210812
0.999999189053590087361556015821
0.999999153411820551617950059153
0.999999117003562809635752728354
0.999999079828816639370359098393
0.999999041887582373888676556817
0.999999003179860013190705103625
0.999998963705649668298747201334
0.999998923464951339212802849943
0.999998882457765247977476974484
0.99999884068409128357046711244
0.99999879814392977905868065136
0.999998754837280845464420053759
0.99999871076414437176538285712
0.99999866592452046898387152396
0.999998620318409470186793441826
0.999998573945811264351846148202
0.999998526806726073523634568119
0.999998478901154008724461164093
0.999998430229095069954325936123
0.999998380790549479257833809243
0.999998330585517347657287245966
0.999998279613998675152686246292
0.999998227875993683788635735255
0.999998175371502484587438175367
0.999998122100525188571396029147
0.999998068063061795740509296593
