1
0.999999999568871644761713923799
0.999999998275486579046855695196
0.999999996119844691833122851676
0.99999999310194620516512031827
0.999999989221791008020545632462
0.999999984479378989377096331737
0.999999978874710371279377341125
0.999999972407785153727388660627
0.999999965078603114676525365212
0.999999956887164587193694842426
0.999999947833469349234292167239
0.999999937917517622842922264681
0.999999927139309185974980209721
0.999999915498844260675070927391
0.99999990299612284694319441769
0.999999889631145055801653143135
0.999999875403910665205842178693
0.999999860314419897200366449397
0.999999844362672862807528417761
0.999999827548669451005025621271
0.999999809872409772815160522441
0.999999791333893828237933121272
0.999999771933121617273343417764
0.999999751670093361965996336949
0.999999730544809062315891878825
0.999999708557268718323030043393
0.999999685707472329987410830654
0.999999661995420008331336703122
0.99999963742111197539941258583
0.999999611984548009147033553745
0.999999585685728442641106994415
0.999999558524653164859330445324
0.999999530501322286824006368988
0.999999501615735919557437227922
0.999999471867894063059623022127
0.999999441257796828352866214118
0.999999409785444437481771728926
0.999999377450836779424037104036
0.999999344253973965201964801963
0.999999310194856105837857285223
0.999999275273483423376319478848
0.999999239489855806795048920321
0.999999202843973478138650534675
0.999999165335836437407124321908
0.999999126965444795622772744537
0.999999087732798774830200727592
0.99999904763789826400710580856
0.999999006680743596220395374985
0.999998964861334771470069426869
0.999998922179671900778430426726
0.999998878635754984145478374558
0.99999883422958435463812065791
0.999998788961160012256357276783
0.999998742830481957000188231177
0.999998695837550521936520908639
0.999998647982365707065355309169
0.999998599264927734431296357798
0.999998549685236604034344054526
0.999998499243292426896800861869
0.999998447939095536085574167373
0.999998395772645820578361508524
0.999998342743943613442070272868
0.999998288852988914676700460404
0.999998234099781946326856996166
0.999998178484322708392539880151
0.999998122006611644962958962424
0.999998064666648533993509317952
0.999998006464433819573400796799
0.999997947399967501702633398963
0.999997887473249802425812049478
0.999997826684280721742936748342
