1
0.999999999348059276371714076959
0.999999997392237105486856307834
0.999999994132533598367729155143
0.999999989568948643992030156369
0.999999983701482353382061774028
0.999999976530134726537824008119
0.999999968054905652437014396128
0.999999958275795353124237863085
0.999999947192803828599494408991
0.999999934805931078862784033845
0.999999921115177103914106737648
0.99999990612054212579806744543
0.999999889822025922470061232161
0.999999872219628826996995485388
0.99999985331335083937887020511
0.999999833103191959615685391327
0.999999811589152409752045969071
0.999999788771232078765649475827
0.999999764649431188701100836624
0.999999739223749739558400051465
0.999999712494187953382152045378
0.999999684460745830172356818366
0.999999655123423480951316832943
0.999999624482221127763637014141
0.999999592537138881631619824475
0.999999559288176742555265263945
0.999999524735334821556875795068
0.999999488878613451703358805389
0.999999451718012632994714294909
0.99999941325353258747554718866
0.999999373485173315145857486641
0.999999332412935149072552576399
0.999999290036818089255632457935
0.999999246356822468762004518794
0.999999201372948398613971221494
0.999999155085195989833835028548
0.999999107493565353443898402475
0.999999058598056933533371193334
0.999999008398670730102253401128
0.999998956895406965195149950887
0.999998904088265860856665767642
0.999998849977247639131405776425
0.999998794562352522063974902267
0.999998737843580731698978070199
0.999998679820932379058717742737
0.999998620494407797210101307428
0.999998559864007208197733689303
0.999998497929730723043917350878
0.999998434691578785837862142216
0.999998370149551618624172988348
0.999998304303649332425152351789
0.999998237153872260307707620086
0.999998168700220624316443718271
0.999998098942694757518268033891
0.999998027881294881957785491977
0.999997955516021330701903480076
0.999997881846874325795226923219
0.999997806873854311326965671469
0.999997730596961287297119724826
0.999997653016195808817201395868
0.999997574131558097931815609627
0.999997493943048376685567291133
0.99999741245066708916766629045
0.999997329654414568445019995124
0.999997245554291036562233330187
0.999997160150296826586213683186
0.999997073442432271583868441667
0.999996985430697815644407455693
0.999996896115093680812435650296
0.999996805495620200154860413022
0.99999671357227792878319405645
