1
0.999999999623624180600245381356
0.999999998494496722400981525425
0.999999996612617625402208432206
0.999999993977987000626228564215
0.999999990590604626028436996421
0.999999986450470723653438653855
0.999999981557585182478931074002
0.999999975911948002504914256861
0.999999969513559294753690664947
0.999999962362419059225260298263
0.99999995445852718489732069429
0.999999945801883782792174315546
0.999999936392488963932123624545
0.999999926230342617294866158772
0.999999915315444742880401918228
0.999999903647795451711033365427
0.999999891227394854809062962886
0.999999878054242730129885785573
0.999999864128339299718106758519
0.999999849449684563573725881724
0.999999834018278521696743155189
0.999999817834121174087158578914
0.999999800897212631767274615413
0.999999783207552894737091264687
0.999999764765142074018910989253
0.999999745569980058590431326593
0.999999725622067070496257201739
0.999999704921402998714086152177
0.999999683467988065288523102936
0.999999661261822159197265591501
0.999999638302905280440313617873
0.999999614591237762084574569599
0.999999590126819382085443521646
0.999999564909650251465222936531
0.999999538939730481246215276769
0.999999512217060182450723004877
0.999999484741639355078746120853
0.999999456513467999130284624698
0.999999427532546336649943441444
0.999999397798874256615420108574
0.999999367312451870049017088604
0.999999336073279287973036844051
0.999999304081356621409781837428
0.999999271336683870359252068738
0.999999237839261145843750000495
0.999999203589088447863275632699
0.999999168586165998462433890381
0.999999132830493797641224773542
0.999999096322071845399648282182
0.999999059060900363782309341332
0.999999021046979241766905488475
0.99999898228030881242034411116
0.999998942760889075742625209386
0.999998902488720031733748783154
0.999998861463801902438319757493
0.99999881968613457683403566989
0.99999877715571838798780390789
0.999998733872553335899624471494
0.999998689836639420569497360702
0.999998645047976975064329963061
0.999998599506565888361819816055
0.999998553212406271484269382199
0.999998506165498346476283586526
0.999998458365842113337862429034
0.999998409813437794113610834756
0.999998360508285388803528803692
0.999998310450385008429918798356
0.999998259639736875037385743781
0.999998208076340988625929639966
0.999998155760197571240155411942
0.999998102691306622880063059711
