1
0.999999999507394821129935280624
0.99999999802957939554204358501
0.999999995566553612214022450644
0.999999992118317471145871877525
0.999999987684871083359894328169
0.999999982266214448856089802575
0.999999975862347567634458300745
0.999999968473270328672697360162
0.999999960098982954015411905857
0.999999950739485332640299475315
0.999999940394777575569662531052
0.999999929064859682803501073067
0.999999916749731654341815101361
0.999999903449393601206907078449
0.999999889163845412376474541816
0.999999873893087309895122416492
0.999999857637119293762850702478
0.999999840395941363979659399774
0.99999982216955352054554850838
0.999999802957955985505122953327
0.9999997827611486478360802721
0.999999761579131618560722927214
0.999999739411905008701353381184
0.999999716259468929280274096527
0.999999692121823269275182610727
0.999999666998968250730683848815
0.999999640890903873646777810791
0.999999613797630249045766959171
0.999999585719147376927651293954
0.999999556655455479337035740173
0.999999526606554667296222760342
0.999999495572444829782909891946
0.999999463553126188841702060017
0.999999430548598744472599264554
0.999999396558862718720206430589
0.999999361583918222606826020638
0.999999325623765256132458034699
0.99999928867840393031940493529
0.999999250747834467212271647441
0.999999211832056866811058171152
0.999999171931071240138066968939
0.999999131044877698215600503318
0.999999089173476574110566161835
0.999999046316867645778359019459
0.999999002475051357308188926254
0.999998957648027597677753419703
0.999998911835796699953959887353
0.999998865038358664136808329204
0.999998817255713601248601207772
0.999998768487861733333943448088
0.999998718734803282437439975183
0.999998667996538248559090789058
0.999998616273066853743500814744
0.999998563564389097990670052241
0.999998509870505425389808351611
0.999998455191415835940915712854
0.999998399527120440666294598486
0.999998342877619461610549933539
0.999998285242913009795984180528
0.999998226623001418289504726999
0.999998167017884687091111572954
0.999998106427563149267712105939
0.999998044852036804819306325953
0.999997982291305875790499158029
0.999997918745370695248197989713
0.999997854214231263192402821005
0.999997788697887912690021039452
0.999997722196340754763355107571
0.999997654709590011457009950391
0.999997586237635904815590492944
0.999997516780478656883701660263
