1
0.99999999990394383697633884367
0.999999999615775458927657837194
0.999999999135494643809352055541
0.999999998463101724688328886259
0.9999999975985963684976809418
0.999999996541978797282013147196
0.999999995293248900019023039931
0.999999993852406787731013082521
0.999999992219452238373378349934
0.999999990394385585013026229717
0.999999988377206494583049334324
0.999999986167915189128052588785
0.999999983766511668648035993101
0.99999998117299571109839462224
0.99999997838736764954603586375
0.999999975409627150924052330083
0.999999972239774437277048946271
0.999999968877809508605025712313
0.999999965323732253885680165695
0.999999961577542784141314768931
0.999999957639240988349627059506
0.99999995350882686651061703742
0.999999949186300529646587165189
0.999999944671661977757537442812
0.999999939964911210843467870291
0.999999935066048117882075985108
0.999999929975072698873361787264
0.999999924691985175861930201791
0.999999919216785326803176303656
0.999999913549473262719402555376
0.999999907690048872588306494436
0.999999901638512378454493045865
0.999999895394863558273357284634
0.999999888959102523067201673257
0.999999882331229272836026211735
0.999999875511243807579830900067
0.999999868499146127298615738255
0.999999861294936231992380726297
0.999999853898614121661125864193
0.999999846310179796304851151945
0.999999838529633255923556589551
0.999999830556974500517242177011
0.999999822392203641108210376842
0.999999814035320566674158726528
0.999999805486325277215087226068
0.999999796745217772730995875463
0.999999787811998164244187137228
0.999999778686666340732358548848
0.999999769369222413217812572839
0.999999759859666270678246746684
0.999999750157998024135963532899
0.999999740264217673590962931485
0.999999730178325108020942479925
0.99999971990032032742590217822
0.999999709430203553850446951401
0.999999698767974565249971874437
0.999999687913633583669081872358
0.999999676867180387063172020135
0.999999665628615086454544780281
0.999999654197937792865502615314
0.999999642575148284251440600201
0.999999630760246782656963659974
0.999999618753233177059769332118
0.999999606554107467459857616632
0.999999594162869653857228513516
0.999999581579519847274184485286
0.999999568804058047710725531942
0.999999555836484144144549190969
0.999999542676798136575655462366
0.999999529325000247048649271164
0.999999515781090253518925692333
