1
0.999999999587266708012123217486
0.999999998349066721026190407429
0.999999996285400039042201569828
0.999999993396266773082459167199
0.999999989681666923146963199542
0.999999985141600378213411204342
0.999999979776067249304105644114
0.999999973585067536419046518859
0.999999966568601128535931366059
0.999999958726668247699365110748
0.999999950059268782887045290408
0.999999940566402845121274367557
0.999999930248070323379749879678
0.999999919104271439707076751802
0.999999907135005972058650058898
0.999999894340274142479074725998
0.999999880720075950968350753101
0.999999866274411397526478140207
0.999999851003280482153456887318
0.999999834906683315871589456947
0.999999817984619898680875849095
0.999999800237090230581316063763
0.999999781664094533617515025981
0.999999762265632585744867810718
0.999999742041704720030281805521
0.999999720992310714429152085359
0.999999699117450790986083575262
0.999999676417124949701076275232
0.999999652891333301596432647784
0.999999628540075846672152692918
0.999999603363352584928236410633
0.999999577361163738409288725961
0.999999550533509196093007176387
0.999999522880389180023996686941
0.99999949440180380122455972014
0.999999465097752837650091350952
0.999999434968236622367498966923
0.999999404013255155376782568055
0.999999372232808547700244616863
0.999999339626896799337885113346
0.99999930619552002131200652002
0.999999271938678324644911299401
0.999999236856371820358901914005
0.999999200948600508453978363832
0.999999164215364610974745573913
0.999999126656664016898901081731
0.99999908827249894827104981232
0.999999049062869516113494228193
0.999999009027775831448536791868
0.999998968167217894276177503343
0.999998926481195926641021287651
0.999998883969709928543068144791
0.999998840632760011004620537278
0.999998796470346285047980927629
0.999998751482468972717754240875
0.999998705669128074013940477016
0.999998659030323699958842098567
0.999998611566055961574761568045
0.99999856327632508090630381048
0.999998514161131057953468825872
0.999998464220474114760861539253
0.999998413454354251328481950623
0.999998361862771800723237447528
0.999998309445726651922825567453
0.99999825620321902697185123543
0.99999820213524914791491937649
0.999998147241817014752029990632
0.999998091522922738505485540372
0.999998034978566652242193413258
0.999997977608748755962153609289
0.999997919413469271709971053497
