1
0.999999999301943387486346637161
0.999999997207773660967689011159
0.999999993717490709421724659478
0.999999988831094643870756044635
0.999999982548585464314783166628
0.999999974869963170753806025459
0.999999965795227763187824621127
0.999999955324379352639141416148
0.999999943457418050130058873037
0.999999930194343744638274529279
0.999999915535156436163788384874
0.999999899479856457773507827369
0.999999882028443698445130394248
0.999999863180918269200958548026
0.999999842937280170040992288705
0.999999821297529623009836541314
0.999999798261666517085188843339
0.999999773829691185333956582326
0.999999748001603627756139758276
0.999999720777403955374040833703
0.999999692157092279209962271125
0.999999662140668710286206533056
0.999999630728133359625076082011
0.999999597919486449271175843023
0.999999563714727979224505816092
0.999999528113858171529670926247
0.999999491116877248231276098522
0.999999452723785209329321332916
0.99999941293458227686841155446
0.999999371749268672893151688186
0.999999329167844397403541734093
0.999999285190309894488791542244
0.99999923981666516414890111264
0.99999919304691042842847537031
0.999999144881046020394421702804
0.999999095319071829024437647604
0.999999044360988409430035517289
0.999998992006795761611215311859
0.999998938256494107612581956346
0.999998883110083780501042838296
0.999998826567564891298900420225
0.999998768628937884095364552195
0.999998709294202758890435234207
0.999998648563359848751019853808
0.999998586436409486744025798544
0.999998522913351783891755530931
0.999998457994187184283418901032
0.999998391678915798941318371362
0.999998323967538071954663791985
0.999998254860054114345757625415
0.9999981843564642591815072592
0.999998112456768950551122543402
0.999998039160968299476905940537
0.999997964469062639025764838152
0.99999788838105241328690908631
0.999997810896937844304943610041
0.999997732016719154124473334377
0.999997651740396897857010571897
0.999997570067971297547160247632
0.999997486999442686261829749128
0.999997402534811508090228926449
0.999997316674077874054660242109
0.999997229417242450288938471203
0.999997140764305347815366076247
0.999997050715267121745455369819
0.99999695927012799412381127695
0.999996866428888520061946110218
0.999996772191548921604464794655
0.999996676558109753862879642838
0.9999965795285712388817955798
0.999996481102933931772724918119
