1
0.99999999970743957966590187425
0.999999998829758318663607497001
0.999999997366956216993116868252
0.999999995319033274654429988004
0.999999992685989491647546856257
0.99999998946782486797246747301
0.999999985664539403629191838263
0.999999981276133209640022414533
0.999999976302606063960354276787
0.999999970743958188634792350058
0.999999964600189583663336634345
0.999999957871300138023684667132
0.99999995055728985171583644842
0.99999994265815894678439690324
0.99999993417390720118476110656
0.999999925104534725939231520897
0.999999915450041632070110608765
0.99999990521042780855509590765
0.999999894385693255394187417551
0.999999882975838083609687600983
0.999999870980862182179293995432
0.999999858400765773147611525928
0.999999845235548745492337729956
0.999999831485211099213472607516
0.999999817149752945333318621124
0.999999802229174283851875770779
0.999999786723475114769144056481
0.999999770632655438085123478231
0.999999753956715364822116498544
0.999999736695654894980123117421
0.999999718849473917536840872344
0.999999700418172765559177150863
0.999999681401751217002527027944
0.999999661800209382889192966104
0.999999641613547263219174965343
0.999999620841764969014775488176
0.999999599484862500275994534604
0.999999577542839857002832104627
0.999999555015697150217590660759
0.999999531903434268897967740486
0.999999508206051546110870731354
0.999999483923548759811694708333
0.999999459055926021022742133937
0.999999433603183329744013008167
0.999999407565320908020112256054
0.999999380942338644828737415082
0.999999353734236540169888485252
0.999999325941014816088170391595
0.99999929756267347258358313411
0.999999268599212398633824250282
0.999999239050631816283498665143
0.999999208916931725532606378692
0.999999178198112237403449853446
0.999999146894173240873726626887
0.999999115005114957988041624048
0.999999082530937388746394844929
0.999999049471640644171088752046
0.999999015827224613239820882882
0.999998981597689517997196162469
0.999998946783035358443214590807
0.999998911383262245600178630411
0.999998875398370068445785818767
0.999998838828359160046943543421
0.999998801673229409381349341857
0.99999876393298092747130567659
0.999998725607613714316812547622
0.999998686697127880940172417468
0.999998647201523538363687748642
0.999998607120800797609661003662
0.999998566454959658678092182527
0.999998525204000121568981285236
