1
0.99999999927931670917757855932
0.999999997117266947732616699795
0.999999993513850715665114421427
0.999999988469068012975071724213
0.99999998198291872864018614564
0.999999974055403084705062610738
0.999999964686521081169701119506
0.999999953876272607011799209431
0.999999941624657884275961805542
0.999999927931676912962188907841
0.999999912797329804092782978842
0.999999896221616446645441556029
0.999999878204537062664769564435
0.999999858746091652150767004059
0.999999837846280437148038799933
0.99999981550510330663428248954
0.999999791722560593676405460428
0.999999766498652187252105250082
0.999999739833378198383684321016
0.999999711726738960138050060777
0.999999682178734361492900006851
0.999999651189364735515141546784
0.999999618758629971182472218061
0.999999584886530401561799408228
0.999999549573066137675425579801
0.999999512818237290545653195295
0.999999474622043971194784717227
0.999999434984486512689727533143
0.999999393905564915030481643043
0.999999351385279511283954434475
0.999999307423630301450145907438
0.999999262020617618595963449479
0.99999921517624168476601198563
0.99999916689050249996029151589
0.999999117163400508268011890323
0.999999065994935709689173108927
0.999999013385108548312985021767
0.999998959333919135161750091356
0.999998903841367581257770780212
0.999998846907454441712559400912
0.999998788532179605503813490941
0.999998728715543627743045362877
0.999998667457546508430255016719
0.999998604758188802676954765047
0.999998540617470510483144607861
0.999998475035391964915731932706
0.999998408011953610063926589646
0.999998339547155556950031041197
0.99999826964099824966325513742
0.999998198293481799225901340833
0.999998125504606649727179501497
0.999998051274373134233997006959
0.999997975602781585813261244766
0.99999789848983222650957713995
0.999997819935525389389852080058
0.999997739939861518543295915151
0.999997658502840947036816032778
0.999997575624463896915017357969
0.999997491304730923289412203303
0.999997405543642137182303031295
0.99999731834119820472750461704
0.999997229697399236947319423052
0.999997139612245788953259761911
0.999997048085738193812233021163
0.99999695511787689561344905087
0.999996860708662227423815238581
0.999996764858094633332541434356
0.999996667566174446406535025744
0.999996568832902221757308325323
0.999996468658278292451768720639
0.999996367042303102579126061755
