1
0.999999999592509625223613056733
0.999999998370038278849847301899
0.999999996332586182923307660531
0.999999993480153226421691670112
0.999999989812739520367301793158
0.999999985330344842715533104638
0.999999980032969415510990529583
0.999999973920613238753674067993
0.999999966993276312443583719869
0.999999959250958525558417022694
0.999999950693659989120476438984
0.999999941321380814152064431255
0.999999931134120889630878536991
0.999999920131880215556918756192
0.99999990831465901397479001389
0.999999895682457062839887385053
0.999999882235274584196815794712
0.999999867973111578045575242868
0.99999985289596804438616572952
0.999999837003843983218587254669
0.99999982029673950556514228083
0.999999802774654611425830808003
0.999999784437589411822955298703
0.999999765285543795734213290416
0.999999745318517985204209708172
0.999999724536511869210642089456
0.999999702939525669798115359299
0.999999680527559275944327055186
0.999999657300612798671579639631
0.999999633258686349002175575151
0.999999608401780037958417324262
0.999999582729893754518002424447
0.999999556243027609703233338223
0.999999528941181714536412528105
0.999999500824356180039842456608
0.999999471892551006213523123733
0.999999442145766304079756991996
0.999999411584002073638544061396
0.999999380207258425912186794449
0.99999934801553547192298765367
0.99999931500883321167094663906
0.99999928118715186720066867565
0.999999246550491327489851300925
0.99999921109885192560540190243
0.999999174832233550525018017652
0.999999137750636313271002109104
0.999999099854060324865656639304
0.999999061142505696331284070766
0.999999021615972538690186866006
0.99999898127446096296466748754
0.999998940117970969154725935368
0.999998898146502779304967134522
0.999998855360056393415391085
0.999998811758631922508300249319
0.999998767342229588628299552511
0.999998722110849391775388994574
0.999998676064491442971871038026
0.999998629203155964262350607896
0.999998581526842955646827704186
0.99999853303555252814760478941
0.999998483729284903809286788601
0.999998433608040082631873701757
0.999998382671818286659970453911
0.999998330920619515893577045063
0.999998278354444103399600862758
0.999998224973291938155739444483
0.999998170777163353228900177783
0.999998115766058348619083062658
0.999998059939977146370893024141
0.999998003298919857506632524746
0.999997945842886482026301564474
