1
0.999999999635088898664037060371
0.999999998540355483633845778968
0.999999996715799754909426155791
0.999999994161421823513080653356
0.999999990877221578422506809147
0.99999998686319913066000708568
0.999999982119354369203279020439
0.99999997664568740507462507594
0.999999970442198127251742789667
0.999999963508886757779237086652
0.999999955845753185634805504378
0.999999947452797410818448042846
0.999999938330019433330164702056
0.999999928477419364192257944524
0.999999917894997092382425307733
0.999999906582752839945271716715
0.999999894540686384836192246439
0.999999881768797949099791821936
0.999999868267087532736070443207
0.999999854035555024722725647734
0.999999839074200647104362360551
0.999999823383024288858678119141
0.999999806962026061007975386019
0.999999789811206074574556623702
0.999999771930564107513816907158
0.999999753320100492892663623934
0.999999733979815119688794311514
0.999999713909707987902208969899
0.999999693109779208555210061604
0.999999671580028892670100049145
0.999999649320456929224576470006
0.999999626331063540263244249218
0.999999602611848614763800924266
0.99999957816281237477085142018
0.999999552983954709262093274447
0.99999952707527572925982894958
0.999999500436775545786360908096
0.999999473068454158841689149995
0.999999444970311679448116137792
0.999999416142348107605641871487
0.999999386584563554336568813596
0.99999935629695801964089696412
0.999999325279531614540928785573
0.999999293532284450058966740471
0.99999926105521663721731329133
0.999999227848328064993665975635
0.999999193911618955432629718416
0.999999159245089197511902057158
0.999999123848739124298390379408
0.999999087722568735792094685166
0.999999050866577920970712511917
0.999999013280767012901151247206
0.999998974965136011583410891035
0.999998935919684917017491443403
0.999998896144413840225695366826
0.999998855639323003252627586335
0.999998814404412295075985639414
0.999998772439681937740374451096
0.999998729745132042268096483895
0.999998686320762608659151737811
0.999998642166573747935842675361
0.999998597282565571120471759059
0.999998551668738300257643913937
0.99999850532509182432505667748
0.999998458251626365367314974719
0.999998410448342034406721268169
0.999998361915238831443275557831
0.999998312652316978521582768735
0.999998262659576586663945363398
0.999998211937017655870363341819
0.99999816048464040818544162903
