1
0.999999999248179727295848806534
0.999999996992719020205697688652
0.999999993233617656684941721323
0.999999987970875969800488292094
0.999999981204493737507732475933
0.999999972934471070828976735356
0.999999963160808080786523532879
0.999999951883504656358070405986
0.999999939102560908565919817192
0.99999992481797705945467669153
0.999999909029752886979736103967
0.999999891737888724208005442051
0.999999872942384460117182243266
0.999999852643240316751871432643
0.999999830840456183089770547667
0.999999807534032392197786975885
0.999999782723969055098223179812
0.999999756410266060768776696932
0.999999728592923631254052452277
0.999999699271941988598655370879
0.999999668447321132802585452737
0.999999636119061285910447622882
0.999999602287162558944544343831
0.999999566951625062927178078098
0.999999530112449019902953750716
0.999999491769634651916476286715
0.999999451923182069990048148611
0.99999941057309138514597179892
0.999999367719362819428852162673
0.999999323361996594883294164902
0.999999277500992933553902730637
0.99999923013635205748528278491
0.999999181268074077699736790237
0.999999130896159327264172134164
0.999999079020607917200891279208
0.999999025641420180576801612915
0.999998970758596339436508060317
0.999998914372136615824615546444
0.999998856482041231785728996329
0.999998797088310520386755797517
0.999998736190944703672300875041
0.999998673789944114709271616448
0.999998609885308975542272946768
0.999998544477039508215909791033
0.999998477565136156819391999306
0.999998409149599254419626959134
0.999998339230428912038917133032
0.999998267807625573766472371062
0.999998194881189461646897598257
0.999998120451121019769402664679
0.999998044517420581200894957874
0.999997967080088367985979402874
0.999997888139124935236168312258
0.999997807694530393973764148541
0.999997725746305299310279224301
0.999997642294449873290318464569
0.999997557338964671025394181925
0.999997470879849914560111301398
0.999997382917106047983679673052
0.99999729345073351538530914695
0.999997202480732538809604648122
0.999997110007103784390380951663
0.99999701602984758519454544512
0.999996920548964274289005516039
0.999996823564454295762971014483
0.99999672507631820472795425303
0.999996625084556334250862619228
0.999996523589169128420905963139
0.999996420590157142349596597342
0.999996316087520820126144371898
0.99999621008126060583975913687
