1
0.999999999508424330940670188284
0.99999999803369743478498321565
0.999999995575819311532939082099
0.999999992134789850162235325115
0.999999987710609161695174407214
0.999999982303277246131756328396
0.99999997591279410347198108866
0.999999968539159844738151150523
0.999999960182374247885661588953
0.999999950842437645981419791497
0.999999940519349816980820833123
0.999999929213110982928469638864
0.999999916923721032802063746203
0.999999903651180077623905617656
0.999999889395488117393995253224
0.999999874156645152112332652905
0.999999857934651403823522741732
0.999999840729506650482960594672
0.999999822541211225157553599274
0.999999803369765016824999293021
0.99999978321516813650760013843
0.999999762077420584205356135499
0.999999739956522470940569746745
0.999999716852473907735543434683
0.999999692765274894590277199313
0.999999667694925431504771040636
0.999999641641425740523629883683
0.999999614604775821646853728453
0.999999586584975785896745037462
0.999999557582025744295606273226
0.999999527595925696843437435746
0.999999496626675754562540987536
0.999999464674276028475219391112
0.999999431738726518581472646474
0.99999939782002755794820814117
0.999999362918179035553123412683
0.999999327033181173440823386045
0.999999290165033971611308061256
0.999999252313737541086879900831
0.999999213479292103912143829803
0.999999173661697771109402310685
0.999999132860954542678655343479
0.999999091077062640664507853216
0.999999048310022065066959839896
0.99999900455983303793061622855
0.99999895982649578130008194421
0.999998914110010295175356986874
0.99999886741037669057874381906
0.999998819727595078532544903283
0.999998771061665792103667627089
0.999998721412588831292111990479
0.999998670780364418142482918483
0.999998619164992552654780411103
0.999998566566473567895911855885
0.999998512984807463865877252829
0.999998458419994573631583989481
0.999998402872034897193032065843
0.999998346340928656594826406945
0.999998288826676073881571937818
0.999998230329277260075571120979
0.999998170848732326199126418942
0.999998110385041605319145219255
0.999998048938205097435627521918
0.999997986508223135615480714478
0.99999792309509583088100725945
0.99999785869882329425450961935
0.999997793319405969825197644241
0.999997726956843746570768871607
0.999997659611136957558130688994
0.999997591282285824831888021436
0.999997521970290570436645793961
