1
0.999999999927877136762788268243
0.999999999711508658073455535487
0.999999999350894563932001801732
0.999999998846034743316124604462
0.999999998196929307248126406193
0.999999997403578255728007206926
0.999999996465981477733464544144
0.999999995384139084286800880363
0.999999994158051075388016215584
0.99999999278771734001480808729
0.999999991273137989189478957996
0.999999989614313022912028827704
0.999999987811242330160155233898
0.999999985863926132978463101608
0.999999983772364098300045043288
0.999999981536556559191808446485
0.999999979156503293609148386167
0.999999976632204412574367324851
0.999999973963659916087465262535
0.999999971150869804148442199221
0.999999968193833965734995672392
0.999999965092552511869428144564
0.999999961847025442551739615737
0.999999958457252757781930085912
0.999999954923234346537697092572
0.999999951244970430863645560748
0.999999947422460788715170565411
0.999999943455705531114574569074
0.999999939344704658061857571738
0.999999935089458169557019573404
0.99999993068996606560006057407
0.999999926146228235168678111222
0.999999921458244900307477109891
0.999999916626015949994155107561
0.999999911649541273206409641716
0.999999906528821091988845637388
0.999999901263855295319160632062
0.99999989585464377217505216322
0.999999890301186744601125155896
0.999999884603484101575077147572
0.99999987876153584309690813825
0.999999872775341969166618127929
0.999999866644902479784207116609
0.999999860370217485971977566805
0.999999853951286765685324553488
0.999999847388110540968853001687
0.999999840680688700800260448887
0.999999833829021356201849357603
0.999999826833108285129014802806
0.999999819692949709626361709525
0.99999981240854562969389007776
0.999999804979895823286994982482
0.999999797407000623472583811235
0.999999789689859697183749176475
0.99999978182847326646509600323
0.999999773822841331316624291503
0.999999765672963780716031578777
0.999999757378840725685620327567
0.999999748940472055203088075359
0.999999740357857880290737284668
0.999999731630998200948567955493
0.999999722759893017176580087835
0.999999713744542217952471219178
0.999999704584945914298543812038
0.999999695281103995192495403899
0.999999685833016682678930919792
0.999999676240683754713245434687
0.999999666504105433340043873613
0.999999656623281496514721311542
0.999999646598212055259580210986
0.999999636428897220596923034464
