1
0.999999999078691748088942858885
0.999999996314766881333468973025
0.999999991708225621778183267452
0.999999985259067747378480817133
0.999999976967293480178966547101
0.999999966832902820179640457354
0.999999954855895767380502547894
0.99999994103627232178155281872
0.999999925374032816449698657379
0.999999907869177140362637601356
0.999999888521705404542672113166
0.999999867331617720012104655325
0.999999844298914308815540152864
0.999999819423595170952978605783
0.999999792705660417446722476598
0.999999764145110381363679152855
0.999999733741945062703848634555
0.99999970149616468351183584673
0.999999667407769354809943251894
0.999999631476759409665078237595
0.999999593703134848077240803832
0.999999554086896114135640800669
0.999999512628043207840278228105
0.999999469326576573280362936202
0.999999424182496210455894924962
0.999999377195802563456084044446
0.999999328366495743303232757171
0.999999277694576194086550913198
0.999999225180044026828340975044
0.999999170822899574595510330255
0.999999114623143170454966366378
0.999999056580775147473616470961
0.99999899669579583871836803155
0.999998934968205466233825973177
0.999998871398004474109200145904
0.999998805985193195411397937278
0.999998738729771963207326734846
0.999998669631741221586196388671
0.999998598691101192592611823784
0.999998525907852431338085352763
0.99999845128199515986722190064
0.999998374813530044313836242509
0.9999982965024573067225333034
0.999998216348777502204825395893
0.999998134352490963827619907534
0.999998050513598135680126688385
0.999997964832099683896160513541
0.999997877307995830520326308033
0.999997787941287241686438846955
0.999997696731974250461405517854
0.999997603680057522979041095823
0.999997508785537503328555430926
0.999997412048414635599158373225
0.999997313468689585924664697814
0.999997213046362798394284254755
0.999997110781434939141831819143
0.999997006673906563278819703555
0.999996900723778114894457758055
0.999996792931050260122560757736
0.999996683295723554074641015177
0.999996571817798662884513305471
0.999996458497276252685992403713
0.999996343334156767568288159964
0.999996226328440984687517811835
0.99999610748012957017749613442
0.999995986789223079149735440296
0.999995864255722288760352967074
0.999995739879627754120861027332
0.999995613660940363409679321194
0.999995485599660560716017698724
0.99999535569578912319599339753
