1
0.999999999641742687295220548549
0.999999998566970749180882194196
0.999999996775684074634682474425
0.999999994267882885701226314268
0.999999991043566960335908788693
0.999999987102736409561032360216
0.999999982445391344398899491352
0.999999977071531542804905257071
0.999999970981157226823654582404
0.999999964174268285432845004834
0.999999956650864829654778986878
0.99999994841094674846715406602
0.999999939454514152892272704776
0.999999929781567042930134903145
0.999999919392105418580740661127
0.999999908286129390866392441239
0.999999896463638848764787780965
0.99999988392463390329822914282
0.999999870669114554466716526804
0.999999856697080802270249932917
0.999999842008532757731131823675
0.999999826603470420849362199078
0.999999810481893680602638596611
0.999999793643802870057868403819
0.999999776089197767170446695673
0.999999757818078482962675934687
0.999999738830445128456858583377
0.999999719126297703652994641743
0.999999698705636208551084109786
0.999999677568460643151126987505
0.999999655714771229497728199931
0.999999633144567856568585284549
0.999999609857850635386000703875
0.999999585854619565949974457908
0.999999561134874759282809009164
0.99999953569861632640680682016
0.999999509545844156299665428378
0.999999482676558471005989758851
0.999999455090759159503477349062
0.999999426788446443836733124044
0.999999397769620212983454621281
0.999999368034280688988246765803
0.99999933758242787185110955761
0.99999930641406187259434545922
0.999999274529182691217954470631
0.999999241927790438744239054358
0.999999208609885115173199210403
0.999999174575466942549439863797
0.999999139824535809850658552023
0.999999104357091939121460200113
0.999999068173135219339542345551
0.999999031272665983571812375885
0.999998993655684120795967828599
0.999998955322189853056613628723
0.999998916272183069331447313743
0.999998876505664102687376271206
0.999998836022632842102098038595
0.999998794823089398597915078426
0.999998752907033883197129853215
0.999998710274466517944347287994
0.999998666925387191817264920246
0.999998622859796015838185212488
0.99999857807769321205171308975
0.999998532579078891480151014548
0.999998486363953054123498986883
0.999998439432315811004059469269
0.999998391784167162121832461708
0.999998343419507440543725351745
0.999998294338336646269738139381
0.999998244540654779299870824616
0.999998194026462172701030794997
