1
0.99999999953085416670717222587
0.999999998123416777850991365995
0.999999995777687611386852495343
0.999999992493667000381663001463
0.999999988271354611768515496806
0.99999998311075077861431736892
0.999999977011855278874463692773
0.999999969974668112548954468366
0.99999996199918950168239462073
0.999999953085419446274784149864
0.999999943233357724281518130738
0.999999932443004668769503950898
0.999999920714360057694136685313
0.999999908047424113100021259015
0.999999894442196723964855209488
0.999999879898678112333243461762
0.999999864416868056160581090808
0.999999847996766888513775484171
0.99999983063837438734822171682
0.999999812341690774708524713787
0.999999793106716050594684475072
0.999999772933450326029003463191
0.999999751821893601011481678142
0.999999729772045875542119119928
0.999999706783907371665520713577
0.999999682857477978359383996576
0.999999657992757917668313893955
0.999999632189747078570007943199
0.999999605448445683109071069339
0.99999957776885384230780573489
0.999999549150971445143909477338
0.999999519594798824684289684228
0.99999948910033575888434143053
0.999999457667582580810972103791
0.99999942529653929046418170401
0.999999391987205998866272693704
0.999999357739582817039547535387
0.99999932255366974498400622906
0.999999286429466893721951237239
0.999999249366974485297987484955
0.999999211366192630734417434724
0.999999172427121219008938624029
0.999999132549760583188458440418
0.999999091734110723272976883891
0.999999049980171861307098879479
0.999999007287943997290824427182
0.999998963657427242246455989516
0.999998919088621818218598491512
0.99999887358152772520725193317
0.999998827136145296279323702038
0.999998779752474420412511335599
0.9999987314305154306737222214
0.999998682170268327062956359441
0.999998631971733331624818674754
0.999998580834910555381611629855
0.999998528759800109355637687258
0.999998475746402215591501771996
0.999998421794716985111506346584
0.999998366904744528937953873537
0.999998311076484958093146815372
0.999998254309938605643992559635
0.999998196605105582612793568842
0.999998137961985888999549842993
0.999998078380579857871168769634
0.999998017860887600249952811282
0.999997956402909227158204430452
0.999997894006645071662831014692
0.999997830672095133763832564
0.999997766399259746528116465925
0.999997701188138909955682720465
0.999997635038732957113438715169
