1
0.999999999787644422433174895559
0.999999999150577578710397119721
0.999999998088799579853969135002
0.999999996602310314841588478885
0.999999994691110005717860076402
0.999999992355198319415876540006
0.999999989594575589002545257244
0.999999986409241592433261303086
0.999999982799196329708024677529
0.999999978764440022871440305607
0.999999974304972449878903262288
0.999999969420793721752716010087
0.999999964111903838492878549005
0.999999958378302800099390879041
0.999999952219990606572253000195
0.999999945636967257911464912468
0.999999938629232754117026615859
0.999999931196787206211240572884
0.999999923339630503171804321028
0.99999991505776264499871786029
0.999999906351183742714283653186
0.999999897219893796318501699716
0.999999887663892694789069537364
0.999999877683180549148289628647
0.999999867277757359396161973564
0.999999856447623125532686572114
0.999999845192777847557863424299
0.999999833513221636493994992634
0.999999821408954381318778814602
0.999999808879976193054517352721
0.999999795926286960678908144473
0.999999782547886795214253652375
0.999999768744775807682856338943
0.999999754516953776040111279144
0.999999739864420922330623398011
0.999999724787177246554392695543
0.999999709285222637689116709225
0.999999693358557206757097901573
0.999999677007180953758336272585
0.999999660231093989715134284779
0.999999643030296203605189475638
0.999999625404787595428501845163
0.999999607354568387229676318384
0.999999588879638356964107970271
0.999999569979997726676401725854
0.999999550655646385344255122618
0.999999530906584443989970623079
0.999999510732811902613548227237
0.999999490134328761214987935091
0.999999469111135019794289746642
0.999999447663230789373756124405
0.999999425790616069953387068381
0.999999403493290861533182578569
0.999999380771255275135445117485
0.999999357624509199737872222613
0.999999334053052746362766356469
0.999999310056886026032429981569
0.999999285636008816702258172882
0.999999260790421451439158317953
0.999999235520123708198525491753
0.999999209825115809024964619312
0.99999918370539775391847570063
0.999999157160969431856756273191
0.999999130191831064884411262028
0.999999102797982541979138204624
0.999999074979423974163239563495
0.999999046736155361436715338641
0.999999018068176814821867992578
0.999998988975488334318697525305
0.999998959458089808904901474307
0.999998929515981571647387227131
