1
0.999999999862426935948178652325
0.999999999449707521748109684268
0.99999999876184197944439802086
0.99999999779883008699243873707
0.99999999656067206643683675793
0.999999995047367806755289620924
0.999999993258917307947797326051
0.999999991195320570014359873312
0.999999988856577592954977262707
0.999999986242688376769649494236
0.999999983353653032480679030414
0.99999998018947133804346094621
0.999999976750143515502600166656
0.999999973035669453835794229235
0.999999969046049153043043133948
0.999999964781282724146649343311
0.999999960241370056124310394807
0.999999955426311148976026288437
0.999999950336106113724099486717
0.99999994497075483934622752713
0.999999939330257325842410409678
0.999999933414613684234950596874
0.999999927223823803501545626204
0.9999999207578879056868004227
0.999999914016805657723807598813
0.999999907000577392679474542092
0.999999899709202888509196327504
0.999999892142682256235275417566
0.999999884301015495857711812278
0.999999876184202496354203049123
0.999999867792243479769354053133
0.999999859125138335080862361792
0.999999850182887062288727975101
0.99999984096548966139295089306
0.999999831472946132393531115667
0.999999821705256475290468642925
0.999999811662420801106065937347
0.999999801344439109840322998934
0.999999790751311179448634902656
0.999999779883037342997909036058
0.999999768739617378443540474109
0.999999757321051396807831679325
0.999999745627339398090782651707
0.999999733658481382292393391253
0.999999721414477238390361435449
0.999999708895327188429291709326
0.999999696101031121386881750368
0.999999683031589148285434021091
0.999999669687001047080343596463
0.999999656067267150838517864031
0.999999642172387237515351898764
0.999999628002361307110845700663
0.999999613557189581669604194758
0.999999598836871839147022456018
0.999999583841408301587705409474
0.999999568570798746947048130096
0.999999553025043397269655542914
0.999999537204142141533225185412
0.999999521108095090760059520107
0.999999504736902133927856084483
0.999999488090563382058917341055
0.999999471169078835153243289824
0.999999453972448493210833930789
0.99999943650067235623168926395
0.999999418753750424215809289308
0.999999400731682697163194006862
0.999999382434469286096145879128
0.999999363862110191014664906106
0.999999345014605411918751087796
0.999999325891954837786101961683
0.999999306494158690661322452797
