1
0.999999999677424811217463229696
0.999999998709699244869852918782
0.999999997096823411979471529776
0.999999994838797090501714137645
0.999999991935620502481185667421
0.999999988387293536895583656587
0.999999984193816193744908105145
0.999999979355188473029159013095
0.999999973871410596792941305466
0.999999967742482231969347594713
0.999999960968403711625285268383
0.999999953549174813716149401444
0.999999945484795649264242456411
0.999999936775266218269564433285
0.999999927420586520732115332066
0.99999991742075666767419761527
0.99999990677577654807350882038
0.999999895485646272952351409913
0.999999883550365842310725383868
0.999999870969935256148630742246
0.999999857744354514466067485046
0.999999843873623839307640537299
0.99999982935774289760644251146
0.999999814196712022429380795074
0.999999798390531213776455388142
0.999999781939200249603061365633
0.999999764842719462976106115093
0.999999747101088742873287174007
0.99999972871430820031690700489
0.999999709682377724284663145227
0.999999690005297536821160520049
0.99999966968306752690409666684
0.999999648715687805555774048116
0.999999627103158372776192663878
0.99999960484547933958765497664
0.999999581942650705990160986403
0.999999558394672471983710693166
0.999999534201544748590606559446
0.999999509363267535810848585243
0.999999483879840944666739233071
0.999999457751264975158278502931
0.999999430977539738307768857339
0.999999403558665123092907833779
0.999999375494641351558300357283
0.99999934678546842370394642785
0.999999317431146450552148507995
0.99999928743167543210290659772
0.999999256787055368356220697024
0.999999225497286370334393268422
0.999999193562368549059726774431
0.99999916098230190453222121505
0.999999127757086547774179052794
0.999999093886722478785600287665
0.999999059371209808588787382178
0.999999024210548537183740336332
0.999998988404738886615064075158
0.999998951953780745860456136143
0.999998914857674336964521444315
0.999998877116419659927259999677
0.999998838730016714748671802226
0.999998799698465723473361776996
0.999998760021766686101329923986
0.999998719699919602632576243195
0.999998678732924695111705659656
0.999998637120781963538718173368
0.999998594863491518935916246846
0.999998551961053472325602342607
0.999998508413467823707776460651
0.999998464220734684104741063493
0.999998419382854164538798613648
0.999998373899826376032251573633
