1
0.999999999526411387229529736942
0.999999998105645659940421410283
0.999999995737702707110372557509
0.999999992422582639761685641133
0.999999988160285457894360661157
0.999999982950811050486095155065
0.999999976794159639581494047889
0.999999969690331003135952414596
0.999999961639325363194075180218
0.999999952641142608733559882239
0.999999942695782850776708983176
0.999999931803246089323522483028
0.999999919963532324374000381795
0.999999907176641555928142679477
0.999999893442574006030554301105
0.999999878761329563658932784165
0.999999863132908228813278128655
0.999999846557310112515892797092
0.99999982903453532578907925199
0.999999810564583868632837493351
0.999999791147455741047167521174
0.999999770783151054054371797974
0.999999749471669807654450323753
0.999999727213012112869705561025
0.999999704007178080722439972305
0.99999967985416760019035109508
0.999999654753981004340346316894
0.999999628706618071127820712718
0.999999601712079133619681670098
0.999999573770364191815929189033
0.999999544881473134694260807009
0.999999515045406295321583911573
0.999999484262163673697898502724
0.999999452531745380845507042977
0.999999419854151416764409532334
0.999999386229381892476908433309
0.999999351657437030027608670935
0.99999931613831682941651024521
0.999999279672021290643613156135
0.999999242258550746775824791257
0.999999203897905197813145150576
0.999999164590084643755574234092
0.999999124335089306647716966836
0.999999083132919297511875811324
0.999999040983574838392655692587
0.99999899788705581826775414811
0.999998953843362459181776102923
0.999998908852494983179326482059
0.999998862914453390260405285517
0.999998816029237902469617438328
0.999998768196848519806962940493
0.999998719417285575339349179558
0.999998669690548958044473693008
0.999998619016639112011546330905
0.999998567395555926218264630734
0.999998514827299622709233517526
0.999998461311870423529057916312
0.999998406849268439700040289608
0.99999835143949378224448309993
0.999998295082546562184688809793
0.999998237778427112587564806745
0.9999981795271355444754135533
0.99999812032867185784823504946
0.99999806018303638577293668277
0.999997999090229350294123378262
0.999997937050250751411795135937
0.999997874063100811170556880825
0.999997810128779751615013537958
0.999997745247287794789770032367
0.999997679418625051717128826567
0.999997612642791633419392383075
