1
0.999999999832821395706616840471
0.999999999331285582826467361883
0.999999998495392672381854026753
0.999999997325142553350474372564
0.999999995820535114710025936802
0.999999993981570689527416107012
0.999999991808248944735737495648
0.999999989300569991357292565226
0.999999986458533940414383778261
0.999999983282140791907011134754
0.999999979771390323790569709672
0.999999975926282758109664428048
0.999999971746817983841992827365
0.99999996723299611200985737014
0.999999962384817031590955593856
0.99999995720228085360758996103
0.999999951685387467037458009145
0.999999945834136982902862200717
0.999999939648529401203802535747
0.999999933128564610917976551718
0.999999926274242723067686711147
0.999999919085563848675235476549
0.999999911562527654673715460376
0.999999903705134474130034050177
0.999999895513384196021888783434
0.999999886987276820349279660149
0.999999878126812458134509142837
0.999999868931990887332972306467
0.99999985940281232998927407607
0.999999849539276786103414451645
0.999999839341384144653090970678
0.999999828809134405638303633168
0.999999817942527791103657364147
0.999999806741564079004547238583
0.999999795206243380363275718992
0.999999783336565695179842805373
0.999999771132531023454248497728
0.999999758594139476208795258572
0.999999745721390942421180625388
0.999999732514285422091404598177
0.999999718972823026241769639455
0.999999705097003754872275749221
0.999999690886827496960620464961
0.999999676342294474551408711704
0.999999661463404465600035564421
0.999999646250157692151105948142
0.999999630702554154204619862867
0.999999614820593629715972383565
0.999999598604276451752070897783
0.999999582053602398268310480489
0.9999995651685715802869935942
0.999999547949184108830422701431
0.99999953039543976185399287715
0.999999512507338761402309046389
0.999999494284881107475371209148
0.999999475728066800073179365427
0.99999945683689572817343105271
0.999999437611368002798428733513
0.999999418051483734970474870352
0.99999939815724281366726700071
0.999999377928645349911107587104
0.999999357365691232679694167018
0.999999336468380684017631665483
0.999999315236713592902617619984
0.99999929367068995933465203052
0.999999271770309783313734897092
0.999999249535573286884471144731
0.999999226966480248002255848405
0.999999204063030888711693933146
0.999999180825225097990482936439
0.999999157253062875838622858282
