1
0.9999999998469323303496025801
0.999999999387729210376107857883
0.999999998622390751101818295865
0.999999997550916952526733894047
0.999999996173307703628552189912
0.999999994489563115429575645976
0.999999992499683076907501799724
0.999999990203667699084633113671
0.999999987601516981960969587817
0.999999984693230814514208759647
0.999999981478809307766653091676
0.999999977958252461718302583904
0.999999974131560276369157236331
0.999999969998732640696914586442
0.999999965559769665723877096752
0.999999960814671351450044767262
0.99999995576343769787541759797
0.999999950406068704999995588878
0.999999944742564372823778739985
0.999999938772924701346767051291
0.999999932497149690568960522796
0.999999925915239451512661617016
0.99999991902719376213326540892
0.999999911833012844475376823539
0.999999904332696587516693398356
0.999999896526244991257215133373
0.999999888413658166719244491105
0.999999879994936002880479009036
0.999999871270078610763221149682
0.999999862239085879345168450527
0.999999852901958030670925836603
0.999999843258694842695888382877
0.999999833309296426442358551867
0.999999823053762670888033881056
0.999999812492093798077519295475
0.999999801624289696988512332609
0.999999790450350478643315454974
0.999999778970275920997323737538
0.999999767184066246095142105332
0.999999755091721453936770558357
0.999999742693241433499906634097
0.999999729988626295806852795067
0.999999716977875929835306578752
0.999999703660990557629872910184
0.99999969003796995714594686433
0.999999676108814350428133366222
0.999999661873523626454129953345
0.999999647332097896246239088214
0.999999632484537048782158308313
0.999999617330841084061887613643
0.999999601871010113107729466719
0.999999586105044135919683867542
0.999999570032943263520053278626
0.99999955365470727386423277494
0.999999536970336277974524819001
0.999999519979830386873231873324
0.999999502683189600560353937908
0.999999485080413808013588550239
0.999999467171503120255238172831
0.999999448956457537285302805685
0.999999430435277059103782448801
0.999999411607961796732979564695
0.99999939247451163915059169085
0.999999373034926586356618827267
0.999999353289206860395665898977
0.999999333237352239223127980949
0.999999312879362833861307535699
0.999999292215238755332507025742
0.999999271244979892614423988562
0.999999249968586245707058424159
0.999999228386058036655015257566
