1
0.99999999947464301985888823765
0.999999997898571968413250488084
0.999999995271787067707691676333
0.999999991594288095697606877366
0.999999986866075163405298553698
0.999999981087148381853069167846
0.999999974257507528996313794778
0.999999966377152826879637359525
0.999999957446084275503039862087
0.999999947464301874866521302465
0.999999936431805624970081680658
0.999999924348595525813720996666
0.999999911214671799442044175521
0.999999897030034223810446292191
0.999999881794683131985834734223
0.999999865508618301923604576587
0.999999848171839955668360744312
0.9999998297843480932201032374
0.999999810346142825601134518365
0.999999789857224041789152124693
0.99999976831759207485106344393
0.999999745727246702742263551045
0.999999722086188258529659833584
0.999999697394416631190949829033
0.999999671651932042770738462423
0.999999644858734382246723271237
0.999999617014823982685811643023
0.999999588120200733065701115265
0.999999558174864744408694150479
0.999999527178816238759395673696
0.999999495132055216117805684917
0.999999462034581787506226646656
0.999999427886396063946961021429
0.999999392687498156462311271753
0.999999356437888176074579860142
0.999999319137566233806069249113
0.99999928078653244067908190118
0.999999241384786907715920278861
0.999999200932329745938886844669
0.999999159429161177392586523638
0.999999116875281313099321778282
0.999999073270690153059092608601
0.999999028615387919316503939626
0.99999898290937483391616069639
0.999998936152650896858062878891
0.999998888345216330186815412162
0.999998839487071355947023221233
0.999998789578215974138686306105
0.999998738618650406806409591809
0.999998686608374875994798003376
0.999998633547389492726154003321
0.999998579435694368022780054162
0.999998524273289834951583543443
0.999998468060175893512564471166
0.999998410796352765750327762362
0.999998352481820673709478342062
0.999998293116579839434621135297
0.999998232700630373948058604583
0.999998171233972388272093212436
0.999998108716606326495934808918
0.999998045148532188619583394029
0.999997980529750196687643892801
0.999997914860260572744721230265
0.999997848140063538835420331452
0.999997780369159317004346121394
0.999997711547548018273801062605
0.99999764167523008673299500515
0.999997570752205522381927949027
0.999997498778474658287507281784
0.999997425754037605472035465937
0.999997351678894697002419889031
