1
0.999999999574231801524604179576
0.999999998296927317120719180821
0.999999996168086546788345003733
0.999999993187709490527481648314
0.999999989355796037315826652048
0.999999984672346298175682477449
0.999999979137360384129351587035
0.999999972750838073132229055773
0.999999965512779587228919808695
0.999999957423184815397121383285
0.999999948482053868659136242059
0.999999938689386747014964385016
0.999999928045183450464605812158
0.999999916549443979008060523483
0.999999904202168443667630981508
0.999999891003356733421014723717
0.999999876953009070312816675141
0.999999862051125343320734373265
0.999999846297705774489372743119
0.999999829692750141774126859673
0.999999812236258667219601647957
0.999999793928231350825797107973
0.999999774768668303615015702235
0.999999754757569414564954968228
0.999999733894934905720219830982
0.999999712180764666058507827984
0.999999689615058917624423884263
0.999999666197817549395665537304
0.999999641929040783416837712139
0.999999616808728619687940408767
0.999999590836881058208973627188
0.999999564013498321024542292434
0.99999953633858029711234394199
0.99999950781212709749468103837
0.999999478434138944216158506606
0.999999448204615726254473884183
0.999999417123557665654232096131
0.999999385190964651393130679935
0.999999352406837016538077023142
0.999999318771174650066768663237
0.999999284283977663001508062735
0.999999248945246277386900146666
0.999999212754980382200642452517
0.999999175713180199487339905318
0.999999137819845840269294967584
0.999999099074977415568810101831
0.99999905947857492538588530806
0.999999019030638480742823048786
0.999998977731168192661925786524
0.999998935580164283187798446306
0.999998892577626752320441028132
0.999998848723555711082155994518
0.999998804017951270495245807979
0.99999875846081354158201293103
0.999998712052142746387062288704
0.999998664791938884910393881
0.999998616680202068174310170434
0.999998567716932518223416082037
0.999998517902130235057711615809
0.999998467235795551744104159297
0.999998415717928357260291249986
0.999998363348528873650877812906
0.99999831012759732296046877309
0.999998256055133705189064130536
0.999998201131138242381268810277
0.999998145355611045559385274828
0.999998088728552225745715986704
0.999998031249962116007168333454
0.99999797291984060532143985256
0.999997913738187915733135469054
0.999997853705004269286860107968
