1
0.999999999306384057540242338291
0.999999997225536119138666890649
0.999999993757456406839878582105
0.999999988902144698599272487627
0.999999982659601216461453532247
0.999999975029825738381816790934
0.999999966012818597427269651234
0.999999955608579571553207188117
0.999999943817108882804234326613
0.999999930638406531180351066723
0.999999916072472516681557408447
0.999999900119306839307853351784
0.999999882778909832126146284281
0.999999864051281273091831280908
0.999999843936421384249513266695
0.999999822434330276621494704159
0.999999799545007950207775593299
0.99999977526845451603065839663
0.999999749604670085112445576669
0.999999722553654879497742058447
0.999999694115408899186547841964
0.99999966428993214417886292722
0.999999633077224947541594701761
0.999999600477287420297045628104
0.999999566490119562445215706248
0.999999531115721596030709861225
0.999999494354093743098133018066
0.999999456205236003647485176771
0.999999416669148599723371262371
0.999999375745831753370396199898
0.999999333435285575610862451867
0.999999289737510177467072480795
0.999999244652505892005933674227
0.99999919818027283024974849468
0.999999150320811214243121867185
0.999999101074121155008356254257
0.999999050440202874590056580928
0.999998998419056706055130234745
0.999998945010682871448182140739
0.99999889021508137076921229891
0.999998834032252648107430559321
0.999998776462196814485139384487
0.999998717504914202969246161956
0.999998657160404924582053354243
0.99999859542866942341277081141
0.999998532309707810483700995974
0.999998467803520307839448832965
0.999998401910107359569224172446
0.999998334629469076695329476934
0.999998265961605903306974596489
0.999998195906517950426461993629
0.999998124464205662143001518416
0.999998051634669149478895633365
0.999997977417908856523354188539
0.999997901813925116343284571485
0.999997824822718150983291707234
0.99999774644428840453258544585
0.999997666678635988013468249846
0.999997585525761456537452431803
0.999997502985665032149142916751
0.999997419058347047915447092237
0.999997333743807947925574808323
0.999997247042048065246433452558
0.999997158953067621922627949971
0.999997069476867062043368150626
0.999996978613446829697863904585
0.999996886362807257953022599395
0.999996792724948790898054085119
0.999996697699871650577563286788
0.999996601287576392103062516981
0.999996503488063348541459163243
