1
0.999999999441979925407508744684
0.99999999776791981265233744125
0.999999994977819550712183627184
0.999999991071679250609349765
0.999999986049498912343835854699
0.999999979911278424893339433766
0.99999997265701801030246542723
0.999999964286717557548911372578
0.999999954800377066632677269808
0.999999944197996759598368043953
0.999999932479576414401378769981
0.999999919645116253086314372922
0.999999905694616275653174852778
0.999999890628076482101960209548
0.999999874445496983454972905747
0.999999857146877779712212941376
0.999999838732218981895982778951
0.999999819201520590006282418472
0.999999798554782826087716784969
0.999999776792005468095680953411
0.999999753913188849097082311346
0.999999729918332969091920858773
0.999999704807437939102499058208
0.999999678580503759128816909652
0.999999651237530540193176875619
0.999999622778518393317881418625
0.999999593203467429525233001186
0.999999562512377648815231623303
0.999999530705249384254784672521
0.99999949778208241379928722381
0.999999463742877181537949127232
0.999999428587633576448467920272
0.999999392316351820575448527961
0.999999354929032024941193412815
0.999999316425674189545702574833
0.999999276806278647455883401562
0.999999236070845398671735893004
0.999999194219374665237864974188
0.999999151251866447154270645115
0.999999107168320966465557830816
0.999999061968738445216331456322
0.999999015653118883406591521634
0.999998968221462614103245414299
0.999998919673769637306293134316
0.999998870010040286082642069232
0.999998819230274449409989756532
0.999998767334472571377546046278
0.999998714322634763007613400987
0.999998660194761135322494283173
0.999998604950851799344491155352
0.999998548590907199162813867588
0.999998491114927223755159957364
0.999998432522912317210739274742
0.999998372814862479529551819724
0.999998311990778043778504979855
0.999998250050659120979901217652
0.999998186994505933178345458145
0.999998122822318813440745088883
0.999998057534097761767100109864
0.999997991129843222246620371152
0.999997923609555305901608335262
0.999997854973234123754366464709
0.999997785220880119894104609557
0.999997714352493516365427694836
0.999997642368074313168335720547
0.999997569267622954392038536753
0.999997495051139662081141068484
0.999997419718624658280248240771
0.999997343270078276056267441163
0.999997265705500515409198669659
0.999997187024891931450554238836
