1
0.999999999482744317269578004925
0.999999997930977269078312019701
0.999999995344698966448504506843
0.99999999172390918733555054132
0.999999987068608153784055048163
0.999999981378795865794018027373
0.999999974654472212343137016433
0.999999966895637304453714477859
0.999999958102291142125750411651
0.99999994827443372535924481781
0.99999993741206516517650015885
0.999999925515185461577516434772
0.999999912583794614562293645577
0.999999898617892624130831791263
0.999999883617479712327735796862
0.999999867582555768130703199859
0.999999850513120791539734000253
0.999999832409175004599433123076
0.999999813270718407309800568328
0.999999793097750999670836336009
0.999999771890272892704842888634
0.999999749648284197434122688719
0.999999726371784913858675736265
0.99999970206077504197850203127
0.999999676715254803838206498767
0.999999650335224199437789138756
0.999999622920683339799552413751
0.99999959447163233594579878627
0.999999564988071187876528256311
0.99999953447000000661404328639
0.99999950291741901420294880154
0.999999470330328099620942339243
0.999999436708727595934931287047
0.999999402052617392122613182437
0.999999366361997710228592950443
0.999999329636868661275173053582
0.999999291877230356284655954369
0.999999253083082906279344115319
0.999999213254426422281539998949
0.999999172391261015313546067773
0.999999130493586796397664784308
0.99999908756140387655619861107
0.999999043594712588856054935604
0.999998998593512822274931295397
0.999998952557804798857432615478
0.999998905487588740648163820879
0.9999988573828646476471249116
0.999998808243632741898920812673
0.999998758069893245448156449129
0.999998706861646269317134283483
0.999998654618891924528156778251
0.999998601341630433125828858465
0.99999854702986190613245298664
0.999998491683586454570331625291
0.999998435302804411506372161966
0.999998377887515887962877059181
0.99999831943772099496214877945
0.999998259953420065571094710322
0.999998199434613099789714851795
0.999998137881300319662614128902
0.999998075293482058256699929188
0.999998011671158426594274715171
0.999997947014329535697640949365
0.999997881322995718633706019318
0.999997814597157197447074850061
0.999997746836813972137747441593
0.999997678041966486794933643978
0.999997608212614741418633457215
0.999997537348759180098056731367
0.99999746545039991385550592895
0.999997392517537053713283512479
