1
0.999999999848454002027153819654
0.999999999393815786064010353584
0.999999998636085574155174526823
0.999999997575263255278343876853
0.999999996211348829433518403675
0.99999999454434229662069810729
0.999999992574243767862185450213
0.999999990301053021113375507412
0.999999987724770278418873203918
0.999999984845395428756376077217
0.999999981662928472125884127308
0.999999978177369408527397354192
0.999999974388718348983218220383
0.999999970296975182471044263366
0.999999965902140020013177945657
0.99999996120421275058731680474
0.999999956203193374193460840615
0.999999950899082001853912515799
0.999999945291878522546369367774
0.999999939381583047293133859057
0.999999933168195465071903527132
0.999999926651715886904980834515
0.999999919832144312792365781206
0.999999912709480631711755904689
0.999999905283725065707756129996
0.999999897554877392735761532094
0.999999889522937723818074573501
0.999999881187906169976997716731
0.999999872549782509167926036753
0.999999863608566963435464458598
0.999999854364259310735008057236
0.999999844816859773111161757697
0.999999834966368350563925559982
0.999999824812784932070997001574
0.999999814356109517632376082474
0.999999803596342218270365265198
0.999999792533483033984964549745
0.999999781167531964776173936116
0.999999769498488899621690961794
0.999999757526354060566120551812
0.999999745251127336587160243653
0.999999732672808616662507574802
0.999999719791398233859069932805
0.999999706606895855109939930117
0.999999693119301702459722491767
0.999999679328615775908417617757
0.99999966523483796443372284557
0.999999650837968490080243100238
0.999999636138007130803373456729
0.999999621134953997625416377559
0.999999605828809201568674325245
0.999999590219572631610844837269
0.999999574307244287751927913632
0.99999955809182428101422601685
0.999999541573312611397739146923
0.999999524751709278902467303851
0.999999507627014172506108025118
0.999999490199227514253266235755
0.999999472468349193121639473247
0.99999945443437932013353020011
0.999999436097317784266635953827
0.999999417457164696543259196915
0.999999398513919945941097466857
0.999999379267583754504755688686
0.999999359718156011211931399885
0.999999339865636716062624600454
0.999999319710025980079137752909
0.999999299251323803261470857251
0.999999278489530074587321450963
0.999999257424644905078991996561
0.999999236056668405758784956561
