1
0.999999999631545621880945873272
0.999999998526182376501481030573
0.999999996683910263861605471902
0.999999994104729394983621659776
0.999999990788639769867529594194
0.99999998673564127749102681264
0.999999981945734028876415777631
0.999999976418917913001394026651
0.99999997015519315191056648473
0.999999963154559523559328226838
0.999999955417017249992284178006
0.999999946942566220187131875718
0.999999937731206434143871319975
0.999999927782938002884804973291
0.999999917097760926409932835668
0.999999905675675093696952444589
0.9999998935166808378127711876
0.999999880620777825690481677157
0.999999866987966390396991300804
0.999999852618246309887695133511
0.99999983751161780620719810031
0.999999821668080768333197738684
0.999999805087635418310298973665
0.999999787770281534093896880222
0.999999769716019448750898845901
0.999999750924848940236699945672
0.999999731396770230595905104565
0.999999711131783208806211860065
0.999999690129888096912225137203
0.999999668391084783891642473463
0.999999645915373380766766331362
0.999999622702753887537596710899
0.999999598753226526248738537106
0.999999574066791185877889347466
0.999999548643447977447351604496
0.999999522483196900957125308196
0.99999949558603806742951292108
0.99999946795197147686451444315
0.999999439580997351306734799437
0.999999410473115579733871527424
0.999999380628326273168227089627
0.999999350046629542632103948563
0.999999318728025388125502104231
0.999999286672514031693026481662
0.999999253880095362312374618341
0.999999220350769491005848976783
0.999999186084536528795752019505
0.999999151081396475682083746506
0.999999115341349553709449082817
0.999999078864395762877848028438
0.999999041650535214209583045886
0.999999003699767907704654135159
0.99999896501209406540766622129
0.999998925587513576296316841763
0.999998885426026773437513384124
0.999998844527633545808953385858
0.999998802892334004432939309481
0.999998760520128260331773617509
0.999998717411016535550061234972
0.999998673564998719065499699354
0.999998628982075143944996398204
0.999998583662245699166248869005
0.999998537605510606773862036789
0.999998490811869866767835901555
0.99999844328132359017047292582
0.999998395013871999026378034614
0.999998346009515204357853690453
0.999998296268253206164899893338
0.999998245790086115469819105783
0.999998194575014043294913790305
0.999998142623037211684788871935
