1
0.999999999613854884117358778894
0.999999998455419314424830190546
0.999999996524693512967019159987
0.999999993821677479743925687217
0.999999990346371103733247309719
0.999999986098774384934984027495
0.999999981078887323349135840544
0.999999975286710029998005211382
0.999999968722242504881592140009
0.999999961385484747999896626425
0.999999953276436759352918670629
0.999999944395098538940658272622
0.999999934741470086763115432404
0.999999924315551513842592612491
0.999999913117342820179089812882
0.999999901146844005772607033578
0.999999888404055070623144274577
0.999999874888976014730701535882
0.999999860601606949117581280007
0.999999845541947984806085969467
0.999999829709999010773913141747
0.999999813105760027021062796848
0.9999997957292312555921398598
0.999999777580412696487144330604
0.999999758659304238683773746743
0.999999738965905993204330570734
0.999999718500218071071117265092
0.999999697262240472284133829817
0.999999675251973307865682727424
0.999999652469416466793461495399
0.999999628914570171112075058772
0.999999604587434420821523417544
0.99999957948800932694410903423
0.999999553616294778457529446314
0.999999526972290997406389578828
0.999999499555997983790689431771
0.99999947136741584863273146766
0.999999442406544591932515686494
0.99999941267338432471234455079
0.999999382167935046972218060546
0.999999350890196869734438678279
0.999999318840169904021308866504
0.999999286017854260855131087737
0.999999252423249940235905341979
0.999999218056356942163631629228
0.999999182917175488682914874516
0.999999147005705579793755077844
0.999999110321947437540757164243
0.999999072865900950901618671196
0.99999903463756623089864206122
0.999998995636943499576432259346
0.999998955864032756934989265574
0.999998915318834113996615542419
0.999998874001347681783613552398
0.999998831911573571318285758025
0.999998789049511782600632159301
0.999998745415162537675257681258
0.999998701008525836542162323894
0.999998655829601901245951012243
0.999998609878390620764321283787
0.999998563154892328164180526073
0.999998515659107023445528739103
0.999998467391034817630668385391
0.999998418350675932764204389969
0.999998368538030368846136752836
0.999998317953098236898767936509
0.999998266595879647944400403503
0.999998214466374824027639078849
0.999998161564583765148483962548
0.999998107890506582329237517115
0.999998053444143608636807130097
