1
0.999999999630068026057472252432
0.999999998520271993207586547214
0.999999996670612123494947809377
0.999999994081088083852648651373
0.99999999075170020734759646075
0.999999986682448382957488774991
0.999999981873332499660023131582
0.999999976324352779499804455554
0.999999970035509111454530284391
0.999999963006801495524200618092
0.999999955238229931708815456659
0.999999946729794531030677262606
0.999999937481495293489786035934
0.999999927493332108063839314127
0.999999916765305196797442022216
0.999999905297414448668291697686
0.999999893089659863676388340537
0.999999880142041663866336875799
0.999999866454559627193532378442
0.999999852027213975702579773497
0.999999836860004709393479060964
0.999999820952931717243927778327
0.999999804305995221298530850618
0.99999978691919511053498581532
0.999999768792531495975595134951
0.999999749926004377620358809509
0.99999973031961386649157930151
0.999999709973359962589256610954
0.999999688887242776935693200357
0.99999966706126230953088906972
0.999999644495418449352541756525
0.999999621189711529467558648321
0.999999597144141438853637282591
0.999999572358708177510777659336
0.999999546833411967483584703587
0.999999520568252808772058415343
0.99999949356323059035389633209
0.999999465818345645296005841374
0.999999437333597862576084480679
0.999999408108987353216434712522
0.999999378144514117217056536902
0.99999934744017837662255487885
0.999999315995980020410627275851
0.99999928381191915960357619042
0.99999925088799601624600654759
0.999999217224210479315615884843
0.999999182820562659834706664697
0.999999147677052779847883812181
0.999999111793680728332844864781
0.999999075170446616311892285012
0.999999037807350665829630997905
0.999998999704392876886061003461
0.999998960861573249481182301679
0.999998921278892005659599817591
0.999998880956349145421313551196
0.999998839893944779788625965011
0.999998798091679019783839521551
0.999998755549551865406954220816
0.999998712267563538702574987838
0.999998668245714150693004285131
0.999998623484003701378242112696
0.999998577982432301780590933049
0.999998531741000062922353208705
0.99999848475970709582583140218
0.99999843703855351151332797599
0.99999838857753942100714539265
0.999998339376664935329586114676
0.999998289435930165502952604584
0.999998238755335222549547324888
0.99999818733488010646937027559
0.999998135174565150329328844236
