1
0.999999999496686275968215795729
0.999999997986745103872863182914
0.999999995470176483713942161557
0.999999991946980415491452731658
0.999999987417156899205394893215
0.99999998188070593485576864623
0.999999975337627633464876453218
0.999999967787921995032718314178
0.999999959231588908536991766596
0.999999949668628484999999272986
0.999999939099040835444043295865
0.999999927522825848846821372717
0.999999914939983747252938428574
0.999999901350514308617789538403
0.999999886754417754985979627236
0.999999871151694086357508695073
0.99999985454234341375467920443
0.999999836926365626155188692792
0.999999818303760945603642085189
0.999999798674529372100039381621
0.999999778038670905644380582089
0.999999756396185657258968149108
0.999999733747073737966104545194
0.999999710091335036743487307831
0.999999685428969886658023824566
0.999999659759978176687411632884
0.999999633084360128876255657815
0.999999605402115632202253436844
0.999999576713244908710009895003
0.999999547017747958399525032291
0.99999951631562500331540377374
0.99999948460687604345764611935
0.999999451891501189848554531636
0.999999418169500442488129010599
0.999999383440874134443276943784
0.999999347705622154691695868678
0.99999931096374472527799071031
0.999999273215241846202161468682
0.999999234460113739508813068824
0.999999194698360516220247973251
0.999999153929982287358768644481
0.999999112154979163946677545027
0.999999069373351257006277137407
0.999999025585098677559869884135
0.999998980790221536629758247727
0.999998934988720167282849615731
0.99999888818059445849684152563
0.999998840365844632316338902456
0.99999879154447091078594667124
0.999998741716473293905664831982
0.999998690881852114742400772229
0.999998639040607484318456954497
0.999998586192739402633833378786
0.999998532338248202755437432643
0.999998477477133884683269116067
0.999998421609396781484235816606
0.999998364735037004180639996775
0.999998306854054663794784119091
0.999998247966449982371273108583
0.999998188072223181954711890285
0.99999812717137437356740292671
0.999998065263903779253951142891
0.999998002349811621058961463859
0.999997938429097898982433889614
0.999997873501763057113578270219
0.999997807567807206474697068188
0.999997740627230458088092746038
0.999997672680033033998370228801
0.999997603726215267272436904022
0.999997533765777268932595234219
0.999997462798719261023450144421
