1
0.99999999965956898329011437454
0.999999998638275822138155035645
0.999999996936120516544121983316
0.999999994553103066508015217551
0.999999991489223694074439663382
0.999999987744482066176487933262
0.999999983318878404858764952223
0.999999978212412710121270720265
0.999999972425084870941702774871
0.999999965956894998342363578558
0.999999958807843092323253131326
0.999999950977929152884371433174
0.999999942467153180025718484103
0.999999933275515284769596746628
0.999999923403015356093703758233
0.999999912849653505020341981435
0.999999901615429731549511416233
0.999999889700344035681212062627
0.999999877104396417415443920618
0.999999863827586876752206990204
0.999999849869915635736106196418
0.999999835231382583344839076744
0.999999819911987719578405631182
0.999999803911731044436805859732
0.999999787230612779964644687425
0.99999976986863270411731718923
0.999999751825791038939428290178
0.999999733102087784430977990269
0.999999713697523051614268752019
0.999999693612096618444695650396
0.999999672845808817989166072948
0.999999651398659539225377557159
0.999999629270648893175632565544
0.999999606461776879839931098104
0.999999582972043499218273154838
0.999999558801448973355263660778
0.999999533949993191228600153408
0.999999508417676152838282632729
0.999999482204498080228916023771
0.999999455310458973400500326534
0.999999427735558832353035541018
0.99999939947979776810882412974
0.999999370543175891690168555215
0.999999340925693092074766354926
0.999999310627349480284919991391
0.999999279648145278365234389639
0.999999247988080375293407087156
0.999999215647154882091740546457
0.999999182625368909782537230058
0.999999148922722569388099600474
0.999999114539215749886125195189
0.999999079474848673321218939236
0.999999043729621339693380832614
0.999999007303533860024913337838
0.999998970196586345338118917425
0.999998932408778684610695108859
0.999998893940111210909549299686
0.999998854790583813212379027391
0.999998814960196713563789217005
0.999998774448949911963779868529
0.999998733256843519434653444478
0.999998691383877535976409944851
0.999998648830052183633654294681
0.999998605595367462406386493967
0.99999856167982337229460654271
0.999998517083420246365221828455
0.999998471806157973595929888688
0.99999842584803677603133564844
0.999998379209056542649136645196
0.999998331889217606516240266501
0.999998283888519967632646512357
