1
0.999999999487970692158000929339
0.999999997951882990676608642389
0.999999995391736673511218214117
0.999999991807531851684132107039
0.999999987199268636217652783671
0.999999981566946916089477781497
0.999999974910566691299607100518
0.999999967230127961848040740733
0.999999958525630949779383627174
0.999999948797075433049030834809
0.99999993804446163370158728867
0.99999992626778944071475052624
0.999999913467059076133125472552
0.999999899642270317912107202574
0.999999884793423499118603103852
0.999999868920518397708008251357
0.999999852023555235724927570118
0.999999834102534013169361060136
0.999999815157454730041308721411
0.999999795188317497363073016459
0.999999774195122426156956407794
0.999999752177869516422958895419
0.999999729136558879183382941847
0.999999705071190514438228547078
0.999999679981764644232100636145
0.999999653868281046520394284016
0.999999626730740165392319340754
0.999999598569141889825573343842
0.999999569383486219820156293281
0.999999539173773488442975576618
0.999999507940003584671728731337
0.999999475682176619528718219954
0.9999994424002928150585489675
0.99999940809435228228352343649
0.99999937276435491018133916441
0.999999336410301031818903538806
0.999999299032190647196216559678
0.999999260630023978357883152057
0.999999221203800914281600853428
0.999999180753521899056579513854
0.999999139279186710638214208302
0.999999096780795793115714786836
0.99999905325834903546677878694
0.999999008711846659736011133646
0.999998963141288887968016751984
0.999998916546675720162795641954
0.999998868928007489387255191104
0.999998820285284084619092936919
0.999998770618505838925216266944
0.999998719927672863327927643695
0.999998668212785268849529529689
0.999998615473843277534626849956
0.999998561710847000405522067012
0.999998506923796659506820105889
0.999998451112692365860823429102
0.999998394277534230489834499167
0.999998336418322586460760703631
0.999998277535057544795904505008
0.999998217627739327539870828332
0.999998156696367934692659673601
0.999998094740943810343480890879
0.999998031761466954492334480165
0.999997967757937700206127829006
0.999997902730356158507163399918
0.999997836678722440417743655416
0.999997769603036990027078445564
0.999997701503299807335167770361
0.999997632379511114386616554839
0.999997562231671244248332186544
0.999997491059780307942617127992
0.99999741886383863853637876673
