1
0.999999999610929557469773953926
0.99999999844371834090139827822
0.99999999649836612825026804785
0.999999993774873252583290650364
0.999999990273239380833558698214
0.999999985993464735045677116432
0.999999980935549315219645905017
0.999999975099493121355465063971
0.999999968485296042430832130776
0.999999961092958189468049567949
0.999999952922479673489419838006
0.999999943973860272450338015915
0.999999934247100208395409026707
0.999999923742199481324632870383
0.999999912459158091238009546942
0.999999900397976038135539056384
0.99999988755865332201722139871
0.999999873941190053905359036435
0.999999859545586233799951969559
0.999999844371841861701000198082
0.999999828419957048630806184519
0.999999811689931794589369928872
0.999999794181766099576691431139
0.999999775895459963592770691321
0.999999756831013608682212634449
0.999999736988426923822714798007
0.999999716367700020036579644511
0.999999694968832897323807173962
0.999999672791825666706699848874
0.999999649836678328185257669247
0.999999626103390992781783097598
0.999999601591963660496276133927
0.999999576302396331328736778232
0.999999550234689227323769955547
0.99999952338884234848137566587
0.999999495764855694801553909201
0.999999467362729266284304685541
0.999999438182463395996535382437
0.999999408224057861893641074857
0.999999377487512886020226687833
0.99999934597282857939859468388
0.999999313680004942028745062998
0.999999280609041973910677825188
0.99999924675993989708899789548
0.999999212132698711563705273875
0.999999176727318528357102422888
0.999999140543799347469189342519
0.999999103582141390944570957799
0.99999906584234465878324726873
0.999999027324409262007520737825
0.999998988028335311639693827601
0.999998947954122807679766538058
0.999998907101771972172343794227
0.999998865471282805117425596109
0.999998823062655417537314406218
0.99999877987588992045431268707
0.999998735910986424890722901182
0.999998691167945041868847511068
0.999998645646765882410988979245
0.999998599347449057539449768228
0.999998552269994567254229878017
0.999998504414402633599934233644
0.999998455780673367598865297623
0.999998406368806880273325532471
0.999998356178803282645617400703
0.99999830521066257471574090232
0.999998253464384978528300962353
0.999998200939970716127902505832
0.999998147637419676492243070243
0.999998093556732192688230043132
0.999998038697908264715863424499
