1
0.999999999706053577241959828825
0.999999998824214308967839315301
0.999999997354482195177638459427
0.999999995296857124849054798688
0.999999992651339320026693258114
0.999999989417928669688251375192
0.999999985596625173833729149919
0.999999981187428832463126582297
0.999999976190339645576443672326
0.99999997060535772419598288252
0.999999964432482957299441750365
0.999999957671715455909122738376
0.999999950323055109002723384037
0.999999942386501916580243687349
0.999999933862056100686288573343
0.999999924749717550298555579502
0.999999915049486154394742243312
0.999999904761362135019453489804
0.999999893885345492172689318977
0.999999882421436114832147268316
0.999999870369634114020129800338
0.99999985772993948973663691504
0.999999844502352241981668612425
0.999999830686872370755224892491
0.999999816283499987079608217755
0.999999801292235090954818588216
0.999999785713077682380856003874
0.99999976954602776135772046473
0.999999752791085438907714433299
0.99999973544825071503083790958
0.999999717517523589727090893575
0.999999698998904062996473385283
0.99999967989239224586128784722
0.999999660197988138321534279385
0.999999639915691740377212681778
0.999999619045503163050625516917
0.999999597587422406341772784799
0.999999575541449470250654485426
0.999999552907584465799573081313
0.999999529685827392988528572459
0.999999505876178251817520958866
0.999999481478637153308852703049
0.999999456493204097462523805007
0.999999430919879195300836727256
0.999999404758662446823791469797
0.999999378009553852031388032628
0.999999350672553521945928878267
0.999999322747661456567414006713
0.999999294234877766918145880481
0.999999265134202452998124499572
0.999999235445635625829652326502
0.999999205169177285412729361269
0.999999174304827431747355603875
0.999999142852586175855833516835
0.999999110812453628760465562664
0.999999078184429790461251741363
0.999999044968514660958192052931
0.9999990111647084622958914224
0.999998976773011083452047387254
0.99999894179342263544896241001
0.999998906225943229308938953181
0.999998870070572976054279479285
0.999998833327311764662681525806
0.999998795996159817178750017774
0.999998758077117022580182492675
0.999998719570183713933886338054
0.999998680475359669195256628882
0.999998640792645221431200752704
0.999998600522040259619416247006
0.999998559663544894782205574302
0.999998518217159237941871197108
