1
0.999999999687204876863688696176
0.999999998748819618477057247219
0.999999997184844002795500728098
0.999999994995278251863624063844
0.999999992180122365681427254458
0.999999988739376233226607837423
0.99999998467303985449916581274
0.999999979981113340521403642924
0.999999974663596691293321327976
0.999999968720489795792616405379
0.999999962151792765041591337649
0.999999954957505599040246124787
0.999999947137628297788580766792
0.999999938692160861286595263664
0.999999929621103400556592077919
0.999999919924455804576268747041
0.999999909602218073345625271031
0.999999898654390428909266574919
0.999999887080972649222587733675
0.999999874881964956330193672329
0.999999862057367239209781928366
0.999999848607179608883654964302
0.999999834531401954329510317621
0.999999819830034497591952913353
0.999999804503077127648680288985
0.999999788550529844499692444515
0.999999771972392870189594304975
0.999999754768665982673780945333
0.999999736939349403996857290622
0.99999971848444313415882334084
0.999999699403947173159679095988
0.999999679697861520999424556067
0.99999965936618628870036218359
0.999999638408921476262491978559
0.999999616826067083685813940974
0.99999959461762322199263053335
0.999999571783589891182941755687
0.999999548323967202279050070501
0.999999524238755155280955477792
0.99999949952795375018865797756
0.999999474191562987002157569805
0.999999448229583087766059179557
0.999999421642014052480362806818
0.999999394428855770122765989072
0.999999366590108462737873651349
0.99999933812577213032568579365
0.999999309035846883908504878491
0.999999279320332723486330905871
0.999999248979229649059163875791
0.999999218012537771649306250765
0.999999186420257091256758030795
0.999999154202387829926124140911
0.999999121358929876635102118598
0.999999087889883342405994426372
0.999999053795248338261103526747
0.999999019075024864200429419725
0.99999898372921303124627456782
0.999998947757812950420941433549
0.999998911160824621724430016911
0.999998873938248045156740317907
0.999998836090083442762477261567
0.999998797616330703519338385377
0.999998758516990160494231076882
0.999998718792061591642550411052
0.999998678441545330031203775434
0.999998637465441264637888707512
0.999998595863749506484907669801
0.999998553636470277616865587333
0.999998510783603467011459997593
0.999998467305149296713295825612
0.999998423201107655700070608873
