1
0.999999999485492341300130192394
0.999999997941969365200520769577
0.999999995369431071701171731547
0.999999991767877460802083078306
0.999999987137308643525557272369
0.999999981477724397826989388705
0.99999997478912505677328681486
0.999999967071510398319844625803
0.999999958324880422466662821535
0.999999948549235351258346327086
0.999999937744575184694895142457
0.999999925910899811754006805131
0.999999913048209343457983777625
0.999999899156503890829128522455
0.999999884235783342845138577104
0.999999868286047921550618866604
0.999999851307297515923266928439
0.999999833299532236985385225125
0.999999814262752195759276219178
0.999999794196957392244939910597
0.999999773102147937464678761899
0.999999750978323831418492773082
0.999999727825485296150986869179
0.999999703643632109617556125158
0.999999678432764604885107928567
0.999999652192882781953642279404
0.999999624923986640823159177671
0.999999596626076403538263548398
0.999999567299152070098955391586
0.99999953694321375152753716975
0.999999505558261558846311345405
0.999999473144295603077580381068
0.999999439701315995243646739254
0.999999405229322624322207957448
0.999999369728315934402473885712
0.999999333198295814462142061529
0.999999295639262375523514947417
0.999999257051215950653499930922
0.999999217434156317807492087013
0.999999176788083921074701265752
0.999999135112998649432825004624
0.999999092408900835948770691175
0.99999904867579036960023586289
0.999999003913667583454127907316
0.999998958122532588532749286969
0.999998911302385495858402464364
0.999998863453226416453389902017
0.999998814575055461340014062444
0.99999876466787296358518233319
0.999998713731678923188894714258
0.999998661766473451173453668162
0.999998608772256880605766582448
0.999998554749029322508135919634
0.999998499696790776880561679718
0.999998443615541687812253712764
0.999998386505281944280909556255
0.999998328366011990375739060255
0.999998269197731826096742224763
0.999998209000441673488523974811
0.99999814777414175459568923543
0.999998085518832180440540469135
0.999998022234513284089985063474
0.999997957921185176566325480962
0.999997892578847968891864184116
0.999997826207501994133508560481
0.999997758807147363313561072573
0.99999769037778440949892910794
0.999997620919413243711915129097
0.999997550432034087997124061076
0.999997478915647164399160828907
0.999997406370252694962630357622
