1
0.999999999249836735160101852671
0.999999996999346829618104948167
0.999999993248530505418614211521
0.999999987997387540517024717701
0.999999981245918156957941391738
0.999999972994122243719061771117
0.999999963241999911822688318352
0.999999951989551161268821033445
0.999999939236776103079762378911
0.99999992498367473725551235475
0.999999909230247063796070960962
0.999999891976493415768345585093
0.999999873222413571127731302113
0.999999852968007751918833037053
0.999999831213276069163953252428
0.999999807958218522863091948238
0.999999783202835335060854049516
0.99999975694712650575723955626
0.999999729191092256996853393503
0.999999699934732588779695561243
0.999999669178047834172673447029
0.999999636921037882153484588343
0.999999603163703065789036372735
0.999999567906043496101631262718
0.999999531148059284113571720809
0.999999492889750651869462672039
0.999999453131117710391606578924
0.999999411872160681724608366494
0.999999369112879676890770497266
0.999999324853275028957000358787
0.999999279093346848945600413572
0.999999231833095247878873124137
0.999999183072520669846028340544
0.999999132811623114847066062794
0.999999081050403026971196140948
0.999999027788860406218418575008
0.99999897302699558565564075252
0.999998916764808898349770061031
0.999998859002300566345411425573
0.99999879973947070066486730866
0.999998738976319745397347560356
0.999998676712847811565154643176
0.999998612949055343257498407183
0.999998547684942562518983777409
0.999998480920509802416518141399
0.99999841265575717397240396167
0.999998342890685232298153550801
0.999998271625294199438371833821
0.999998198859584297437663735764
0.999998124593556081407541569206
0.999998048827209662370307796664
0.999997971560545373392869805684
0.999997892793563769586739908846
0.999997812526265072996523031179
0.999997730758649616689126560232
0.999997647490717844753760346066
0.999997562722470201279634238745
0.999997476453906797289050700783
0.999997388685028298915824507276
0.999997299415834928204560583254
0.999997208646327129244468778779
0.999997116376505457147061406431
0.99999702260637013395694339124
0.999996927335921603763324583269
0.999996830565160421677717295097
0.99999673229408692076702891427
0.99999663252270154512046929085
0.999996531251004738827248274902
0.999996428478996945976575716486
0.999996324206678832702266390697
0.999996218434050510026622760051
