1
0.999999999672490869073726571514
0.999999998689963476294906286057
0.999999997052417710641236681113
0.999999994759853683135020219197
0.99999999181227139377625690031
0.999999988209670842564946724451
0.999999983952052029501089691621
0.999999979039414954584685801819
0.999999973471759728838037517562
0.999999967249086130216539913818
0.999999960371394380764797915617
0.999999952838684369460509060445
0.999999944650956207325975810818
0.999999935808209894361198166735
0.99999992631044531954387366568
0.999999916157662704918607232685
0.999999905349861828440793942718
0.999999893887043023177341183327
0.999999881769206067083644029481
0.999999868996350960159702481178
0.999999855568477924450121463451
0.999999841485586848932598513784
0.999999826747677844629436094692
0.999999811354750911540634206176
0.99999979530680593864389038572
0.999999778603843147983809558355
0.999999761245862539560391724081
0.999999743232864113373636882898
0.999999724564847869423545034806
0.999999705241813807710116179805
0.999999685263762150277955242927
0.999999664630692786104759761656
0.999999643342605826212832198507
0.999999621399501270602172553481
0.999999598801379119272780826577
0.999999575548239483246959480311
0.999999551640082362524708514684
0.999999527076907979150632854726
0.999999501858716111080127575406
0.999999475985506980357797601755
0.999999449457280475961340471258
0.999999422274036930957663571462
0.999999394435776123302161977335
0.999999365942498275039440613909
0.999999336794203386169499481184
0.99999930699089145669233857916
0.999999276532562708652562832867
0.999999245419216920005567317276
0.999999213650854534840561882447
0.999999181227475220090639140835
0.999999148149079308822706479987
0.999999114415666801036763899901
0.99999908002723769673281140058
0.999999044983792217955453907052
0.999999009285330253682388956804
0.99999897293185191493591901235
0.999998935923357312738346536207
0.99999889825984655811197399089
0.999998859941319651056801376399
0.999998820967776702595131155249
0.999998781339217823749265789957
0.999998741055643014519205280521
0.999998700117052385927252089459
0.999998658523446048995708679286
0.999998616274824003724575050001
0.999998573371186472158456126635
0.99999852981253345429735190919
0.999998485598864950141262397665
0.999998440730181181734792517091
0.999998395206482149077942267468
0.999998349027768074215316573827
