1
0.999999999526405392025196761097
0.999999998105621790145391969418
0.999999995737649083338283162448
0.999999992422487160581567877671
0.999999988160136243919851040118
0.999999982950596222330830187275
0.999999976793867206836807781656
0.999999969689949086415481360746
0.99999996163884197208915338706
0.999999952640545863857823860599
0.999999942695060761721492781362
0.999999931802386776702462611865
0.999999919962523797778430889593
0.999999907175471935971700077062
0.999999893441231302304572636785
0.999999878759801896777048568765
0.999999863131183608366825410485
0.999999846555376659118508086976
0.999999829032381049032096598239
0.999999810562196889129893406789
0.99999979114482406838959605011
0.999999770780262808855809453235
0.999999749468512999506231153646
0.999999727209574862385466076375
0.999999704003448397493514221424
0.99999967985013360483037558879
0.999999654749630706440655103506
0.999999628701939591302050303057
0.999999601707060481459166112472
0.999999573764993487934304994269
0.999999544875738499705164485931
0.999999515039295627794047049974
0.99999948425566509424555761143
0.999999452524847010081998632813
0.999999419846841264281067651609
0.999999386221648078887369592849
0.999999351649267564923206919048
0.999999316129699833410882092721
0.99999927966294488435039511387
0.999999242249002828764048445009
0.999999203887873888696447011171
0.999999164579558064147590812354
0.99999912432405557716208477359
0.99999908312136642773992889488
0.999999040971490726903425638739
0.999998997874428696697179930197
0.999998953830180448143494231772
0.999998908838745981242368543462
0.9999988629001255180384077903
0.999998816014319280576216897316
0.999998768181327157833493401995
0.999998719401149593899447154399
0.999998669673786477751775692013
0.999998618999238031435083939868
0.99999856737750436597167436048
0.99999851480858570340615187888
0.999998461292482154760818957584
0.999998406829193942080280521623
0.999998351418721065364536570996
0.999998295061063857680494493252
0.999998237756222319028154288389
0.99999817950419667145212088144
0.999998120304987136996999197436
0.999998060158593826685091698891
0.999997999065016851538700848323
0.999997937024256544624734033277
0.999997874036312905943191253755
0.999997810101186268560979897302
0.999997745218876743500402426434
0.999997679389384552806063766184
0.999997612612709807500266379066
