1
0.999999999701534414420223129127
0.999999998806137768703194979025
0.999999997313809951826613087178
0.999999995224550963790477453585
0.999999992538360915617090540763
0.999999989255239807306452348712
0.999999985375187527836260414915
0.999999980898204188228817201889
0.999999975824289677461820247117
0.999999970153444217579874475632
0.999999963885667586538374962402
0.999999957020959895359624169942
0.999999949559321144043622098252
0.999999941500751443612671209848
0.999999932845250683044469042215
0.999999923592818862339015595353
0.999999913743456092518613331777
0.999999903297162373583262251486
0.999999892253937705532962354482
0.999999880613782088367713640764
0.999999868376695522087516110332
0.999999855542678117714672225702
0.999999842111729875249181986874
0.999999828083850683668742931332
0.999999813459040765017959984107
0.999999798237300008274530682684
0.999999782418628524460757489578
0.99999976600302631357664040479
0.999999748990493375622179428319
0.999999731381029710597374560166
0.999999713174635429524528262846
0.999999694371310643425942998874
0.99999967497105513025701384322
0.999999654973869112062345720915
0.999999634379752588841938631958
0.999999613188705671618095038866
0.999999591400728249368512479123
0.999999569015820433115493415244
0.999999546033982333881340309745
0.99999952245521384064375070011
0.999999498279515064425027048856
0.999999473506886116247471818497
0.999999448137326996111085009034
0.999999422170837704015866620466
0.99999939560741835098411911531
0.999999368447068937015842493565
0.999999340689789573133339217748
0.999999312335580148314306825341
0.999999283384440995625652703893
0.999999253836371893022771928372
0.999999223691372951527966961294
0.999999192949444393185842727689
0.999999161610586106974096765043
0.999999129674798203915031535871
0.999999097142080684008647040173
0.999999064012433658277245740464
0.999999030285857237743130099261
0.999998995962351422406300116563
0.999998961041916323289058254886
0.999998925524551829369102051714
0.999998889410258273713338894595
0.999998852699035434277163858496
0.999998815390883644127484330966
0.999998777485802792241997849487
0.999998738983793100665309339092
0.999998699884854458375116337265
0.999998660188986976393721306522
0.999998619896190876765729171893
0.999998579006466048468837470864
0.999998537519812602525348665949
0.999998495436230760979867682181
