1
0.999999999452773846719821904117
0.999999997811095497901590078982
0.99999999507496484252300206208
0.999999991244381991606360315927
0.999999986319346834129362378007
0.999999980299859592136613173352
0.99999997318592004358350777693
0.999999964977528299492348651256
0.999999955674684470885438258847
0.999999945277388557762776599702
0.999999933785640560124363673822
0.999999921199440477970199481206
0.99999990751878842232258648437
0.999999892743684393181524683314
0.999999876874128501569316540554
0.999999859910120747485962056089
0.99999984185166113093146122992
0.999999822698749873950418987079
0.999999802451386865520532865048
0.999999781109572216664105326345
0.999999758673306149425741296
0.999999735142588552783138311497
0.999999710517419537758598835353
0.999999684797799215374425330083
0.999999657983727696652920258202
0.999999630075205092616386082227
0.999999601072231403264822802157
0.999999570974806739620532880508
0.999999539782931212705818779796
0.999999507496604933542982962535
0.999999474115828124176630353759
0.99999943964060067358445849095
0.999999404070922803811072299141
0.999999367406794736901076703361
0.999999329648216361832169241097
0.999999290795188011671257299895
0.999999250847709686418340879754
0.999999209805781608118024905707
0.999999167669403776770309377753
0.999999124438576525442101683439
0.999999080113299854133401822764
0.999999034693573873866512258246
0.99999898817939891770834037743
0.999998940570774985658886180317
0.999998891867702299762754591939
0.999998842070180971042248074809
0.999998791178211110519669091445
0.999998739191793051261925029394
0.999998686110926793269015888654
0.999998631935612669607849056774
0.999998576665850791300726996269
0.999998520301641269369952169654
0.999998462842984436882431964477
0.999998404289880293838166380738
0.999998344642329173304062805983
0.999998283900331186302423702728
0.99999822206388666590015645852
0.999998159132995612097261073359
0.999998095107658468982947397308
0.999998029987875236557215430366
0.999997963773646247886972560082
0.999997896464971613994521248969
0.999997828061851667946768884576
0.999997758564286631788320391934
0.999997687972276727563780696073
0.99999761628582206629545225951
0.999997543504922981050242469792
0.999997469629579804895058714465
0.999997394659792537829900993529
0.999997318595561734966281619563
0.999997241436887285281898130052
