1
0.99999999980993081738489536292
0.99999999923972304749497652665
0.999999998289377023397150878736
0.999999996958892412024511031632
0.999999995248269324399359447852
0.999999993157507871543998589914
0.9999999906866079424361259953
0.999999987835569648098044126527
0.99999998460439287750745052108
0.999999980993077630664345178957
0.999999977001624018591030562675
0.999999972630031930265204209718
0.999999967878301365686866120086
0.999999962746432546900621218811
0.999999957234425140839562118344
0.999999951342279480570596206235
0.99999994506999534404911855745
0.999999938417572842297431634506
0.999999931385011975315535437403
0.999999923972312743103429966141
0.999999916179475034638812758203
0.999999908006499071966288738622
0.999999899453384744063555444882
0.999999890520132161952915339498
0.999999881206741103589763497439
0.999999871513211791018704843736
0.99999986143954422423973937839
0.999999850985738292230564638885
0.999999840151794217035785550252
0.999999828937711665588494724943
0.999999817343490970955599550507
0.999999805369132022114797564427
0.999999793014634930088391229219
0.999999780279999472831775619852
0.999999767165225872389555661357
0.999999753670314128761731353734
0.999999739795264241948302696983
0.999999725540076100926967228588
0.999999710904749816720027411066
0.999999695889285500349785706931
0.999999680493683040793939653668
0.999999664717942549074791713792
0.999999648562063914170039424789
0.999999632026047247101985249174
0.999999615109892547870629186946
0.999999597813599816475971238106
0.999999580137169052918011402653
0.99999956208060047924135460562
0.999999543643893762379093459458
0.999999524827049235398135351716
0.999999505630066787276177819876
0.999999486052946418013220863941
0.999999466095688238631566946424
0.99999944575829213810891360481
0.999999425040758227467563301616
0.999999403943086617729818499356
0.999999382465277197873376735515
0.999999360607329967898238010093
0.999999338369245038826704785606
0.999999315751022410658777062054
0.999999292752662194416757301951
0.999999269374164279078343042784
0.999999245615528664643534284551
0.999999221476755573156935952284
0.999999196957844893596245583467
0.999999172058796625961463178101
0.9999991467796108812748911987
0.999999121120287659536529645266
0.999999095080827071768680980313
0.99999906866122889592674027881
0.999999041861493465077614928305
