1
0.999999999177515919157599455502
0.999999996710063787652700284525
0.999999992597643383440697562037
0.999999986840255039588498675585
0.999999979437898534051498700137
0.999999970390574088874302560725
0.999999959698281593034607794834
0.999999947361021157554716864979
0.999999933378792893456932233676
0.999999917751596800741253900924
0.999999900479432990429984329239
0.999999881562301573545425981138
0.999999861000202661109881319135
0.999999838793136142101047880715
0.99999981494110246060813551594
0.99999978944410139458653929978
0.999999762302133388125469082297
0.999999733515198330202622400975
0.999999703083296442862604180846
0.99999967100642794815001934694
0.999999637284592957087170361774
0.999999601917791580696359687863
0.999999564906024041022192250239
0.999999526249290560109272973932
0.999999485947591248979904321459
0.99999944400092632967869121785
0.999999400409296024250238588138
0.999999355172700665761453819869
0.999999308291140254212336913042
0.999999259764615122669795255206
0.999999209593125493178433771391
0.999999157776671698805159849144
0.999999104315253850572275950981
0.999999049208872392568991926964
0.99999899245752743581761023961
0.999998934061219313385038276465
0.999998874019948358338183425076
0.999998812333714792721650610474
0.999998749002519060624649682723
0.999998684026361273069483104337
0.999998617405241874145360725379
0.999998549139161085896887470881
0.999998479228119463435575653421
0.999998407672117117783727735514
0.999998334471154493030553567223
0.999998259625232033265262998611
0.999998183134350071554763417225
0.999998104998508829943659748096
0.999998025217708863543464303802
0.999997943791950505421084471891
0.999997860721234088643427639909
0.999997776005560168322006120434
0.999997689644929188546029763529
0.999997601639341371360103494226
0.999997511988797271875739625102
0.999997420693297334182148006221
0.999997327752842002368538487644
0.99999723316743160950181845692
0.999997136937066932738105151657
0.999997039061748083099701034371
0.999996939541475837742723342672
0.999996838376250529734079464106
0.999996735566072714185281711252
0.999996631110942835185539934173
0.999996525010861447846366445447
0.999996417265829107279273557651
0.99999630787584625757347112085
0.999996196840913564862773910136
0.999996084161031473236391775572
0.999995969836200648828139492252
0.99999585386642153572722691024
