1
0.999999999478243140060840232763
0.999999997912972560243360931054
0.999999995304188260547562094871
0.999999991651890129951141261699
0.99999998695607839049870335657
0.999999981216753042190248379484
0.999999974433913862981171405409
0.999999966607561074916077359376
0.999999957737694789017268703901
0.999999947824314783240140513954
0.999999936867421168606995252048
0.999999924867014056140135380701
0.999999911823093556861863362428
0.999999897735659448727574272198
0.999999882604712064804175497557
0.999999866430251183047062113474
0.99999984921227702550083904498
0.999999830950789703187808754592
0.999999811645789105085668779793
0.9999997912972753422167215831
0.999999769905248525603269627027
0.999999747469708655245312911575
0.999999723990655953187456361775
0.999999699468090308407397515111
0.9999996739020118319274388341
0.999999647292420745792185243772
0.999999619639316938979334281612
0.999999590942700633533490872651
0.999999561202571829454655016889
0.999999530418930748787431639357
0.999999498591777391531820740056
0.999999465721111757687822318985
0.999999431806934180322343763692
0.999999396849244659435385074175
0.999999360848043195026946250437
0.999999323803330120163934680022
0.999999285715105323824047900416
0.999999246583369139074193299166
0.999999206408121454892068413756
0.999999165189362604344580631732
0.999999122927092698454032415611
0.999999079621311737220423765393
0.999999035272019831666057143593
0.999998989879217314857839937758
0.999998943442904186795772147889
0.999998895963080669524458699016
0.999998847439746874066202053655
0.999998797872903022465607136837
0.999998747262549114722673948563
0.999998695608685372882007413864
0.999998642911312018988212457771
0.999998589170429164063591542799
0.999998534386037030152749593981
0.999998478558135728277989073831
0.999998421686725480483914907381
0.999998363771806397792829557147
0.999998304813378813271640410676
0.999998244811442615898045005451
0.999998183765998360783555654052
0.999998121677045936905869893963
0.999998058544585788354197575245
0.9999979943686179151285386979
0.999997929149142539273498186958
0.999997862886159993855983429967
0.999997795579670278875994426926
0.999997727229673838422741027898
0.999997657836170783518525695399
0.99999758739916133620795335446
0.999997515918645718535628930113
0.999997443394624041523854884872
0.999997369827096749261841068801
