1
0.999999999319690413557282226975
0.999999997278761765251431370416
0.999999993877214055082447430323
0.999999989115047283050330406695
0.999999982992261338132777837018
0.999999975508856442374394646322
0.999999966664832595775180834607
0.999999956460189687312833939359
0.999999944894927939031958885607
0.999999931969047239910253210837
0.999999917682547700970019377564
0.999999902035429433233559848304
0.999999885027692547723177085572
0.999999866659336933416568626853
0.999999846930362812358339397178
0.999999825840770184548489396548
0.999999803390559161009321087477
0.999999779579729852763136932481
0.999999754408282259809936931561
0.999999727876216715216628472263
0.999999699983533107960909092071
0.999999670730231549065081253502
0.999999640116312371596052344103
0.999999608141775464531519901357
0.999999574806621049916088850296
0.999999540110849349794364115951
0.999999504054460364166345698322
0.999999466637454315076638522441
0.999999427859831424569847513339
0.999999387721591692645972671016
0.999999346222735341349618920503
0.999999303363262592725391186832
0.999999259143173557795591932518
0.999999213562468458604826082592
0.99999916662114740617539609957
0.999999118319210733574209371
0.999999068656658551823568359396
0.99999901763349108296807798979
0.999998965249708438030040724698
0.999998911505311061098666414182
0.999998856400298952173955058242
0.999998799934672333300511581911
0.999998742108431537545243372733
0.999998682921576897975057818257
0.999998622374108414589954918483
0.999998560466026531479144523473
0.999998497197331359664929095743
0.99999843256802323221421602284
0.999998366578102371171610229794
0.999998299227569109604019104154
0.999998230516423780578350033466
0.999998160444666384094603017729
0.999998089012297586286592832039
0.999998016219317387154319476394
0.999997942065726119764690338343
0.999997866551524228206915267947
0.999997789676712045547901652753
0.999997711441289682809951955278
0.999997631845257473059973563068
0.999997550888615971409478788701
0.999997468571365288880770094693
0.999997384893505869563057331106
0.999997299855038046523247885489
0.999997213455962041805946682871
0.999997125696278410522666035831
0.999997036575987374718010869401
0.999996946095089267458888571127
0.999996854253584643856811453588
0.999996761051473725956384441815
0.999996666488756846824514923355
0.999996570565434561572715210787
