1
0.999999999694528796112535928842
0.999999998778115184450143715367
0.999999997250759276035125822091
0.999999995112460848822877323983
0.999999992363220124858003146073
0.999999989003036993118200825847
0.999999985031911564625772825821
0.999999980449843728358416683477
0.999999975256833484316132398817
0.999999969452880943521222434356
0.999999963037985994951384327578
0.999999956012148749628920540999
0.999999948375369318576133537135
0.999999940127647479748418390955
0.999999931268983344168077564973
0.999999921799377022857413521706
0.999999911718828404794123798638
0.999999901027337489978208395769
0.99999988972490450045427223813
0.999999877811529214177710400691
0.999999865287211853193127808481
0.999999852151952306478221998987
0.999999838405750574032992972207
0.999999824048606877902045653173
0.999999809080520996040775116853
0.99999979350149315049378628828
0.999999777311523230238776704937
0.99999976051061134629804882934
0.999999743098757498671602661489
0.999999725075961798381740663899
0.999999706442224134406160374056
0.999999687197544617767164254474
0.999999667341923359487054767669
0.999999646875360248543529451126
0.999999625797855395958890767361
0.999999604109408912755441178888
0.999999581810020687910878223192
0.99999955889969083244750436279
0.999999535378419457387622060196
0.999999511246206562731231315411
0.999999486503052037456029665918
0.999999461148956214628924499266
0.999999435183918872205310890422
0.999999408607940232229793764418
0.999999381421020294702373121254
0.99999935362315905962304896093
0.999999325214356638014123745961
0.999999296194613029875597476348
0.999999266563928346229772614606
0.999999236322302698098951623251
0.999999205469735974460832039767
0.99999917400622828633771632667
0.999999141931779744751906946476
0.9999991092463904607257063617
0.999999075950060323236812109826
0.999999042042789554329829115886
0.999999007524578042982454917365
0.999998972395426122261596901808
0.999998936655333570122650144185
0.999998900304300608610219569528
0.999998863342327237724305177835
0.999998825769413568487209431623
0.999998787585559711921234793408
0.999998748790765668026381263189
0.999998709385031547824951303483
0.999998669368357351316944914288
0.999998628740743189524664558121
0.999998587502189284492715160013
0.999998545652695414176491794933
0.999998503192261911642901850428
0.999998460120888665869642863981
