1
0.999999998942559198411572651821
0.999999995770236793646290607285
0.999999990483032785704153866391
0.999999983080947174585162429139
0.999999973563980071311618758045
0.99999996193213147588352285311
0.999999948185401610345479639363
0.999999932323790363675186654291
0.999999914347297957917248822923
0.999999894255924393071666145261
0.99999987204967000220534600885
0.999999847728534674295985951176
0.9999998212925188534327958223
0.999999792741622428593473159708
0.999999762075845732844925350946
0.99999972929518887720945485853
0.999999694399652083731666607491
0.999999657389235685478467985376
0.999999618263939904494463917217
0.999999577023764851801956865529
0.999999533668710749445551755343
0.999999488198778152536760899238
0.999999440613967061075584297214
0.999999390914278030173534261849
0.999999339099711170852913255658
0.999999285170266816180628666189
0.999999229125945410245890343504
0.99999917096674728611560567515
0.99999911069267288787898451119
0.999999048303722437580631776655
0.999998983799896379309757321607
0.99999891718119515715557099611
0.999998848447619104184980187711
0.999998777599168886531799671502
0.999998704635844726240634372516
0.999998629557647178422996603331
0.999998552364576687168096214009
0.999998473056633807587445517129
0.999998391633818872747951900237
0.999998308096132659805732600944
0.999998222443575501827695006796
0.999998134676147953925351430371
0.999998044793850682232516646764
0.999997952796684130838400506036
0.999997858684649076899120245798
0.999997762457745853481583253597
0.999997664115975237741906767042
0.999997563659337895813905561226
0.999997461087834271786789486214
0.999997356401465253838978242129
0.999997249600231286059681679035
0.999997140684133145605017034541
0.999997029653171609631101546256
0.999996916507347233249447526759
0.99999680124666079361617221366
0.999996683871113067887392844568
0.999996564380704722196924194577
0.999996442775436533700883501297
0.999996319055309390577690464852
0.999996193220323847938857397821
0.999996065270480904985106462846
0.999995935205781338872554897534
0.999995803026225926757319939497
0.999995668731815445795518826344
0.999995532322550895187873720715
0.999995393798433052090501860221
0.999995253159462804681822944985
0.999995110405641041140256675135
0.99999496553696876066652521331
0.99999481855344674041674579712
0.99999466945507586856933812669
