1
0.999999999776621240066276641301
0.999999999106485071287409027718
0.999999997989591382641094696737
0.999999996425940285149636110873
0.999999994415531778813033270126
0.99999999195836575260898371198
0.999999989054442317559789898951
0.999999985703761362643149368523
0.999999981906322998881364583212
0.999999977662127226274435543019
0.999999972971174044822362247942
0.999999967833463343502842235466
0.999999962248995344360480430623
0.999999956217769825350671908382
0.999999949739787008518021593773
0.99999994281504678284022702428
0.999999935443549148317288199905
0.999999927625294104949205120647
0.999999919360281763758280249021
0.999999910648512013722211122513
0.999999901489984965863300203637
0.999999891884700509159245029878
0.999999881832658865654650526267
0.999999871333859813304911767773
0.999999860388303463132331216912
0.999999848995989926159211336198
0.999999837156919091363249663118
0.999999824871091069766748660186
0.999999812138505750347405864886
0.999999798959163244127523739735
0.999999785333063551107102284732
0.999999771260206671286141499877
0.99999975674059260466464138517
0.999999741774221462264904403128
0.999999726361093244086930553749
0.999999710501207839108417374518
0.999999694194565358351667327952
0.999999677441165912838982876565
0.999999660241009391548061557842
0.999999642594095905501205834298
0.999999624500425343676113243419
0.999999605959997928117388710234
0.999999586972813547802729772229
0.999999567538872202732136429404
0.999999547658174003927911144274
0.999999527330719062412356379355
0.999999506556507156140867209615
0.999999485335538507158048560086
0.999999463667813115463900430768
0.999999441553330981058422821661
0.999999418992092103941615732765
0.99999939598409648411347916408
0.999999372529344343618618040637
0.999999348627835460412427437404
0.999999324279570056539512279414
0.999999299484548131999872566666
0.999999274242769575771205836645
0.999999248554234609898117014382
0.999999222418943234380606099876
0.999999195836895338196370630612
0.999999168808091143390015531622
0.99999914133253053893923834039
0.999999113410213635866341519431
0.999999085041140545193627531262
0.999999056225311155898793913366
0.999999026962725579004143128259
0.999998997253383814509675175941
0.999998967097285973437692518928
0.999998936494431944765892694704
0.999998905444822061561183090816
0.999998873948456101778958782234
