1
0.99999999928683824812480906985
0.999999997147353103521538741916
0.999999993581544455167886553681
0.999999988589412414086154967663
0.99999998217095698027634398386
0.999999974326178153738453602273
0.999999965055076045494786285417
0.999999954357650544523039570777
0.999999942233901872867818383384
0.999999928683829919506820260722
0.999999913707434906484650127823
0.99999989730471672277900552217
0.999999879475675590434491368796
0.999999860220311509451107667701
0.999999839538624590851156881399
0.999999817430614834634639009892
0.999999793896282462846158978209
0.999999768935627475485716786352
0.999999742548650094597917359351
0.999999714735350320182760697207
0.999999685495728374284851724951
0.999999654829784256904190442583
0.999999622737518190085381775134
0.99999958921893028485072818512
0.999999554274020652222532135056
0.999999517902789514245398549974
0.99999948010523698194162989239
0.999999440881363166333528624818
0.999999400231168400488002134807
0.999999358154652684405050422356
0.999999314651816240129278412496
0.999999269722659289705291030259
0.999999223367182055177693200676
0.999999175585384647568787386263
0.999999126377267399945480974566
0.999999075742830423330076428101
0.999999023682073828744876209385
0.999998970194998060279090168478
0.999998915281603228955020767899
0.999998858941889556817272932676
0.999998801175857376932754050358
0.99999874198350680032376658346
0.999998681364838271079520382045
0.999998619319851789200015446113
0.999998555848547909796764088242
0.999998490950926632869766308431
0.999998424626988402508231956745
0.999998356876733440756765958213
0.999998287700162080682275700383
0.999998217097274655351668570802
0.999998145068071386809549494501
0.999998071612552497100523396512
0.999997996730718541336102589412
0.999997920422569630538589535718
0.999997842688106208797194085491
0.999997763527328498156521163764
0.999997682940236942705780620599
0.999997600926831875511879843543
0.999997517487113629641726220143
0.999997432621082538162227137946
0.999997346328738934140289984498
0.999997258610083261665124609863
0.999997169465115964825940864102
0.999997078893837154645041209733
0.999996986896247497256240421848
0.999996893472347325726445887994
0.999996798622136862100262533204
0.99999670234561677251150513257
0.999996604642787279004778611124
0.99999650551364882566929281893
0.999996404958201967616560068564
