1
0.999999999660436733606161396892
0.999999998641746712380040662538
0.999999996943930158366242721968
0.999999994566986960542465112667
0.99999999151091722993101029715
0.999999987775720744487273350387
0.999999983361397726255859197408
0.999999978267948064214465375699
0.999999972495371869385394347773
0.999999966043669141768646113633
0.999999958912839770341918210761
0.999999951102883977149815564189
0.999999942613801540147733248887
0.999999933445592570357973727369
0.999999923598257178802839462151
0.999999913071795254460027990717
0.9999999018662070193741442381
0.999999889981492251500583279267
0.999999877417651061861647576734
0.999999864174683450457337130501
0.9999998502525896393322568656
0.999999835651369406441801857
0.999999820371022862808274567215
0.999999804411550119453977458761
0.999999787772951065356608069123
0.999999770455225811538468860817
0.999999752458374469021862296358
0.999999733782397037806788375747
0.999999714427293406870944636466
0.999999694393063798258936003549
0.999999673679708211970762476994
0.999999652287226536984121594287
0.999999630215618995343618280458
0.999999607464885698071554998023
0.999999584035026423123326821951
0.999999559926041392543538677273
0.999999535137930717354493026505
0.999999509670694286533887407131
0.999999483524332211104024281667
0.999999456698844602087206112628
0.999999429194231459483432900015
0.999999401010492894315007106343
0.999999372147628906581928731612
0.999999342605639496284197775822
0.999999312384524885466419164004
0.999999281484284963106290433643
0.99999924990491995124841650977
0.99999921764642973887049492987
0.999999184708814659039433081489
0.999999151092074489710626039596
0.999999116796209452928678729222
0.999999081821219548693591150368
0.999999046167104888027665765549
0.99999900983386558195320503728
0.999998972821501630470208965562
0.99999893513001314460098001291
0.999998896759400235367820641841
0.999998857709663013793033314869
0.999998817980801368854315569479
0.999998777572815522596272330702
0.999998736485705586041206061054
0.999998694719471559189116760535
0.999998652274113553062306891661
0.999998609149631678683078916947
0.999998565346026047073735298909
0.999998520863296658234276037547
0.999998475701443623187003595376
0.999998429860467163976522897428
0.999998383340367169580531481188
0.999998336141143973065936734201
0.999998288262797463410436193954
