1
0.999999999436238407035659747635
0.999999997744953517120336528023
0.999999994926145441276332803682
0.99999999097981417950364857461
0.999999985905959620779981378291
0.999999979704581987149936139758
0.999999972375681167591210396495
0.999999963919257162103804148501
0.999999954335310081710019858292
0.999999943623839926409857525869
0.99999993178484669620331715123
0.999999918818330502112701196893
0.999999904724291233115707200341
0.999999889502729222279242549121
0.999999873153644247558702318202
0.999999855677036419976388970099
0.999999837072905961576907429844
0.999999817341252761337955234922
0.999999796482076930281834847847
0.999999774495378579430848731135
0.999999751381157819807299347303
0.99999972713941465141118669635
0.999999701770149074242510778276
0.999999675273361310345876518113
0.999999647649051470743586378376
0.999999618897219555435640359065
0.999999589017865675444340922695
0.999999558010989941791990531783
0.999999525876592465500891648844
0.99999949261467346861564919891
0.999999458225232840113960719464
0.999999422708270802040431135538
0.999999386063787576439665372163
0.99999934829178316331166342934
0.999999309392257673678727769584
0.999999269365211329585463317926
0.999999228210644131031870074366
0.999999185928556411084855426452
0.999999142518948169744419374183
0.999999097981819629055166842591
0.99999905231717090003940029419
0.999999005525002093719422191498
0.99999895760531354316213992206
0.999998908558105137345251023362
0.99999885838337720933566288295
0.999998807081129981177980425855
0.999998754651363563894506114593
0.99999870109407806850754241168
0.999998646409273717061694242147
0.999998590596950731601566531026
0.999998533657109334171764203347
0.999998475589749635794589721627
0.999998416394871858514648010896
0.999998356072476113354241533671
0.999998294622562844402580140013
0.999998232045131940637361367408
0.999998168340183957170097528433
0.999998103507718782978486160573
0.999998037547736862151737113891
0.999997970460238416734455313417
0.999997902245223557748943221668
0.999997832902692507239805763675
0.999997762432645598273950326984
0.999997690835082941873679374112
0.999997618110004982128202755121
0.999997544257411830059822932526
0.999997469277303707713144831359
0.999997393169680837132773376652
0.999997315934543662407918418467
0.999997237571892294560882419319
0.999997158081727066658572766755
