1
0.999999999581791199076974407944
0.999999998327164685285595169262
0.999999996236120569648164746468
0.999999993308658741142380677047
0.999999989544779310790545423515
0.999999984944482278592658985872
0.999999979507767533526418901602
0.999999973234635297636430095736
0.999999966125085348878087643243
0.999999958179117909295996469154
0.999999949396732867867854110955
0.999999939777930335615963031159
0.999999929322710312540323229769
0.999999918031072798640934706782
0.9999999059030177939177974622
0.999999892938545409393213958538
0.99999987913765553404488173328
0.999999864500348389917405711458
0.999999849026623977010785893071
0.999999832716482184302719815605
0.99999981556992323383781240409
0.999999797586947014593761196011
0.999999778767553637592868653883
0.999999759111743213857437240222
0.999999738619515743387466955028
0.999999717290871226182957798301
0.999999695125809773266212232556
0.999999672124331384637230257795
0.999999648286436171318314336531
0.999999623612124244331766931282
0.999999598101395603677588042046
0.999999571754250249355777668825
0.999999544570688403410940736649
0.999999516550709954820774783002
0.999999487694315014607582270401
0.999999458001503804815968123876
0.999999427472276325445932343428
0.99999939610663246547517246654
0.999999363904572557970595880761
0.999999330866096602932202586089
0.999999296991204711382295045041
0.999999262279896883320873257617
0.999999226732173229770239686331
0.999999190348033861752696793701
0.999999153127478779268244579725
0.999999115070508315383790431952
0.999999076177122359077031887864
0.999999036447321021370271409978
0.99999899588110441328581146081
0.99999895447847275686825696539
0.999998912239426052117607923719
0.999998869163964410056166798313
0.999998825252087941706236051687
0.999998780503796758090118146356
0.999998734919090970230115544837
0.999998688497970689148530709645
0.999998641240436025867666103295
0.999998593146487091409824188304
0.999998544216124107819609889702
0.999998494449347075097023207491
0.9999984438461562152866690667
0.99999839240655152838854746733
0.999998340130533236447263334412
0.999998287018101450485119130462
0.999998233069256281524417317996
0.999998178283997951609762822045
0.999998122662326460741155642609
0.999998066204242030963200704718
0.999998008909744884320502933406
0.999997950778835020813062328671
0.999997891811512662485483815544
