1
0.999999999750289081390519640991
0.999999999001156547606683488993
0.999999997752602176603886618977
0.999999996004626079404431493458
0.999999993757228256008318112436
0.999999991010408595393244013394
0.999999987764167319603814121365
0.999999984018504317617725973832
0.999999979773419478412677108281
0.999999975028913024033272449742
0.9999999697849848434572095357
0.999999964041634936684488366154
0.999999957798863414737411403621
0.999999951056670166593676185585
0.999999943815055192253282712045
0.999999936074018602738533445518
0.999999927833560398049428386003
0.999999919093680467163665070984
0.999999909854379032125848425494
0.999999900115655870891373524501
0.999999889877511205504845293035
0.999999879139944924943961268582
0.999999867902957029208721451141
0.999999856166547629321428303228
0.999999843930716725282081824844
0.999999831195464317090682015987
0.999999817960790404747228876658
0.999999804226694988251722406858
0.999999789993178067604162606585
0.999999775260239753826851938356
0.999999760027880157942092864687
0.999999744296099057905280460545
0.999999728064896564738717188447
0.999999711334272789464705510909
0.99999969410422773208324542793
0.999999676374761281572034476994
0.999999658145873659975677583134
0.999999639417564756271872283833
0.999999620189834681482921041606
0.999999600462683435608823856455
0.999999580236111018649580728379
0.999999559510117541627494119894
0.999999538284702893520261568483
0.999999516559867296372487999179
0.999999494335610639161870949465
0.999999471611932921888410419342
0.999999448388834255574408871325
0.999999424666314751242168767931
0.999999400444374297869387646642
0.999999375723013117500670432491
0.999999350502230988091412200447
0.99999932478202813168621787554
0.999999298562404548285087457771
0.999999271843360237888020947139
0.999999244624895311517320806161
0.999999216907009769172987034835
0.999999188689703610855019633163
0.99999915997297694758572106366
0.999999130756829890387393788842
0.999999101041262328237735346192
0.999999070826274261136745735712
0.999999040111866022151332344947
0.999999008898037278214587786351
0.999998977184788473415721909987
0.999998944972119274687827328307
0.999998912260030015097811428859
0.999998879048520583623371749127
0.999998845337591202309113214142
0.999998811127241649110430898872
0.999998776417472257094232190866
0.999998741208282915238214627607
