1
0.999999999714985099430464288162
0.999999998859940397721857152646
0.999999997434865894874178593454
0.999999995439761590887428610586
0.99999999287462748576160720404
0.999999989739463579496714373818
0.999999986034269872092750119918
0.999999981759046363549714442343
0.999999976913793164889909803605
0.999999971498510165091033741191
0.999999965513197364153086255101
0.999999958957854873098369807849
0.99999995183248258090458193692
0.999999944137080598594025104831
0.99999993587164892616669931158
0.999999927036187563622604557168
0.999999917630696510961740841594
0.99999990765517576818410816486
0.999999897109625335289706526964
0.999999885994045323300838390423
0.999999874308435732217503755237
0.999999862052796562039702621405
0.999999849227127812767434988928
0.999999835831429484400700857805
0.999999821865701576939500228036
0.999999807329944312428438024654
0.999999792224157468822909322625
0.999999776548341157145216584468
0.999999760302495488417662272695
0.999999743486620351617943924794
0.999999726100715857768364003277
0.999999708144782117891224970663
0.999999689618819020964224364434
0.999999670522826678009664647107
0.999999650856804978005243356165
0.999999630620754142995565416641
0.999999609814674172980630828533
0.999999588438565067960439591843
0.99999956649242682793499170657
0.999999543976259452904287172714
0.999999520890063164912930915307
0.999999497233837852938620471832
0.99999947300758351698135584229
0.999999448211300379085741951712
0.999999422844988328229476337583
0.999999396908647475434861462418
0.999999370402277931724199788732
0.999999343325879586075188854011
0.999999315679452549510131120769
0.999999287462996822029026589007
0.999999258676512625676480183756
0.999999229319999738407886979985
0.999999199393458493290154365241
0.999999168896888779300979877007
0.9999991378302907074626659778
0.999999106193664277775212667621
0.999999073987009490238619946467
0.999999041210326566897492739372
0.999999007863615507751831046335
0.999998973946876312801634867355
0.999998939460108982046904202434
0.999998904403313737532243976602
0.99999886877649057925765418986
0.999998832579639507223134842206
0.999998795812760632450988396158
0.999998758475854065963517314231
0.999998720568919807760721596424
0.999998682091957857842601242737
0.999998643044968438253761178203
0.999998603427951437971898940305
0.999998563240907079041619454074
