1
0.999999999826118979306954770436
0.999999999304475917227819081745
0.999999998435070702740290471411
0.999999997217903557888973864465
0.999999995652974260629264335876
0.999999993740282921983464348159
0.999999991479829541951573901315
0.999999988871614120533592995343
0.999999985915636546707219167729
0.999999982611897042517057343503
0.999999978960395496940805060149
0.999999974961131798956159855152
0.999999970614106170607726653543
0.999999965919318500873202992807
0.999999960876768789752588872943
0.999999955486457037245884293952
0.999999949748383354375391718349
0.999999943662547519096506221103
0.999999937228949753453832727246
0.999999930447590057447371236776
0.999999923318468320054819287179
0.999999915841584541276176878455
0.999999908016938832133746473119
0.999999899844531192627528071171
0.999999891324361511735219210095
0.999999882456429900479122352408
0.999999873240736469881539960625
0.999999863677280997897867109714
0.999999853766063595550406262191
0.999999843507084373861459880573
0.999999832900343221808725502342
0.9999998219458401393922031275
0.999999810643575126611892756046
0.999999798993548405512399313011
0.999999786995759754049117873365
0.999999774650209172222048437106
0.999999761956896882075795929268
0.999999748915822772588057887333
0.999999735526986843758834311302
0.999999721790389095588125201175
0.999999707706029639098233019467
0.999999693273908363266855303664
0.99999967849402537911629451628
0.999999663366380686646550657315
0.999999647890974174835321264254
0.999999632067806065727211262129
0.999999615896876248299918188422
0.999999599378184833575744505652
0.9999995825117317105323877513
0.999999565297516990192150387884
0.999999547735540672555032415403
0.999999529825802757621033833857
0.999999511568303245390154643246
0.999999492963042135862394843571
0.999999474010019540060056897346
0.999999454709235457983140804572
0.999999435060689889631646565249
0.999999415064382835005574179377
0.999999394720314294104923646955
0.9999993740284843779519974305
0.999999352988892975524493067496
0.999999331601540197844713020459
0.999999309866426155934959751903
0.999999287783550627750628336798
0.999999265352913835336323700176
0.999999242574515778692045842035
0.999999219448356457817794762377
0.999999195974435872713570461201
0.999999172152754134401675401023
0.999999147983311131859807119326
0.999999123466106865087965616112
