1
0.999999999335221434471066004335
0.99999999734088595992886894237
0.999999994016993354328803889075
0.999999989363543728693173306965
0.99999998338053708302197719604
0.999999976067973528337518018816
0.999999967425852953617493312777
0.999999957454175469884205540438
0.999999946152941188159957164316
0.999999933522149997422445721895
0.999999919561802119716276138206
0.999999904271897444019145950733
0.999999887652436081353357621992
0.999999869703418253763516077015
0.99999985042484373920501639077
0.999999829816712870744765950803
0.999999807879025648382764757116
0.999999784611782183141315272223
0.999999760014982475020417496125
0.999999734088626635042373891338
0.999999706832714885251789382892
0.999999678247247225648663970787
0.99999964833222376725530011754
0.999999617087644732116302748182
0.999999584513510231253974325227
0.999999550609820264668314848677
0.999999515376575054403929243563
0.999999478813774711483119972399
0.999999440921419457950491960219
0.99999940169950929380604520702
0.999999361148044552116687100352
0.999999319267025343904720102728
0.999999276056451780192446676665
0.999999231516324083024471747194
0.999999185646642363423097776831
0.999999138447406843432929690607
0.999999089918617745098572413553
0.999999040060275290464630870702
0.999998988872379479531105062051
0.999998936354930756387204837665
0.999998882507929232055232660059
0.999998827331375128579793454264
0.999998770825268556983189682796
0.999998712989609961354631195718
0.999998653824399452716420455545
0.999998593329637253113162387308
0.999998531505323584589461916039
0.999998468351458669189923966769
0.999998403868042951003758389561
0.99999833805507654105326764693
0.999998270912559661383056663908
0.999998202440492645060032828042
0.999998132638875714128801064362
0.999998061507709312678571222932
0.999997989046993440709343303752
0.999997915256728653332629619399
0.999997840136915172593035094906
0.999997763687553109512862192787
0.999997685908643019203623225621
0.99999760680018512370992311844
0.99999752636217975609866925879
0.999997444594627138414466571703
0.999997361497527714746524907241
0.999997277070881818161751652951
0.999997191314689670704751733865
0.999997104228951716464735000045
0.999997015813668288508608839038
0.999996926068839608880978175875
0.999996834994466232693355323136
0.999996742590548493012647668365
0.999996648857086611883460136596
