1
0.999999999260825722657841652108
0.999999997043302779609064145916
0.999999993347431170853667481424
0.999999988173211007413954121148
0.999999981520642178267621602572
0.999999973389724905459274850728
0.999999963780458966944308940583
0.999999952692844695789631259686
0.99999994012688198097293934552
0.999999926082570822494233198086
0.999999910559911331375815279898
0.999999893558903729662290515989
0.999999875079547795309053981327
0.99999985512184386138301306346
0.999999833685792038906470224902
0.999999810771392216857123003138
0.999999786378644506257273860683
0.999999760507549240173830185086
0.999999733158106307584489513829
0.99999970433031604155615923446
0.999999674024178331066536884464
0.999999642239693509182529851387
0.999999608976861575904138135229
0.999999574235682753275966661022
0.999999538016157152320317891281
0.999999500318284995081796751037
0.999999461142066392582705702807
0.999999420487501566867649671622
0.999999378354590739981233582512
0.999999334743333911923457435478
0.999999289653731415761228618067
0.999999243085783473539152055309
0.999999195039490307301832672238
0.999999145514852028071572931367
0.999999094511868857892977757729
0.999999042030541018810652076354
0.99999898807086884389150327479
0.999998932632852555180136278068
0.999998875716492374721156011219
0.999998817321788524559167399275
0.999998757448741226738775367266
0.999998696097350814326887302741
0.999998633267617620390410593245
0.999998568959541755951647701295
0.999998503173123665099808476953
0.99999843590836356987949784525
0.999998367165261803357623193733
0.999998296943818587578789447434
0.9999982252440342556099039939
0.999998152065909251540176683193
0.999998077409443686391909977829
0.999998001274638115276616190386
0.999997923661492760238900245895
0.999997844570007843323367069388
0.999997764000184030663831435959
0.999997681952021433282595808123
0.999997598425520384246567573427
0.99999751342068143866725904445
0.999997426937504929611577608739
0.999997338975991079124128191324
0.999997249536140442316423104785
0.999997158617953352255369736667
0.999997066221430253030177937035
0.999996972346571588730057555949
0.999996876993377581399613518442
0.999996780161848897172660599608
0.999996681851985758093803724478
0.999996582063788719274555205629
0.999996480797258224804124893126
0.99999637805239471877172263703
0.999996273829198645266558287403
