1
0.99999999974271058800212585993
0.99999999897084235200850343972
0.999999997684395403041435201885
0.99999999588336963007861868391
0.999999993567765033120053885796
0.999999990737581612165740807541
0.999999987392819478237981911661
0.999999983533478520314474735642
0.999999979159558738395219279482
0.999999974271060243502518005698
0.999999968867982924614068451774
0.999999962950326892752173080225
0.999999956518092147916831891052
0.999999949571278690108044884255
0.999999942109886408303509597317
0.999999934133915524547830955271
0.999999925643365816796404033084
0.999999916638237507093833755789
0.999999907118530595440120123385
0.999999897084244859790658210841
0.999999886535380633212355405703
0.999999875471937693660606782942
0.999999863893916152157714805071
0.999999851801316008703679472092
0.999999839194137263298500784003
0.999999826072380026964481203322
0.999999812436044188679318267532
0.999999798285129970487616901664
0.999999783619637150344772180688
0.999999768439565839273086567118
0.999999752744916148294862523471
0.999999736535688077410100049747
0.999999719811881515596496683429
0.999999702573496684898657349549
0.999999684820533363271977123077
0.999999666552991883783363391558
0.999999647770872024388211229962
0.999999628474173896108823100803
0.999999608662897609967501466599
0.999999588337043054941943864833
0.99999956749661034205445275802
0.999999546141599582327330608678
0.999999524272010664738274954288
0.999999501887843700309588257369
0.999999478989098689041270517919
0.999999455575775630933321735938
0.999999431647874637008044373943
0.999999407205395707265438431932
0.999999382248338952727806372422
0.999999356776704262372845732898
0.99999933079049185824516143839
0.999999304289701629322451026383
0.999999277274333686627016959392
0.999999249744388030158859237417
0.999999221699864770940280322975
0.999999193140763908971280216065
0.999999164067085444251858916687
0.999999134478829487804318887356
0.999999104375996039628660128074
0.999999073758585210747185101354
0.999999042626597001159893807198
0.999999010980031521889088708122
0.999998978818888661912467341608
0.999998946143168643274634632689
0.999998912952871465975590581365
0.999998879247997130015335187636
0.999998845028545746416170914017
0.999998810294517315178097760509
0.999998775045911947323418189626
0.999998739282729642852132201369
0.999998703004970512786542258254
