1
0.999999999555160612452198165556
0.999999998220642227764187737193
0.999999995996445067980573639943
0.999999992882569133101355873805
0.999999988879014201081929513748
0.999999983985780493966899484803
0.999999978202868011756265786971
0.999999971530276643427725957736
0.999999963968006500003582459613
0.999999955516057581483835292602
0.999999946174429887868484456703
0.999999935943123530179832414433
0.999999924822138508417879165791
0.99999991281147471156032224826
0.999999899911132361651766586874
0.999999886121111347669909719116
0.999999871441411780637054107501
0.999999855872033771575502214546
0.999999839412977209462951577734
0.999999822064242205321704659582
0.999999803825828759151761460089
0.999999784697737092997726904287
0.999999764679966984814996067144
0.999999743772518767670476336207
0.999999721975392330541865248961
0.999999699288587784451465267921
0.999999675712105129399276393087
0.999999651245944476407601086976
0.999999625890105825476439349586
0.99999959964458939865039610595
0.999999572509395195929471356067
0.999999544484523217313665099937
0.999999515569973573825279800076
0.999999485765746376486617918999
0.999999455071841625297679456708
0.999999423488259542303069338232
0.999999391015000127502787563571
0.999999357652063380896834132727
0.999999323399449635552116433246
0.999999288257158669424029540096
0.999999252225190815579480840825
0.999999215303546074018470335432
0.999999177492224555763300486433
0.999999138791226371836273756344
0.99999909920055163325969260768
0.999999058720200451055859502958
0.999999017350172825224774442177
0.999998975090468977811042350368
0.999998931941089019836965690047
0.99999888790203306232484692373
0.999998842973301216296988513932
0.999998797154893592775692923169
0.999998750446810191760960151441
0.999998702849051346319697586296
0.999998654361617167474207690248
0.999998604984507655224490463297
0.99999855471772292059284836796
0.999998503561263296646188791783
0.999998451515128672362209272251
0.99999839857931938080781719691
0.999998344753835533005315028277
0.999998290038677239977005228866
0.999998234433844612745190261194
0.999998177939337762332172587776
0.999998120555157021804859596159
0.999998062281302280140948823828
0.999998003117773981429650120845
0.99999794306457212567096348721
0.999997882121696823887191385438
0.999997820289148409145241203078
0.999997757566926881445112940128
