1
0.999999999227643487920147435943
0.999999996910573840658287281258
0.999999993048791169236721998459
0.999999987642295362633149125031
0.999999980691086642892173586006
0.999999972195164787969190456351
0.999999962154530130931107123615
0.999999950569182449733318662766
0.999999937439121966420429998834
0.999999922764348569970138669305
0.999999906544862593449352061725
0.999999888780663925835767713579
0.999999869471752678151688087382
0.999999848618128850397113183135
0.999999826219792775638950388384
0.999999802276744342854897240613
0.999999776788983774089558664855
0.999999749756511180365237123624
0.999999721179326561681932616921
0.999999691057430251106552532292
0.999999659390822248639096869738
0.99999962617950277632417055429
0.999999591423471834161773585947
0.999999555122729866241115814773
0.999999517277276761539894778252
0.999999477887112742102715401415
0.99999943695223814099648507181
0.999999394472653069243506251951
0.99999935044835774888838386687
0.999999304879352290953420379083
0.999999257765637028505523176136
0.999999209107212072566994720546
0.999999158904077645182439937344
0.999999107156234079418766214076
0.999999053863681597320578475774
0.999998999026420420932481647469
0.999998942644450772299080654193
0.999998884717772873464980420977
0.999998825246387168519390797883
0.999998764230293768484614247427
0.999998701669493006427558157156
0.999998637563985104392827452102
0.999998571913770506469631982327
0.999998504718849434702576672862
0.999998435979222222158568911254
0.999998365694889090882213622535
0.999998293865850484962720656767
0.999998220492106737466997401498
0.999998145573658181461951244273
0.999998069110505038992187110125
0.999997991102647754146914849116
0.999997911550086771015344311309
0.999997830452822311642080421734
0.999997747810854931138635492971
0.999997663624184740527311987535
0.999997577892812405941924680519
0.999997490616738149427078496956
0.999997401795962526094285749423
0.999997311430485757988151362952
0.99999721952030840022018765012
0.999997126065430785857301998476
0.999997031065853470011006720597
0.999996934521576896770511666546
0.999996836432601288180421761354
0.999996736798927310374551780114
0.999996635620555407442111572891
0.999996532897486023472310989746
0.999996428629719491532057418226
0.999996322817256588777468095941
0.999996215460097537253147947922
0.999996106558242892070609286748
