1
0.999999999667295358385388226452
0.999999998669181322519250443293
0.999999997005658003423889113037
0.99999999467672529007700177317
0.999999991682383293500890886207
0.999999988022631902673253989633
0.999999983697471228616393545963
0.999999978706901271330309555196
0.999999973050922030815002017334
0.999999966729533396048168469861
0.999999959742735589074413837807
0.999999952090528498871435658657
0.999999943772912125439233932411
0.999999934789886579800111121585
0.999999925141451750931764763664
0.999999914827607749856497321161
0.999999903848354687596611256595
0.999999892203692342107501644932
0.999999879893620935433773411205
0.999999866918140356553124092898
0.999999853277250716487856152526
0.999999838970952126260272052605
0.999999823999244363825766868104
0.999999808362127762251247986569
0.99999979205960209949211048297
0.999999775091667597592959282338
0.999999757458324145531491922156
0.999999739159571743307708402426
0.999999720195410612966213648178
0.999999700565840754507007659413
0.999999680270862056907787973614
0.999999659310474742213159515813
0.999999637684678699400819823495
0.999999615393474039493071359175
0.999999592436860762489914122852
0.99999956881483909043595303956
0.999999544527408801286583184265
0.999999519574570228108711944515
0.999999493956323148857734395278
0.999999467672667785578255461587
0.999999440723604138270275143441
0.99999941310913220693379344084
0.999999384829252102591112816299
0.999999355883963936264535732334
0.999999326273267707954062188946
0.99999929599716352868199464865
0.999999265055651398448333111446
0.999999233448731317253077577334
0.999999201176403507140832971345
0.999999168238667857089296830964
0.999999134635524589143074081221
0.999999100366973703302164722118
0.999999065433015310588871216169
0.999999029833649299980891100859
0.999998993568876004545131763734
0.999998956638695424281593204796
0.999998919043107448167972961528
0.999998880782112409271178421477
0.999998841855710196568907122128
0.999998802263900921083461525996
0.999998762006684693837144095596
0.999998721084061625852257293445
0.999998679496031828151103582059
0.999998637242595300733682961436
0.999998594323752043599995431578
0.99999855073950238981694838003
0.999998506489846228362239344278
0.999998461574783670258170786838
0.999998415994314937549347632739
0.999998369748439919213467419468
0.999998322837158837295135072054
