1
0.999999999086919499902137431491
0.999999996347677999608549725963
0.999999991782275499119236883416
0.999999985390711998434198903851
0.999999977172987608575738249783
0.999999967129102440566157383728
0.999999955259056272360851380654
0.999999941562849437026727628108
0.999999926040481934563786126091
0.999999908691953764972026874602
0.999999889517265039273752336157
0.999999868516416090535869898304
0.999999845689406696713774636009
0.999999821036237190874373936822
0.999999794556907684039970263257
0.999999766251418287232866077829
0.999999736119769111475363843056
0.999999704161960378812068483967
0.999999670377992311287584925594
0.999999634767865019924215630454
0.999999597331578726766565523576
0.999999558069133653859239529993
0.99999951698052991222454011222
0.999999474065767834929374657804
0.999999429324847644018348091777
0.999999382757769672558367801685
0.999999334364533920549433787528
0.999999284145140943103058361885
0.999999232099590740219241524755
0.999999178227883867009495588718
0.999999122530020434496123016288
0.999999065006000775746031195013
0.999999005655825223826127512439
0.999998944479494222825621818629
0.999998881477007883766816576099
0.999998816648366650738921634911
0.999998749993570967831146845128
0.999998681512621168110399594298
0.99999861120551747362128480745
0.999998539072260439475314797164
0.999998465112850398739396950987
0.999998389327287684480438656465
0.999998311715572851809952226176
0.999998232277706233794845047669
0.99999815101368838554662943352
0.999998067923519529109910308762
0.999997983007200330618502448488
0.999997896264731123139313240245
0.999997807696112461783854996611
0.999997717301344790641337567649
0.999997625080428664823273265938
0.99999753103336452841887194154
0.999997435160152825517343444517
0.999997337460794222252502549964
0.999997237935289273735861570458
0.999997136583638313034327893547
0.99999703340584211730401875684
0.999996928401901130634144010401
0.999996821571816019158518429322
0.999996712915587337988654326182
0.999996602433215531213761551044
0.999996490124701375989957341517
0.999996375990045538451056472695
0.999996260029248462686268794641
0.999996142242310814829409082449
0.999996022629233372036594573729
0.999995901190016689419337581057
0.99999577792466143311145287953
0.999995652833168380269057706755
0.999995525915538086003664375312
0.99999539717177132747139012281
