1
0.99999999880067103052994070822
0.999999995202684122119762832881
0.999999989206039274769466373982
0.999999980810736599501353794039
0.999999970016775985293122630537
0.999999956824157765211680271022
0.99999994123288182823472425298
0.99999992324294839640685950144
0.999999902854357580750388478918
0.999999880067109492287613647932
0.999999854881204353063139933511
0.999999827296642274099269798171
0.999999797313423477440608166944
0.999999764931548185131759964861
0.999999730151016619217330116953
0.999999692971829001741923548252
0.999999653393985665772447646304
0.999999611417486944375809798657
0.999999567042333059596614930342
0.99999952026852423347946796639
0.999999471096061021135881219379
0.999999419524943644610459614341
0.999999365555172436970110538823
0.999999309186747842304043842887
0.999999250419670304701469376596
0.999999189253940157229294527497
0.999999125689557954999031608168
0.999999059726524142099890468671
0.999998991364839051598778496555
0.999998920604503238607208004396
0.999998847445517258236691304774
0.999998771887881665598740710266
0.999998693931597015804868533451
0.999998613576663641921982161875
0.999998530823082432128501295665
0.999998445670853830513635784882
0.999998358119978392188897942106
0.999998268170456894310405004944
0.999998175822289780967366823461
0.999998081075477940338203097781
0.999997983930021927534426140483
0.999997884385922519712153189175
0.999997782443180383005199018953
0.99999767810179618354737840491
0.999997571361770698494808584655
0.999997462223104816025909258315
0.999997350685799313296797663497
0.999997236749854856441288575297
0.999997120415272222615499231324
0.999997001682052522042454256734
0.999996880550196309833665964106
0.999996757019704696212158978597
0.999996631090578458334050537815
0.999996502762818484377760341886
0.999996372036425662521708090935
0.999996238911401102988918410119
0.999996103387745582935508537048
0.999995965465460212584503096878
0.999995825144545880114321789733
0.999995682425003584725686778256
0.999995537306834436641622687603
0.999995389790039546085154142929
0.999995239874619801234700844361
0.999995087560576312313287417055
0.999994932847910300566240948683
0.999994775736622765194283601886
0.999994616226714816420440001821
0.999994454318187786512339698675
0.999994290011042563648402392573
0.99999412330528059111856009622
0.999993954200902979145837434771
