1
0.999999999769024539020279007673
0.999999999076098156081116030691
0.999999997921220851182511069055
0.999999996304392624324464122765
0.99999999422561347550697519182
0.999999991684883293707741813705
0.999999988682202300971368913451
0.999999985217570497297856491059
0.999999981290987660642599621497
0.99999997690245390202790076728
0.999999972051969332476062390924
0.999999966739533840964782029914
0.99999996096514742749405968425
0.999999954728810203086197816447
0.999999948030522056718893963989
0.999999940870283099414450589393
0.999999933248093220150565230142
0.999999925163952640971842811268
0.99999991661786113983367840774
0.999999907609818827758374482073
0.999999898139825815768233496783
0.999999888207881881818650526839
0.999999877813987247954230497271
0.999999866958141803152670945565
0.999999855640345769458576796751
0.999999843860598813805040663283
0.999999831618901269258969932707
0.999999818915253024798062142509
0.999999805749654080422317292687
0.999999792122104436131735383242
0.99999977803260420294861887669
0.999999763481153269850665310514
0.999999748467751858882479609747
0.999999732992399859021759311872
0.999999717055097159246201954375
0.999999700655844092622714924801
0.999999683794640437106693298119
0.999999666471486303720439536846
0.999999648686381692463953640981
0.999999630439326603337235610525
0.999999611730321147362587907992
0.999999592559365324540010533383
0.999999572926459134869503486698
0.999999552831602578351066767937
0.999999532274795766007002839615
0.999999511256038586815009239217
0.999999489775331262819690891774
0.999999467832673682998745334771
0.999999445428065847352172568208
0.999999422561507866902275054599
0.999999399232999852671355256462
0.999999375442541693637110711279
0.999999351190133389799541419052
0.999999326475775163203252304811
0.999999301299466902825940906041
0.999999275661208719689909685258
0.999999249561000613795158642461
0.99999922299884258514168777765
0.999999195974734633729497090826
0.99999916848867698160319150702
0.999999140540669517740468563716
0.999999112130712353163630723429
0.999999083258805487872677986161
0.99999905392494892186761035191
0.999999024129142766170730283193
0.999998993871387020782037780009
0.999998963151681796723835304874
0.999998931970026982973820395273
0.999998900326422801576597976236
0.999998868220869141509865585249
0.999998835653366224818228147342
