1
0.99999999974233710897664195727
0.999999998969348546928870291595
0.999999997681034313856685002975
0.999999995877394298737783628894
0.999999993558428612594468631869
0.999999990724137144404437549383
0.999999987374520005189992843952
0.999999983509577194951134515577
0.999999979129308713687862564257
0.999999974233714561400176989991
0.999999968822794738088077792781
0.999999962896549243751564972627
0.999999956454977967368336067011
0.999999949498081130982996000967
0.999999942025858734595544774493
0.999999934038310667183679925074
0.999999925535436928747401452711
0.999999916517237630309011819918
0.999999906983712771868511026696
0.999999896934862242403596610529
0.999999886370686263958873496449
0.99999987529118472551203922194
0.999999863696357627063093787001
0.999999851586204968612037191633
0.999999838960726972203474360867
0.999999825819923415792800369672
0.999999812163794410402317680564
0.999999797992340067054328756058
0.999999783305560163704228671122
0.999999768103455033418924813304
0.999999752386024454153812257573
0.999999736153268536931193466444
0.999999719405187392773370902432
0.999999702141780910658042103023
0.999999684363049201607509530731
0.999999666068992265621773185558
0.999999647259610102700833067502
0.999999627934902823866991639079
0.999999608094870318097946437774
0.999999587739512807438302388618
0.99999956686883006984345456658
0.999999545482822438380310359207
0.999999523581489691004264841467
0.999999501164832049759922938392
0.999999478232849403624982187466
0.999999454785541863621745051205
0.999999430822909429750211529608
0.999999406344952213032684085192
0.999999381351670213469162717956
0.999999355843063431059647427901
0.999999329819131865804138215026
0.999999303279875628724937541847
0.99999927622529483084434787088
0.999999248655389361140066739608
0.999999220570159441656699073064
0.999999191969604850349639946216
0.999999162853725920285796746612
0.999999133222522540442867011734
0.9999991030759948218431532041
0.999999072414142764486655323708
0.999999041236966368373373370559
0.99999900954446574452560980717
0.999998977336641003965667096054
0.999998944613492035671242774697
0.99999891137501906168694176813
0.999998877621221970990461613837
0.99999884335210098562640723685
0.999998808567655994572476174653
0.999998773267887219873273352277
0.999998737452794550506496307207
0.999998701122378208516749964474
