1
0.999999999832810293476370588905
0.99999999933124095186087743059
0.999999998495292197198125450086
0.999999997324963918465812184877
0.999999995820256226686240097479
0.99999999398116889981480426286
0.999999991807702159896109606052
0.999999989299855895907853664539
0.999999986457630107850036438322
0.999999983281024906744960389915
0.999999979770040181570323056803
0.999999975924675932326124438987
0.999999971744932270034666998981
0.999999967230809083673648274271
0.999999962382306484265370727371
0.999999957199424360787531895767
0.999999951682162713240131779457
0.999999945830521763667775303475
0.999999939644501290025857542787
0.999999933124101292314378497395
0.999999926269321992577943092328
0.999999919080163168771946402558
0.999999911556624931918690890598
0.999999903698707282018176556448
0.99999989550641021907040340011
0.999999886979733854097673884098
0.999999878118677965055383083381
0.999999868923242773988135922991
0.999999859393428169873629940412
0.999999849529234263734167598159
0.999999839330660944547446433717
0.999999828797708323335768909601
0.999999817930376289076832563296
0.999999806728664952792939857318
0.999999795192574425506393254182
0.999999783322104485172587828856
0.999999771117255242813826043857
0.9999997585780268094524103617
0.99999974570441907406603831987
0.999999732496432036654709918366
0.999999718954065808240727619705
0.999999705077320388824091423885
0.999999690866195778404801330908
0.999999676320691865960554878257
0.999999661440808873535956990963
0.999999646226546690108705206512
0.999999630677905315678799524903
0.999999614794884861268542408652
0.999999598577485326877933857759
0.999999582025706601484671409708
0.999999565139548796111057527014
0.999999547919011910757092209678
0.999999530364096056445077920216
0.999999512474801122152712196112
0.999999494251127107879995037365
0.999999475693074235671531369007
0.999999456800642283482716266008
0.999999437573831362335852190881
0.999999418012641583253241606144
0.99999939811707283521258204928
0.99999937788712511821387352029
0.999999357322798654301720944204
0.999999336424093221431519395992
0.999999315191009041647873800684
0.999999293623546003928481695766
0.999999271721704108273343081237
0.999999249485483576727062882128
0.999999226914884187245036173408
0.999999204009906050849565417593
0.999999180770549278562953077198
0.999999157196813759362896689709
