1
0.999999999553403240426519005268
0.999999998213612850683773558558
0.999999995980628830771763659868
0.999999992854451402735094234231
0.999999988835080233506857894099
0.99999998392251565615396202702
0.999999978116757448631801707961
0.999999971417805721962679399439
0.99999996382566058716889756397
0.999999955340321822205851276522
0.999999945961789649118145462126
0.999999935690064067905780120782
0.999999924525145078568755252491
0.999999912467032681107070857252
0.999999899515726986543029397581
0.999999885671227883854328410962
0.999999870933535595085572822427
0.99999985530265000921446016946
0.999999838778571237263292914577
0.999999821361299390254373520293
0.999999803050834357165399524092
0.999999783847176249018673388491
0.999999763750325176836497576005
0.99999974276028125164117454915
0.999999720877044251388099382893
0.999999698100614509144179464784
0.99999967443099202490941479482
0.999999649868176798683805373003
0.999999624412168941489653661847
0.999999598062968453326959661354
0.999999570820575445218025834038
0.999999542684990139207457104931
0.999999513656212313250648549001
0.999999483734242300414507553796
0.999999452919080100699034119316
0.99999942121072571410422824556
0.99999938860917936267469485756
0.999999355114441046410433955316
0.999999320726510876333748001343
0.999999285445388963466939458158
0.99999924927107530781000832576
0.99999921220357013140755952918
0.999999174242873545281895530934
0.999999135388985438410713868507
0.999999095641906254883224391961
0.999999055001635772654822176264
0.999999013468174213770112146449
0.999998971041521800273699227546
0.999998927721678532165583419555
0.999998883508644631490369647508
0.99999883840241998722575544889
0.999998792403005043460950673762
0.999998745510399578151350397093
0.999998697724604035386164468946
0.999998649045618304143090426805
0.999998599473442717489035658218
0.999998549008077164401697700669
0.999998497649521977947983941704
0.999998445397777269150196843839
0.99999839225284314903063886959
0.999998338214719728611612481473
0.999998283283407118915420142002
0.999998227458905653008969238726
0.999998170741215219869957309129
0.999998113130336152565291740757
0.999998054626268562117274996126
0.999997995229012670570512000268
0.999997934938568477925002753182
0.999997873754936317247654642415
0.999997811678116188538467667968
0.999997748708108313842046754871
