1
0.999999999872231204456340947218
0.999999999488924928847666251386
0.999999998850081173173975912505
0.999999997955699937435269930575
0.999999996805781110609245843079
0.999999995400324803718206112535
0.999999993739331016762150738941
0.999999991822799638718777259783
0.999999989650730780610388137575
0.999999987223124442436983372318
0.999999984539980624198562964011
0.999999981601299325895126912656
0.999999978407080436504372755735
0.999999974957324067048602955765
0.999999971252030328550119975262
0.999999967291198998964318889193
0.999999963074830189313502160076
0.999999958602923899597669787909
0.999999953875480129816821772692
0.999999948892498879970958114427
0.999999943653980150060078813112
0.999999938159923940084183868748
0.999999932410330250043273281335
0.999999926405199190959649513388
0.999999920144530651811010102392
0.999999913628324632597355048347
0.999999906856581133318684351252
0.999999899829300264997300473624
0.999999892546481916610900952946
0.99999988500812608815948578922
0.999999877214232890665357444959
0.999999869164802324128515920165
0.999999860859834277526658752322
0.999999852299328861882088403945
0.999999843483285966172502412519
0.999999834411705812442505703075
0.999999825084588178647493350581
0.999999815501933175809767817555
0.999999805663740803929329103994
0.999999795570011174028479672415
0.999999785220744064062614597788
0.999999774615939585054036342626
0.999999763755597848025047369447
0.999999752639718741953345215734
0.999999741268302377861232344003
0.999999729641348644726406291738
0.99999971775885754254886705894
0.99999970562082929337321957064
0.999999693227263675154858901806
0.999999680578160798916087514954
0.999999667673520553634602947568
0.99999965451334316135501012468
0.999999641097628511055006583774
0.99999962742637660273459232485
0.999999613499587436393767347909
0.999999599317261123054834115464
0.999999584879397551695490165002
0.999999570185996833338037959038
0.999999555237058856960175035056
0.999999540032583844606506318087
0.9999995245725715742324268831
0.999999508857022156860239192611
0.999999492885935592489943246619
0.999999476659311881121539045125
0.999999460177151133777329050645
0.999999443439453239435010800662
0.999999426446218309116886757693
0.999999409197446231800654459221
0.999999391693137229530918830278
0.999999373933291080263074945833
0.999999355917907895019425268401
