1
0.999999999387203075684737996198
0.999999997548812302738951984793
0.999999994484827681162641965784
0.999999990195249210955807939172
0.999999984680077003140752367472
0.999999977939310946695172788168
0.999999969972951152641371663776
0.999999960780997620979348994297
0.999999950363450351709104779729
0.99999993872030945585294148259
0.999999925851574933410859102878
0.999999911757246784382857640594
0.999999896437325119791239558253
0.999999879891810050658307318372
0.999999862120701465961758458434
0.999999843123999587746197903471
0.999999822901704527033928115998
0.9999998014538161728026466335
0.999999778780334747096958381007
0.999999754881260249916863358521
0.999999729756592792284664028557
0.99999970340633248522266285363
0.999999675830479439753162296256
0.999999647029033766898464818951
0.999999617001995466658570421714
0.999999585749364761078084029577
0.999999553271141761179308105056
0.999999519567326577984545110667
0.999999484637919211493795046408
0.999999448482919994773965299828
0.999999411102328927825055870926
0.999999372496146121669369222218
0.999999332664371798351510278735
0.999999291607006179916083965509
0.999999249324049155340787820023
0.999999205815501168714831692341
0.999999161081362220038215582463
0.999999115121632420333241952903
0.99999906793631210266681819121
0.999999019525401378061246759898
0.999998969888900357538830121484
0.999998919026809374166475663515
0.999998866939128427944183385989
0.999998813625857851938860676455
0.999998759086997757172809997428
0.999998703322548365690636273939
0.99999864633250989953694443102
0.999998588116882580756339393702
0.9999985286756665203711236245
0.999998468008862162470506973477
0.999998406116469507054489440634
0.999998342998488887189978413517
0.999998278654920524921578817157
0.99999821308576453127159311407
0.999998146291021350329231154319
0.999998078270691204139097862935
0.999998009024774203723495702434
0.999997938553270682149332060362
0.999997866856180861461211861752
0.999997793933505074726042494149
0.999997719785243432966126420069
0.999997644411396491292975952092
0.999997567811964249706591090217
0.999997489986947152296181684505
0.99999741093634542110635265999
0.999997330660159389204011404217
0.999997249158389278633762842219
0.999997166431035533484816824057
0.999997082478098264779475812247
0.999996997299577916606949656853
0.999996910895474711011843282904
