1
0.999999999518073501292292348808
0.999999998072294116191471857746
0.999999995662661844697538526816
0.999999992289176686810492356017
0.999999987951838642530333345348
0.999999982650647600834759032296
0.999999976385603783768374341889
0.999999969156707080308876811614
0.999999960963957601478568903985
0.999999951807355236255148156488
0.999999941686900095660917031637
0.999999930602592290718177991948
0.999999918554431710404628574906
0.999999905542418465742571243027
0.999999891566552556732005996309
0.99999987662683409439523529727
0.999999860723262967709956683393
0.99999984385583939872077507971
0.99999982602456338742769048622
0.999999807229434933830702902924
0.999999787470454037929812329821
0.999999766747620921769623691944
0.999999745060935585350136989291
0.999999722410398028671352221863
0.999999698796008362755571852176
0.99999967421776658760279588023
0.999999648675672925257629231055
0.999999622169727375720071904652
0.999999594699929938990123901021
0.999999566266280726090087682678
0.999999536868779959064568174654
0.999999506507427526891262914432
0.999999475182223651614776827046
0.999999442893168333235109912493
0.999999409640261682774564633291
0.999999375423503922277745914471
0.999999340242894940722351293516
0.999999304098435071175288157974
0.999999266990124202614254045329
0.999999228917962557083853880613
0.999999189881950134584087663825
0.999999149882087268181862782512
0.999999108918373957877179236675
0.999999066990810203670037026313
0.999999024099396227605041076458
0.999998980244132251726796312141
0.999998935425018276035302733362
0.999998889642054411552862802637
0.999998842895240880324081444996
0.999998795184577682348958660441
0.999998746510065150694401836517
0.999998696871703285360410973226
0.999998646269492308391590995598
0.999998594703432330810244366148
0.999998542173523463638673547393
0.999998488679765928921483464364
0.999998434222159837680976579577
0.999998378800705300939455355547
0.999998322415402540741524717305
0.999998265066251779131789589883
0.999998206753253127132552435796
0.999998147476406695766115717561
0.999998087235712707077084360208
0.999998026031171272087760826253
0.999997963862782723865052503243
0.999997900730547062408959391178
0.999997836634464620786388877605
0.999997771574535510019643425039
0.999997705550759841131025495997
0.999997638563137947187442478025
0.999997570611670050233499296155
