1
0.999999999502053538158463652508
0.999999998008214152633854610031
0.999999995518481954448475335084
0.999999992032856832580023365153
0.999999987551338787028498700238
0.999999982073927928816203802853
0.999999975600624257943138672999
0.999999968131427774409303310676
0.999999959666338367192395253369
0.999999950205356258337019426108
0.999999939748481447843175828893
0.99999992829571382468856199921
0.999999915847053610917782862089
0.999999902402500695508535955014
0.999999887962055189483123740501
0.999999872525717092841546218551
0.999999856093486405583803389163
0.999999838665363349754500177369
0.999999820241347925353636583168
0.999999800821440021358910144045
0.999999780405639859814925785031
0.999999758993947440721683506126
0.999999736586362875101485769846
0.999999713182886273976635038707
0.999999688783517526324828850193
0.999999663388256854190672129334
0.999999636997104257574164876132
0.999999609610059847497609553102
0.999999581227123623961006160243
0.999999551848295920031262085104
0.999999521473576513663772402651
0.999999490102965737925444500434
0.99999945773646359281627837845
0.999999424374070078336274036701
0.999999390015785416530036400218
0.999999354661609718419867931516
0.999999318311542984005768630595
0.999999280965585435332343422488
0.999999242623737183421894769708
0.999999203285998228274422672257
0.999999162952368791934532055166
0.999999121622848874402222918434
0.999999079297438808744402649609
0.999999035976138483938768786174
0.999998991658948233052228715678
0.99999894634586805608478243812
0.999998900036898064058732416015
0.999998852732038479018683574395
0.999998804431289523009240838292
0.999998755134651196030404207704
0.999998704842123609104476145149
0.999998653553707095298364038172
0.999998601269401654612067886774
0.999998547989207509090192615986
0.999998493713124769755040688324
0.999998438441153658651217028819
0.999998382173294286801024099987
0.999998324909546876249066826858
0.999998266649911649039950134465
0.999998207394388605173674022808
0.999998147142978077717145879433
0.99999808589568006667036570434
0.999998023652495016122543347592
0.999997960413422926073678809189
0.999997896178464018568377014162
0.999997830947618515651242887543
0.999997764720886528344578891847
0.999997697498268389715292414621
0.999997629279764210785685918381
0.999997560065374213600364328158
0.999997489855098620203932568984
