1
0.999999999678329420937927807245
0.999999998713317794774013691494
0.999999997104965121508257652749
0.999999994853271401140659691009
0.999999991958236522648917343759
0.999999988419860597055333073513
0.999999984238143735382209342788
0.999999979413085715584941226552
0.999999973944686648685831187322
0.999999967832946534684879225097
0.999999961077865484604387802392
0.999999953679443387422054456692
0.999999945637680243137879187998
0.999999936952576162774164458824
0.999999927624131146330910269171
0.999999917652345193808116619039
0.999999907037218416228085970943
0.999999895778750591546213399852
0.999999883876941941807103830797
0.999999871331792467010757263779
0.999999858143302056134871236281
0.999999844311470931224050673336
0.999999829836298981255993112427
0.99999981471778631725300101607
0.999999798955932939215074384265
0.999999782550738847142213217012
0.999999765502204041034417514311
0.999999747810328742936292201193
0.999999729475112730803232352628
0.999999710496556226679842893645
0.999999690874659230566123824246
0.999999670609421631439772681915
0.999999649700843651345394391683
0.99999962814892529028298895355
0.999999605953666548252556367515
0.999999583115067536276399096096
0.999999559633128143332214676775
0.999999535507848591464608034585
0.999999510739228880673579169525
0.999999485327269010959128081595
0.999999459271969093343557233311
0.999999432573329016804564162157
0.999999405231349114409056255681
0.999999377246029164112428588851
0.999999348617369387959286086698
0.999999319345369785949628749222
0.999999289430030358083456576423
0.999999258871351326405374493334
0.999999227669332579893080037436
0.999999195823974229568875671248
0.999999163335276386455063857284
0.999999130203239050551644595544
0.999999096427862332880920348543
0.999999062009146344465193578799
0.999999026947090974282161823794
0.99999899124169644437643000856
0.999998954892962865770300595614
0.999998917900890127441471122438
0.999998880265478340412244051549
0.999998841986727726727224307979
0.999998803064638286386411891726
0.999998763499210019389806802792
0.999998723290443147782013966207
0.999998682438337560540730919456
0.99999864094289347971056258757
0.999998598804111016313811433065
0.999998556021990059328174993425
0.999998512596530830798258193681
0.99999846852773344174636349635
0.99999842381559789217249090143
0.999998378460124293098942871438
