1
0.999999999379045045877489883424
0.999999997516180072487657071179
0.999999994411405190852804025781
0.99999999006472040097293074723
0.999999984476125702848037235526
0.99999997764562109647812349067
0.999999969573206692885491975176
0.999999960258882270025537764013
0.999999949702648160965168244729
0.999999937904504365704383417324
0.999999924864450773220880819281
0.999999910582487494536962913116
0.99999989505861452965262969883
0.999999878292832100612486101454
0.999999860285140207416532120988
0.999999841035538739042465294915
0.999999820544028028557193010784
0.999999798810607964938412806077
0.999999775835278770230729605828
0.999999751618040444434143410035
0.999999726158893098570956681215
0.999999699457836732641169419367
0.999999671514871679711689012038
0.999999642329997828760212996713
0.999999611903215290809043835907
0.999999580234524287902786454652
0.999999547323924931063743315462
0.999999513171417331314216880855
0.99999947777700148865420715083
0.999999441140677736150621512934
0.999999403262446073803459967166
0.999999364142306723657327438559
0.999999323780259796734526389628
0.999999282176305404057359282888
0.999999239330443656648128580855
0.999999195242674887573741671076
0.999999149912999207856501016067
0.999999103341416617496406615828
0.999999055527927560582668320421
0.999999006472531926092983667331
0.999998956175230158116562506621
0.999998904636022256653404838289
0.999998851854908443748115587368
0.999998797831889052467602141405
0.999998742566964193834166962915
0.999998686060133978870112514414
0.999998628311398740642346183449
0.999998569320758701195472895051
0.999998509088213971551795111736
0.999998447613764884778220221051
0.999998384897411662919353148027
0.999998320939154528019798817695
0.999998255738993591101859692571
0.999998189296929296254745622718
0.999998121612961754500759070652
0.999998052687091298906807423919
0.999997982519318040495193145034
0.999997911109642423355126084061
0.999997838458064669531211166031
0.999997764564585001068053315976
0.999997689429203640010257458925
0.999997613051921030447033444943
0.999997535432737283400683736545
0.999997456571652842960418183793
0.999997376468667820148539249203
0.999997295123782659054256782838
0.999997212536997692744478172244
0.999997128708313143263808342454
0.999997043637729232656852218497
0.999996957325246516035122112953
0.999996869770865104420920488337
