1
0.999999999463182742687195059261
0.999999997852730970748780237045
0.999999995168644795207057995867
0.999999991410923994017423410696
0.999999986579568789224481406563
0.999999980674579180828231983469
0.999999973695955057806372678897
0.999999965643696531181205955363
0.999999956517803600952731812868
0.999999946318276378143252713926
0.999999935045114751730466196022
0.999999922698318832736674721673
0.999999909277888732184180753393
0.999999894783824339050681828667
0.999999879216125875380782872526
0.999999862574793230152181422454
0.999999844859826625409482403484
0.999999826071225839108080890583
0.999999806208991315337186733814
0.99999978527312272102989254563
0.999999763263620500275408176094
0.999999740180484431029128700175
0.999999716023714735335659042903
0.999999690793311413194999204279
0.999999664489274575629451646819
0.999999637111604333661318833038
0.999999608660300798312903225451
0.999999579135363969584204824059
0.999999548536794069519828553894
0.999999516864591098119774414954
0.999999484118755166406344869756
0.999999450299286385401842380816
0.999999415406184866128569410648
0.999999379439450719608828421769
0.999999342399084056864921876695
0.999999304285085099941454700456
0.999999265097453737816124430537
0.999999224836190414578140917001
0.999999183501295019205201697332
0.999999141092767662719609234045
0.999999097610608678188270914688
0.999999053054818065611186739261
0.999999007425396047032961632794
0.999998960722342622453595595289
0.999998912945658124939996014291
0.999998864095342554492162889801
0.999998814171396244177003609366
0.999998763173819193994518172985
0.999998711102611625989311505691
0.999998657957773651183686069999
0.999998603739305602644549253455
0.99999854844720748037190105606
0.999998492081479617432648865361
0.999998434642122013826792681357
0.999998376129135002621239891596
0.999998316542518694838292958593
0.99999825588227331252255680738
0.999998194148399077718636362988
0.999998131340896101448834087932
0.99999806745976471678005736976
0.999998002505005034734608670988
0.999997936476617277357092916645
0.999997869374601666692115031765
0.999997801198958313761977478862
0.999997731949687662655890107999
0.999997661626789824396155381692
0.999997590230264910005075762456
0.999997517760113363571861100354
0.999997444216335296118813857902
0.999997369598930929690538960131
0.999997293907900486331641332072
