1
0.999999999669534678226057167194
0.999999998678138490859623743745
0.999999997025811659945304654684
0.999999994712554074460797437496
0.999999991738365845428404554696
0.999999988103246750803521081252
0.999999983807197012630751942197
0.99999997885021663091009713753
0.999999973232305494619254204736
0.999999966953463603758223143814
0.999999960013691180371608879796
0.99999995241298800241480648765
0.999999944151354180910118429892
0.999999935228789826879847169039
0.999999925645294718279387780058
0.99999991540086907715334518798
0.999999904495512903501719392807
0.999999892929226197324510394537
0.999999880702008847599415730656
0.99999986781386118739334278871
0.999999854264782883639384181151
0.999999840054774158382144833013
0.999999825183835122643927206809
0.999999809651965554380126377509
0.999999793459165675635347270145
0.999999776605435486409589884715
0.999999759090774986702854221221
0.999999740915184287537442742178
0.999999722078663277891052985069
0.999999702581212068785987412411
0.99999968242283077124454848672
0.999999661603519385266736207996
0.999999640123277910852550576237
0.999999617982106348001991591445
0.999999595180004918759664178651
0.999999571716973512103265875339
0.999999547593012128032796681509
0.999999522808120988592861522193
0.99999949736230009378346039739
0.999999471255549332582290844584
0.999999444487869038056260251324
0.999999417059258988160763692576
0.999999388969719404940406093374
0.999999360219250288395187453716
0.999999330807851638525107773603
0.999999300735523677374771978066
0.999999270002266293921877604589
0.999999238608079710211029578204
0.999999206552963815219925436395
0.999999173836918719970867641678
0.999999140459944646508461119083
0.999999106422041483810403406096
0.999999071723209342898996965232
0.999999036363448223774241796491
0.999999000342758348480742824904
0.999998963661139828040802512987
0.999998926318592440409815935709
0.999998888315116518654690480616
0.999998849650712173797728610225
0.999998810325379183794325399504
0.999998770339117992733690698515
0.999998729691928378571219582227
0.999998688383810563351516975672
0.999998646414764658096885341365
0.999998603784790662807324679306
0.999998560493888688505137452012
0.999998516542058846212626121996
0.999998471929301246952093151776
0.999998426655615890723538541351
0.999998380721002888549264753237
0.99999833412546235145157424995
