1
0.999999999633971126122844452766
0.999999998535884393469075348548
0.999999996705739802038692687347
0.999999994143537462853998931678
0.99999999084927737591499408154
0.99999998682295943019937567442
0.999999982064583736729446172831
0.999999976574150295505205576774
0.999999970351658995504351423733
0.99999996339711005877148863874
0.999999955710503263262012296764
0.999999947291838831020527322835
0.999999938141116762047033716954
0.999999928258336945319229016604
0.999999917643499491859415684303
0.999999906296604290645291257533
0.999999894217651674743763123843
0.999999881406641311087923895684
0.999999867863573532744680960604
0.999999853588448117669429393572
0.99999983858126528790677411962
0.99999982284202493243441267623
0.999999806370727273296949988435
0.999999789167372088449781131203
0.999999771231959599937511029566
0.999999752564489918782442146039
0.999999733164962822939969555591
0.999999713033378534454698183254
0.999999692169737053326628029026
0.999999670574038490578061555425
0.999999648246282735186696299934
0.999999625186470009197137187584
0.999999601394600312609384218376
0.99999957687067364542343739231
0.999999551614690118661599171901
0.999999525626649732323869557149
0.99999949890655259743255101057
0.99999947145439882500994599468
0.999999443270188304033752046962
0.999999414353921145526271629933
0.999999384705597571532109668624
0.999999354325217471028963700519
0.99999932321278106606143865065
0.9999992913682882456072320565
0.999999258791739120688646380586
0.999999225483133913350286547939
0.999999191442472623592152558558
0.999999156669755140391941949929
0.999999121164981796816562109598
0.999999084928152592866013037565
0.99999904795926752854029473383
0.999999010258326825884012123424
0.999998971825330373874862743833
0.999998932660278505579753982602
0.9999988927631709989540809147
0.999998852134008187064750927675
0.999998810772790180934066484042
0.999998768679516869539725121285
0.999998725854188474926331764436
0.999998682296804997093886413495
0.999998638007366658086993993493
0.999998592985873568927956966945
0.999998547232325618594472871337
0.999998500746723140153449094214
0.999998453529066133604885635577
0.999998405579354709971084957942
0.999998356897588869252047061309
0.999998307483768944514679333224
0.999998257337894935758981773688
0.9999982064599668429849543827
0.999998154849984999259504547808
