1
0.999999999365638769788233730651
0.999999997462554968130632460088
0.999999994290748706049498650827
0.999999989850219872522529840353
0.99999998414096857857202849118
0.99999997716299482419799460331
0.999999968916298720422730639257
0.999999959400880156223934136506
0.999999948616739242623907557572
0.999999936563875979622650902456
0.999999923242290367220164171158
0.999999908651982627461052288709
0.999999892792952649323012792593
0.999999875665200654850650607841
0.999999857268726533021663271938
0.9999998376035303948583532474
0.999999816669612462405325459258
0.999999794466972624640277444996
0.999999770995611103607814129646
0.999999746255527899307935513207
0.999999720246723122762944058195
0.999999692969196884995142227126
0.999999664422949297026832482516
0.999999634607980469880317286879
0.999999603524290625600201565248
0.999999571171879653164182855107
0.999999537550747774616866081487
0.99999950266089521200285616942
0.999999466502321965322153118905
0.999999429075028256619361854973
0.999999390379014196916784840141
0.999999350414279897236724536924
0.999999309180825579623785870353
0.999999266678651355100271302945
0.999999222907757445710785759729
0.999999177868143962477631703223
0.999999131559811016423111595941
0.999999083982758940614132825431
0.999999035136987735050695391692
0.999998985022497732799706682272
0.999998933639289155905771622201
0.999998880987362004368890211481
0.999998827066716611255969837657
0.999998771877353198611615425762
0.99999871541927187745812943831
0.999998657692472980862419262849
0.999998598696956619846787361894
0.999998538432723127478141122992
0.999998476899772725801085471176
0.999998414098105525837922868959
0.999998350027721749633258241374
0.999998284688621841276301438484
0.999998218080806022811657385319
0.999998150204274294239326081879
0.999998081059027210670819840743
0.999998010645064883128441124427
0.999997938962387533656794857961
0.999997866010995495322788428894
0.999997791790889212215631687286
0.999997716302068684335324633139
0.999997639544534355771077116515
0.999997561518286448567494062445
0.999997482223325406813785320992
0.999997401659651341532253354671
0.999997319827264696812108013546
0.999997236726165694697954222647
0.999997152356354668256699369522
0.999997066717832061577553304232
0.999996979810597985682818489295
0.999996891634652995684007237287
0.999996802189997202603422010725
