1
0.99999999961699026496120268348
0.999999998467960948822508271405
0.999999996552912162606219226291
0.999999993871843906312335548137
0.999999990424756068918554774427
0.999999986211648761447179367678
0.999999981232522094920511790406
0.999999975487375847293947117578
0.99999996897621012958978781171
0.999999961699024941808033872803
0.999999953655820394970987763372
0.999999944846596378056347020902
0.999999935271353002086414107907
0.999999924930090267061189024389
0.999999913822808172980671770347
0.999999901949506830867164808296
0.999999889310186129698365675722
0.999999875904846180496576835139
0.999999861733486983261798286549
0.999999846796108649016332492465
0.999999831092711066737876990373
0.999999814623294347448734242789
0.999999797387858602171206712228
0.99999977938640383090529439869
0.999999760618930033650997302175
0.999999741085437210408315422683
0.999999720785925472199551222729
0.999999699720394930047007164831
0.999999677888845583950683248986
0.99999965529127732288827701268
0.99999963192769047992669584346
0.999999607798084833021334816294
0.99999958290246071523910131873
0.999999557240817904535390425735
0.999999530813156733977109524858
0.999999503619477092541956153582
0.999999475659778980229930311907
0.999999446934062619085636924865
0.999999417442328009109075992455
0.999999387184575261322549977194
0.999999356160804375726058879081
0.999999324371015463341905160632
0.999999291815208524170088821847
0.999999258493383780255214787758
0.999999224405541120574980595848
0.999999189551680878196293633664
0.999999153931802831074548976176
0.99999911754590731227665401093
0.99999908039399421078030627541
0.999999042476063859652413157164
0.99999900379211603684836973116
0.999998964342151075435083384946
0.99999892412616897541255411852
0.9999988831441698478030843944
0.999998841396153692606674212584
0.999998798882120731867928498104
0.999998755602071076609149713477
0.999998711556004726830337858701
0.999998666743921793553795396292
0.999998621165822387801824788767
0.99999857482170662059672849864
0.999998527711574713983111450943
0.999998479835426556938671183161
0.99999843119326248253031508284
0.999998381785082490758043149981
0.999998331610886581621855384583
0.999998280670675088188659174193
0.999998228964448010458454518812
0.99999817649220557047584634347
0.999998123253947657218532185652
0.999998069249674603753419432906
