1
0.999999999612029011331060246448
0.999999998448115934301938523276
0.999999996508260768912634830485
0.999999993792463737207754093106
0.999999990300724506120388923591
0.999999986033043408717446709488
0.999999980989420222954322525766
0.999999975169855059853318834939
0.999999968574347808392133174493
0.999999961202898690615370469459
0.999999953055507706523030719836
0.999999944132174634070509000594
0.999999934432899695302410236764
0.999999923957682890218734428345
0.999999912706524218819481575338
0.999999900679423792126954140258
0.999999887876381388096547198074
0.999999874297397339795168136334
0.999999859942471536200514492521
0.999999844811603977312586266635
0.999999828904794663131383458676
0.999999812222043815701510993676
0.99999979476335132400066640912
0.999999776528717299051152167522
0.999999757518141740852968268882
0.999999737731624760428417175717
0.999999717169166246755196425511
0.999999695830766421877910943294
0.999999673716425174774258266552
0.999999650826142727488843320316
0.999999627159919080021666104585
0.99999960271775423237272661936
0.999999577499648184542024864641
0.999999551505601158574165765458
0.999999524735613154469149321812
0.999999497189684172226975533704
0.999999468867814322869946863648
0.99999943977000371742036577416
0.999999409896252355878232265241
0.999999379246560238243546336889
0.999999347820927586560912914138
0.999999315619354511852634459501
0.999999282641840903096408510464
0.999999248888386871314537529543
0.999999214358992638551626441767
0.999999179053658093785372784623
0.999999142972383570082683945657
0.999999106115168845398954999837
0.99999906848201425280109333471
0.999999030072919792289098950278
0.999998990887885463862971846538
0.999998950926911489567316948524
0.999998910189997980424436718749
0.999998868677144936434331157216
0.999998826388352468619302726438
0.999998783323620688001653888932
0.999998739482949705603687107214
0.999998694866339632447704843798
0.999998649473790468533707098686
0.999998603305302546928601259424
0.999998556360875756610084863496
0.999998508640510319622762835934
0.999998460144206235966635176737
0.999998410871963727686306810938
0.999998360823782905804080201051
0.999998309999663881342257809592
0.999998258399606765323142099078
0.999998206023611557746733069507
0.999998152871678591679938108427
0.999998098943807867122757215839
0.999998044239999495097492854256
