1
0.999999999251426130442155226774
0.999999997005704632790923369612
0.999999993262835285001699503482
0.999999988022818420141391015932
0.999999981285653816165392981929
0.999999973051341584096007863991
0.999999963319881834955538124632
0.999999952091274457721681301337
0.999999939365519563416739856621
0.999999925142617374085318715515
0.999999909422567667682812952989
0.99999989220537077727612995659
0.999999873491026591842967263801
0.999999853279535222405627337139
0.999999831570896891008715101634
0.999999808365111597652230557287
0.999999783662179342336173704098
0.999999757462100458127451929613
0.999999729764874945026065233833
0.999999700570502914054316079273
0.999999669878984587256809390965
0.999999637690319964633545168908
0.999999604004509268229128338135
0.999999568821552609065861361159
0.999999532141450209188349163014
0.99999949396420229064119666873
0.999999454289808853424403878307
0.999999413118270119582575716777
0.99999937044958631116031710917
0.999999326283757650202232980519
0.999999280620784358752928255853
0.99999923346066654783470539769
0.999999184803404439492169331061
0.999999134648998366792227443511
0.999999082997448440757182197558
0.999999029848754883431638518232
0.99999897520291802788250379308
0.999998919059937985132080484618
0.999998861419815088247275980393
0.999998802282549670294997667952
0.999998741648141953319850472326
0.999998679516592048344136856031
0.999998615887900510479369131644
0.999998550762067339725547299167
0.999998484139093091194183671178
0.999998416018977875907580710191
0.99999834640172213795494826627
0.99999827528732598835858880193
0.999998202675789982230014629749
0.99999812856711434161383067476
0.999998052961299288554641861992
0.999997975858345378163960504025
0.99999789725825283248639152589
0.999997817161021984588842315134
0.999997735566653278560522721818
0.999997652475147047468340133491
0.9999975678865036243792019377
0.99999748180072334236001552199
0.999997394217806756522293198941
0.999997305137754088910639893584
0.999997214560565894636567918496
0.999997122486242506766984661226
0.99999702891478425836879750932
0.999996933846191704553518775356
0.999996837280465178388055846881
0.999996739217605123961618573958
0.999996639657612096385719269165
0.999996538600486428727265320049
0.999996436046228565075466576673
0.999996331994838949519532889099
0.999996226446318137170976569905
