1
0.999999999347023216245133880875
0.999999997388092753958233060985
0.999999994123208724161600002844
0.999999989552371015832932243939
0.999999983675579739994532246783
0.999999976492834896646400011377
0.999999968004136485788535537722
0.999999958209484618443241288333
0.999999947108879294610517263209
0.999999934702320514290363462351
0.999999920989808388505082348274
0.999999905971342917254673920979
0.999999889646924211561440642981
0.99999987201655227142538251428
0.999999853080227207868801997392
0.999999832837949020891699092317
0.999999811289717932538678724086
0.999999788435533942809740892699
0.999999764275397162727188060671
0.999999738809307592291020228004
0.999999712037265564568144782243
0.999999683959270968536259260873
0.999999654575323915217666126409
0.999999623885424626656970303884
0.999999591889573213876474255812
0.999999558587769676876177982194
0.999999523980014348722988870577
0.999999488066307118394604458445
0.99999945084664842998023459586
0.999999412321038172457576820307
0.999999372489476567871236056817
0.999999331351963838265817230422
0.999999288908499983641320341121
0.999999245159085448086955238978
0.999999200103720120580419461476
0.999999153742404334188620396162
0.999999106075138199933860505553
0.999999057101921939860744714679
0.999999006822755776013877948571
0.999998955237639930437865132262
0.999998902346574403132706265751
0.999998848149559638187611199101
0.999998792646595746624882394826
0.99999873583768295048912477796
0.999998677722821471824943273532
0.999998618302011532676942806575
0.999998557575253355089728302119
0.999998495542547272130207147711
0.999998432203893394820681805868
0.999998367559292056228059664136
0.999998301608743478396945647546
0.99999823435224788337194468113
0.999998165789805604219964152435
0.999998095921416862985608986492
0.999998024747081881713484108332
0.999997952266801104492799368018
0.999997878480574753368159690581
0.999997803388402939361867538537
0.999997726990286217585435224464
0.999997649286224699061165210878
0.999997570276218827878267347842
0.999997489960268826081346560386
0.999997408338375026737310236058
0.999997325410537762913065762405
0.999997241176757256653218064457
0.999997155637033952046976992278
0.999997068791368182161249933415
0.999996980639760280062944275414
0.999996891182210578818967405823
0.999996800418719411496226712188
0.999996708349287222183932044572
