1
0.999999999842054454468609492324
0.99999999936821792889674043181
0.999999998578490312262090355944
0.99999999747287171558696172724
0.999999996051362027849052083184
0.999999994313961249048361423775
0.999999992260669490207192211528
0.999999989891486751325544446445
0.999999987206412921381115666009
0.999999984205448000373905870219
0.999999980888592210348519984109
0.999999977255845329260353082645
0.999999973307207357109405165829
0.999999969042678404917978696176
0.999999964462258472686073673685
0.999999959565947560413690098358
0.999999954353745557078525507677
0.999999948825652573702882364159
0.999999942981668610286760667805
0.999999936821793666830160418613
0.999999930346027743333081616584
0.999999923554370950817826724233
0.999999916446823067239790816529
0.999999909023384203621276355989
0.999999901284054470984585805127
0.999999893228833647285114238912
0.999999884857722065589769044891
0.999999876170719392831642835517
0.999999867167825851055340535822
0.999999857849041440260862145806
0.999999848214366160448207665468
0.999999838263799900595074632292
0.999999827997342771723765508796
0.999999817414994773834280294977
0.999999806516755795904316528322
0.999999795302626059978479133861
0.999999783772605566056768111594
0.999999771926694092094578536489
0.999999759764891860136515333579
0.999999747287198759160276040348
0.99999973449361490018816311931
0.999999721384140283220176570467
0.999999707958774797234013931302
0.999999694217518664274280126847
0.99999968016037166229637023207
0.999999665787334013344889172004
0.999999651098405606397534484131
0.999999636093586441454306168453
0.999999620772876629537506687484
0.999999605136276170647136041225
0.999999589183784953760891767161
0.999999572915403200923378790321
0.999999556331130690089992185676
0.999999539430967643305336878257
0.999999522214913949547110405547
0.999999504682969719837615230063
0.999999486835134843154548889288
0.999999468671409430520213845739
0.999999450191793481934610099415
0.999999431396287108420040112833
0.99999941228489008793189896096
0.999999392857602642514791568829
0.999999373114424772168717936438
0.999999353055356365871375601273
0.999999332680397645667369488365
0.999999311989548389512094672682
0.999999290982808819450156079256
0.999999269660178935481553708087
0.999999248021658626583985096659
0.999999226067248003779752707487
0.999999203796947067068856540573
