1
0.999999998964516079169584372721
0.999999995858064094633732565853
0.999999990680644379459351966943
0.99999998343225671160183765096
0.999999974112901202083492080419
0.999999962722577961926617717836
0.999999949261286991131214563211
0.999999933729028511741887541575
0.999999916125802412736334190413
0.999999896451608916159159434756
0.999999874706448133032665737119
0.999999850890320174379155560018
0.999999825003225262243233828485
0.999999797045163507647203005035
0.9999997670161351326356680147
0.999999734916140137208628857479
0.999999700745178965455295383435
0.999999664503251728397970055084
0.999999626190358648081257797458
0.999999585806499946549763535586
0.999999543351675845848092194501
0.99999949882588667904315116175
0.999999452229132668179545362364
0.999999403561414257346484646405
0.999999352822731557566271476389
0.999999300013084901905813239864
0.999999245132474623432017324376
0.999999188180901277256396042503
0.999999129158364863378949394246
0.999999068064866047933492154698
0.999999004900405052964629248891
0.999998939664982322561570526886
0.999998872358598300813525838748
0.999998802981253320787402572023
0.999998731532947826572410576773
0.999998658013682262257759703061
0.999998582423457182954962263466
0.999998504762272921730925645534
0.999998425030130033697162161843
0.999998343227028962942881662457
0.999998259352970375601898922469
0.999998173407954604741121329425
0.999998085391982205472061195906
0.999997995305053843928533297003
0.99999790314716996419974748278
0.999997808918331232419518528332
0.999997712618538092677056283719
0.999997614247791322128477986553
0.999997513806091475885295949411
0.999997411293439109059022484871
0.999997306709834887783472368028
0.99999720005527936717015791146
0.999997091329773435397498815291
0.999996980533317647577007392101
0.999996867665912669842498416983
0.999996752727559279350089127547
0.999996635718258031211291836371
0.99999651663800981360452624358
0.999996395486815292663607124268
0.999996272264675245544651716045
0.999996146971590449403777256521
0.999996019607561681397100983304
0.999995890172589607658437671489
0.999995758666675227388509483717
0.999995625089819317743433657597
0.999995489442022544857024968223
0.999995351723285907930005578237
0.999995211933610295140795187763
0.999995070072996372623208571895
0.99999492614144525060027035579
0.999994780138957706228097777057
