1
0.99999999973212250203857820452
0.999999998928490119176615280594
0.999999997589102851414111228223
0.999999995713960587728763584892
0.999999993303063439142874813115
0.999999990356411294634142450377
0.999999986874004265224868959194
0.999999982855842350915054339566
0.999999978301925551704698591493
0.999999973212253867593801714975
0.999999967586827298582363710011
0.999999961425645733648082114087
0.999999954728709394835561852233
0.999999947496018171122500461934
0.999999939727572173531200405705
0.999999931423371291039359221031
0.999999922583415634669279370428
0.999999913207705093398658391379
0.999999903296239778249798746401
0.999999892849019689222700435494
0.999999881866044826317363458656
0.999999870347315300556090278405
0.999999858292831000916578432225
0.999999845702592038421130382631
0.999999832576598302047443667107
0.999999818914850013840123210684
0.999999804717347062776866550848
0.999999789984089448857673687598
0.99999977471507728310484708345
0.999999758910310454496084275888
0.999999742569789185075990189944
0.999999725693513363822262363101
0.999999708281483101757203257876
0.999999690333698287858510411752
0.999999671850159144170788749761
0.999999652830865559671735809388
0.999999633275817534361351590633
0.99999961318501517926193855601
0.999999592558458605395799168036
0.999999571396147701740630964196
0.999999549698082579318736407004
0.99999952746426323813011549646
0.999999504694689678174768232566
0.999999481389362010474997077836
0.999999457548280346053104494786
0.999999433171444462864485558384
0.999999408258854693976047656179
0.999999382810510928365488325653
0.999999356826413166032807566808
0.999999330306561518000307842158
0.999999303250955984267989151704
0.999999275659596675858153957961
0.999999247532483703793104723445
0.999999218869616846028236523125
0.999999189670996435630456744548
0.999999159936622361577462925197
0.999999129666494623869255065074
0.999999098860613444550438089209
0.999999067518978823621011997602
0.999999035641590650058674327738
0.999999003228449145908030004648
0.999998970279554311169079028332
0.999998936794906256864123861305
0.999998902774504982993164503569
0.999998868218350489556200955121
0.999998833126442887575535678479
0.999998797498782177051168673643
0.999998761335368580027704865643
0.999998724636201985482841791963
0.999998687401282504438881915121
0.999998649630610247918127697631
