1
0.999999999802104744262010171951
0.999999999208419088070343150321
0.999999998218942920402696472593
0.999999996833676352281372601283
0.999999995052619272684069073875
0.999999992875771792633088352886
0.999999990303133912128430438315
0.999999987334705520147792867647
0.999999983970486727713478103396
0.999999980210477423803183683049
0.999999976054677719439212069119
0.999999971503087614621563261608
0.999999966555707109350237260514
0.999999961212536203625234065839
0.999999955473574786424251215067
0.999999949338823079791893633228
0.999999942808280861683556395292
0.999999935881948354143844426289
0.999999928559825446150455263705
0.999999920841912137703388907539
0.999999912728208539824947820307
0.999999904218714541492829539493
0.999999895313430142707034065097
0.999999886012355454489863859635
0.999999876315490476841318923107
0.999999866222835209761399255513
0.999999855734389653250104856852
0.99999984485015369628513326461
0.999999833570127560911089403817
0.999999821894311136105670811958
0.999999809822704532891179951548
0.999999797355307640245314360072
0.999999784492120569190376500046
0.999999771233143208704063908954
0.999999757578375780830981511826
0.999999743527818174548826846149
0.999999729081470278835297449405
0.999999714239332426757300709141
0.999999699001404396270231700328
0.999999683367686187374090422963
0.99999966733817802211348180208
0.999999650912879678443800912646
0.999999634091791378409652679693
0.999999616874913010988734640705
0.999999599262244687203349258198
0.999999581253786407053496532171
0.999999562849538170539176462626
0.999999544049499866638086587045
0.999999524853671828417134292977
0.999999505262053722809412192873
0.999999485274645882881827674282
0.999999464891448197612078274688
0.999999444112460555977861531574
0.999999422937683291046084832487
0.999999401367116180772143252398
0.99999937940075933617833925382
0.999999357038612757264672836754
0.999999334280676444031144001201
0.999999311126950507500055209675
0.999999287577434947671406462177
0.999999263632129764545197758707
0.99999923929103506914373156178
0.999999214554150750444705408881
0.999999189421476919470421762526
0.999999163893013576220880622714
0.99999913796876083171838445196
0.999999111648718574940630787751
0.9999990849328869169099220926
0.999999057821265968648560829024
0.999999030313855619134244534507
0.999999002410656090411578134081
