1
0.999999999834907060680677659548
0.999999999339628131700408175675
0.999999998514163213059191548382
0.999999997358512304757027777669
0.99999999587267551781621932605
0.999999994056652741214463731012
0.999999991910444085974063455069
0.999999989434049441072716035706
0.999999986627468806510421472922
0.999999983490702293309482229233
0.999999980023749790447595842124
0.999999976226611408947064774111
0.999999972099287037785586562677
0.999999967641776787985463670339
0.99999996285408054852439363458
0.999999957736198430424678917916
0.999999952288130433686319520348
0.999999946509876447287012979359
0.999999940401436582249061757466
0.999999933962810838572465854668
0.999999927193999216257225270965
0.999999920095001604281037543842
0.99999991266581822468850759833
0.999999904906448966457332971913
0.999999896816893829587513664592
0.999999888397152814079049676366
0.999999879647226030954243469751
0.999999870567113369190792582231
0.999999861156814828788697013806
0.999999851416330520770259226992
0.999999841345660334113176759274
0.999999830944804490862054535683
0.999999820213762657949985168671
0.999999809152535168443876045785
0.999999797761121911321424704511
0.999999786039522886582631144847
0.999999773987738094227495366795
0.999999761605767645278319832869
0.999999748893611428712802080554
0.99999973585126944453094210985
0.999999722478741914777344845788
0.999999708776028506385102900822
0.999999694743129552421123662498
0.9999996803800449418631046683
0.99999966568677467471104591823
0.999999650663318750964947412285
0.999999635309677281647111612983
0.999999619625850155735236057808
0.999999603611837484251623209275
0.999999587267639267196273067384
0.99999957059325539354688316962
0.999999553588686085348058441014
0.99999953625393123157749641905
0.999999518588990943257499566243
0.99999950059386510936576542008
0.999999482268553840924596443074
0.999999463613057137933992635226
0.999999444627375000393953996536
0.999999425311507428304480527004
0.99999940566545442166557222663
0.999999385689216202521834020445
0.999999365382792548828660983418
0.999999344746183460586053115549
0.999999323779389270860917804384
0.999999302482409646586347662378
0.999999280855244809806947614561
0.999999258897894649500415198418
0.999999236610359387711355338979
0.99999921399263891341746557373
0.99999919104473322661874590267
0.999999167766642327315196325799
