1
0.999999999438529907358486070734
0.999999997754119740456246745453
0.999999994946769499293282024155
0.999999991016479072847289444326
0.999999985963248572140571468481
0.999999979787078108195430559135
0.999999972487967458967261791258
0.999999964065916846500670089881
0.999999954520926159773352992488
0.99999994385299562082991542411
0.999999932062125118648054922232
0.999999919148314653227771486854
0.999999905111564446613670043007
0.999999889951874387783448128175
0.999999873669244587759408204874
0.999999856263675046541550273105
0.999999837735165986174479257897
0.999999818083717184613590234221
0.999999797309328974925790589623
0.999999775412001357111080324103
0.99999975239173433116945943766
0.999999728248528008123230392812
0.999999702982382610016998114588
0.999999676593297914806157677958
0.999999649081274255557616470469
0.999999620446311743293676954636
0.999999590688410266992036667943
0.999999559807570159719602997939
0.999999527803791310454073482106
0.999999494677074052262355507992
0.999999460427418274122146613081
0.999999425054824198078051722405
0.999999388559292046174675760994
0.999999350940821707389716266334
0.999999312199413514790080625971
0.999999272335067468375768839906
0.999999231347783790191385833168
0.999999189237562591259234068275
0.999999146004403982601616007742
0.999999101648308075240834114084
0.999999056169275202243795774848
0.999999009567305252588198527519
0.99999896184239867036325222216
0.999998912994555344546654396254
0.999998863023775608205312437349
0.99999881193005957236152880796
0.999998759713407459059908433119
0.999998706373819379322753775341
0.999998651911295444172367297142
0.999998596325836097697958848585
0.999998539617441228877225967153
0.99999848178611128179937850291
0.999998422831846256464416455856
0.999998362754646374916944751021
0.999998301554511970223870775953
0.999998239231443153407496993168
0.999998175785440146512428327696
0.99999811121650317158326970457
0.99999804552463245066462604882
0.999997978709828094778799822961
0.999997910772090548015000877058
0.999997841711419921395531673625
0.999997771527816325942694675177
0.999997700221280205745699731779
0.99999762779181178284915176846
0.999997554239411168275353247736
0.99999747956407858406890909464
0.999997403765814474319029159233
0.999997326844618950048015904031
0.999997248800492344322776716581
0.999997169633434879187916521914
