3
26.9624770040196608533733524382
0.114407235025129269678778598518
0.114501297356755710188380703585
0.114595461835625966884322224359
0.11468972863525055128075536004
0.114784097929528233761331534879
0.114878569892715637346114476713
0.114973144699424906223228504132
0.115067822524650031912329950501
0.115162603543714547882359511277
0.115257487932332938762591822979
0.115352475866611112187420928876
0.115447567522973526532581445281
0.115542763078249427488586320578
0.115638062709627051360961047521
0.115733466594643286118326841461
0.115828974911248536172614365114
0.115924587837737264051085617211
0.116020305552778937863145358733
0.116116128235434531990044604299
0.116212056065121638326331776625
0.116308089221633631504815298285
0.116404227885157265931503900447
0.116500472236242255674731893578
0.116596822455813084462583617551
0.116693278725215426883110581002
0.116789841226098964344082276057
0.116886510140567598248217962009
0.116983285651061336141154356483
0.117080167940415702521050889118
0.117177157191881806119759801277
0.117274253589059643254621789765
0.117371457315919386354963194208
0.117468768556865249541587559179
0.117566187496667362566427073034
0.117663714320472609364820471001
0.117761349213831370552618693637
0.117859092362682341126323137814
0.117956943953364049026966142719
0.118054904172584546051538723077
0.118152973207465594729370650384
0.118251151245519076082857168331
0.118349438474635151874458927068
0.118447835083151736812467902382
0.118546341259715415361597479205
0.118644957193443548182365532284
0.118743683073856201581897096275
0.118842519090818471427795088857
0.118941465434627177688575727643
0.119040522295994335988389423164
0.119139689866015516250818961907
0.119238968336184775198560714671
0.119338357898415931002134016126
0.119437858745029296114736894197
0.11953747106874058891978762631
0.119637195062676948698054957276
0.119737030920391979149641770164
0.119836978835793403486142949532
0.11993703900327538913739289228
0.120037211617596006885122505992
0.120137496873929050522633588116
0.120237894967891084663236256347
0.120338406095460925815388009141
0.120439030453088721794863147352
0.120539768237605690592850748999
0.120640619646284474875130854343
0.120741584876763202727190105179
0.120842664127178228694603490112
0.12094385759602734042861271746
0.121045165482274771906467947247
0.121146587985242346063863294603
0.121248125304742118690803920344
0.121349777640991460248010014311
0.00402861434313911241644756699998
0.199968754498333206592874944363
0.194577589364318931375308352472
0.189178709838015990385429176968
0.183772104927895307824314841127
0.178357763658842788379033095225
0.172935674995590676905621307924
0.167505827928098649515220586181
0.162068211394299749317227110623
0.15662281433348593240317825348
0.151169625652431527385033405153
0.145708634256723673638944660524
0.140239829024894013809188209052
0.134763198830065933364608099509
0.129278732504834237282409503678
0.123786418875385662019539267931
0.11828624675778973140971572775
0.112778204945245000279108182895
0.107262282198853656223214159127
0.10173846728725001453685905517
0.0962067489398832631497526790554
0.0906671158753747374881015730352
0.0851195568060423013445614515149
0.079564060401042441261765247873
0.0740006153343355649321111400241
0.0684292102470571567129908885363
0.0628498337729712780452828724265
0.0572624745137234950065341365644
0.0516671210740230202329570374786
0.0460637620139304065913776753405
0.0404523858985973497337518267614
0.0348329812691239720789937450718
0.02920553663286711010282914458
0.0235700404889870179792055182588
0.0179264813409642821684375491031
0.0122748476230026010852514062321
0.00661512779094226583548321585226
0.000947310279656079471007068537602
-0.00472861651447347569598989025508
-0.0104126641934384079474229523044
-0.0161048443942285110508372270033
-0.0218051687703225589853861521306
-0.0275136489768263124700009569779
-0.0332302967103219465405672394809
-0.0389551236579412929472709947731
-0.0446881415731292253035178418941
-0.0504293621659511123733743431785
-0.0561787972210994954180840466051
-0.0619364585167682044075654346216
-0.0677023578388300240060715395884
-0.0734765070188038299514587947669
-0.0792589178852022985255487697032
-0.0850496023009055107655385086218
-0.0908485721433222453979894339682
-0.0966558393001112625686488399879
-0.102471415697128989674702381762
-0.108295313261527817449980659603
-0.114127543936856798434398285735
-0.119968119699123132448903561453
-0.125817052555334624175387148171
-0.131674354496264384151160697911
-0.137540037572910861518593605979
-0.143414113805401227663693930481
-0.149296595293640088630837681194
-0.155187494103907280829091064334
-0.161086822355506059656349293618
-0.166994592169683514493172538096
-0.172910815700469289168950126623
-0.178835505120080895391510011905
-0.184768672593486116273453490066
-0.190710330342819311955082639543
-0.196660490595823911341710754641
-0.202619165604336570751797808043
3.18369264227677219393397097403e-12
0.31024404210230072109766297217
0.261949325494309104289669676291
0.213913125562083555886161434501
0.166376517204051888043636608927
0.132192402438766593020247341883
0.0801578082617469822590550165842
0.061605343917508957607420683189
0.0244864312719499342685391951591
0.00894500155951856272540378967051
-0.0237699025999303231726500484911
-0.042958062137421121340352669904
-0.0633752958562426166322367748762
-0.0755245402860277026402258115922
-0.0913249302514462235613734719664
-0.106701289096575516190945620565
-0.125478304769738757684649499424
-0.135826347168895855688219853619
-0.12897441803119458203497060822
-0.143468621093840981162159664564
-0.142245397042777887985920415304
-0.140481347056550104346328566862
-0.14348407405611718345994631818
-0.13978411342259844385438327663
-0.127766904236701978048174055402
-0.136520288029529146545115736444
-0.127061881069093302043526705347
-0.122475821996479355968645563735
-0.113249860938141044819360558904
-0.108720897105561264961437473175
-0.0954854825652664274127090493494
-0.0916863006759361248709794267597
-0.0680823492346781938833188974058
-0.055525309872962468060730856223
-0.0424621529435157546439327802545
-0.0379979291161184895564417729474
-0.0166323420138667806000842830372
-0.00653677222403009280937702385472
-0.000472537520910144641893280148537
0.0119850752521244493381535889398
0.0338015037381820745987504039931
0.0439116298643480659769089413658
0.0509011290199910398923677234961
0.0658718801124230646237833752821
0.0838445104630535370526800420521
0.0877604210381562610532313328804
0.100207775306282539928837138632
0.0983305191147708507193314630968
0.113277372361617306717462838606
0.120879750055372880979120964184
0.121984435853573269792349265117
0.125044027496779841523988352492
0.135255662663490261454768415206
0.131393887195236924725350036169
0.130809010266921821319385799143
0.129905527179999452647152224927
0.123935241742415810928257258183
0.128149119346524870133308127151
0.109448091781027059821163049946
0.105873251746174401599631664794
0.0971619942677553471988005640014
0.0803162661014077405852162883093
0.0661281718240200183656085641815
0.0511081575581546557196510605081
0.030853044057189350085623757991
-0.00416128978991193651526536712026
-0.0323345926406321676482846783074
-0.0623554249359239351480077573342
-0.103096687512155241184252929543
-0.125915287861982916339798066474
-0.171630835350660732041561118422
-0.216795620530931404390528882686
-0.26759933532678015222217027258
