3
267.304489929981059503916185349
0.114535569845930954024915138234
0.114626203321741823581980668223
0.114716932808622482098392936223
0.114807758463778802893173747179
0.114898680444742246065104041008
0.114989698909380669289426180057
0.115080814015919949411248524029
0.115172025922791562702052203804
0.115263334788860971613644323952
0.115354740773241815077199134976
0.115446244035420253482016050839
0.115537844735186676081717394027
0.115629543032640252908649358687
0.115721339088243418968815490189
0.115813233062737233614036824747
0.11590522511720248444166969648
0.115997315413093923797127615671
0.116089504112111496780812558427
0.116181791376365015078242493018
0.116274177368240416718947471963
0.116366662250476718409863963188
0.116459246186139050993624266539
0.116551929338610138486842515704
0.116644711871633180444440824886
0.11673759394927024635180146106
0.116830575735896988187612066667
0.116923657396271585273694881835
0.11701683909542932859881858576
0.11711012099879594683393690957
0.117203503272109016419832983047
0.117296986081419182812446422304
0.117390569593191079755811756513
0.117484253974116881202860440681
0.117578039391343161512715198569
0.117671926012289276841649154903
0.117765914004743663112684259886
0.117860003536797014467296662588
0.117954194776945298084314117659
0.118048487893982714802554312428
0.118142883057065883889436008758
0.118237380435696343150553389023
0.118331980199706573997353586947
0.118426682519308296148707881912
0.118521487565033348254850409376
0.118616395507774891049379561991
0.11871140651878429872478903917
0.118806520769637158352338701661
0.118901738432282716440013814463
0.118997059679019800970678488738
0.119092484682471341783660534475
0.119188013615694143876311272834
0.11928364665201053596010893898
0.119379383965103127995810439188
0.119475225729092832116506883722
0.119571172118398419415008504529
0.119667223307783426866635068109
0.119763379472420120053222092338
0.119859640787787893878579836837
0.11995600742975348618202247053
0.120052479574532897088623428772
0.120149057398740918833901503149
0.120245741079311671550833295896
0.120342530793585325565864252439
0.120439426719205072702223446868
0.12053642903425272614459373699
0.120633537917111011150694821481
0.12073075354659580649130390384
0.120828076101805112485543247658
0.120925505762311077950776905254
0.121023042707942049545088991636
0.121120687119029443734596895865
0.121218439176158349068757047462
0.033669957106680845071444707628
0.199953125418827898363005601823
0.194557081499262596313570838902
0.189153454925467257030646806015
0.183742234950788702052548728716
0.178323410839485135825910333551
0.172896971847907032771018975836
0.167462907180081027602724930148
0.162021206067752582269392291892
0.15657185767860859471056755865
0.151114851209581846358531720398
0.145650175796212144607721938883
0.140177820581051104653624861385
0.134697774699283900901036759024
0.129210027228854218428466538171
0.123714567283621734716803075571
0.11821138391936569789208988368
0.112700466181522546138538132254
0.107181803112484860807107622804
0.101655383737629917417777392075
0.0961211970366582929559129411246
0.0905792319914460186680571496254
0.0850294775863097845869376101291
0.0794719227590154064788663390573
0.073906556420688260256035562179
0.0683333674985987654659780332622
0.0627523448780065717933496216574
0.0571634774440563583897123578481
0.0515667540437564284050431240303
0.045962163506943355673062256983
0.0403496946866972600043155239291
0.0347293363524239923068037683151
0.0291010773007711713578071766051
0.0234649063057398334086744995375
0.0178208121043270696637339511881
0.0121687834431454967171193359832
0.00650880901862074031510863036942
0.000840877534812123155448515543497
-0.00483502232275368447333985244541
-0.0105189019164773182868355405617
-0.0162107725847766628857193893509
-0.0219106457308221140578563534973
-0.0276185327285775328309824772077
-0.0333344449991644642405930198947
-0.039058393977765448745742560277
-0.0447903911250910058416963011041
-0.0505304478893730257826888419004
-0.0562785757802883382372449716513
-0.0620347862883511430576177758667
-0.0677990909520431034307463846744
-0.0735715013093833913870867036167
-0.0793520289226550268324444914469
-0.0851406853745600850080776922368
-0.0909374822732910703670938801224
-0.0967424312161578314750443041703
-0.102555543870202769962673983173
-0.10837683185949431585726188132
-0.11420630688220173576397087345
-0.120043980630435725975857508274
-0.125889864816033536509820578431
-0.131743971151145944364913020763
-0.137606311415990667512687650742
-0.143476897362689592707596375476
-0.149355740786279500564859290535
-0.155242853485152099146660020779
-0.1611382472954117905938886679
-0.167041934064344754773401291459
-0.172953925665570606984289270258
-0.178874233959752632072692790643
-0.184802870866599272536845433024
-0.190739848306967024749170036557
-0.19668517822064951472427196677
-0.202638872570247180471270098678
2.19379266570582296675290725465e-11
0.305803072984142498835780088484
0.258046588205580740282840679356
0.21519880067291144443153427801
0.175222393499108480829917766641
0.13004719628353089699857036976
0.0905120351998967564988163303497
0.0608888535155560836620303177824
0.0282911351623069441674207524784
0.00262111967699073765414308212485
-0.0204349101311304091888043643621
-0.0416162967191765487129373468633
-0.0511563880744116405985266737844
-0.0809981729615568551983173506414
-0.0976284032599255974238516841979
-0.111378440219400021149454005354
-0.123654574213796400461440327945
-0.13904259926663714574956998149
-0.141386242895520680695753412692
-0.155711489402960728822833402774
-0.139670571138624965978891623308
-0.148077984218122432613640171439
-0.137186912089428542094182716937
-0.135069705685737118106004572837
-0.140218251524326931178876520789
-0.138238110635776706436317340376
-0.122690920041630943670973863391
-0.11775547428418801920724234833
-0.10777372238286513084215556546
-0.103739960374181885982558526393
-0.0901350588951627257339183074691
-0.0796233027410909732779487057996
-0.0777834734140554068249073793595
-0.0586732489336509316357748389237
-0.0429503934050006613842853653296
-0.0378740309265350322265319960024
-0.0158612131900539160556107276534
-0.0101638995791806709817484133396
0.00511989480424899102289915120423
0.0107781155453184427500668007838
0.0321603511800142780052702562443
0.0512286064919902708880705688443
0.0429095376559233479540900191296
0.0673346271713472360742613886941
0.0795639980956569792258648021743
0.0899357155262118651561920046333
0.102116741525315357641545688239
0.105664673083469093373132352554
0.115455093961567667459888753001
0.116343410953144779651502460638
0.131895417996294339602059153549
0.127842568647232340817154749857
0.128455539108426858296851946761
0.134141678042214440580437440076
0.141092839984997997504478917108
0.133686355593537503638756902546
0.126621644769462554647176943945
0.122915656887266272478953510472
0.114966991201011420331568047004
0.104476579266768537790355253492
0.098199135921413494010323574912
0.0621813150303818021336077492833
0.0663144526412372814494489148274
0.0386192090523623590692103846322
0.0203554733731886351721929173664
-0.00623832075875515538326832043481
-0.0405836422761829962446711306256
-0.061730342981440325389463907868
-0.0924810665939598125495635372317
-0.129774442906603337810622633697
-0.175887246765715932195206505639
-0.204892689490739382529582712777
-0.258882267499830065471400075694
