3
12.8172966182891219233397350763
0.115041183356093645873130526525
0.115118261642293218116606112744
0.115195413049216183187795081722
0.115272637676328171263406829894
0.115349935623176816368307129324
0.115427306989571334949751246768
0.115504751875422057016962185116
0.115582270380858234681831220314
0.115659862606168950538432227404
0.115737528651764648435218418854
0.115815268618302588676804987244
0.115893082606554426172706939724
0.115970970717539090255598921431
0.116048933052335837001756146947
0.116126969712301880699456546608
0.116205080798921805973478171836
0.116283266413841762654257649956
0.116361526658913541631967802914
0.116439861636157687696524476451
0.11651827144775316058566971833
0.116596756196053294440950764965
0.116675315983627042593084865985
0.116753950913156795410330346385
0.116832661087582875825141570658
0.116911446609908320493076416824
0.116990307583457964213380364527
0.117069244111590670121003654458
0.117148256297970779216122139132
0.117227344246323694765266054674
0.117306508060662451065070399636
0.117385747845082363816082704489
0.117465063703948463524895373666
0.117544455741706493911991060486
0.11762392406308240511147999996
0.117703468772934763397763902049
0.117783089976279009558624011333
0.117862787778355709855659938512
0.11794256228457254687125299597
0.118022413600520265086757376594
0.118102341831929108506571424186
0.118182347084820685290118547073
0.118262429465275833995185905678
0.118342589079658305761810765944
0.118422826034441486253712128018
0.11850314043631965388314597476
0.118583532392179780146079792758
0.11866400200904948791791326812
0.118744549394212334236797801168
0.118825174655070017748492716692
0.118905877899258854979436250687
0.118986659234572147991748636287
0.119067518768999860978574645287
0.119148456610715269832212470646
0.119229472868092725712507728986
0.119310567649694790337555616588
0.119391741064248921300183781113
0.119472993220683096349254981305
0.119554324228145117392507756904
0.11963573419591481961088419439
0.119717223233502409462936100226
0.119798791450611202824561019042
0.1198804389571129225267043239
0.119962165863093633833003082145
0.120043972278800856190450474514
0.120125858314711675411956548487
0.120207824081435474261603246759
0.120289869689890860371406233753
0.120371995251031566054322752279
0.120454200876162362265908711834
0.120536486676635606896113017683
0.120618852764130576882273260253
0.120701299250425442277645515787
0.000540299586324373220212746726787
0.199930622488117049062594787756
0.194512085621251967770817259407
0.189086574490657521874226176806
0.183654079520134433378686367178
0.178214591268531841183886399449
0.172768100149230247053466769103
0.167314596574466400991099135354
0.16185407103696483610555389987
0.156386513940577565051626152126
0.150911915673718810548820101758
0.145430266564409937934954086813
0.139941557085917878122671709207
0.134445777533636623424229128432
0.128942918250511129318880421124
0.123432969546159482243652405487
0.117915921764052827880320251097
0.112391765168324483936679314411
0.106860490060865204187123822521
0.101322086660548052461372492417
0.095776545297707696424716061756
0.0902238561054707483011227964198
0.0846640093762783957354045583088
0.0790969952411871984887525854901
0.0735228039409698413964022734035
0.067941425629683346865128612535
0.0623528504712394862630198133502
0.0567570685771567190469610864056
0.0511540701023961152937857832512
0.0455438451236089072993173942905
0.0399263837403412563675786373096
0.0343016760383334715078795795762
0.0286697120964497127737491410926
0.023030481898768676018995904542
0.0173839755338883877877620420804
0.0117301829996995718441432643431
0.00606909424333149094543671253632
0.000400699343989559351054269287218
-0.00527501184662814738557390370488
-0.0109580493186655913984139942841
-0.0166484231229933297979695083768
-0.0223461433345525442573098473531
-0.0280512201397552958515024812414
-0.0337636635783667288235321279899
-0.0394834837639436442291440698682
-0.0452106909315626373513374858248
-0.0509452951541538856528035239535
-0.0566873066769479558302258226377
-0.0624367356285560268225331981284
-0.0681935923009152900053919665879
-0.0739578868476398754161493798165
-0.0797296295677743654950475615806
-0.0855088306943850712249499679274
-0.0912955005288582505107441988912
-0.0970896492923629950144714939597
-0.102891287421967486670482117006
-0.108700425131936742606519885612
-0.114517072810853173803202764702
-0.120341240814253083724061355042
-0.126172939514673426719681970098
-0.132012179329841161656844406025
-0.137858970620590881583922282516
-0.143713323853023433596121094524
-0.149575249436396356950140784647
-0.155444757859845766878592598914
-0.161321859578102327903437185341
-0.16720656509137787892882442975
-0.17309888495927613916158804841
-0.178998829590149455270875478163
-0.184906409646053787598773965328
-0.190821635599074085343218598609
-0.196744518095795711820628071109
-0.202675067698170008334557223861
1.32440979220727063576364146866e-13
-0.175110114892020996002486299403
-0.289095414169052877806365131619
-0.260550287729300833472478871045
-0.0739827300391580483518438882129
-0.0883543265647584175059847666489
-0.0746620880093204764005321294462
-0.162682237130473361652605035488
0.104376526908435227070093276325
0.0875279507917902377389651746853
0.0557513448862066232636358620312
0.0075404875282997513991078974982
0.0730666025351513759300559058829
0.0517188302952885925467541028411
0.00319475390252806730126411416393
0.0925582912059318141384522959925
0.201143915303133746785846369676
0.0765464858054403646248076142911
0.0605883516651107359440864286171
-0.00249388392868160830087576051994
0.141307526851371462184303595677
0.126474181810552033233818747249
0.0961382364795018290459793774971
0.116711993169775762879680769402
0.0888011497320421588907990440021
0.0529023535268525954555762780274
0.165208981754337735914361928735
0.0923269329561753476776075899579
0.15664046324495731199455406113
0.194652493894476197322518373767
0.00985080661776082701364121163579
-0.0142250023663626733172460347987
0.00994104972245037077360763078104
0.00906559558998071800262064101616
-0.0213886519484817703984358416847
-0.0171622267889477569946521384736
0.0881196272802745456109718702464
0.0318759043779843487254055389712
0.13930430012856512278496268209
0.0198639532439980198708084913051
-0.0244830988881873622131646328626
-0.0508633467679209319567412705965
-0.0380934373984134141966073627827
-0.00802537005662194886934646120835
-0.194653407810880751949156319824
-0.0809503886246577958329950774896
-0.0469854310026620730633695188772
-0.16388486021631312739010866153
-0.0381279316737537718462469626957
-0.122899706020760349223230889493
-0.120187560155930364680365585173
-0.0941293227788570080472041468056
-0.0571330427385942987705824691602
0.0111361346274941527823010289922
-0.149521828059283823364467025385
0.0200233433454691626962596018302
-0.105074407361219840373323108906
-0.149968185784560503748252813239
-0.25068716633761928269663599167
-0.0489288600806678658505788348521
-0.111974382099753994035395976425
0.058276902024264498614058993553
-0.103385159565321405050752900934
-0.0531298063450768853765993071647
-0.113735199170913459099097053695
-0.0844699134987733080137672914134
0.185909459669088811262227523002
-0.0116997100284291170174677532145
0.203089169482658038479172546431
0.151160867011100319423633209226
-0.0127098371050135983822970686674
0.245018298493899000511930807988
0.187567565639921718378957393725
