3
225.420187351129328590104705654
0.114447854378088742510755082549
0.114540831927881434082472367209
0.114633909669377004325596658418
0.114727087770887747897319286494
0.11482036640104353875102560778
0.114913745728866617534791316757
0.115007225923719313964710408982
0.115100807155284284855056853303
0.115194489593610685518321190557
0.115288273409106370448462541844
0.115382158772524251455493526919
0.115476145854994480255406585911
0.115570234827968035262735213564
0.115664425863275271977315128424
0.115758719133092463637879632188
0.115853114809932794537772338117
0.115947613066710170093287501913
0.116042214076672228761921701334
0.116136918013432968721510007981
0.116231725050948822564045315175
0.116326635363555405677793430641
0.116421649125966267246390373202
0.116516766513195257903845458713
0.116611987700707547821465936977
0.116707312864259379892040158211
0.116802742180024149432071567389
0.116898275824484240703604598366
0.11699391397456958274769789341
0.117089656807497624613212394706
0.117185504500893974966224675427
0.117281457232747854391163855325
0.117377515181435701507872693128
0.117473678525675195860600297237
0.117569947444581088258352963294
0.117666322117650670731059392438
0.117762802724687504207778943055
0.117859389445981274646690906138
0.117956082462069525296222138877
0.118052881953983446194911266502
0.118149788103062383659569434258
0.118246801091022091245719138897
0.118343921100034485394125738367
0.118441148312563401812091967713
0.118538482911480572146167844494
0.118635925080064000280977154489
0.118733475001929378311871232654
0.118831132861139762701974120773
0.118928898842093497267846657905
0.119026773129580085153200741388
0.119124755908799978554313270251
0.119222847365329967517233455965
0.119321047685118322712050087375
0.119419357054522529137940978217
0.119517775660278172122907847097
0.119616303689531564002912489286
0.119714941329781471290871763813
0.119813688768999115907831765071
0.119912546195433136753116798445
0.120011513797844762696520604095
0.120110591765314453360780078128
0.120209780287342929416816161847
0.120309079553842721010958882744
0.120408489755102404705766616644
0.120508011081818675047649946919
0.120607643725091723263531662269
0.12070738787642359968188543462
0.120807243727744859085326822878
0.120907211471320316653610404956
0.121007291299884800483965818785
0.121107483406538984915812307008
0.121207787984808537662395622192
0.121308205228672569275794046462
0.0319950283782752739614174686267
0.199963492891906791104617013843
0.194570810061842208726901048976
0.189170453805377336564674806141
0.183762413224677650935845463209
0.178346677396692965267277486419
0.172923235394789709395979571127
0.167492076261203076681383095092
0.162053189026451549548113462151
0.156606562704822399600956828181
0.151152186302427493647115852582
0.145690048771254687665077653946
0.140220139111725927705265348777
0.134742446219583478228543071964
0.129256959054141945530957968913
0.123763666518412335237897536899
0.118262557480633315187823484393
0.112753620837753421035642986681
0.107236845432514771303544875991
0.101712220107403439328663807828
0.0961797336679292430572374428266
0.0906393749367348233736407792094
0.0850911326683243540713874608628
0.0795349956454684120510378875224
0.0739709526063233452353173902338
0.0683989922847052372878451365068
0.0628191033929441783323355252833
0.0572312746101998268133392855361
0.0516354946250082436076667136149
0.0460317520858185905141546356845
0.0404200356361668483584637101558
0.0348003338947068738273848964582
0.0291726354535142805290970358101
0.0235369289062730482897656258956
0.017893202801712401739386848476
0.0122414457116093965127756604261
0.00658164613609222778900509354116
0.000913792608098981402192650946859
-0.00476212639246811030024897348767
-0.0104461223994974788942258214774
-0.0161382069542400675976612234308
-0.0218383916152909106356272417315
-0.0275466879741634446121523183137
-0.0332631076303669948046604076808
-0.0389876622014496340695721698921
-0.0447203633383648560539747052189
-0.050461222680125733530687170969
-0.0562102519203786787915788636383
-0.0619674627432011751460017023874
-0.0677328668748229528739912552737
-0.0735064760419323059981167034493
-0.0792883020085877326943446519181
-0.085078356525586956715656583583
-0.0908766513999127167888758549452
-0.0966831984319211773515334584772
-0.102498009456827049445948318862
-0.108321096317899143168794751091
-0.114152470881672796210182241339
-0.119992145032006863880624791818
-0.125840130694977014869095910399
-0.131696439759723865625673511204
-0.137561084186363674630726450232
-0.143434075952701189926585811918
-0.149315427031273317837190006685
-0.155205149403606829094925956269
-0.161103255134943113002776726717
-0.167009756210900611739234022934
-0.172924664740114364391843082558
-0.178847992774911201951937300691
-0.184779752425220961109531003785
-0.190719955793247186726091513265
-0.196668615046214689812131837243
-0.202625742320672430629713289818
2.40898869758460130333858863784e-11
0.314438140183229353219473978243
0.260801213881632742985772210886
0.205172944370038273786960303369
0.165887666175239145704978227513
0.11933348406098392979757250032
0.0922636375900701133367931561224
0.0648165199367890243475898159886
0.0272200201063350806507390444722
0.00193730922943324509501172858705
-0.0133025493020667937710266315321
-0.0310332617149287025293258324155
-0.0627919960373688745836062707895
-0.0758497706877244853851394168487
-0.0958565621557464497826117622026
-0.115333719433947670673923369122
-0.114480546148341272294501891338
-0.135173872616660306622549114763
-0.13941082331052420673067615553
-0.142871917666336056829123890566
-0.148889898938752290868947625313
-0.148719698314576043163270924197
-0.137952681125051518362667479778
-0.136753329923322397565499386474
-0.139184636174826931176440325544
-0.12708382478517379898796946236
-0.118943350109256149038650107741
-0.124968174636916437569844617883
-0.118622143017326361902341602672
-0.109794240206269655413251484788
-0.0917574875874568735012459796963
-0.0886975789453763596714708228319
-0.0691508560759130364026248116716
-0.0599200516806021807325599581873
-0.0443124846732322330566944401653
-0.0312480479544873443464858553398
-0.0151547840317503672291632454971
-0.0127241956177868847932543872048
0.00240888207196544293017814730717
0.013404265459721342867993598702
0.0363504301679257318946625332501
0.0408237955800076629531147887064
0.0574992272922097563681020915283
0.0647329569027711299034066882996
0.0722842995004018690208269504183
0.0833748865914615278072119508579
0.108242510573734074252882919609
0.100103918346800005445551562389
0.117765395069657607951540967406
0.11631576025533854612525885841
0.124617354984647946136711027521
0.130543587778329611692740286344
0.125118448472360116463519830177
0.133127752613797639691384233629
0.13379694893236218633525425048
0.128888492444371949297021728853
0.129675527004553703402933706457
0.117233831266398594306288316602
0.122976158836741678026527324619
0.108285340311655528533485437492
0.0992789282728289562696133430109
0.0751604843294524094243769241075
0.0671287795340180515335504196628
0.0498321828359557308929517205343
0.0208369205926031905717898951025
-0.00755449946249942168308155743262
-0.0376423565658165204528273761753
-0.0621039045759828253756573701594
-0.0899267261466564632454989691723
-0.132664760371351109213833296963
-0.170674975181902360832353338083
-0.216316418785034852989568321391
-0.264767559116768358418170237201
