3
11.0436796800210998981128796004
0.114473356376800117217840124795
0.11456565263943015164915806281
0.114658047872317259141539125267
0.114750542240497438450930189902
0.114843135909387147886029367783
0.114935829044714526991910474862
0.115028621812531595125506100885
0.115121514379283210183224639422
0.115214506911738789884935840746
0.115307599576952107822691573347
0.115400792542420665975910765155
0.11549408597590031522184261803
0.115587480045548834928226256125
0.115680974919820087065680525029
0.115774570767587278719012999773
0.11586826775798825250873846926
0.115962066060572938086536964875
0.116055965845197339714189865845
0.116149967282107954846814834582
0.116244070541861019285612144358
0.116338275795409715196448985353
0.116432583214031395990595285639
0.116526992969335704830591282644
0.116621505233349173624723960074
0.116716120178395624251699302931
0.116810837977193826553445887839
0.116905658802785500371967941646
0.117000582828590105055610592899
0.117095610228397026264524072303
0.117190741176338611428953129234
0.117285975846904685915284005659
0.11738131441493711293322377287
0.117476757055679628671818193197
0.117572303944713962842172350065
0.117667955257976922234242067589
0.117763711171783080899899687211
0.117859571862791515095558736448
0.117955537508072305641348975769
0.11805160828501949643598578632
0.118147784371421177285199632934
0.118244065945414880691721748462
0.118340453185511410016950151203
0.118436946270617862730922809078
0.118533545379965604693595082608
0.118630250693221639401997435925
0.118727062390368676148000304238
0.118823980651778807193785780782
0.118921005658233033819293211764
0.119018137590838693484762700336
0.119115376631113628613789501287
0.119212722960941583383309705368
0.119310176762562739072315309841
0.119407738218657077933215759913
0.119505407512243463918899522014
0.119603184826705663534873735898
0.119701070345834104102777928347
0.119799064253823708825485994112
0.119897166735198984488519613478
0.119995377974926417663503741551
0.120093698158301662171076884533
0.12019212747107060890172647305
0.120290666099305540437391925934
0.120389314229512309206704401277
0.120488072048557409710056731456
0.120586939743713400519098399855
0.120685917502652631516646408727
0.120785005513422846745719141381
0.120884203964451028556759126786
0.120983513044594953589339070277
0.12108293294308479504106657032
0.121182463849550309253899627038
0.121282105954025956617847725738
0.00151590126788067689617145461511
0.19996033436879187550339054269
0.194566686492036317046583349111
0.18916539124539041849537568396
0.183756437771993186292007749216
0.17833981520911734719447849784
0.172915512686992733915047892879
0.167483519278059322932250552185
0.162043824081771953293795718309
0.156596416159163309700375066313
0.151141284553368560050756741475
0.1456784182982719388910197722
0.140207806398997325558752891084
0.134729437856537043183280388803
0.129243301642955776831200864763
0.123749386714784442853343193747
0.118247682019112926310455691237
0.112738176475065537962549910844
0.107220858981766226092346983023
0.101695718446624450148618734602
0.096162743718378698720705699543
0.090621923659485487112519308539
0.085073247099313575869672376939
0.0795167028650575063997152369666
0.07395227973941549681757834378
0.0683799665183870142293187655014
0.0627997519523201125357658725079
0.0572116247902355531951279488112
0.0516155737597089950274842351519
0.0460115875658424558491965683515
0.0403996549059788268021264912022
0.0347797644439958933415546482593
0.0291519048341428582693524163005
0.0235160647162165371837350136275
0.0178722327031382161033334909916
0.0122203974061586267269019501214
0.00656054738669549931256996799789
0.00089267122395111355923069673679
-0.00478324255877559962463196896465
-0.0104672054089340414023689973533
-0.0161592288391734957564427332954
-0.0218593243527230030043284614294
-0.0275675034833942761425262801822
-0.033283777778590421803084353769
-0.0390081588019089431362829145655
-0.0447406581401280020737765141803
-0.0504812874051814852727204652183
-0.0562300582100224086157247427309
-0.0619869822055530983462290350872
-0.0677520710470809195413721681689
-0.0735253364166422174186266147444
-0.0793067900054571089940580463917
-0.0850964435427946225276585323627
-0.090894308757426281464297801449
-0.096700397400089566080083613997
-0.102514721249785126233611265434
-0.108337292105771448857964855961
-0.114168121770710839779638945402
-0.120007222073114788729597535166
-0.125854604878698039804874042602
-0.131710282035655795729311989817
-0.137574265450525812237714262665
-0.143446567019395565534267689145
-0.149327198683557399450094749227
-0.155216172376383743092276290554
-0.161113500062128905954139668211
-0.167019193733362991682867004783
-0.172933265389164259051568706127
-0.178855727060927893745656547253
-0.184786590786359228300028689773
-0.190725868634263800993622339774
-0.196673572675929692055163400255
-0.20262971501604659652073792131
1.10102339170974006423869149071e-12
0.304139262445689395608638960766
0.258740344887790296724006111617
0.210003943624853445237832261228
0.170615822680734274818803442031
0.129941783958209100546810077503
0.0963779318363392201174377760253
0.057819925044413043868640755818
0.0349198857675643153930522544215
0.00716088991726461510101131580086
-0.0205644854797070800178637739464
-0.0441355408482475494724717179906
-0.0650869390573379918984997516418
-0.0839113505251207619783926361379
-0.094894707843497835830781639288
-0.10573291276540862371202678105
-0.126181724049397037124009557374
-0.122795775504358287144590633488
-0.137320736424982631218583151167
-0.136412553587272972199784248915
-0.143587179519571700447855278071
-0.144248770274334470187227452698
-0.14919337772971347222394911114
-0.143520526320111613260976923812
-0.139485601790784036202452966791
-0.124477143818037788713937175089
-0.128513529891867789300974322941
-0.115109325060225461956342485337
-0.114505997627513289582878996953
-0.10490465426164249929108507331
-0.0935655003872568613587645813823
-0.0906240772939773259198048549479
-0.0773008909349157252721695954278
-0.0596224849571880127774292645881
-0.046334844029943339505095423192
-0.0335107911464726931916047192317
-0.0227189087078313554923791883766
-0.00364892060621375318232861850731
0.00645496096195650494176110356648
0.0151862299102868084782480551098
0.0253831216265940837195635992884
0.0420981210567912822462233179976
0.0473288276920681844073257593664
0.0656968901146646744315660271241
0.0804458323437265282462860227497
0.0935938988995763110345649238297
0.102856515026179970440090016837
0.104165718263746195915153691658
0.113355143640105335278711606861
0.121926726929795878340279102758
0.126274462495256589722458784308
0.12804251296464275178266234434
0.128181693855720812980081291244
0.140228134804043780281546105471
0.130075219184786622372840270145
0.136177768968366225132982094692
0.127199130508706514941508203265
0.121123589038342888146715381481
0.113174411765506077731657796903
0.10530125134815207510463608287
0.0926049826223454414231284204106
0.0773913919137412531501496459896
0.0620507759678095432986921764495
0.0450130647847523865379137930631
0.0265682850454421401464877305898
-0.00334256718863061574875672476992
-0.0313973955772827439947292305078
-0.063187685597800552494973658213
-0.0970784745576024066249232191694
-0.126897167036320535071780568614
-0.172215504843322264605376403779
-0.215182858613290783900140468177
-0.266363567716186855349747020227
