2
125.754224824282559325183683541
0
0
0
0
0
0.706682381126247927127792536339
-7.99545241488449024767198663707e-17
0.707530926677934490776067377737
0
0
0
0
0
0
0
0
0
0
0
0
0
0
0
0
0
0
0
0
0
0
0
0
0
0
0
0
0
0
0
0
0
0
0
0
0
0
0
0
0
0
0
0
0
0
0
0
0
0
0
0
0
0
0
0
0
0
0
0
0
0
0
0
2.2030617813657101647958728996e-06
0
0
0
0
0
0.707530926677934601798369840253
4.55845620532375181622919383556e-09
-0.706682381126247816105490073824
0
0
0
0
0
0
0
0
0
0
0
0
0
0
0
0
0
0
0
0
0
0
0
0
0
0
0
0
0
0
0
0
0
0
0
0
0
0
0
0
0
0
0
0
0
0
0
0
0
0
0
0
0
0
0
0
0
0
0
0
0
0
0
0
