3
994.733499198344475189514923841
0.114349168299398284975865180968
0.114444780588206979077270375456
0.11454049784085931773525146582
0.114636320238483691014153009746
0.114732247962536781926701223711
0.114828281194864281755663171225
0.114924420117725661905083711645
0.115020664913752929114920675602
0.115117015765923633163758665887
0.115213472857667698079353613139
0.115310036372773053181539637535
0.115406706495411792712246779047
0.115503483410153720556401424346
0.115600367301954054521928583199
0.115697358356148319313838612743
0.115794456758497865678236848908
0.115891662695137759309105263128
0.115988976352603509467620312989
0.116086397917815067892810532157
0.116183927578079826403723018302
0.116281565521137011942620631544
0.116379311935104812203434221374
0.116477167008506660161870627235
0.116575130930224174496956379699
0.116673203889630733298687914612
0.116771386076396671560573281567
0.116869677680690536858421069155
0.116968078893026294906576367794
0.117066589904325266124907045651
0.117165210905972247412698550306
0.117263942089645786803764337947
0.117362783647548804544236134006
0.117461735772222616858151411634
0.117560798656667270245534950845
0.117659972494251308106072428927
0.117759257478788792461443790671
0.117858653804463739400709698657
0.117958161665922225957991997802
0.118057781258199129270636262845
0.118157512776744952343044303689
0.118257356417449124852403485875
0.118357312376578441281971265653
0.118457380850859023135868142163
0.118557562037395591847399600738
0.118657856133779451845988717196
0.11875826333797802336622595476
0.11885878384834688836768634701
0.118959417863716679364394224194
0.119060165583360549890201696144
0.119161027206950903556403886796
0.119262002934548597132824454548
0.119363092966705067188293298841
0.119464297504368890945336545428
0.11956561674894058966422960566
0.119667050902220420405264178498
0.119768600166447455879215056029
0.119870264744340357387919482335
0.119972044838986657833146409757
0.120073940653944652434681472641
0.120175952393193730127762819393
0.120278080261189371236163481171
0.1203803244627585228299082587
0.120482685203246578375946285178
0.120585162688384969764676668547
0.120687757124327790791973313844
0.120790468717741836246482023398
0.120893297675684338599033651462
0.120996244205688927020325706962
0.121099308515710449296598483215
0.121202490814173891031657603889
0.1213057913099125501021902096
0.121409210212262252959192210255
0.159344065943692381193130813699
0.199976742889215769460875549157
0.194587708016399851818079014265
0.189190901252585114145077227477
0.183786311523016304692035305379
0.178373927708270513248223210212
0.172953738696475484148962209474
0.167525733341672172782566008209
0.162089900470374748131519027083
0.156646228925331254533404035101
0.151194707506849657097092176627
0.145735324994658854702578310025
0.140268070163494185109698264569
0.134792931760699646881462854253
0.129309898516522914224680107509
0.123818959148465565500707441515
0.11832010236306969575004188755
0.112813316818302464272782970056
0.107298591203082605005647565122
0.101775914132800571199055639227
0.0962452742500037872197538035834
0.090706660150591367219874427974
0.085160060431748590970002510403
0.0796054636529332226846378262053
0.0740428583609063079018497433026
0.0684722331122903926647893513291
0.0628935764045626538587541176639
0.0573068767259307526584777292555
0.0517121225712950799424660885961
0.0461093023953662445313383955181
0.0404984046289572283128244123418
0.0348794177039797592687619953722
0.0292523300183954171327371795996
0.0236171299677966246843840991687
0.0179738058977111578307095385298
0.0123223461738086719624574172371
0.00666273912105424560847755088844
0.000994973044993546123018757221246
-0.00468096375344208802393719537349
-0.0103650830188095031958450675802
-0.016057396477291100561624048737
-0.0217579159175436513684598338614
-0.0274666531057715136709962422401
-0.0331836198504348936499930289301
-0.0389088279754316451741757987293
-0.0446422893166894124705734725467
-0.0503840157436892047138066175194
-0.0561340191221393058906841133648
-0.0618923113711601635689163458665
-0.0676589043816472057724098476683
-0.0734338101186784164564613774928
-0.0792170405202471394900953782781
-0.0850086075698911480813535490597
-0.0908085232562075017614944272282
-0.0966167995980851679327372494299
-0.102433448625966663780850751664
-0.108258482400541283796613356571
-0.114091912984483082049713686956
-0.11993375247191608023999975785
-0.125784012979940573728754316107
-0.131642706634007539134856301644
-0.13750984559269488483046472993
-0.143385442011019048624831384586
-0.149269508085566132704613551141
-0.155162056041272450324086662476
-0.161063098087716266570978973505
-0.166972646475360697593259828864
-0.172890713489446429251827908047
-0.178817311398964340352080171215
-0.184752452525511923209222686637
-0.190696149200076714436136171571
-0.196648413757275486446474133118
-0.202609258581436801893715937695
1.38053053700115979191135398156e-10
0.305608533505840662680697050746
0.25601039886808107937099521223
0.206116094959058748781188796784
0.171818524006793454939057141928
0.130626596247061688149670999337
0.0975238292597983558174234985927
0.0611233172621173312388798137818
0.031035044662215505867353115832
0.00351527371394700282811185410026
-0.0235104677028907700642168521199
-0.0372133512533771443342445195412
-0.0556988139344827271060012208181
-0.0779689523960470504126973878556
-0.0991709167833469407149493690667
-0.112203406932766050485561493133
-0.118739782588325501477832801811
-0.131742661595222798620596904584
-0.135124357048888865673319514826
-0.14240179766188218457578784637
-0.139666179135223222917971952484
-0.146754965902633288665768418468
-0.146893927152116882117738327906
-0.143064925535478226770180754102
-0.136842162484383939036192145977
-0.132025830964744794737697475284
-0.132548402087723393716345299254
-0.121979068297204396031929718447
-0.109391708261373329924559527626
-0.100212185521470473203997642031
-0.0915464201439370461876876561291
-0.0822025343047584344802203304425
-0.0690858308322129799350364010024
-0.0564182528181472880968172489702
-0.0478329876001951995179162224758
-0.0346478443821442161354440258947
-0.0184925539138049606358027432407
-0.0131739743269389062568786030738
-0.000674469908528519041836235548004
0.018607028189737240958523400991
0.0300409224478810632508185562983
0.0409580339912674964986116776799
0.0469631455273607570366500851833
0.0688862186481385280201195087102
0.0715765947819605313773294597013
0.0844747536720080460792559051697
0.0961725382389764515966845692674
0.109179040506834662549451309133
0.106702815307220547080824246677
0.121272108473759937519176332898
0.129302235720263086760084547677
0.125019922449016190890702659999
0.133545887749555003409795972402
0.134324556125322708277636252205
0.134311162082156682062716868131
0.137857005803952464839667868546
0.128018167468589127988565223859
0.129319798588535039840508034104
0.112531736476754865017291251661
0.10543856937659738803869657886
0.0894663359326346163680199197188
0.0811207056302939016889652634745
0.0646809003081799532841600353095
0.0418576676822838070202159599376
0.0264662656983356767148585220184
0.00379192817791620170181365878648
-0.0292599465533954217200118819164
-0.059415680245863307373799244715
-0.0963371720094493844133154425435
-0.134007174638451909132186301576
-0.176292057668280849336284177298
-0.214462397001823873443626666813
-0.268214771109723359998611158517
