3
83.3998421179350231113858171739
0.114520291107509303296652092286
0.114611333039171883751983216371
0.114702471705907582677497202894
0.114793707266850772419353177156
0.11488503988144968537277179621
0.114976469709484246939368290441
0.115067996911073555654780875557
0.115159621646626547653013972194
0.11525134407691392524064610825
0.115343164363031963626227138775
0.11543508266637110548646916186
0.115527099148677661610840061712
0.115619213972028234138633706607
0.115711427298812438713149219893
0.115803739291779131392878809947
0.115896150113984811036438316023
0.11598865992880616482274547252
0.116081268899990222576157350431
0.116173977191606603298623667797
0.116266784968044198378400722049
0.116359692394016639438447668908
0.116452699634598172417909722753
0.116545806855221673048461639155
0.11663901422161554455314558254
0.116732321899846266943789885318
0.116825730056350746144389063375
0.116919238857904686512689806932
0.117012848471576544340244652176
0.117106559064832055350180439746
0.117200370805444376021142716127
0.117294283861553411130174140453
0.117388298401668797477093164616
0.117482414594530834572871924593
0.117576632609362893844284769784
0.117670952615673021779407747545
0.117765374783298362726391417254
0.117859899282466484837783582407
0.117954526283718927337496040764
0.118049255957973289743456746237
0.118144088476484221406082042449
0.118239024010842838641188734528
0.118334062733042852388898324989
0.118429204815365188285802844348
0.118524450430497266251173016371
0.118619799751453008918034015551
0.118715252951610880649546686527
0.118810810204727015926273736568
0.118906471684845430059063176031
0.119002237566470575602650683322
0.119098108024367543844590500157
0.119194083233729070103734670738
0.119290163370086188532326332279
0.119386348609308620694058333811
0.11948263912766754479832798097
0.119579035101768996196547334421
0.119675536708595750545747193883
0.119772144125499038769255832904
0.119868857530185585202886500156
0.119965677100730874760081690056
0.120062603015579624776698608457
0.120159635453564561657913145609
0.120256774593833243303109270528
0.120354020615955653594753016478
0.12045137369984980357795478767
0.120548834025819895376940849019
0.120646401774523973071673310642
0.120744077127014737271792910178
0.120841860264708111927234313043
0.120939751369363926447597634706
0.121037750623197784549667233023
0.121135858208717042683311149176
0.121234074308863057356511205853
0.0107355740557482943337008762796
0.199954828432800491011533949859
0.194559378609363176071411771773
0.189156330083617485460223406335
0.183745672082618910492257668921
0.178327393849296855776742631861
0.172901484581641867732670903024
0.167467933478562397420219554078
0.162026729714383477265471356077
0.156577862449339688666327674582
0.151121320833091959956462346781
0.145657093983937641068493462626
0.140185170997714519947052735915
0.134705540985372296258759661214
0.129218193000426917471656906855
0.123723116107742267533176061534
0.118220299342740045589472686061
0.112709731722868120029623639766
0.107191402261603549450619254912
0.101665299916362347754095196706
0.096131413681555852313032062284
0.0905897324936435210940288698112
0.0850402452825120974688744013292
0.079482940972645896304804580268
0.0739178084412591557272875775197
0.0683448365820584907703860721995
0.0627640142475956036571815843672
0.0571753302948402111760550781128
0.0515787735257835777691326484273
0.0459743327619945782447352655709
0.0403619967891486047806282044803
0.0347417543821146104776609320197
0.0291135942802935310247391953453
0.0234775052198484789067745026614
0.0178334759310909626850438769452
0.0121814951061994386494191644488
0.00652155141853747333940960473342
0.000853633534802191807147608848538
-0.00482226989839774303897579343925
-0.0105061702606520038921766868611
-0.0161980789465001155658097076184
-0.0218980073579897599467258828554
-0.027605966929105264090482663164
-0.0333219691139811508007184670532
-0.0390460253703802454006144273535
-0.0447781471865797767173411614294
-0.0505183460732802902537486033907
-0.0562666335419337373946468972008
-0.0620230211357805788496833088175
-0.0677875204170608341991410839
-0.0735601429610757417965061222276
-0.0793409003633914200470655941899
-0.0851298042454423919966899347855
-0.090926866227518152174802423815
-0.0967320979747594011932676494325
-0.102545511163844013657886478086
-0.108367117463146520051076038271
-0.11419692859897760672804878368
-0.120034956299539904978068705077
-0.125881212300634481859873403664
-0.131735708383728000736567764761
-0.137598456318544642984491588322
-0.143469467919901505492674687048
-0.149348755009585526520865528255
-0.155236329425872759957272251086
-0.161132203028547804635195461742
-0.16703638770154033421633243961
-0.172948895356194287664663988835
-0.17886973788395968409936642729
-0.184798927255754003029508680811
-0.190736475401979826971299303295
-0.196682394316024689029376304461
-0.202636695994252824526427048113
7.22627708669824036485567911369e-12
0.307419882801145405437637236901
0.260806360172975926214888886534
0.207243857700320194270560136829
0.180149703283553730415178506519
0.119202792919684233408084139683
0.0954393866201711932317763853462
0.0621593442332756540569249636974
0.0326507453534141123263623285311
0.00627271971924189472580302151528
-0.0294748624393558235345924600779
-0.0477483228193932643379504554559
-0.0655977383622718124289718844011
-0.0823303960299439918646413616443
-0.098357228244028788166630761225
-0.102704502944860734392484857835
-0.118077321226244841279040542759
-0.127726316181175775232858882191
-0.136580870535594534054268933687
-0.144586943724913485898042608824
-0.138752375705522318360962685801
-0.13640345182401578116859752754
-0.14472477273802744623942828639
-0.134845420228294765596643856043
-0.135451812273563898525452486865
-0.13982050471604448582674251611
-0.125762760511122367867997695612
-0.124392375651213707432596322633
-0.105701870753380694489820257331
-0.106978651659615897617783275564
-0.0909867278240602955774463111993
-0.0782989983744914602725728514088
-0.0761587098725873407056852215646
-0.0583640890364479081320325803972
-0.0540476089758653369110596997871
-0.0353219900110224582778783997128
-0.0303748005005549069623693725362
-0.00847953938436189075256166347572
0.00360916908280240270046057560194
0.0167091169913948685288307416386
0.0262774180642990524969793142418
0.0434901964628928577871747052086
0.0568281044234406340631693410614
0.062280121684360673084412951539
0.0848123870680604075023012455858
0.0936960236617443431583751589642
0.0993244837691341225793806302136
0.103390287939991720733701185964
0.115568344770227204865165049341
0.124990645935052366310991089904
0.122624512976297062039066076977
0.128218950166917033950397808439
0.123946203695433534996972468889
0.127656579333275399523728310669
0.128867468308243776631272226041
0.134135293761204671403319821366
0.129672874402782717373483478696
0.123045002108489037739857963061
0.113168104760880905423903186602
0.113950550489137172882614379432
0.0980677916409747468806656911511
0.0803565949954247599196222040518
0.0591266723019515522130618023766
0.0387184961181191444890004049739
0.0232487026297237102390180751854
0.000149381172280354802524640622785
-0.0222606426172921555151074102241
-0.0654412670804203344676608367081
-0.0878706110302315962501396029438
-0.133049007978294192566792730759
-0.180678851953406854891071020575
-0.213715680964505660988095314679
-0.266163961359758338698355828456
