3
759.263825181169522693380713463
0.115108476659227826344178424733
0.115183744878012930823452109053
0.115259083340238294157487075609
0.115334492138580782527590429254
0.115409971365908428642121918983
0.115485521115203285114070297368
0.11556114147963246485684152276
0.115636832552507895499616097368
0.115712594427284834464053631109
0.115788427197580756633499277086
0.1158643309571764229426449333
0.11594030580000784513838851808
0.116016351820177290865565566946
0.116092469111893970001858633623
0.116168657769592453821161370797
0.116244917887796880839879065661
0.11632124956125890202773831561
0.116397652884830310471286907159
0.116474127953583111994007026624
0.116550674862654121688443353833
0.116627293707414037005065665653
0.116703984583357761595223678341
0.116780747586183328290410088357
0.116857582811739760253466613449
0.116934490355938724981399445824
0.117011470314989554641904589971
0.117088522785177562290925834532
0.117165647862989844019132590347
0.117242845645030721590806876975
0.117320116228118082046805170648
0.117397459709200860378253139515
0.117474876185403573347620920231
0.117552365753992457686472050682
0.117629928512419254515997124599
0.117707564558289817790992515256
0.117785273989369818070649387209
0.117863056903583687806680302401
0.117940913399056920840557438623
0.118018843574032278320729005827
0.118096847526949808027119104281
0.118174925356403046072806262146
0.118253077161119948823575498409
0.118331303040048990693478003777
0.118409603092290621750848345073
0.118487977417091189247244642502
0.118566426113868264580197831037
0.118644949282207354257501208394
0.118723547021918687804920011786
0.118802219432840402979500993297
0.118880966615162883548428851554
0.118959788669077012879249366506
0.119038685695039211931423039914
0.119117657793653422548807441217
0.119196705065706107240508515588
0.119275827612112556019852149802
0.119355025534004732801207637749
0.119434298932642776747137247639
0.119513647909488832099533794917
0.119593072566178112992041349116
0.119672573004493187909247353673
0.119752149326396759021484683672
0.119831801634037310444469426329
0.119911530029752369519435717393
0.119991334615982631062180985282
0.120071215495418742724709204595
0.120151172770859723804015573023
0.120231206545367383387024062813
0.120311316922062178091934470103
0.12039150400433826226809230775
0.120471767895715439755655040699
0.1205521086998921631572301294
0.120632526520775967826537566907
0.0249006890031572732102649325725
0.199934729006963851638545293099
0.194512606472831833803738277311
0.189083606740647114374809234505
0.183647720603395570027061012297
0.178204938625124181816872237505
0.172755251500290502031376149716
0.16729864989979600919944857651
0.161835124392821022576427480999
0.156364665651669898505105038566
0.150887264274866483848569487236
0.145402910818766856193562375665
0.139911595880259531643474701923
0.134413309996875202090294010304
0.128908043713300612953531754101
0.123395787584163030281558803836
0.117876532097412542454684114546
0.112350267717750029738965622528
0.106816984914981788490351277687
0.101276674322034604402986701643
0.0957293261962612052062837619815
0.0901749310573009277280931428322
0.0846134793488143854833793966463
0.0790449614018100682466538842164
0.0734693676688127211837908703274
0.0678866884612269322341049360148
0.0622969142288993874001512551786
0.0567000352814036531756691772443
0.0510960419333915324968664606331
0.0454849244896440019214622907384
0.0398666733077866555778889789963
0.0342412786154182233189224859871
0.0286087306942803994147528356962
0.0229690198062715532356659053903
0.0173221362424327077200736368923
0.0116680701463018447749941941538
0.00600681169127158590126391857211
0.000338351226866267227374324155775
-0.00533732123526786325640181019025
-0.0110202154407986700063171170427
-0.0167103412480043254928485652044
-0.0224077085846203782892871458898
-0.0281123272703177225217974211091
-0.0338242072467963839077498278129
-0.0395433583923216550037871286349
-0.0452697906847766076698924564425
-0.0510035140559045307995233997644
-0.0567445384603121744104825552313
-0.0624928738873057956770828980098
-0.0682485303468327725306963316143
-0.0740115178021618913550838669835
-0.0797818462896277558193958157062
-0.0855595259391935536452677979469
-0.0913445667653251108797363144731
-0.097136978709288862576798351256
-0.102936772067985085610253292998
-0.108743956803198996152737265675
-0.114558543165998047430598205665
-0.120380541179723743461238427699
-0.126209960995442793674214954081
-0.132046812903342525302718968305
-0.137891106982745204057039245527
-0.143742853514704033157656226649
-0.149602062646159661429834386581
-0.155468744695235833175317452515
-0.161342909821498042832743635699
-0.167224568360358843976953835408
-0.173113730570382484685865165375
-0.1790104067658986053412917272
-0.184914607246795426043206589384
-0.190826342423839057094170357232
-0.196745622519434587571751649193
-0.20267245799449956633608849188
7.63634943063519613671656755941e-12
-0.154868211860388099720964305561
-0.101444583963656895231331134255
-0.0418806483644708418823121576224
-0.105220313069205026468289077002
0.0213245655796235507317692992046
-0.13647733093927544301138254923
-0.0129906596215701441998646714637
-0.0166475981123532026928479865546
0.017551871902002733061287642613
0.166051527344165311683710228863
-0.0515686943345591911058711787064
0.107853599455223339576015462171
-0.0691397133744321573667335201208
0.021288569319445279498514977945
0.159378730521540501463562122808
-0.0581651504282366324516395650335
-0.0406050709878250093431972800317
-0.0703429579388621661895086845107
0.00462676092446259300955402338218
0.175381396166906927680528838209
0.130518403079398936927901786476
-0.0131243756781064604965969522254
0.149269346990144186060334163813
0.00816490613109934967872582944892
0.0965063365674291989693145410456
0.0248483808005025529064280220837
0.0894031320676502705424582018168
0.0712397770337150765262990148585
0.145236756547650947002381371931
0.0541077268480460726873815247018
-0.022623192141872115051848268763
-0.190060317605837414411951158399
-0.125179246799427185132813633572
0.169818615882929985216875934384
0.132073646614149248224023835974
0.202993772872821359731787538294
-0.0618924820100454492477481949209
0.00612787083075848944963004427677
-0.144851783831563302173961460539
0.108911791444009017904015479417
-0.0406665910931285692897496630849
-0.0265162350306586275250353423871
-0.046850199672496560532319875847
-0.231214613883848313369284710461
-0.181715714620149765279322195966
-0.0163147067135275825044971043098
0.153003759209218770376281781864
0.0320210124378749669271648770064
0.121595995154107419655709065864
0.0437117054381149575115195204944
-0.149295308593278719389019215669
-0.19437226808046653703243578093
-0.057235610700854748500443491821
-0.0721649451493650978539662332878
0.103216254047540326177490044302
-0.0330970399498922290826286030097
-0.0579450922569949428142521696827
-0.0261797181455149276241289868494
-0.197059646975764113374651742561
-0.0676329260476196819640293256271
-0.0838969487493256560473042782178
0.131163127269516704975771403952
-0.14695953375353792980106959476
-0.00817816128746932415050086007113
-0.189277229028285198797476596155
0.0296604432339401466456330069832
0.152580418969630732251019367141
0.137411386877302532649736122039
-0.113891782224161269843065724672
0.214319720141218833520113662416
-0.132532064533818244589369328423
0.308703329668156500886766480107
