3
41.8084438405610256950240000151
0.114684463771427103129241231727
0.114771113336957178430175474659
0.114857851952956238616998518864
0.114944679758479426090467256927
0.115031596892862700287629706963
0.115118603495717466977943388429
0.115205699706928857417587153122
0.115292885666610514516783325689
0.115380161515216864143162922574
0.115467527393413191272308893076
0.115554983442166983587107154108
0.115642529802728197263483878032
0.115730166616622970332528552717
0.115817894025615625297476185551
0.115905712171787675379697191147
0.115993621197476082240740424822
0.116081621245317082036230260655
0.116169712458196114357455996924
0.116257894979304027271993504655
0.116346168952100856297526831895
0.116434534520313492933496490878
0.116522991827966201916488842016
0.116611541019355335890850255964
0.116700182239069458201008444576
0.116788915631972370356983503825
0.116877741343223567893616632318
0.116966659518236176795724645672
0.117055670302722042430687565684
0.11714477384271917981273247733
0.117233970284488633883945851721
0.117323259774605198613173229205
0.117412642459938668104690862037
0.117502118487627399412431827841
0.117591688005124830884717823665
0.117681351160156974500203830303
0.117771108100712978972168798464
0.117860958975128146675181994851
0.117950903931989814488190404518
0.118040943120199665061775817776
0.11813107668892387780434916067
0.118221304787638328837040546659
0.118311627566124857868778974535
0.118402045174437656194221801798
0.11849255776292062780630232055
0.118583165482247898658840767894
0.118673868483378477933776196096
0.118764666917535025025820516476
0.11885556093626260809603678581
0.11894655069142756609323896555
0.119037636335151686406419457853
0.119128818019883231382749499971
0.119220095898355651908850916243
0.119311470123621837791105804172
0.11940294084902890181520973556
0.119494508228221066326035781913
0.11958617241516154849900743784
0.119677933564057661919299846431
0.119769791829522964654586303368
0.119861747366397847214258831627
0.11995380032985038243342756914
0.120045950875350623809900696415
0.120138199158708630642777848152
0.120230545336004260303930379905
0.120322989563616408736912433142
0.120415531998283184544895618728
0.120508172797003640375201882762
0.120600912117124772771070695399
0.120693750116283374240744308281
0.120786686952414817897150101089
0.120879722783829079979511789134
0.12097285776905888909915631757
0.121066092067036196189278030033
0.00416203636898386606507438401081
0.199939072085225350017267942349
0.194537025197593055336753309348
0.189127557848113386773647448535
0.183710659629329031705680108644
0.178286320108866247480250422086
0.172854528864016671052539209086
0.167415275430292470604243248999
0.161968549335233441555104150211
0.156514340092410553229029801514
0.151052637203225204043377516427
0.145583430121398876844196479396
0.140106708335068635973286177432
0.134622461276504512550644676594
0.129130678366802920109535079973
0.123631349027398959594670202478
0.118124462648102571127317617083
0.112610008596185182105919864171
0.107087976244580385110083398104
0.10155835492783150952877946338
0.0960211339668732566376974091327
0.0904763026857038910044650492637
0.0849238503553119833400231186715
0.0793637662718940373185461112371
0.0737960396605373825096307882632
0.0682206598046352363784450290041
0.0626376158879875938323422701615
0.0570468971375017730451872921549
0.0514484927273662351332461639686
0.0458423918375243655276563004008
0.040228583603168936722038750986
0.0346070571843247465348980540512
0.0289778017008443834756636903194
0.0233408062297330055889776900813
0.0176960598760080682623208048199
0.0120435516896229624639325095359
0.00638327072524316231627583562158
0.000715206012502117311618876627222
-0.00496065343275966640773644300566
-0.0106443186058777540525799309989
-0.0163358005564005585863451841533
-0.0220351102963394183953393934416
-0.0277422588950034139376743524963
-0.0334572574298103928014391783563
-0.0391801169894338413568490864236
-0.0449108486880896093373927158154
-0.0506494636539000855912640020051
-0.0563959730272852524657345441028
-0.0621503879933544764457842290994
-0.0679127197073152305550891583152
-0.0736829793858911202830697106947
-0.0794611782479440337256804127719
-0.0852473275282670528429918022084
-0.0910414384712227714446797222081
-0.0968435223780481635458272648975
-0.102653590509445585832182246122
-0.108471654189026447956401000283
-0.114297724746175943799642027443
-0.120131813527770039962128123534
-0.12597393188891997661826849253
-0.131824091208557064858197804824
-0.137682302904350850614179080367
-0.14354857839342960446060715185
-0.149422929102145995994277427599
-0.155305366502155151042785519167
-0.161195902051119444031712646392
-0.167094547249707792158091024248
-0.173001313618223850898658611186
-0.178916212675759744854531163583
-0.184839255974556970762989749346
-0.190770455078928563574791610336
-0.196709821589186262258408532944
-0.202657367103033003719048110725
2.13308189054022228268463635773e-12
0.311820236300945796692474232259
0.24881299831325218163691204154
0.227566737762558451985128726847
0.172257499795810120613026583669
0.128044942294938485227717706039
0.0898804680202867078975259573781
0.0513295768358019363630795339759
0.0299439667338493933912424438404
0.00774037629909558790725077059847
-0.034789271845226003854190111042
-0.0461600944535184021244589303024
-0.0620993967806622165772623134217
-0.0845744920960858487246625259104
-0.0943330843466182039636080958189
-0.0987715984981989147950542928811
-0.125128568376558696462197417532
-0.115317859490252347387517772859
-0.13587152381324307803822648566
-0.146257469326743771986798492435
-0.148188093292797029576490785985
-0.143860494116790110785686351846
-0.143421943939372520393504828462
-0.140566051490383203681489021619
-0.142157481632435661600410981009
-0.130623987899414151225840896586
-0.120550344017421567910375301835
-0.121923149198619629185458279608
-0.102942622986973986165537553461
-0.0976566573921096720001244761988
-0.0955959169240292172542439175231
-0.0850297073897216537652354872989
-0.0690356918486161319492566690315
-0.0559974520841267919823991405792
-0.0518675243456362747296317650125
-0.0427662884038465113123450578314
-0.0253202920531808498005865715186
-0.0150348364841736241437342158633
0.0149645275568951238026604855236
0.0176304655882427753488261856774
0.0353725324251505379713478305348
0.0446882215655252171271349936887
0.0485061961378977293812830851039
0.0547557136832906229950701515463
0.0808559228020337278364237931783
0.0821858688001136372669463980856
0.0970729151766171471926725189405
0.113517014775776345358870855762
0.112441613278373694906342450395
0.123598555289933603740237799684
0.124499190469846976458967446888
0.13438295677177766740406639201
0.129741831053013983998667413289
0.13151468697990073564163537867
0.135328955843236786726890841237
0.120300379964214332328964474073
0.122723591382903368662837806369
0.122992154796576408370967214978
0.112000545677997387361557457552
0.111748412734566121562451712634
0.102131936678136636675873205604
0.0759827296827336184925627549092
0.0624989111263750535263383767415
0.0470340344087130449168832058149
0.0297615197188319073606788123243
0.000782498496136176048716681652451
-0.0314156801536574145639058031065
-0.0609518838299005494274496186335
-0.100487921924429485232010961226
-0.133911480910854280290678275378
-0.175923488725361926166002035643
-0.220540349919294498270971871534
-0.257297168079446691990597173572
