2
3.2228275053101693714552311576
0
0
0
0
0
0.706527556952884494556599292991
-9.75154605441082886351671267932e-17
0.707685531338735573925191602029
0
0
0
0
0
0
0
0
0
0
0
0
0
0
0
0
0
0
0
0
0
0
0
0
0
0
0
0
0
0
0
0
0
0
0
0
0
0
0
0
0
0
0
0
0
0
0
0
0
0
0
0
0
0
0
0
0
0
0
0
0
0
0
0
1.16964283721054576655070354751e-06
0
0
0
0
0
0.707685531338735684947494064545
2.68253910173939512890895489755e-10
-0.706527556952884383534296830476
0
0
0
0
0
0
0
0
0
0
0
0
0
0
0
0
0
0
0
0
0
0
0
0
0
0
0
0
0
0
0
0
0
0
0
0
0
0
0
0
0
0
0
0
0
0
0
0
0
0
0
0
0
0
0
0
0
0
0
0
0
0
0
0
