3
334.311510503328804588818456978
0.113623543488071104823333712375
0.113738451160661543926089223078
0.113853500964056927879930469771
0.113968693182490643511783900976
0.114084028100873924316260854539
0.114199506004803025271954197706
0.114315127180534242823384261101
0.114430891915036719863607572734
0.114546800495894343652203417605
0.114662853211439805245497325359
0.114779050350670847047140910036
0.114895392203272911357814223265
0.115011879059609967157484788913
0.115128511210732351055519018246
0.115245288948396071293522879841
0.11536221256505169163730784021
0.115479282353845566500005759281
0.11559649860860181369570653942
0.115713861623868249917101991286
0.115831371694871607114230016577
0.115949029117578011893741063432
0.116066834188598019816929252102
0.116184787205325379400022711707
0.116302888465793147210192159946
0.116421138268782989322325249759
0.116539536913798300044042832724
0.11665808470099076066262000495
0.116776781931304557415884914917
0.1168956289063652481674537853
0.117014625928527030152004329011
0.117133773300875237977081155805
0.117253071327173552518274846079
0.11737252031196401813595286967
0.117492120560508353510620338511
0.117611872378741058597917401585
0.117731776073398020088234261493
0.117851831951936728004604049147
0.117972040322497112585509171367
0.118092401494032828157543235648
0.118212915776151616942257760456
0.118333583479265952442816001167
0.118454404914520070035699461641
0.118575380393788565314139304974
0.118696510229677656966806864602
0.11881779473556547399581972968
0.118939234225589482440987865175
0.119060829014620006560676301888
0.119182579418295103712566174181
0.119304485752973685186439922745
0.119426548335833382363802002146
0.11954876748476649106489588803
0.11967114351844183872675131397
0.119793676756264191873846414182
0.119916367518468000574749510179
0.120039216126011927254779720897
0.12016222290061542854466836161
0.120285388164802956034726832968
0.120408712241844711998695061084
0.120532195455790816507324336726
0.120655838131503809207423216776
0.12077964059459064816159923339
0.120903603171448992270597955212
0.121027726189261539135877399076
0.12115200997599298582407811864
0.121276454860429414028821781812
0.121401061172096105811313293543
0.121525829241312832706967128615
0.121650759399281493955413679942
0.121775851977880725240943604604
0.121901107309895326280546612452
0.122026525728815352089817736214
0.122152107568984508167986291483
0.0998187298540294531967731472832
0.200110977349298807537181232874
0.194745642744782648803081315236
0.189371898003595523496400687691
0.183989730852636451663428829306
0.178599129005243717482898091475
0.173200080155314573016056556298
0.167792571976098037200841872618
0.162376592116606516258414671938
0.156952128215876229866410085378
0.151519167886207506423801305573
0.146077698723634047395236734701
0.1406277083066488908791313861
0.13516918418987958205867982997
0.129702113910216354497606516816
0.124226484982651944055653814303
0.118742284903273806473400497907
0.113249501153514398055222045514
0.107748121189409018505500625906
0.10223813244980729797450891283
0.0967195223532591741300024068551
0.091192278294972881069746506455
0.0856563876528306511470844952782
0.0801118377940274184467739360116
0.0745586160488141830304797963436
0.0689967097378013510811101127729
0.0634261061580763951806005707112
0.0578467925968115317947315645597
0.0522587562976484856780423626788
0.0466619845086094081620942120026
0.0410564644473109113809172754372
0.0354421833086918033894896495894
0.029819128274586832738624053718
0.0241872864949346268181873398362
0.0185466451156568214175823783307
0.0128971912447963590886423901338
0.00723891198600828695425279946107
0.00157179441353191406277600705721
-0.00410417441952723709847061783762
-0.00978900747736136805920992287611
-0.0154827177461814239484150235171
-0.0211853182281923901886244721027
-0.0268968219561698078379219367662
-0.032617241971229102293072799057
-0.0383465913456400853132066686157
-0.0440848831662960655153327138578
-0.0498321305429189967406422567819
-0.0555883466058369191120647201387
-0.0613535445097522780244503337599
-0.0671277374155308109715534214956
-0.0729109385277978694350764499177
-0.078703161054056849921245486712
-0.0845044182296470491877471431508
-0.0903147233131574300735167071252
-0.0961340895813487944510100646767
-0.101962530322800795645754590169
-0.10780005886490259814358694257
-0.113646688545235158285251486632
-0.119502432725575896688141597224
-0.125367304787445260627620768901
-0.13124131813218356534811448455
-0.137124486189594108065392674689
-0.1430168224040206381708628669
-0.148918340239001523173101304565
-0.154829053189948717683677159584
-0.160748974759460011574319082683
-0.166678118487117860047064255014
-0.172616497916712213767098660355
-0.178564126632352965229344476938
-0.184521018230244721047839107086
-0.190487186320095647218408885237
-0.196462644547547748974380965592
-0.202447406574081528729536216815
1.77950985373229640628513261343e-10
0.306780175174858893427654038533
0.257675606776345267334704658424
0.212005665940288551274406358971
0.170786569340781929637884672957
0.130723487149304540277938713189
0.0952730102231446884797350094232
0.0609163979838843391845237817961
0.0304930029538974731173617271907
0.00406480634900621608934789819045
-0.0219679129531138890574215594143
-0.0453663223341172067160087522097
-0.0634680481391794032441922013277
-0.0812746736092413019081348579675
-0.0962811339467782023593400708705
-0.107617540855302534774651235239
-0.119833629529137189462240087323
-0.128445633685613541663528280878
-0.133663447501766924352395449205
-0.140604627762708211946574010653
-0.142424899767233770209173826515
-0.143927140775737483213703171714
-0.142957322731218833267163859091
-0.139661731715304826551005135116
-0.138594099344351517899553982716
-0.132687666922785635348347454965
-0.12679250291986038368108324903
-0.120456921939700908885662045122
-0.112999990207419978571756757901
-0.103565536168603811173483109087
-0.0910284812887116184798586004945
-0.0813264253109692025756061184438
-0.073457425030163378543157648437
-0.0595027699914061417030275435991
-0.0490104889754207420637932557383
-0.0365310864242021429704188051346
-0.0233735121672463963538035613965
-0.00995431214186649412911656042979
0.00277570401634440059104869114037
0.0159489381052543635619578310525
0.0280739523968427315270268707081
0.0401126857435235781301763324791
0.0528719518976759547679300510481
0.0648508441777655847415573475701
0.0740023737082614874172037389144
0.0857892405577174305131293863269
0.0976283686976733844353759650403
0.105617183758777558044705813245
0.112959549343254375686207424678
0.119702170175407004992784720798
0.125142018519827202815974942496
0.130182874934032466462952015718
0.133043130983966778613236670026
0.134060500552349304292931719829
0.134898167256598505714393354538
0.132602365242447839399630993285
0.131383335660746475292981472194
0.124887562474011754032332532915
0.115379766828806143430519171034
0.106705284783422185701518003498
0.0937162587615827241682708859116
0.0799326749829297050764509435794
0.0628414522657308322051150639709
0.0450727972735928961167672923693
0.0228713672936364451060420321937
-0.00274866154153887223832164465875
-0.0295057695478475254247108239269
-0.060705136027968835399359903704
-0.0940836477835828161042641681888
-0.132029856302810888468712846588
-0.173804372059824879803713315596
-0.216919483106457117171927961863
-0.265144080094398770786057184523
