3
95.0887892665350733523155213334
0.114664392005839915755771585282
0.114751578993602484923819417872
0.11483885595994804129649224933
0.114926223046375217129444479269
0.115013680394564846154459303307
0.115101228146558057230386395986
0.115188866444662516008712316307
0.115276595431410042169595442374
0.115364415249670601570919359347
0.115452326042575131870293603242
0.11554032795352507656527762947
0.115628421126219446679606051021
0.115716605704618988315068861539
0.115804881832966000132500994368
0.115893249655831406808026429189
0.115981709317984418849967198639
0.116070260964572138928652123013
0.116158904740952265144393606988
0.116247640792815895571798989749
0.116336469266127132127230936476
0.116425390307122372801629239802
0.116514404062338525203124106611
0.116603510678584751381059447795
0.116692710302989569037812600527
0.116782003082934515703072975157
0.116871389166113504032296077639
0.116960868700517334195509988604
0.117050441834390464568294021319
0.117140108716322494109007834595
0.117229869495148603109058171867
0.117319724320043686227599266658
0.11740967334041717273773741681
0.117499716706030529755899749489
0.117589854566908333377561746147
0.117680087073369896155661251669
0.117770414376045212678789653182
0.117860836625848272585237452859
0.117951353974014849779194946677
0.118041966572058204532069680681
0.118132674571786264183792525273
0.11822347812531085187170987183
0.118314377385074540049991753676
0.118405372503763720026803696328
0.11849646363441836138807872203
0.118587650930378166180823029663
0.118678934545228279007211824592
0.118770314632937329379913649063
0.118861791347724218836923171239
0.118953364844119502397035148533
0.119045035276987273831217351017
0.119136802801494079417921057029
0.119228667573051644312798202918
0.119320629747469195147679954516
0.119412689480827824417552562863
0.119504846929493757645701634829
0.119597102250161652081672514214
0.119689455599875052560499000265
0.11978190713592469507364768333
0.11987445701596645408759655993
0.119967105397927473187102975771
0.120059852440057610034607193938
0.120152698300963714506117696601
0.120245643139526778297998532707
0.120338687114939127398294260729
0.120431830386728930259998548991
0.120525073114747000024848944122
0.120618415459141523071728840932
0.120711857580396084155260894022
0.12080539963929892710581270876
0.12089904179697769093237980087
0.120992784214889598226605471609
0.121086627054742823617061731056
0.00979885342306735344919399466335
0.199940677895051793777625448456
0.194539464447487986387130831645
0.189130807989482035980088880933
0.183714698101945739239226895734
0.178291124315189147830906790659
0.1728600761177997158224428631
0.167421543037571285417186572886
0.161975514543418797064333602975
0.156521980102965835301986885497
0.151060929174740482539007757623
0.145592351182723234170879322846
0.140116235555214546648628015646
0.134632571665705302876858695527
0.129141348917830828257891084831
0.1236425566660129815588220481
0.118136184264865023996193826861
0.112622221049897899836089720793
0.107100656310981631746948039563
0.101571479377247766984204702112
0.0960346795057521740446304647776
0.0904902459706777434478297550413
0.0849381680008398642911515707965
0.0793784348473284551150896959371
0.0738110357005243994388266060014
0.0682359597727363043073722792542
0.0626531962211503701265513655017
0.0570627342244515584068764724179
0.0514645629080038927161133699428
0.0458586714010793330964510516878
0.0402450488055143690280246460134
0.0346236842268217437368349465032
0.0289945667155914223178658772895
0.0233576853486388916203431165286
0.0177130291401469686096703526346
0.0120605871213225294968918177574
0.00640034829702648948995813427132
0.000732301630194453784944430552173
-0.00494356387952075808367435882928
-0.0106272593207890030109208368003
-0.0163187957309546549655721037198
-0.0220181842160930736629342874267
-0.0277254358716192798872679503575
-0.0334405618247964539491157154316
-0.0391635732179780454709216996889
-0.0448944812102685386623335261902
-0.0506332969724437656489079984112
-0.0563800316988500097026282276147
-0.06213469661733889148891307741
-0.0678973029386956555830678894381
-0.0736678619193292250066917858931
-0.0794463848313466947104188875528
-0.0852328829524950648544034947918
-0.0910273675965490858263962081764
-0.0968298500747941659483331022784
-0.10264034173031612307003257456
-0.108458853914034300536251009817
-0.114285398022402062689906188098
-0.120119985432026732397048363055
-0.125962627558933587534895082172
-0.131813335829248173824979062374
-0.137672121716178513795014737298
-0.143538996651475181387525026366
-0.149413972152833252060588620225
-0.155297059730413605782572972203
-0.161188270885591261594171896832
-0.167087617157174961324272999263
-0.172995110138340818517477259775
-0.178910761378532734422464045565
-0.184834582486566534331728917095
-0.190766585085041906477698603339
-0.19670678080114764596508791783
-0.202655181302456965930502974516
5.35851401483128117596706891783e-12
0.295052205380057552819295096924
0.259650064836430494175090188946
0.204114459814762866374238114986
0.174142519289493674650159960038
0.132262951624934010919076854407
0.0876209780030935553307713803406
0.0600826130303636421481350282647
0.0477016882725097568496153144224
0.00568918280787514534652116182656
-0.0185964132769672399470017865042
-0.0463628280737985870585404768462
-0.0562783434630068704618288677466
-0.0776631463208587030644380888589
-0.0997799525638221607160005532933
-0.113709012477119064676855941798
-0.113097222182447748606293203011
-0.121215746367529256244388591313
-0.126789309708824210476407756687
-0.138665103308838300044669722411
-0.137243592593349145181136350402
-0.15249915397678442952056343529
-0.150010510855446477229691026878
-0.148103938423903430665617975137
-0.143563530247182130628047502796
-0.139060525831090853188243272598
-0.128185182272197634167909541247
-0.124588172659886531334905157564
-0.10544036272941115228718444996
-0.110153860685842652777921557572
-0.0990177514619927923167352901146
-0.0884021193744956579330107615533
-0.0665828432223591754057778757669
-0.069742613935220590382080274594
-0.03348324620907448118112270663
-0.0316189391878918812928134229878
-0.0265724446441070391577987663823
-0.0106926661026417978150870879972
-0.010826875873977204536857676942
0.0235309222162635826858245735593
0.0261311362588485217306466523723
0.0403849480241497832411212698389
0.0572346747539372729951523410818
0.0639352889620555253635814096924
0.0836963761262235761417827006881
0.0866551884350014040014897886977
0.103071791363022940979377040094
0.126537885157116336554139479631
0.114575377311075587982713841484
0.123310353209625217507650063453
0.11415733884267470488182993904
0.146373483523688258101103087938
0.136589429407326518051135622045
0.137594036782115791694991457916
0.126384189477748043461957649924
0.121910639075786045304461424621
0.139332361996835990547438655085
0.105079873130941539582927646279
0.116470327751182337050472881401
0.110791941189917086951766123093
0.0929827946560298906897301662866
0.0608637218926252401840493178042
0.0665614939633465130253142660877
0.043685689569391505937545616689
0.0275275805101675777319947258093
0.00833225888958414456775258827292
-0.0331570510061548334723724451578
-0.0657614394511064764836660856417
-0.0991988040106787372085506149233
-0.151596061522601827098455373743
-0.167653139618065799565371776225
-0.213541226200184647288082828709
-0.251123573177728598437852269853
