3
9.81747353440623271580989239737
0.114800723764666198767336879882
0.114884258154507104543462503443
0.114967876283494876976654097689
0.115051578277092253488333994937
0.115135364261045231026869828383
0.115219234361334535443610604943
0.115303188704145020970770474378
0.115387227415901752469729046879
0.115471350623321464268222769078
0.115555558453275877828225759458
0.115639851032948604014904958603
0.115724228489732988700566806983
0.115808690951253095979822660411
0.115893238545373769565749455523
0.115977871400211221541987072214
0.116062589644095895402564622145
0.116147393405676910282942060348
0.116232282813728798886998561102
0.116317257997367598520987996835
0.116402319085900832207336463853
0.116487466208883824747566393398
0.116572699496139714492315420102
0.116658019077725980117143933512
0.116743425083920271401183299531
0.116828917645269994562973181473
0.116914496892585817455767482897
0.117000162956890682575128437293
0.117085915969462148189528249986
0.117171756061833304274344413898
0.117257683365798809349556108828
0.117343698013386871226160224069
0.11742980013685330731298961382
0.117515989868743175872367601187
0.117602267341842189884992819771
0.117688632689155581179107912249
0.117775086043987980977121310389
0.117861627539863775271378187881
0.117948257310572915401714055861
0.118034975490158858257849772144
0.118121782212888840057907202663
0.118208677613350868207398036702
0.118295661826323394993920601337
0.118382734986866466897481586784
0.118469897230289375467116030904
0.118557148692192901306974306408
0.118644489508370226671374325633
0.118731919814929323675478656241
0.118819439748198557582625767282
0.118907049444784904124183810836
0.118994749041570646586052362181
0.119082538675661972482622275038
0.119170418484458542907056255444
0.119258388605575499363808944508
0.11934644917693616739118311898
0.119434600336709481616104255863
0.119522842223337519285131236302
0.11961117497550322053001536915
0.119699598732172035608911642157
0.119788113632572662536901475505
0.119876719816187735090373678304
0.119965417422748840681201443203
0.120054206592324241853475541575
0.120143087465163583837934879739
0.120232060181866370895953366471
0.120321124883214530809638631581
0.120410281710313940561896117742
0.120499530804546811646460469092
0.120588872307522895765963255599
0.12067830636117453380062869428
0.120767833107632588385271787956
0.120857452689373645604575813195
0.12094716524912255128931803938
0.000782840642337805266148809124616
0.199931803190844054052277556366
0.194524758821084081672481147507
0.18911042913485795469163974758
0.183688803972124975460999962706
0.178259873166115773157613944022
0.172823626575371286362425848893
0.167380053998423733441214267259
0.161929145236108962269128141997
0.156470890070522367087946236097
0.151005278261363173886167032833
0.14553229956993696259104353885
0.140051943708952741918238871222
0.134564200415748264072490769649
0.129069059388796231191420815776
0.123566510303242158008707463068
0.118056542809459111276204623664
0.112539146594910585696958094104
0.1070143112598977708227465655
0.101482026440183240034720313361
0.0959422817238780450965762724991
0.0903950667166252830320161137934
0.0848403709675450007354768899859
0.0792781840229132561681524293817
0.0737084954315185697515389051659
0.0681312947190215734138973857625
0.0625465713645499687967088675578
0.0569543148603859072931498985781
0.0513545146674521044150019122299
0.045747160261642882961297118527
0.0401322410515307093081815992264
0.0345097464506814652351884831205
0.0288796658829425963166404045523
0.0232419887083571558017425218168
0.0175967043084685609288797536465
0.0119438020101189194821511563305
0.00628327117612772351185057573275
0.000615101085361585806117468155918
-0.00506071892270688102749565118188
-0.0107441996042841672598378011116
-0.0164353516823225950793663230343
-0.022134185909011887261055306908
-0.027840713059217404856671151947
-0.0335549439191320242326099787533
-0.0392768892986179382620370859058
-0.0450065600062801648983956681604
-0.0507439669042078489447078482044
-0.0564891208333823391374295397327
-0.0622420326822184302728580007624
-0.0680027133346997048057858137327
-0.0737711737039464243714803615148
-0.079547424719918907731752710788
-0.0853314773254462699547673310008
-0.0911233424812946113391376457002
-0.0969230311757533213867787935669
-0.102730554399727613823500860235
-0.108545923174451872106338612411
-0.114369148533531458933332203287
-0.120200241525452639068660687371
-0.126039213212762374327624570469
-0.131886074702215028153773346276
-0.137740837089443068919081269996
-0.143603511484843848755588169297
-0.149474109043695041476595974927
-0.155352640926905177787276102208
-0.161239118298270589502152461137
-0.167133552360122727975522138877
-0.173035954333625341394764518554
-0.178946335429488623258720281228
-0.184864706914874971088735833291
-0.190791080036633892147435176412
-0.19672546611493066381903815909
-0.202667876424289156167546366305
3.19419044378461092255906276076e-13
0.301384346992897789174747913421
0.268345756653735778574088044479
0.229206459921518085343095094686
0.163216892462488771808892806803
0.12038361005552586369127254784
0.104634613217710614740951768908
0.0479769086347291429106576288177
0.00580906750543940409575727201741
0.0146162654675389344638425370704
-0.0298657372144718255557727104588
-0.0436178995653036805091318228733
-0.0724165121107730180849415546618
-0.0854135730869604176129783468241
-0.0934790488342556596945698288437
-0.12178872293985300301333296602
-0.131639684057674066774978882677
-0.118011615390053919982804586652
-0.13455420572707213477947618685
-0.120845621021777704928723551348
-0.126997141296648741182195863075
-0.132386955276879103582388097493
-0.149651191908188457846407004581
-0.124485720073902017546174647578
-0.137971700766693822215458453684
-0.135904089057755417258022134774
-0.122336128463475704575280644804
-0.130067041954873646725232561039
-0.0987179190496132313858979046017
-0.107092149086153151649192238892
-0.0727670681570995042664051766224
-0.0747830139122306891685809659975
-0.0664038312335694796972873632512
-0.0595787670927733284398364332901
-0.0724082854936956704650086180663
-0.0407542155490802984751930182483
-0.0139205953830390683628737136246
-0.0108345196976108448794207106403
0.00351005652471584293772277618473
0.0155753590703204373990597986221
0.0320310865771968183990381362491
0.0499521810205872315857611454248
0.0379512191544027002731986897288
0.0542568110571802417196884960049
0.0761525803674634876871962774203
0.0740098680095257199784697377254
0.0950518832595131785145881053722
0.120467377830012462025521813302
0.10653172471761435113890570392
0.0988742092000428757225805043163
0.118471336718689521094738381635
0.110043727447212733028258924151
0.113856913649752478079335560324
0.140809445275870803726547819679
0.127606248605651839689301141334
0.140840873593573501221243304826
0.142769618884508481260198209384
0.123787894642744422668556580902
0.131440403353181994861031967048
0.122947766850840259356125727663
0.106302660372742510674903826384
0.0948226982709772375779166964094
0.0720248011955770817138500206056
0.0378809342021773354236557906916
0.0169110361994006565267145703046
-0.00199743393988744463024564979037
-0.0241877597422592675868724398924
-0.0676735977077040501415083895154
-0.0862367387715954614169078240593
-0.147412103647258013738863269282
-0.188046239129544240364921847686
-0.211798170298916094145269539695
-0.26437081994883637747761895298
