3
10037.4046786995950242271646857
0.114644359347519833591810822782
0.114732082595019671544811501462
0.114819896750636016302671293943
0.114907801958234634387423511726
0.114995798361978332491339926946
0.1150838861062689066905306845
0.115172065335869391877743339592
0.115260336195758053556836841835
0.115348698831235163542174859685
0.115437153387866059395250317721
0.115525700011534268596413710384
0.115614338848369094248091926147
0.115703070044802833193919866517
0.115791893747585375451514266842
0.11588081010371882595411108241
0.115969819260522535864232906988
0.11605892136556258953383746757
0.116148116566756096079693350021
0.116237405012276640015045359178
0.116326786850582897248074232266
0.116416262230457742687939060033
0.116505831300931367300321994662
0.116595494211400363404607105622
0.116685251111470308926776340286
0.116775102151125936833508944801
0.116865047480581782379793764903
0.116955087250393593989450380377
0.117045221611366476177629181166
0.117135450714666619620452081563
0.117225774711718716547537155748
0.117316193754254824432869952489
0.11740670799433176874071449447
0.117497317584254815092670298782
0.117588022676678449762732725503
0.117678823424538850361820152557
0.117769719981074827419575967724
0.117860712499862713142917414189
0.11795180113471423477555788395
0.118042986039829531086375880022
0.118134267369621043242133850981
0.118225645278920224456875587293
0.118317119922757008065872241787
0.118408691456572318090323392425
0.118500360036019311560373523662
0.118592125817121168962486876808
0.118683988956188965491200804081
0.118775949609857905953091972151
0.11886800793505344908673748705
0.11896016408903448136058500495
0.11905241822938610052329266864
0.119144770513959094571099228688
0.119237221100976037435614784954
0.119329770148904862336891596897
0.119422417816600970330576103606
0.119515164263214068718355065357
0.119608009648196497720640252282
0.119700954131304965200044421181
0.119793997872665106130263268369
0.119887141032681290853112443529
0.119980383772079216009309732272
0.120073726251942292098107145648
0.120167168633649276698882601977
0.120260711078882157054614765457
0.120354353749680412222211600692
0.120448096808401933222043567184
0.120541940417710949362550820751
0.120635884740609974907776802411
0.120729929940427901935429133573
0.120824076180833281379811694478
0.120918323625788151631788025497
0.121012672439626878251317521062
0.121107122786966156513521752913
1.06961213423260881327792048978
0.199942375213257361732388517339
0.194541985645874049293269081318
0.189134130815678092041309810156
0.183718800228878542668553563999
0.178295983377412758930091740694
0.172865669746501970926999547373
0.167427848766749903797190768273
0.161982509892432929854422241078
0.156529642546287595106235812636
0.151069236138484247478075417348
0.145601280039526242982006465354
0.140125763646383516558557857934
0.134642676289015217339084529158
0.129152007306885974191601462735
0.123653746036742478997538796648
0.118147881766284532090161008
0.112634403787647552341866230563
0.107113301378718522860467032842
0.101584563773460187507957641628
0.0960481802184988270321142067587
0.090504139933054450484206654437
0.0849524321002737697883233636276
0.0793930459242157271493312009625
0.0738259705577229002892991616136
0.0682511951571367209146146137755
0.0626687088390943392024468039381
0.0570785007328520194169740875623
0.0514805599302979102760424723328
0.0458748755021204310255988900735
0.0402614365146208921797388313735
0.0346402320195746959985427793072
0.0290112510275957989624995292388
0.0233744825541317008399389010265
0.0177299155917303892515679564212
0.0120775391128615603580920279114
0.00641734206472562972861650720802
0.000749313386619370890191771383826
-0.00492655799124131540261961603733
-0.010610283162691851177594770661
-0.0163018732728524400055203358306
-0.0220013394327603951927674330591
-0.0277086928048892837395111854448
-0.0334239445372173302195584199126
-0.0391471058364736973489428351058
-0.0448781879163065375304420001612
-0.0506172019823823635120696451395
-0.0563641592842742261693089744767
-0.0621190710756313324569788392182
-0.0678819486424047102701706535299
-0.0736528032798530046809659665996
-0.0794316463015605350728165490182
-0.0852184890395457084188990393159
-0.0910133428406037503499703689158
-0.0968162190759307150766943550479
-0.102627129141967698977566669782
-0.108446084433573688987628713676
-0.114273096381021704859293208756
-0.120108176415556683336305354715
-0.125951336018269688388215854502
-0.131802586652678521694781466067
-0.137661939822207923800334583575
-0.143529407046075418996622374834
-0.149404999858491704944896127927
-0.155288729812077419545346401719
-0.161180608484888049369843088243
-0.167080647459691644662882481498
-0.17298885834902366642751303516
-0.17890525278309837853285557685
-0.184829842416361439516592213295
-0.190762638906120024495649545315
-0.196703653947313067407165476652
-0.202652899234798983263416971567
6.15804511619395280896909448276e-10
0.30718711075656973674696814669
0.241907007062838991240383279546
0.21478962324945857775837509962
0.173772237212096197778166128955
0.129193554577839320174348358705
0.10162181967593014730866229911
0.0549032033137716868331779096479
0.0385091441690805710851286391971
0.00361307910239232633192729693405
-0.0209101640036518585108460399624
-0.0413946895293771169321850322831
-0.0567833105372442109581854197131
-0.0797226372881226913458263538814
-0.0977907944046852439790029620781
-0.110391636240780563471552966348
-0.123674379281523375007090237432
-0.122922195721607244167650208055
-0.123915155713292368666600395954
-0.144929149609946406052074507897
-0.147939608840974706760462709099
-0.153171230366028227054542298902
-0.144132985178890726807310329605
-0.142049139161257165220320075605
-0.141204654392837247733893946133
-0.128861806735605405327405037497
-0.124643691424596428363180677934
-0.117228301256002850894155642436
-0.112896902857569772504753302655
-0.10507795919851724286697702837
-0.101731504919456663960097841937
-0.0856174121527731729619503653339
-0.0674649657243761441405283107997
-0.067732943723710595240738996381
-0.0508557965776055276307943131542
-0.0345850217927803696427169199978
-0.0267923535069701304611733405636
-0.0110235307604742184539592386727
0.00358878226585230110726176810942
0.0183862614667366849885432600331
0.0347476248978620741447720376982
0.038439283835119221477416573407
0.0627230497747549159415214603541
0.0673122312610409528899069186991
0.0836142871268022724873247852884
0.0766704391134203078195241687354
0.0995936036805027541385371137039
0.113862124820105922728963321333
0.123281724789087415716792861531
0.110392480816234692109212289779
0.120998221063451372181418719265
0.13558101443524422924369332577
0.13405304867186546013968495572
0.140538547483707282337306310183
0.13424460105396751607997885003
0.139473140893374397686343968417
0.125377416476851410997994662466
0.118062630832924356227842110911
0.111269858917500116812782096076
0.108524870339766016380522728468
0.0994550440497550536367299400808
0.0738245947287379522538941500898
0.0747915986765871620978174405536
0.0411855913798203979170331479054
0.0115991066947817127175124340965
-0.00834361782083012544497524487497
-0.0348092445091765304021613758323
-0.067106561570730541288476445061
-0.0996201486406197156409092485774
-0.138565913505629412227904140309
-0.16700063154087871342134974384
-0.213425166958285283946850086068
-0.252731325593698485931781760883
