3
136.26192939916191448901372496
0.114255330007443825501844969494
0.114353445188986893588101168007
0.114451669937869038307098890073
0.114550004447639547366932788464
0.114648448912260225718284800678
0.114747003526108296012075982162
0.114845668483975468787683382743
0.114944443981086746875419635217
0.115043330213101438475042925802
0.115142327376054676157934864023
0.115241435666433716944467846588
0.115340655281181980740257131401
0.115439986417581588740155495998
0.115539429273445209966908464594
0.115638984046924228610286888852
0.115738650936637446631216619153
0.115838430141645451487697471293
0.115938321861410995050611916213
0.11603832629582869206963380293
0.116138443645261921211009337185
0.116238674110435508124439252242
0.116339017892610974147515889854
0.11643947519339233054314064475
0.116540046214866424567624392239
0.116640731159545471551375328545
0.116741530230377588139845101978
0.116842443630737272131092652216
0.11694347156450383973247397762
0.117044614235899943621710406205
0.117145871849686000754076076191
0.117247244610989037605364160299
0.117348732725431531553894615172
0.117450336399053875680031922002
0.117552055838355123951188829778
0.117653891250295197790087797785
0.117755842842267907655262604294
0.117857910822108086223991563202
0.117960095398096986851754763848
0.118062396779025302606669356464
0.118164815174075316095425591811
0.118267350792904166190133707914
0.118370003845613372406297969519
0.118472774542818667931065590437
0.118575663095496691701313807243
0.118678669715162762865467982465
0.118781794613771404800495190557
0.118885038003706630660438747782
0.118988400097866001137170144375
0.119091881109576844255393268668
0.119195481252653764925319990198
0.119299200741340066800333374886
0.119403039790377626938600030826
0.119506998614963194649263300562
0.119611077430798379284127008759
0.119715276454008312523313861675
0.119819595901189568376565830476
0.119924035989454752515470659091
0.120028596936370482439748741399
0.120133278959936681817843862063
0.120238082278704444538774964713
0.120343007111646083107103777365
0.120448053678227584573079411712
0.120553222198392276376388565495
0.120658512892584890430214272783
0.120763925981720976476907480901
0.120869461687195742238820628245
0.120975120230864333081832739936
0.121080901835121768073122439091
0.12118680672281265109369030597
0.121292835117271902145574813403
0.1213989872423288929326190555
0.121505263322313858398437957931
0.0242221171810152596792775625545
0.199990724662599261840512099297
0.194605041860183264335049102556
0.189211496752569818813327628959
0.183810078072146249050788924251
0.178400774551810997747836040617
0.172983574881258705957520760421
0.167558467747923572899182431684
0.162125441835579420235546876938
0.156684485772514148216316698381
0.151235588193647879640124642719
0.145778737725806989411481140451
0.140313922955295655725649339729
0.134841132453440759597640408174
0.129360354777043773388811587211
0.123871578482656008457496454866
0.118374792072626550121228206081
0.112869984065497266922939445521
0.107357142932582722005818709476
0.101836257149631764784558640713
0.0963073151541985750245800090852
0.0907703053893332417745298812406
0.0852252162599123064268269445165
0.0796720361611192584572194164139
0.0741107534607224893719035208051
0.0685413565157328985577578350785
0.0629638336630971018337277200771
0.0573781732210851200259860149799
0.0517843634941189678855266720348
0.0461823927515570484270135409588
0.0405722492667121431564325462205
0.0349539212691206691019374375173
0.0293273969950573615284028505812
0.0236926646391519973855466218993
0.0180497123925714465786374063327
0.0123985284212159759670290881672
0.00673910087938504875904044411072
0.0010714178895886636560391691475
-0.00460453243881867122638817946267
-0.0102887620133551727780174545046
-0.0159812827623991744740994391805
-0.0216821066371904805358816759053
-0.0273912455977419165564779035549
-0.0331087116313411936041610772463
-0.0388345167472402066910497353547
-0.0445686729697668052030401497632
-0.0503111923367412575136548014143
-0.0560620869179356828837512694008
-0.0618213687934862574091532394505
-0.0675890500665864146778716303743
-0.0733651428569436492299615792945
-0.07914965930806876215353184989
-0.0849426115811324211612998169585
-0.0907440118535438877689358605494
-0.0965538723233652779187607961831
-0.102372205221948744946480758244
-0.108199022775516046079857801487
-0.114034337243664546379662283471
-0.119878160914132753100957984316
-0.125730506077575548973257468788
-0.13159138506443746052809729008
-0.137460810194915378223967650229
-0.14333879384072195639632241182
-0.149225348376355038126916952024
-0.15512048620318596992007087465
-0.161024219732775975000294010897
-0.166936561402728445013821101384
-0.172857523687799080613913815796
-0.178787119048929576958784082308
-0.184725359990749876670790285971
-0.190672259031949592467114484862
-0.1966278287079719355734397368
-0.202592081588527872515470562576
2.35434004136057755523529268591e-11
0.307145424088138552232152278521
0.256424699524113397508529033075
0.210429185883364650022642194926
0.167916308425979959872975655344
0.131623957545350306341802593124
0.0976816900374054969402592973893
0.0618501691111506962661437114548
0.0344063173032388702754502673997
0.00360537173317925689966512159401
-0.0179205045471400314927024055578
-0.0445955990317339137640750834635
-0.0635945316362861029491071462871
-0.0813983029503681648764157330334
-0.0980453314495738498246524272872
-0.113415931642571174431388669746
-0.120763936202741339887012372856
-0.130914619783904784267036802703
-0.137676545592593208011678029834
-0.138067494671115092996771522849
-0.141560931614980733961317582725
-0.14364499865846602766339401569
-0.140582004466462656688818810835
-0.144766780724850580019946733046
-0.135383914718434750223963192184
-0.132921261491285552791552504459
-0.128825582878723587931801830564
-0.123488402593621413028124322864
-0.113821860056434326358143493962
-0.101771352870532350021193224165
-0.0923434065581941881939442851035
-0.082562997419226402673331222104
-0.0722484174317127025855000965748
-0.0596588302505579037848804091482
-0.0481576445269889727440748572462
-0.0323287493255426799931839809688
-0.0246732853318299139022684585143
-0.00939527667518348132136285499882
0.00643722154937396203594479615617
0.0141897877520417159402654760925
0.0271612052953830139523372366739
0.0442378744690260922167723833809
0.0543818959209860161574390247097
0.0639597921465710622657141470881
0.0762715370923360974630966779841
0.0909542149258641963172067335108
0.0981042851467303494983340783619
0.109620243616356694005276040116
0.111294373852904054933432576036
0.116399336079450882452945847945
0.126928605524897486489521725161
0.130814152662358101908424146131
0.134218705828922396650071391377
0.134476740978848818830471145702
0.133578423321653649846751932273
0.130783203060235747594575173025
0.132655561791825499229346974062
0.123347896939409271133136769549
0.116621995165429995222616810224
0.104262761284109647941242826619
0.0932717796782837477165273298851
0.0777389532587652726247640089241
0.0635446017407027829992927081548
0.0409235413780029352870393211106
0.0176233358402949139009940893175
-0.00847924644935191436367905026827
-0.0284150568675900945525558682903
-0.0574434386402919716640980141165
-0.0942181126136622942857101747904
-0.1316069584390362756654013765
-0.172272270212259881461136501457
-0.212423509685868455720836323053
-0.265451058036559273123344837586
