2
12.9452113456889570386465493357
0.115336203734003731047330632009
0.115405334845698565038318861298
0.115474526798744620004200100993
0.115543779665440826676103824866
0.115613093518234275047795733826
0.115682468429633394935152068683
0.115751904472298869364088602651
0.115821401718985930728855748839
0.115890960242525514756195548216
0.115960580115938335921121904448
0.116030261412235935480907755846
0.116100004204661363949036001486
0.116169808566483720446704808182
0.116239674571092771460101289449
0.116309602292044039772989094672
0.116379591802923870735853029146
0.116449643177448769471027389955
0.116519756489530307286273114187
0.116589931813062985810347527149
0.116660169222137094502400600504
0.11673046879092567607028030352
0.116800830593698418136128225342
0.11687125470487508271943966065
0.116941741198943224833151077746
0.117012290150543263322902021173
0.117082901634395122880683004496
0.11715357572532503205309240002
0.117224312498337798760239536477
0.117295112028454301400515191744
0.117365974390879604372095457165
0.117436899660885524232512011622
0.117507887913913755539851990761
0.11757893922545441245386399487
0.117650053671153081991107569593
0.117721231326719855125872982171
0.117792472268059181250698941312
0.117863776571135017712244064114
0.117935144312041578773531114166
0.118006575566960439371833047062
0.118078070412229660379743734211
0.118149628924264088469797684411
0.118221251179610492565430490686
0.118292937254945926262017508179
0.118364687227029682925483200506
0.11843650117278010924781739277
0.118508379169168884259555341032
0.118580321293345281041808902955
0.118652327622556480468674067197
0.118724398234134234653147643712
0.118796533205583962344853432569
0.118868732614454145068982882094
0.118940996538493201639674623493
0.119013325055500746030290315502
0.119085718243440899510865449429
0.119158176180364561158597780377
0.119230698944443158637795932009
0.119303286613978112851164326003
0.119375939267394828857682398393
0.119448656983191792146925536144
0.119521439840064400139674205548
0.119594287916759661749566134858
0.119667201292157410197347644498
0.119740180045295907529379064727
0.119813224255273992335801835907
0.119886334001384514680310644508
0.119959509362940641707950817363
0.120032750419469425029461717713
0.12010605725057071913042250344
0.120179429935977424848125849621
0.120252868555525568861064300563
0.120326373189207663783051316386
0.120399943917131005410858790583
9.60618019820388708424063750613e-05
0.199971274674812321547889837348
0.194535136406567998879069136819
0.189092500880303826527040200745
0.183643359756776231028752022212
0.178187704239687216833942784433
0.172725525674673613396592486424
0.167256815979270029304259992387
0.161781566333534493340451376753
0.156299767998306554650511657201
0.150811412764693508758995221797
0.145316491383609469600912689202
0.139814995879443931814378743184
0.134306917428029748418083499928
0.128792247133794307556442504392
0.123270976561944051175245817831
0.117743096868362734364055199876
0.112208599368424602471527862235
0.106667475612617343450061468957
0.101119716758760302965924893215
0.09556531378535391973993995407
0.0900042583224397452212883763423
0.0844365414307079453770654708933
0.0788621542359384253284559918029
0.0732810884430213360651862330997
0.0676933345677145359431392535043
0.0620988842262837487107063338954
0.0564977285744557786162367563065
0.0508898584874519915866031283258
0.0452752653955284245501644591059
0.0396539401581753048198208944086
0.0340258742938142136336132637098
0.0283910586672952575115758122593
0.0227494842522829310293985827229
0.0171011422450134328854254306407
0.0114460239550736031510780321696
0.00578411973582935220322687186467
0.000115421449170621546261202017281
-0.00556008053224751799120673112498
-0.0112423947130358518886605878606
-0.0169315303594655477970043477853
-0.0226274966158382835612616901244
-0.028330302370706304110337114821
-0.0340399566079651882954948405313
-0.0397564682006672498459920461755
-0.0454798468905337760492813004021
-0.0512101010926025931868643681355
-0.0569472404270643314805333545792
-0.0626912735789178082734807162524
-0.0684422097275056567911022398221
-0.0742000582796934204932171041946
-0.0799648284209985987791569073124
-0.085736529142297526751015368518
-0.0915151696856275065350416753063
-0.0973007593436682333143394885155
-0.103093307139905845937200012941
-0.108892822508291950422965044254
-0.114699314586891060185891433321
-0.120512792552712480476095890936
-0.126333265830974095234040532887
-0.132160743778982459062376619841
-0.137995235561542195501516516742
-0.143836750709824878757814303754
-0.149685298090056873032693829373
-0.155540887638676239568269465963
-0.161403528208742125249486321081
-0.167273229600320233467769526214
-0.173150001135473990965252255592
-0.179033851834660889812411710409
-0.184924791471546917653867581066
-0.190822829618484512970155719813
-0.196727975217151240805435463699
-0.20264023819700660578035922299
