3
65.0860755147623706307058455423
0.114085066042670615904519593187
0.114187716679297140975890556547
0.114290485394851926148618304069
0.114393372406137339147846887499
0.114496377930512940879204109024
0.114599502185812524013286406444
0.114702745390306823369819255731
0.114806107762808043415425629519
0.114909589522560487417912611363
0.115013190889337521549684595357
0.115116912083402828104183868163
0.115220753325457753168947760969
0.115324714836761252345631589833
0.115428796839025044063120617466
0.115532999554439602674094089707
0.115637323205754677379886175004
0.115741768016145968323016290924
0.115846334209334114739853305309
0.115951022009516013788754662528
0.116055831641382653507399425052
0.116160763330153543604339461126
0.116265817301510268610975629144
0.116370993781670775679693008442
0.116476292997336583479039973099
0.116581715175737329892591276348
0.116687260544633353287480304061
0.116792929332193803904083040379
0.116898721767193208842527951674
0.117004638078883727025925054477
0.117110678497032424938417705107
0.117216843251928548585993894449
0.11732313257436347009310395606
0.117429546695626205177198642104
0.11753608584758795663205432902
0.117642750262550790929516608685
0.117749540173415684352065113671
0.117856455813546145972026124582
0.117963497416887497237780735304
0.118070665217837683647061908232
0.118177959451385844458215501618
0.118285380352988953034376606865
0.118392928158708679586830214703
0.11850060310502776028673821429
0.118608405429080104864780764728
0.118716335368437134190067183681
0.118824393161230279503115525586
0.118932579046157421709395407561
0.119040893262431390908773209958
0.119149336049777024304496819695
0.119257907648499028585575842953
0.119366608299397894410454057379
0.119475438243853260278370953529
0.119584397723793547929638236837
0.119693486981643379407636018641
0.119802706260413047156809795979
0.119912055803632830452976065772
0.120021535855416375260240613443
0.120131146660390930591688629647
0.120240888463746517511587796889
0.120350761511240064716155018232
0.120460766049159909152344027916
0.120570902324354259360639218812
0.120681170584247821064849404138
0.120791571076786036220696018972
0.120902104050535003088029384344
0.121012769754527099719254579213
0.121123568438440007422052246966
0.121234500352479152018858599149
0.121345565747424277702748440788
0.121456764874616360283532401354
0.1215680979859547622412563328
0.121679565333938172200234362208
0.0136704447553442891977182327423
0.200019076855947275372926696946
0.194639223619033713275072727811
0.189251350936813139691494711769
0.183855447246719344578380628263
0.178451500978069388381186399783
0.173039500528808620760656822313
0.167619434300711439567166394227
0.162191290659232045801019239661
0.156755057952366272377986433639
0.1513107245188084204468026428
0.145858278667549190465990704979
0.140397708694088074743433480762
0.134929002878789644492840693601
0.129452149476425248941779955203
0.123967136732269569976416789814
0.118473952862565262700300650067
0.112972586073512404336582903852
0.107463024547724453339192507428
0.101945256443486148567600935166
0.0964192699121796531480654834922
0.0908850530775856119136690836058
0.0853425940506603447621714053639
0.0797918809193580713667870440986
0.0742329017500772542215159432999
0.0686656445980872859324861678942
0.0630900974882356302408936699067
0.0575062484455824349249830618191
0.0519140854428812095755496613947
0.0463135964702227551081925582821
0.040704769480825762906217590853
0.0350875924007203188192960396918
0.0294620531514584588217431360135
0.0238281396385218273425987689507
0.0181858397259120202482662875809
0.0125351412796401908561483296012
0.00687603212813715693879634827113
0.0012085001040464907629684576662
-0.00446746700699861797045908673454
-0.0101518814120885141061290113385
-0.0158447553557741517560319977065
-0.0215461011010478521721100975128
-0.0272559309183111331265081389574
-0.0329742571173273837925599138998
-0.0387010920103341843345745587612
-0.0444364479351285063257748220167
-0.0501803372497070659941087455991
-0.0559327723364237278103061612455
-0.0616937655854380845310558356687
-0.0674633294195877419863194290883
-0.0732414762780791012142245222094
-0.0790282186094767857831300261751
-0.0848235689012168669886904126543
-0.0906275396425892110219280084493
-0.0964401433639043431655935023628
-0.102261392590638891531007459434
-0.10809129987878007828072668417
-0.113929877821960442996207518718
-0.119777139008749908266615591401
-0.125633096049817843953277929359
-0.131497761596253343041595940122
-0.137371148307756235640297859391
-0.143253268851734089084359879962
-0.149144135942974626063417531441
-0.155043762295879794521624717163
-0.160952160646718633874030501829
-0.166869343762910987694070286125
-0.172795324427391122634745102005
-0.178730115436520287097721393366
-0.184673729617499199351371430566
-0.19062617982306331865238746559
-0.196587478903080731251762358625
-0.202557639749087275982120104345
1.61511380369753205688779579336e-11
0.303190317863922031982326643629
0.258634320092791580858460065429
0.210529381256847974990265015549
0.173842352833348035012761556573
0.13266540788467945377604451096
0.0966521311903465740744678669216
0.060889061061532523400074978781
0.0317228074949105140478700093354
0.00329504369095181409710093589638
-0.0223693254071737762656013615015
-0.0456862168597175974382729179979
-0.0629071707398123347587670650682
-0.0815669294432330022059929319767
-0.0943168801850749194404244235557
-0.108569680022621850579156443928
-0.121982403866211577825318101986
-0.127518199796811698698562054233
-0.131070122685046058785829359294
-0.14648405255582666595337570925
-0.143847210342834846974469087399
-0.144292940425551630134748393175
-0.14492197470812492876568455813
-0.142655940771990924487155893985
-0.13435694635733680390998756593
-0.132714195418225905376274909031
-0.128300554452600079624602358308
-0.121297691216260911106772368839
-0.113646486472593954974996677265
-0.104033181108160260874839764256
-0.0924579465239669523457521904675
-0.0856473634247101878180785661243
-0.0722609152827512202232895788256
-0.0623679531965312949903790240569
-0.0472921904260088440952181088051
-0.0343995062962137859718936283571
-0.021405314408487075700238122522
-0.00983142712182947034471602876238
0.00770264656098934834965730189538
0.0184089901007477990679817025921
0.0290668094807197512075003231757
0.0400280525414666715766642823837
0.0549399070242741066616432021874
0.0678815855574812082595670403862
0.0764847465236488249784585491398
0.0867496903954770304245869283477
0.0946289310013437023894056210338
0.10586030406131723136109457073
0.117194173728837933157187478628
0.118022731780189307770889683979
0.126804784297123968039855412826
0.129608436938753956990666438287
0.134043959747992658115833819465
0.134809370245958820566656299889
0.135764242509212734733026195499
0.13532158658512472015900129918
0.127637398187816608619016278681
0.122451547775023469877275772433
0.114385244218285053729999845018
0.104575970483433214330837301986
0.0924461243285906314470778966097
0.078911510635690601533909216414
0.0627346813846494377742146753008
0.0434642007537655444826540929171
0.0208870134055300915587594090539
-0.00521212034108934230830501022069
-0.0321709559305088516056869707427
-0.0627470974098953832021052789969
-0.0969439592643742686917107675981
-0.130879943054029390658854481444
-0.168535442313396427449490033723
-0.214310260634783894539978632565
-0.263185713590964154295903654202
