3
1387.79567661309806680947076529
0.113860224050979438881192606914
0.113968852623098346188434959458
0.114077610817057417680331354859
0.114186498881782241832105739832
0.114295517066836688213626871402
0.114404665622264992141943196202
0.114513944798714309425413659937
0.114623354847465316885823938264
0.11473289602030843636892853965
0.114842568569655342769486594534
0.11495237274846079045254043649
0.115062308810313804197100751026
0.115172377009329626740274932217
0.115282577600256896932506833764
0.115392910838390760908112042671
0.115503376979676011804265556293
0.115613976280570462940033849009
0.115724708998174150020865624811
0.115835575390164452480590284722
0.115946575714824695602089832391
0.116057710231029120873103011036
0.116168979198217892090383429604
0.116280382876495794186588739194
0.116391921526511024631567181586
0.116503595409522889281284108165
0.116615404787420814947118685723
0.116727349922699383255597638254
0.11683943107840451258727654249
0.116951648518277953603394792026
0.11706400250660328743457228029
0.117176493308283197203323311442
0.117289121188850986587937086369
0.11740188641447418804730773445
0.117514789251897899813315007123
0.117627829968494759804720217744
0.117741008832280627527389071929
0.117854326111849802560804789664
0.117967782076465868557058058741
0.118081376995958928222130168706
0.118195111140869585364399085847
0.118308984782267506696840086988
0.118422998191923589672569505638
0.118537151642233842818718869694
0.118651445406165470530801542282
0.118765879757385964254901011827
0.118880454970187704466511036117
0.118995171319452572311625715429
0.119110029080754104002792814754
0.119225028530302409879304548213
0.119340169944891466569103499751
0.119455453602052188988302816597
0.119570879779857905389484074021
0.119686448757130775577550707567
0.119802160813263225414004864433
0.119918016228313564774943245084
0.120034015283050077282922529776
0.120150158258811562417278651083
0.12026644543764837547161761222
0.120382877102227558996361267418
0.120499453535921327573809946898
0.120616175022720581444524157178
0.120733041847284214287405745836
0.120850054294978415114769632055
0.12096721265178125848116508223
0.121084517204353273034378446482
0.12120196824003427737981297696
0.12131956604684526745963069061
0.121437310913445700721879916273
0.121555203129191782829288115408
0.121673242984108323505587634372
0.121791430768887265490008076085
0.121909766774938629896318786905
0.351251645403274359580336749787
0.200061454449646736186707585148
0.194688879421964139426748374717
0.189308088963084680811377324972
0.183919071159310332230774065465
0.178521814072772511128306405226
0.173116305747683024707228582884
0.167702534208255343850524354821
0.162280487468048767452089009566
0.156850153509221795777861530041
0.151411520298301099929361157592
0.145964575789238631964295223042
0.140509307909926911550613226609
0.135045704573138497517348355359
0.12957375367334569848942749104
0.124093443076567958027744964511
0.118604760640094272772238070957
0.113107694200267089312816892743
0.107602231565320213824143991133
0.102088360535483174684756590977
0.0965660688889315166338889184772
0.0910353443813746859847313430691
0.0854961747467573723868738966303
0.0799485477009280742777264094912
0.074392450950691593747343688392
0.0688278721643696272947110514906
0.0632547990120594511020968297998
0.0576732191229510152141735090936
0.0520831201259373544054653848434
0.0464844896134946478083449505903
0.0408773151711905591287887773433
0.0352615843504998707769182431093
0.0296372847095909622283649298424
0.0240044037525778651553931553053
0.0183629289837732509460543894875
0.0127128478937806998344539621826
0.0070541479311874008203964159236
0.00138681654549305775903089710255
-0.00428915884824562342741982590155
-0.00997379084148273219179170467896
-0.015667092059232695655524025824
-0.0213690751370767088868074523589
-0.0270797527373739417566600451437
-0.0327991375407609836445388395987
-0.0385272422467034456050605228938
-0.0442640795664202349457561069812
-0.0500096622491111517105899508806
-0.0557640030561127111874419881588
-0.0615271147633080911498737464171
-0.0672990101758500630646508966493
-0.0730797021118844841724992988929
-0.0788692034205322328732634673543
-0.0846675269594989038379750923013
-0.0904746856104793190089807808363
-0.0962906922885066463013714610497
-0.102115559906019823244172073373
-0.107949301411324194432950207556
-0.113791929772633512718549297915
-0.119643457975550024374733482091
-0.125503899035000171524600887096
-0.131373265967630409312150163714
-0.137251571827695789673740023318
-0.143138829688705143672322606108
-0.14903505263541816372452331052
-0.154940253787986315092695122075
-0.160854446274022483409638084595
-0.16677764324653063243708572827
-0.172709857884180612019875411534
-0.178651103382955783738239574632
-0.184601392957419424556420040062
-0.190560739852587035514375202183
-0.196529157319715708229779238536
-0.202506658649195009358479069306
5.11517938375721402876850759728e-10
0.308185189840796902593922368396
0.259078373584475940560878370889
0.212900790886604351914712651705
0.169463393299633974242723866155
0.13056820844666153225155369455
0.0930835048866925085508938764178
0.0618075286374359655905408317267
0.0325255102398914128225548836326
0.00153063408395609024462147296219
-0.023527768587886598028457996179
-0.0453989626167482715479728483388
-0.0644096386479665328206323238192
-0.0821543338945023432495773363371
-0.0956472464939791128246682205827
-0.108891360817943205763214109538
-0.120735571338347114078715094365
-0.129093132296947021853128489965
-0.134657765621643971121201843744
-0.139194206968193040507841828912
-0.141130472722972494237225760116
-0.143482099236717230983373383424
-0.14217267063678762362144425424
-0.141265984677768130506336774488
-0.137757575279219585118184454586
-0.132573386088230604773485765691
-0.124999247865701601512000706862
-0.120203599765751970029903361592
-0.112897731212329613392775229386
-0.101618284375495346316675693288
-0.0911762894930620432232259986449
-0.0831551491844926965457673873061
-0.0723492915183254620137276447167
-0.06145469484008177218914426021
-0.0462380789652290374869281208703
-0.0343360608537800413020413259346
-0.0239504142115539685187197704863
-0.0120915022085442136479116470582
0.00251694115340262824370709537902
0.0156577300706327200707779212507
0.0266946633110948759737279800675
0.0402056984086137797484994393926
0.0525522678376793422883039852422
0.0647957746311984134068850949006
0.0767709489241216319621585739696
0.0864177902577683704210542714463
0.097609030376940547624187161091
0.105288749058641592504237394223
0.113882826857025762357089604393
0.119798101958449088044744712533
0.12542973838726334534499073925
0.129896143802509994591432018751
0.134849387056400898954322542522
0.134302572605023790019984630817
0.134617501335227068848254816658
0.13227040746758328415566552394
0.128767042803454800914408906465
0.123972095705748894256537084857
0.115004175334058378332713346026
0.106448273039890919933192492408
0.0943607733905545420505234233133
0.0814739911254348664337854302175
0.0615497655422314951523254933363
0.0439959874032934891707746771772
0.0213393067057335225622516361454
-0.00129090038104869584204004162586
-0.0298664562031982945555785846636
-0.0601868081437058610738688457786
-0.0956202272962375782183741534936
-0.131997098519053474019457894428
-0.172733629648569531056523373991
-0.217291742757961453547110863838
-0.264009343595023704409641140956
