2
135.915657242580948604881996289
0.115166295089373607596350268523
0.115240006879673381745554650024
0.115313786476170770933791231982
0.115387633966017186248897985479
0.115461549436472230012462603099
0.115535532974995205912627227463
0.115609584669108353405242439749
0.115683704606563297900834186294
0.115757892875152396117144348864
0.115832149562893560457155217591
0.115906474757911673312271716441
0.115980868548458515565613424769
0.116055331022985708244732450112
0.116129862270029679538474454148
0.116204462378292558422110403171
0.116279131436616556261043342602
0.116353869534023046661275202496
0.11642867675961196538558795055
0.116503553202675469435689592501
0.116578498952648740294435469877
0.116653514099071445309085959252
0.116728598731690988432596611801
0.116803752940348518074564765357
0.116878976815056989657648500724
0.116954270445968067093645004206
0.117029633923379144944121321714
0.117105067337739093824566793955
0.11718057077964398604574824958
0.117256144339841078538810847931
0.117331788109195964131536982222
0.117407502178762238043141508115
0.117483286639729733735748595791
0.117559141583432461009017799825
0.117635067101352699947547364445
0.117711063285101918962638478661
0.117787130226480699080049419081
0.117863268017418823530029214908
0.117939476749985922010566241624
0.118015756516451436608505787262
0.118092107409136781726033404993
0.118168529520629977946910571518
0.118245022943591113206984744011
0.118321587770840577769071444436
0.118398224095400711464165510733
0.118474932010401406978772342882
0.118551711609121881996209424415
0.118628562985006916208341465335
0.118705486231671264452103287113
0.118782481442866919008061188379
0.118859548712477669507592281661
0.118936688134578708031519056476
0.119013899803375580721542803531
0.119091183813242518230168798254
0.119168540258699467981884367873
0.119245969234409124326568019114
0.119323470835251715937985750315
0.119401045156156487836440760475
0.119478692292303900757133305888
0.119556412338987658183775408816
0.119634205391658129946641508923
0.119712071545938436578637720231
0.11979001089759010179047749034
0.119868023542562388006338380819
0.11994610957692562747123332656
0.120024269096929772637771804966
0.120102502198988783654876044693
0.120180808979644851430812479975
0.120259189535642796453629443931
0.12033764396382026773402174058
0.12041617236127753753915925472
0.120494774825187389577507701688
0.120573451452914190418219675394
0.00344036659652579646442860372701
0.199940298912234304395951767219
0.194514925839279845254381484665
0.189082763689808891482968533637
0.183643803276350048303555695384
0.178198035548068262068355238625
0.172745451255296694759167053235
0.167286041293022241793764237627
0.161819796431309531614672891919
0.156346707480955138258593706269
0.150866765262077179299282647662
0.145379960518387668644280097396
0.139886283953642859279042909293
0.13438572640252338663557907239
0.128878278547405966669714416639
0.123363931062998657961493620405
0.117842674717303655396172246128
0.11231450012368127122641681126
0.106779397971714276605048610236
0.101237358967729854097861164064
0.0956883736888710784151967914113
0.090132432781978244484832885064
0.0845695268512899195334497903787
0.0789996465392373420355554003436
0.0734227823239318455605939561792
0.0678389248204148559429071951854
0.0622480646026757691857689280823
0.0566501922062781909650297507142
0.0510452981000480490725301763177
0.045433372811214678410607348269
0.0398144069224100546899869357276
0.0341883907530675726360591681896
0.0285553148863840859650320425089
0.0229151697141401419766104652354
0.0172679456601412713301346713024
0.0116136331533349314998337931115
0.00595222257991535799032112308282
0.000283704371323583717443006513292
-0.00539193115504160366824315531176
-0.0110746936000109836434335264244
-0.0167645926573777789836405816004
-0.0224616380034601895165913276742
-0.0281658392898248913227554623973
-0.0338772062614348043463330384384
-0.0395957486023622018400658362225
-0.0453214761191597786949003534573
-0.051054398483114896145629302282
-0.0567945255505956300701164707334
-0.0625418670097345197333993382927
-0.068296432719210251049979376603
-0.0740582324561645105598373106659
-0.0798272760651888430016853703819
-0.0856035733972736051500262988156
-0.0913871343419172671440620092653
-0.0971779686707785472776777169202
-0.102976086411559392130854462266
-0.108781497407188565418323378253
-0.114594211501692536114838105732
-0.12041423879453221068569490626
-0.126241589161980416466946053333
-0.132076272527316324056911867046
-0.137918298937092981271135272436
-0.143767678404345955467391604543
-0.149624420879871156131457610172
-0.155488536442515645763506881849
-0.161360035160098058693023403976
-0.167238927035788492725387754945
-0.173125222204801004766139271851
-0.179018930744069659777295555614
-0.184920062800167622762970154326
-0.1908286284724824144465316067
-0.196744637911985348344146018462
-0.20266810127149015308134494262
