3
426.272487493152766546700149775
0.114949648336005655346880871548
0.115029186379195361156213550657
0.115108801524659840054276571664
0.115188493881420439546303668976
0.115268263558670397417316166866
0.115348110665780656525214453723
0.115428035312361967901217951749
0.115508037608202968060666648853
0.115588117663236705778828650182
0.115668275587695698614076889044
0.115748511491894842673211485362
0.115828825486432931968217019403
0.115909217682060833309876102248
0.115989688189726339317964232123
0.116070237120613831138804528109
0.116150864586052490756706845332
0.116231570697596861552192137879
0.116312355567000896838791845767
0.116393219306236250787378594396
0.116474162027427344257013430706
0.116555183842935089488790367795
0.116636284865303183067020142971
0.116717465207316670183779194758
0.116798724981893850549674596095
0.116880064302205974313686454025
0.116961483281606978823496945097
0.11704298203365294528399687124
0.117124560672104208181032447555
0.117206219310939621647271735583
0.117287958064329747576159945766
0.117369777046655326957491638495
0.117451676372467367359675449734
0.117533656156598123598833183223
0.11761571651400834492839919676
0.117697857559893787060545378154
0.117780079409666962875213869211
0.117862382178928956633079394578
0.11794476598352257590285319111
0.118027230939445212931637740894
0.118109777162946974482515827276
0.118192404770474310260475192536
0.118275113878669194122927876833
0.118357904604390537506297675918
0.118440777064716007416222964821
0.118523731376936364290131109556
0.118606767658535061649160979869
0.118689886027228935772015461225
0.118773086600906116472309292931
0.118856369497706435001127545092
0.118939734835992905193080559911
0.119023182734304316943152457497
0.119106713311419004641678043299
0.119190326686299377656474973719
0.119274022978165999964161869684
0.119357802306380558765575017333
0.119441664790659082817647629327
0.119525610550753128014100923338
0.11960963970677553069865695079
0.119693752378989812235055012479
0.119777948687886354184328752126
0.119862228754184410584038289471
0.119946592698803450316447083424
0.120031040642887554259488069874
0.120115572707814283193172855135
0.120200189015175401552326661658
0.120284889686767162975122857915
0.120369674844622992493370361444
0.120454544610974323415319986452
0.12053949910829760139296951138
0.120624538459313382365856170964
0.120709662786880098095387836565
0.120794872214196727377988338503
0.0237859125647445525386647346977
0.199928479265919750718083491847
0.194514533309107590097752904512
0.189093488747764604251955233849
0.183665335847320948525762673853
0.178230064846374214315716244528
0.172787665877850327156295406894
0.167338129187436485123541274334
0.16188144494950454377324433608
0.156417603329175008974871730061
0.150946594428272795607171019583
0.145468408428573114932191856497
0.139983035393883015196081487375
0.13449046545720655387867736863
0.128990688716488111076330369542
0.123483695167912951862199122388
0.117969474929865453249888673781
0.112448018016199136059896090956
0.106919314413342139702400857004
0.101383354158211924644916734906
0.0958401272368179929506126768501
0.0902896236095925563969188942792
0.0847318332683330704968582836045
0.0791667460579765780437355715549
0.0735943520016345137380042729092
0.0680146409543782581863524683286
0.0624276028255735040972673743909
0.0568332275006755704982452925833
0.0512315047937590972715327097831
0.0456224245956841634175304989185
0.040005976712292633246104145428
0.0343821509430550648067637098393
0.0287509371236926714043846686764
0.0231123249814223080678132760113
0.0174663043156166944425145004516
0.0118128648490426913647555196007
0.00615199630566709565471228415845
0.000483688432004331580419537184312
-0.00519206912982624578523083158643
-0.0108752866507040267529671240254
-0.0165659744714538176291185322953
-0.0222641429880727041712429326026
-0.0279698025193368428331641695195
-0.0336829634907545236166548363599
-0.0394036362857599492537374885615
-0.0451318313028466894243351248406
-0.0508675589994220522793710870246
-0.0566108298525943853807262939881
-0.0623616543081452964769617608454
-0.0681200428505307209459118666928
-0.0738860059937179181055455501337
-0.0796595542278923374190924278082
-0.0854406981195969250642008319119
-0.0912294482233522163738825838664
-0.0970258150962189508392796710723
-0.102829809328540813795349606607
-0.108641441516621251039964590746
-0.114460722316320151481505718039
-0.120287662311150414518046147805
-0.126122272197184748243614649255
-0.131964562642122890112617028535
-0.137814544343047851171490947308
-0.143672227961703147247618517213
-0.149537624281025877115425259944
-0.155410743998637190799172458355
-0.161291597904433203769514193482
-0.167180196728632379787882200617
-0.17307655130725246861445043578
-0.178980672442440258418372422966
-0.184892570954830165463889102284
-0.190812257692762166083610964051
-0.196739743518036497293977049594
-0.202675039314645227817024419892
7.07751345578410624812667609363e-12
-0.280677251228529489601726254477
-0.189562936408563448287267760861
-0.265171396861228592101156209537
-0.23355739364813138392307223512
-0.152778694098126471834220296842
-0.103038913436164378256698626046
-0.0407247187543955876942725069512
0.0577848858886702981818572766315
-0.0115396529270547342632680098973
0.11885803433999758693673243215
0.0426154250555398281252728054369
0.112802399735530856084153583652
0.106707481587482333473815288016
0.0536046594716924965084992038555
0.0847034916470101456598129630038
0.0882922109620154355047461081085
0.147444742075289791927161786589
0.119667082772723684658267018222
0.0906910930312607305170402582917
0.155275966064900960983408140237
0.0967222091635787373231636365745
0.123614440413606169189009165166
0.147795246122614826189689551938
0.124515344155243484758344152397
0.077827834754250813098508388066
0.103070359019243287801437247708
0.097984311274399354951825102944
0.101908007851595219794837987592
0.018415647988045385358146788235
0.0940704100529764358773476828901
0.0887179402094532554290395864882
0.0384655827650757092817102034132
0.0123352755679672475980224177761
-0.0219698526506101644850676990472
0.0439349058551194299182540703441
0.0766060514189567942633374286743
0.11623041016377665124448270717
0.0366964069535070519512132136697
0.0175105266011905714995666727418
-0.0219574961224084860833549726067
-0.0614635885476961102424908744979
-0.0736393922960879576677939439833
-0.0209707868931063509676526734893
-0.0451308317024905966685643932124
-0.0501104214413608875511307871875
-0.0834347013168771772795295760261
-0.139762795697648628534537351698
-0.0575133010418668669250230607304
-0.0751835496636633210387756776072
-0.129313484769332354140658480901
-0.0819037270758046775931404681614
-0.152030101144494084186575832973
-0.0991096129891287785929065989876
-0.121748868714022781545303075745
-0.162605107675232951613963905402
-0.137730603155146402727382337616
-0.118830805882662135508631706671
-0.107196336880109988065612469654
-0.0934416827988023279694118627958
-0.0776984809930775510711242759498
-0.10371431264533512162095973963
-0.140475350319330283266339165493
-0.137245328251470150027202521414
-0.0234611302112829253618819791427
-0.00500347776293804790553876316039
0.0306370477217453446305839293018
0.0545470501817070102523743457823
0.0914732518897143631608770419916
0.16060379156043633197548103908
0.198599561332720886408509386456
0.254530882436896865872455464341
0.234401659802096734575016512281
