3
448.833077674126911915664095432
0.114552372538416505354241792247
0.114642556742550805193303631313
0.114732836163594253964248537159
0.11482321095665730392720860209
0.114913681277205942388164316981
0.115004247280989790880312284571
0.115094909124069680328439346795
0.115185666962842894744944999275
0.115276520954017636100275012723
0.115367471254599479602021006031
0.115458518021936989983444732388
0.115549661413658175113106096887
0.115640901587757027879632687473
0.115732238702512410521983099443
0.115823672916553696565777897831
0.11591520438878362420087597684
0.116006833278468737824518086654
0.116098559745185236913300741435
0.116190383948821834847464629092
0.116282306049611663945064776726
0.116374326208093153978140321669
0.116466444585137079981151941865
0.116558661341937166988635965481
0.116650976640007258966491576757
0.116743390641204911051254100585
0.116835903507718427696282503803
0.116928515402047031312982028339
0.117021226487015322925699933876
0.117114036925828154944717596209
0.117206946881919155112328212454
0.117299956519175574420899010875
0.117393066001740251080853738586
0.117486275494090672277813780511
0.117579585161086033751054458207
0.117672995167875035771309910615
0.117766505679963939812182616151
0.117860116863200165004954556025
0.11795382888373039109719542239
0.118047641908092873497260200111
0.118141556103120812237783354703
0.118235571636034389464420257809
0.118329688674331162667741068617
0.118423907385904303435353313034
0.118518227938977191437963654153
0.118612650502085831272225391331
0.118707175244147478121448102684
0.118801802334402295535653593106
0.118896531942442942875182154694
0.118991364238199323621891778657
0.119086299391979233419647243863
0.119181337574395904144175517558
0.119276478956421905230911306717
0.119371723709423407933094551936
0.119467072005021490710419129755
0.119562524015302859559106707366
0.119658079912628140251129593707
0.119753739869729397549136251655
0.11984950405970369591290847211
0.119945372656003981792771639903
0.120041345832384599434661254236
0.120137423763039749569081493519
0.120233606622471261848872359224
0.120329894585562174880166708135
0.12042628782751380045468181379
0.120522786523917443957110151587
0.120619390850714908181018358846
0.1207161009842350612997208259
0.120812917101133773800647475127
0.120909839378417038879831579834
0.121006867993517133741399049995
0.121104003124181652806257147859
0.121201244948521566491272949406
0.0551762143115419601002713534399
0.199951305087748110178580418506
0.194554603402182058058400571099
0.189150336811599151243257210808
0.183738494637584043323030869033
0.178319066163457579099471672635
0.172892040669280683262698516955
0.167457407428376003899472834746
0.162015155669249677483634286546
0.156565274603960136179381379407
0.151107753471012296042630396187
0.145642581434666823492207754498
0.140169747690108120741214747795
0.134689241381251878504343721943
0.129201051640730257830114169337
0.123705167607296759313406653291
0.118201578377000376951500015821
0.112690273035492602438090159467
0.107171240660260708166262588747
0.101644470286793492386223647372
0.0961099509560374848371466782737
0.0905676716949406351853113505967
0.0850176214962738846514511692476
0.0794597893389430987021171404194
0.0738941641885356853558519674152
0.068320734977076164051723594639
0.0627394906573550542594475132319
0.0571504201292085331487236032899
0.0515535122917085558702510184048
0.0459487560047818349717729802251
0.0403361401425625376582217995747
0.0347156535434308827214877624101
0.0290872850121787519805938160289
0.0234510233607082875517679809718
0.0178068573729063921173842999224
0.0121547758353357775867875645304
0.0064947674684109803905363023091
0.000826821029565858486680418604209
-0.00484907480294130121406537270445
-0.0105329312937625790835838301973
-0.0162247597874957613650614973722
-0.021924571626885918512739337416
-0.0276323781580363539434053166133
-0.0333481907749994324619002838972
-0.0390720208730666665464248410444
-0.0448038798497445781010561915991
-0.0505437791485889922893370851398
-0.0562917302301261315844449484302
-0.0620477445518983830585746375164
-0.0678118336024790963056929626873
-0.0735840088922449092612154686321
-0.0793642819400419419206826887603
-0.0851526642938521954873110075823
-0.0909491675320718978570155854868
-0.0967538032221972182922442584641
-0.102566582951273507773315429858
-0.108387518358584580835390909215
-0.11421662107584489020961626693
-0.120053902743541177078334669659
-0.125899375059140561372572619803
-0.131753049707955677272153138802
-0.1376149383952997573565824041
-0.143485052874516572085639154466
-0.149363404874799737820367795393
-0.155250006171919807673731384057
-0.161144868546832242817146152447
-0.16704800383108570072110410365
-0.172959423830714331682401052603
-0.178879140397042668553240218898
-0.184807165390316635589229576908
-0.190743510713118930022247354827
-0.196688188246245759804864405851
-0.202641209930281562812126594508
3.57349357039916229943446731039e-11
0.313802368110786045196647364719
0.25032359332693859821361570539
0.221312073904947531621800749235
0.17449925859329296073951809376
0.127719660664761536228439808838
0.0887936321592579375083786885625
0.0608931470364973831399524328845
0.0273720912926043308255330543943
0.00314891194579357703436928161977
-0.0210517622241391290371925748559
-0.036857197282387857417695897766
-0.0701043125875502465271793539614
-0.0920495943828739254799486957381
-0.0995868762230442405858354959491
-0.102971097779366208002649329956
-0.127902453389030335006992800118
-0.116042544245516771050930060483
-0.139718581576231015706213156591
-0.14601219338933671409996861712
-0.146013034660430363054217650642
-0.144084221116645538884881716513
-0.147238757922811214218228315076
-0.141015700346343308968499741241
-0.130217098530687191981769501581
-0.133567744579630276469117688976
-0.121407703661548391216307152263
-0.124290307741566199983829221765
-0.107816351470825314007306872099
-0.100676311716757727054982751724
-0.0917836563031552699065684919333
-0.08500183785771962818866853695
-0.0696303124013853552698449789204
-0.0559656673048785566204621488851
-0.0517215417567756588490546221237
-0.0391309620953593437220341400007
-0.0159232548590786844588951254309
-0.00696358337669122223756446032894
-0.0119145511602959698616022166107
0.0178269802493530617193417953104
0.037964779618947716577359585699
0.0555542321935094673968080769555
0.0615997719266399637594311400335
0.0658790739783004231089336144578
0.0677185471705107483453289773934
0.0814089761871857886532666270796
0.10402888841461233049301426945
0.100457053302950821693784178024
0.117567159831495723909533523965
0.127099676817814838392095566633
0.122274796803116356236351691678
0.126745385845166674831929753964
0.139111478046123643315112872187
0.125644524017068215382408880032
0.137712120599954412902832245891
0.131634096017098356501406897223
0.116484054419154214876641617593
0.124976533317526117272677765868
0.112521110906488128189373298937
0.107041891377479797542449091452
0.0938324147862056590074786299738
0.0753002717155821510441882082887
0.0600762829041263032858743997622
0.044907573765392755360537080378
0.0147565735299815328773753719815
-0.00593531580345008948074170262998
-0.0218188651887937547224627365949
-0.0667158930053018683903331975671
-0.0863869953625791692219948458842
-0.136050514858448989841122056532
-0.163314021386507884914252031194
-0.215481039684498359987330218246
-0.265584333209292589028649445027
