3
16.6179558444826191987431229791
0.114806772811133800393790238559
0.11489014500802377516386343359
0.114973600670735601192440356044
0.115057139924104143147154388771
0.11514076289315922085876309211
0.11522446970316328751504642014
0.115308260479649690721792865133
0.115392135348346303036493054606
0.115476094435226966927743319502
0.115560137866519613281113265657
0.115644265768662005133826653491
0.115728478268347145796468566914
0.115812775492510899866260842828
0.115897157568292150098265835823
0.115981624623107126836885072407
0.116066176784595326276772198071
0.116150814180652969809237617937
0.116235536939366612685375912406
0.116320345189132645646878927437
0.116405239058519224815135828521
0.116490218676375142936585405096
0.116575284171831744517433548936
0.116660435674182355603178962156
0.116745673312975833946225634463
0.116830997218077922705781190871
0.116916407519481485577372836815
0.117001904347574361975325984986
0.117087487832860562275705262891
0.117173158106127384137096214545
0.117258915298453197939565484376
0.11734475954106667050513834738
0.117430690965594455854592581545
0.117516709703723368218852840528
0.117602815887576789277702005165
0.117689009649369472065849606679
0.117775291121682501582768054504
0.117861660437255613698148692947
0.117948117729151452648395093092
0.118034663130640676831362156918
0.118121296775295467340605171103
0.118208018796846309195203161835
0.118294829329395459471818696784
0.118381728507191294474942822035
0.118468716464821904876814073759
0.118555793337063911097040147524
0.118642959258980551506823530872
0.118730214365896161177182932533
0.11881755879340909209940235769
0.118904992677290918812182951569
0.118992516153671623602150475563
0.119080129358885164481129947944
0.11916783242952579124906975494
0.119255625502480200328392356823
0.119343508714847501561706621942
0.119431482204031963467727450734
0.119519546107640581289466297221
0.119607700563624283485175681108
0.119695945710115922433480761811
0.119784281685558990915296817548
0.119872708628639662586934377941
0.119961226678334587081309337009
0.120049835973858723403573378619
0.120138536654688918292599453252
0.120227328860565252366399136008
0.120316212731534671886990395251
0.120405188407855884280550640142
0.120494256030110394317667044106
0.120583415739089844231912707073
0.120672667675911601814497942087
0.120762011981919492598080978496
0.120851448798711513799020167426
0.120940978268245666327196374823
0.00130837593442064141664726850678
0.199931527625765964595316859231
0.194524214667114975219064376688
0.189109623636825679993123117129
0.183687744406463265844919874326
0.178258566867856765858491030485
0.172822080809535483236771824522
0.167378276097546824230377637832
0.161927142547895919211242699021
0.156468669950207611707426735848
0.151002848060147215614179572185
0.145529666680775604525877042761
0.140049115541213436975098716175
0.134561184361936092557243682677
0.129065862865110930757239771083
0.123563140765069079396454299058
0.118053007709031904104435284353
0.112535453405087360057024170601
0.107010467459623018204872835213
0.101478039529901822857205218043
0.095938159234692607646444173497
0.0903908161618824923522197423154
0.0848359999042023610327234450779
0.0792737000096742222554624390796
0.073703906032927521407849269508
0.0681266075325479558699726112536
0.062541794001366099453598224045
0.0569494549138708158753097166027
0.0513495798150306811957754860032
0.0457421581220545866997007067312
0.0401271792871999433138796575804
0.0345046327645045919352284613524
0.0288745079555198375098612473266
0.0232367942467314493593111279779
0.0175914810524002533653753488352
0.0119385577074468725994327300555
0.00627801356218042356377440071924
0.000609837958947970844476860197148
-0.00506597979710719185236778017156
-0.0107494504077154835741669813842
-0.0164405846026419270866636423989
-0.0221393931102158575408012097796
-0.0278458866931971214808694270459
-0.0335600761194523450337001690968
-0.0392819721845934291537538740613
-0.0450115856821574483737080640822
-0.0507489274654199518099773058566
-0.0564940083328008268992448392964
-0.0622468391971932114015153558739
-0.0680074308944502159413048048009
-0.0737757943436440910556228800488
-0.0795519404420987202852799669017
-0.085335880116021833874384583396
-0.0911276243381812928179286359409
-0.096927184041273400927352099643
-0.102734570228247806822352572453
-0.108549793908916253348806435497
-0.114372866058447708592638036862
-0.120203797769862688604725065034
-0.126042600036619156789186035894
-0.131889283991353190028661401811
-0.137743860676330209802387116724
-0.143606341204886023277254025743
-0.149476736732647719207989212009
-0.155355058367524806461901221155
-0.161241317298777053768077394125
-0.167135524682605507429400404362
-0.173037691721578207326714959891
-0.178947829627051968603979048567
-0.184865949631890930104916037635
-0.190792063007582779476933865226
-0.196726181003576472416938258903
-0.202668314904119378772051618398
4.96898135171557831475776864225e-13
0.330892685882193116064797777653
0.254069985320762969926988716907
0.217631245485848529019889951996
0.152253768587724935823501937193
0.126653499302936622949999900811
0.0768419696570250138067947887066
0.0787394052479276629341597981693
0.0391619507774938063748848549039
0.0112112804212474072990124440707
-0.0333379209474098728294144677875
-0.0635043535687424692826041905391
-0.0610338548140933398467034010082
-0.0851734350831818143312545998924
-0.125906255452501697478240316741
-0.106089949611994430189731986047
-0.109211424439182303025575038191
-0.134585025510228550871261177235
-0.149017596491522463786338903446
-0.137061315076829587367157614608
-0.137469334276806798289527478119
-0.142713572904018010101268032486
-0.126643083797282646196791233706
-0.146020084371108693765961561439
-0.129205762575680338510863975898
-0.112537659812577642282072076796
-0.128869055027744372488029966917
-0.11400371242870845078787311877
-0.120675713375226381640636930115
-0.132244126839828113340047366364
-0.101829475027139779164109256726
-0.0698105088532503942344575875723
-0.0783548910345004262500978597927
-0.0366539370220737015237943978718
-0.0442263064864674843024161532412
-0.0654705428506510839214982411249
0.018734413290591660217199176941
0.0208967154145933663167422622564
0.0086859315581426285030053335845
0.0266246447611072703520740390104
0.0434542900409712745668500133434
0.0389446822317972771165806022964
0.0636947396080367739257255266239
0.0474389843675023029079262926189
0.0573251080481961480805885855716
0.111102396982481047005286711737
0.0843484869938274928191646040432
0.117887333789752912771575665829
0.0894628199317135247570220712987
0.0856605969770695696574591693206
0.128096745712301063324645156172
0.142068623007946787106803299139
0.114370483734183348012436454155
0.120282289098294220552887168196
0.148914427944162458539167914751
0.118726786402136921805272606889
0.13289439606030950535853207839
0.127464734750980829280919692792
0.122453449395489702422601396847
0.106435457164904490046097862432
0.0892351034003181081688538256458
0.0828022182013149476986768604547
0.0547864747894334369604507628537
0.045437604013835827809764111862
0.0306230207451083265290936452629
-0.00745639635278191534317748789817
-0.0365316135034170000328579419602
-0.0631586702596154264677252854199
-0.106919455532053189750207877751
-0.157109099498584481313656624479
-0.137590170331332500852639100231
-0.209829373602778812557545506934
-0.256026438131892297711544870253
