3
11.5255664782160263115429188474
0.114250284703675819564239191095
0.114348534389607084382767254738
0.114446893892169498929689552824
0.114545363405586700378258058208
0.114643943124500699570766926172
0.114742633243971645096159761579
0.114841433959490618610388423804
0.114940345466964660703368394934
0.115039367962712982262907246422
0.115138501643486768077906390317
0.115237746706449040168251940486
0.115337103349249486816674448164
0.115436571769862467151668283805
0.11553615216678167487707185046
0.115635844738870799397467692415
0.115735649685446126411214606833
0.115835567206263770345664454453
0.115935597501501175266014342924
0.116035740771776779700630299885
0.116135997218104913830671875985
0.116236367042005420135986071273
0.116336850445363682027277718589
0.116437447630563836731276694536
0.116538158800351024368957553179
0.116638984158004652136320089539
0.11673992390717272127353965061
0.116840978251972690826754330828
0.116942147396965206995744779306
0.117043431547149578975108852319
0.117144830907957672727626174947
0.117246345685299110939148192756
0.11734797608548659664240432221
0.117449722315337679034996654082
0.11755158458205185179057394862
0.117653563093344210033208696586
0.117755658057329404275748174769
0.117857869682613358719436291722
0.117960198178215847075733790916
0.118062643753632068310821523482
0.118165206618857432374625204829
0.118267886984247880266529762139
0.118370685060693855983338096394
0.118473601059521232992111094973
0.118576635192532531259956840586
0.118679787671932032711019644466
0.118783058710458480633498368206
0.1188864485212947907921687829
0.118989957318042724465634307762
0.119093585314846470146754597863
0.119197332726252616663664696262
0.119301199767299109799623124673
0.119405186653502040639018844104
0.119509293600836105642137852101
0.119613520825765637378701455873
0.119717868545195310625572915342
0.119822336976527096807920713673
0.119926926337637199115881969647
0.120031636846853376199284468839
0.120136468723028536076391503684
0.120241422185446047987689155434
0.120346497453914277886433126241
0.120451694748663989953385566878
0.120557014290465017158915372875
0.120662456300546200305134902919
0.120768021000613151594293981361
0.120873708612861105460289934399
0.120979519359987977566994743484
0.121085453465157172336930102574
0.121191511152054023914281799534
0.12129769264482083424017133666
0.121403998168068405494324224492
0.121510427947005658633194968843
0.00205974935490813547411814710131
0.199991511615499356624425786322
0.19460600606659780864582387494
0.189212633423883253014352590071
0.183811382431658648650696363802
0.178402241786954601776571394112
0.172985200195408694856524789429
0.167560246329939044329648822895
0.162127368839166480229962985504
0.156686556378554220358978454897
0.151237797563175735415796907546
0.145781080994379003135108519018
0.140316395263428206341416171199
0.134843728923888434012567927311
0.129363070541266889090792346906
0.123874408639296759715442419747
0.118377731735696170578542307794
0.112873028311030992876240475198
0.1073602868563412193747552692
0.101839495823174600031002512424
0.0963106436469636228991930693155
0.0907737187437584747140562058121
0.0852287095279534445690927668693
0.0796756043754782011800941177171
0.0741143916504219402163755603397
0.0685450596996353272993829364168
0.0629675968478319442178658960074
0.0573819914027335620243519542782
0.0517882316650217430775704485768
0.0461863058892651931475192839116
0.040576202340456314632266554554
0.0349579092430965382432006549607
0.029331414823007780079411332963
0.0236967072644656447100164342601
0.0180537747426096073510848327714
0.0124026054217238976967729868761
0.00674318743928225931838493778514
0.0010755089173039807971810066789
-0.00460044205258699871741168152539
-0.0102846773750509701966793230099
-0.0159772090033648388185394395578
-0.0216780488898379274098626723344
-0.0273872090045228291921297625322
-0.0331047013442907073210719204326
-0.0388305379389192670269714824371
-0.0445647307979788465104320493992
-0.0503072919897920370346788843108
-0.0560582335900422223939898458411
-0.06181756768955753295058386243
-0.0675853063866267977921609144687
-0.0733614618329360146375961448939
-0.0791460461615194343920620667632
-0.0849390715527280626417905295966
-0.0907405501991175034159908818765
-0.0965504943064011272868540913805
-0.102368916091564662873558688716
-0.108195827826614188182929865434
-0.114031241765530283460705618381
-0.119875170205390582656157505426
-0.12572762544985668919927945808
-0.131588619826951885860566449082
-0.137458165683544991653164402123
-0.143336275394364165425287183098
-0.149222961338219245464031814663
-0.155118235927577119426246099465
-0.16102211159765525416709408546
-0.166934600796142473821959129054
-0.172855715975214013768734844234
-0.178785469636774996260442094353
-0.184723874287625960954883908016
-0.190670942459721937112249179336
-0.196626686697745550747029597005
-0.20259111956752157146510739949
1.99914027773383158017268685636e-12
0.308384253560723853304637032124
0.256679189005443064708344991232
0.21083094346215885961370872792
0.17169488194752510756835306438
0.128957034008258974999705515074
0.0953751025178604244780800058834
0.0627434337849059192704359588788
0.0282227066462018422177138177176
0.00445443210714899576196934560812
-0.0229946389749419374814998207057
-0.0425772308114935257861155548653
-0.0618648376324210172438888832858
-0.082926668800770625411544756389
-0.0986288251033730634098617429117
-0.107636211175212645474452699546
-0.120010648599397404256983179494
-0.131738393769273903766148237082
-0.135551514564179881316974274341
-0.13869051999742118552738645576
-0.144483699475206367468516077679
-0.145312753698577989958096168266
-0.14335148763084881728957498126
-0.140978766880886258183736003957
-0.135986983506155650891500386024
-0.131672743682495568817714115539
-0.123285741524067932184394180695
-0.119719559298408273484426445066
-0.108746278856995184924905117896
-0.0994128517722624727159796975684
-0.0943840908207012468933427840057
-0.0827460245176593750526805592926
-0.0742604134938577437052842356024
-0.059265051772143917396817869303
-0.0477787919189781723483534392471
-0.0355658900087241283682892856177
-0.0254930837184368930259381613723
-0.00708695184730927935090605274127
-0.000383635718973638934359976504496
0.0196497019826335980741127684723
0.0296629612570113200542554210415
0.0408999788204616049336337368914
0.0513798461892142344087375249728
0.0649138887293665839406386908195
0.0730405215761813358943399521195
0.0869123539048587551159030795134
0.094822276471182492807443509264
0.107207923346167383060745237344
0.109691625921653712616432585492
0.122223060543617076389999454022
0.124162949385235352184331247827
0.127551815480993313567381619578
0.131893714384244076232022280237
0.131736669729224514790999478464
0.1323833617452100375189161241
0.135228508082653547939244731424
0.132610811661103028535890757666
0.124819812327088233705474351609
0.114782288051857944699563063295
0.109800596779763615096214834921
0.0947811039850651598781539064476
0.0831373263749383972776030304885
0.0630524459779486651234137184474
0.045992714905893163079841912122
0.0244417068756343433544309107219
-0.00201555415408188540182798931255
-0.0321157117918705464765238843938
-0.0652549091767524319651627706662
-0.0946244062668290114581637340052
-0.132091361855750072384907412015
-0.175127861282413421761816607614
-0.214821474179474891652574797263
-0.265489293218200694823849516979
