3
17.1509445378158353889830323169
0.114465440305553195488030837623
0.114557948065485179500733181612
0.11465055517428461573370412907
0.114743261798024825948161264932
0.114836068103117541761015729662
0.114928974256306437595753777714
0.115021980424653821883929083469
0.115115086775635602767131615565
0.11520829347699748645972306349
0.115301600696892089792378044422
0.115395008603747892261814911308
0.115488517366423626420157688699
0.115582127154087097031798236912
0.115675838136230321739894577604
0.115769650482729080653854225602
0.115863564363803517309747803665
0.115957579950027159232384121879
0.116051697412310708679150650369
0.116145916921932046417254014159
0.116240238650513763585259141564
0.116334662770043534285591135813
0.116429189452853396047338208064
0.116523818871660453377891997206
0.116618551199483735936190953453
0.116713386609775010560596797404
0.116808325276270552617319253841
0.116903367373096450654301747818
0.11699851307478857653787684967
0.117093762556161426480194620581
0.117189115992425291201683990039
0.117284573559174570833718576068
0.117380135432351595525801712938
0.117475801788259281988047177947
0.117571572803562784947928321344
0.117667448655324330397675680615
0.117763429520933091132484094032
0.117859515578157228454792004868
0.117955707005159185496445672925
0.118052003980462338894596996397
0.118148406682927642474822960139
0.118244915291815952396170530392
0.118341529986778673522174187838
0.118438250947820733482984678631
0.118535078355305800723584752632
0.118632012389995170065226659517
0.118729053233020354074511715226
0.118826201065895961650475953775
0.118923456070498451131456363328
0.1190208184291014631428495818
0.119118288324352408769080113871
0.119215865939275467155766818905
0.119313551457292096880102860723
0.119411345062146970197325401841
0.119509246938086718947680253677
0.119607257269610536831727642948
0.119705376241684244287277749663
0.11980360403966727744773379527
0.119901940849218499596240405936
0.120000386856498983401131397386
0.120098942247991266607520799425
0.120197607210543191968987741802
0.120296381931485368843581795772
0.120395266598455577544690697778
0.120494261399538726831082158242
0.120593366523149836400108370071
0.120692582158154759763846186615
0.120791908493813507363690007423
0.120891345719753795506790083891
0.120990894026021950091731582688
0.121090553603045977815177991488
0.12119032464170027829641895778
0.121290207333147631585390513465
0.00237903893675657160389214084262
0.199961302537168178483639735532
0.194567955254705271528337107156
0.18916695247935799706340276316
0.183758283356526969098965196281
0.178341936995814215327627039187
0.172917902495312331145882467354
0.167486168953149161531257504976
0.162046725417357317944322403491
0.156599560940890808469205808251
0.151144664563295283432609039664
0.145682025288470518020744748355
0.140211632116892942478969530384
0.134733474025436450460802007001
0.129247539962021901205346807728
0.123753818892284081498722514425
0.118252299726416834624309615265
0.112742971374932429706738901132
0.107225822734633630117784264257
0.101700842665194732261646493043
0.0961680200214721780938020856411
0.0906273436361510476011460468726
0.0850788023377155588899967142424
0.0795223849327909154682814119042
0.0739580801878396976167806542435
0.0683858768758505292106875117497
0.0628057637378166833119763623472
0.0572177294979505646210782288108
0.0516217628795555619203305752762
0.0460178525665961429824690753776
0.0404059872353265056577065195142
0.0347861555392172672185324699967
0.0291583461084224185300151077627
0.0235225475780371784395583745209
0.0178787485324127179420194977411
0.0122269375722655684879391913
0.00656710324706590020671370666605
0.000899234113599352855375479443012
-0.00477668132081087316170853185326
-0.0104606545221529699529749990461
-0.0161526970126109579994899689837
-0.021852820324271566426732604782
-0.0275610359906736032686858095531
-0.033277355595183438774498085877
-0.039001790697929000772958829657
-0.0447343529295081837604541874498
-0.0504750538877237406309994582898
-0.0562239052227609600875801731945
-0.0619809185963915779127297867035
-0.0677461056785707144145547431435
-0.0735194781678747688591357700716
-0.0793010477788816670052796098389
-0.0850908262539393778212115648785
-0.0908888253244614224835018490012
-0.0966950567965347840271306267823
-0.102509532438013417632305390725
-0.108332264057835997439482866866
-0.11416326347857035095056943419
-0.120002542581250176700891074688
-0.125850113206364883078336447397
-0.131705987234175952993453506679
-0.137570176593479559512545051803
-0.14344269319963537379081230938
-0.149323548993435084586423045039
-0.155212755944915348216284201044
-0.16111032602367167387846791371
-0.167016271242955399722873721657
-0.172930603622936884811167601583
-0.178853335206209801411247894976
-0.18478447805995090735819985639
-0.190724044242680301763925854175
-0.196672045879029033788043534514
-0.202628495074997777569691947974
1.77047571187968875012818918033e-12
0.31032785382294969522831706854
0.263532683778760601356339066115
0.209127170971722176062712605926
0.171050086561907038751328968829
0.128236398620528407876761889383
0.0862276181667104429928727427068
0.064483288189252904731851856468
0.0283236819773635163655089996837
0.00268862179318881235404181673232
-0.0162453594400033228539736995799
-0.0517581354730988901780008859532
-0.0697100617442424491665420305253
-0.0787247948725309926176763042349
-0.0942197721472759347483005853974
-0.110803664115777245058325206628
-0.123278642910760932727143313059
-0.132755411360830966049917378768
-0.1309471214556938156725607314
-0.141392896197962747439902386759
-0.139443593675058263858801410606
-0.142123177433135045033552046334
-0.139033431433446957870003757307
-0.130076143019226070363103531236
-0.133539816118926846222336735082
-0.131371557802693772476487765744
-0.130169018424964838542834399959
-0.125152037200130683558541022649
-0.109021624007895917563004672957
-0.106449197636159786917176006682
-0.0902041611123878539491016681495
-0.0896042697073566596355220781334
-0.0760125390657142435690829529449
-0.0590755131037786485048712847856
-0.0409339214890188166084961096658
-0.0327990632026774961427229015953
-0.0231048227673654564540139944029
-0.00971528823132412552854297871363
-0.00106594048750350265698794149927
0.0173031586887818188136289876411
0.0257742441884025071108244020479
0.0437472381227814385851182521492
0.0537119413987868984938778282867
0.0549955673002420070138995811249
0.0804998268224492441458295388657
0.0837885375926098463494895440817
0.100726787827609368108916498841
0.109327745036145909662828046294
0.110560518689433340266958794018
0.127205131337943394553846587769
0.120666656033301608608176991311
0.128980211713041498233778270333
0.140731294639713760963317668029
0.136438980976682389112397686404
0.130602710331262528153928315078
0.131526244805292680251085357668
0.125616807557311388476861679919
0.118214979184128946010368110819
0.1133272562863660293253076361
0.107953702853850877496633131614
0.0942103064655027272467080479146
0.078083261121044633679133539772
0.0723400208217230694662802648054
0.0402725428522232448136364268976
0.0285370211553716938979174955193
-0.0095492535941973568508478464878
-0.0307045641827794757450220686223
-0.0568007898848708198125123658428
-0.0940599139987516319472149461944
-0.131234877656525888989236250382
-0.181120040027568207641195385804
-0.214347994291180565795684742625
-0.262547607493905377218368357717
