3
327.992978090584017536457395181
0.114347981738114334859801601851
0.114443625689979081028191387759
0.114539374663523624287009283762
0.114635228839999450678455161778
0.114731188401035702484342948537
0.114827253528613629218746439165
0.114923424405182175722650583793
0.11501970121346419273500316649
0.115116084136710733476505197359
0.115212573358401057510569387432
0.115309169062550440076897473318
0.115405871433445800233741351803
0.115502680655835049394752900298
0.115599596914822064230854437028
0.115696620395935950709187522989
0.115793751285067275658136054517
0.115890989768529267811558725043
0.115988336032992425672638603373
0.116085790265554558708949173251
0.11618335265372260745042609642
0.116281023385329571051549635285
0.116378802648708201683547258654
0.116476690632519128132393859687
0.116574687525852066505294146737
0.116672793518167824955433786727
0.116771008799386746823678606688
0.116869333559782725973086314752
0.116967767990060034222210560984
0.117066312281305012765741935254
0.117164966625050492865511841956
0.117263731213181315871096899173
0.117362606238038041928106736123
0.117461591892366587486229434489
0.117560688369281407528177396671
0.117659895862356991824704266492
0.117759214565550066056154321359
0.117858644673262430435656256122
0.117958186380285670602496850279
0.118057839881793052994041204329
0.118157605373447743835058076911
0.118257483051295367304511785278
0.118357473111784503028154347248
0.118457575751815494258245564652
0.118557791168667631120925420873
0.118658119560095531852539352258
0.11875856112423097132868576864
0.118859116059611705229492883973
0.11895978456529214539738603662
0.119060566840667764187955413036
0.119161463085576804776799519914
0.119262473500293300632257853522
0.119363598285543784371931508304
0.119464837642454191346530478768
0.119566191772567526063753007293
0.119667660877896306348411314957
0.119769245160869369781764248728
0.119870944824339659140477465371
0.119972760071612671861629451087
0.120074691106434289222804068231
0.120176738132954097348914501708
0.120278901355770920234000698201
0.120381180979972857159054910881
0.120483577211007775176199174894
0.120586090254822711487214803583
0.120688720317802672399309926732
0.120791467606718855298808534826
0.120894332328875753201913312296
0.120997314691955376586562920238
0.121100414904100506241491075343
0.121203633173941435763332208353
0.121306969710501089121379436619
0.121410424723276691438833552183
0.0526129273192306318174260582055
0.199976911619414166043640079806
0.19458791981117903868714336113
0.189191154956900059458391183398
0.183786605962883820009068358559
0.178374261728057675879810517472
0.172954111125780990443345785934
0.167526142998259519600878775236
0.162090346195262080541965588054
0.156646709531910455215353294989
0.15119522182113842578843332376
0.145735871842162079126126172923
0.140268648348750774035309518695
0.1347935401093999230326403449
0.129310535841377638455185206112
0.123819624264889946441137169586
0.118320794072574966837585463963
0.112814033932413321226206903702
0.107299332520652976330488570511
0.101776678457599994986892966153
0.0962460603830890826237975943513
0.0907074668876486772672862457512
0.0851608865668888742606057462581
0.079606307982311635962346940687
0.0740437196864807689600240792061
0.0684731101989306950583724642456
0.0628944680429629893181342481512
0.0573077817112715298675240660486
0.0517130396802039787873539467
0.0461102304052694381142352142433
0.0404993423163943835896283474085
0.0348803638451884098770072739626
0.029253283391044583583440186203
0.023618089327235095020718347314
0.0179747700246517608246854535992
0.012323313835864744408832294198
0.00666370906325123874697213821605
0.000995944042225214336630512157456
-0.00467999295210919531023963102712
-0.0103641136501458220459115366907
-0.016056429794878937511448668829
-0.0217569531644567007444557305007
-0.0274656955284595279132009437717
-0.0331826687102070097545869487021
-0.0389078845319503208166622698627
-0.0446413548188301437247282876797
-0.0503830914563887163892808018772
-0.056133106314562086769370807815
-0.061891411294141378263145014671
-0.0676580183215999136914220457584
-0.0734329393346796061026182655951
-0.0792161862826295248840580143224
-0.0850077711602089530762427216359
-0.0908077059467009006787918679038
-0.0966160026795574028435353852728
-0.102432673370950008684410192927
-0.108257730093322665498867252154
-0.114091184916786464453863914059
-0.119933049933821866961380919747
-0.125783337258353500320851026117
-0.131642059023880847457022014169
-0.137509227389078281245105017661
-0.143384854520989341031267372273
-0.14926895260800454590111030484
-0.155161533872135604106290429627
-0.161062610539838668710643787563
-0.166972194867476220192514801965
-0.172890299115654177963818938224
-0.178816935585702413424868950642
-0.184752116586549469667843936804
-0.19069585445050049599124974975
-0.196648161519902275884419395879
-0.202609050180293459586522430982
4.48318156396633457046832117913e-11
0.310737713478827726198971959093
0.252664339078813138250723113742
0.21009863905359918434534449716
0.17466290935034639586476146178
0.128314116694314639399721045265
0.0937619709124790090548628995748
0.0564755888925536214673073232007
0.0273786225398312578482862278406
0.00362802329785386111840606027101
-0.0162042678112577151483542081678
-0.0428893543704684104822533186052
-0.0630011570048359531570625335917
-0.0814431714861027639118518095529
-0.0958422467929013477405675303089
-0.107309964966984500156499393597
-0.117994936913611320195016674006
-0.126135837871983930158492626106
-0.135257556380328131107049216553
-0.140732768068339564315749612433
-0.139547366538549239001198998267
-0.143076815372948751292625502174
-0.145719981712862989287060599963
-0.141704944737176624647290168468
-0.135049659438182007020756714155
-0.133648962698230455714565323433
-0.126799002413318595561264601201
-0.120081839828806311021303088182
-0.114910693519663320572021802946
-0.107230831407365764795791562847
-0.0936032637988763460690222473204
-0.0826477858479880284070517859618
-0.0691654103622883625890338521458
-0.0642829391301988906093356490601
-0.0480637641734341161670052144927
-0.0310402669642362294410986578441
-0.0180893884678577955560374590505
-0.0145373445163072458757858029799
-0.00160418740953547299919745849905
0.0120566475177343521152373284622
0.0287233284458764739910385799249
0.0393531366728013115574569269484
0.0580043375402489180814313840528
0.0623830018355566381926813335213
0.0784131307149224104913187716193
0.0877799064446123655791609508015
0.0962689713709671546215673743063
0.106487622400575729364469168559
0.115314643646562325907112267487
0.123792215199442917628047666767
0.122590827381677522356362430855
0.130425117986222333099632919584
0.138276460414533869380804276261
0.135280600385878885250079406433
0.131351570987070703777632729725
0.133430835156093996474169216526
0.129590658677880776750157565402
0.122987454309257449036607567905
0.116555998918875372560854941639
0.106671804020504898402599280871
0.0884290601947496646140223219845
0.074659012597516991038837375072
0.0680248026065705391207671937082
0.0455038464975961592928754839704
0.0232115446890038233662689748371
-0.00309689145023137220313902417956
-0.0245451404138026449408549467535
-0.0620651600811980078131746552117
-0.0995573699877861789664379443821
-0.131243155031145392053204545846
-0.173985834270126038525461353856
-0.218008641877918685203496806935
-0.263124809411326487929017048373
