3
94.782181777079117068751656916
0.114890628614709319754716432271
0.114971751249004522366092828634
0.115052953592746087796427900685
0.115134235761400083308814146221
0.115215597870523739354453596206
0.115297040036010017827194928941
0.115378562373846443867009270434
0.115460165000343895069789823538
0.115541848031922467221477290877
0.115623611585293259440554436424
0.115705455777316681964528299886
0.115787380725114297241873373423
0.115869386545990660231097990618
0.115951473357479128978297922004
0.116033641277332927321808142551
0.116115890423511169959880362512
0.116198220914178140805717021067
0.116280632867707872657447865095
0.116363126402734884390355318828
0.116445701638056550719646509151
0.116528358692721184519669463953
0.116611097685983405858323180837
0.116693918737316507105994389804
0.116776821966399213525988898255
0.116859807493172276893211858351
0.11694287543771868242981071262
0.117026025920412973801987277511
0.117109259061831366688366529161
0.117192574982744199263429152325
0.117275973804184197035738179693
0.117359455647347413198566812298
0.1174430206337254978254946991
0.11752666888497027841697928352
0.117610400523003422179613153276
0.117694215669912866095714321091
0.117778114448060092223080630447
0.117862096980028571713283724876
0.117946163388597966004134320883
0.118030313796809033233259356166
0.118114548327874629984890475498
0.118198867105309038394445053655
0.118283270252770675301512426358
0.118367757894211819702512400454
0.118452330153770685194913880878
0.118536987155853770770086441644
0.118621729025051234063248273287
0.118706555886209264016883935255
0.118791467864413441413162786375
0.118876465084938251481894155859
0.118961547673336040520375433971
0.119046715755349793997019958169
0.119131969457001038459331709873
0.119217308904479915576679616152
0.119302734224276563157474129184
0.119388245543064194786886389466
0.119473842987790068725928449567
0.119559526685594538775170292411
0.11964529676387737622267337656
0.119731153350283087144489968523
0.119817096572632855733253620656
0.119903126559101971815302078994
0.119989243437972376016276143673
0.120075447337835441996567453771
0.120161738387503283509438745114
0.120248116716033512374472991269
0.120334582452713445555048110691
0.120421135727066336285062675415
0.120507776668875271619540967549
0.120594505408134405888276319274
0.120681322075131797211255957336
0.120768226800313294155841958855
0.120855219714445988321571689994
0.00616662558529292546827260679265
0.199928887408900551880819307371
0.194517752438501057010711292605
0.189099442793169536525255125525
0.183673948572173034721188855656
0.178241259826510178854164223594
0.172801366635434106022728428798
0.167354259007299221995168636568
0.161899926974093694154177569544
0.156438360545367333154231914705
0.150969549678170472661875578524
0.1454934843875499150822605543
0.140010154642477957498414298243
0.134519550350785360715022420663
0.129021661443646823430597692095
0.123516477813633646087865258778
0.118003989389796962172773930888
0.112484186036366229366478819429
0.10695705759729637329691342984
0.101422593928779655736427400825
0.0958807848757200209544038216336
0.0903316202143791685541529545844
0.0847750897995799973516639624904
0.0792111833389746167188860681563
0.0736398906713303380566770783844
0.068061201495232634406384875092
0.0624751055508902322643827176307
0.0568815925427549468063048720978
0.0512806521871058684780564362882
0.0456722741770054507792764297847
0.0400564481550314405167156905918
0.0344331637781814317578188422431
0.0288024106741715767154854432874
0.0231641784734773273357610889889
0.0175184567674644929569094387034
0.0118652351333527247140287030902
0.00620450312471766685096241644715
0.000536250340153303362011882882143
-0.00513953373113889503548401549438
-0.0108228595682148473478001449166
-0.0165137376529490426113611079018
-0.022212178518141847960443158172
-0.0279181927000721544218642122814
-0.0336317907436892160610852897662
-0.0393529831823172249194442429143
-0.0450817806607986051870007315756
-0.0508181937648075621183352268417
-0.0565622330821688446000905514666
-0.0623139092854381182462475408101
-0.068073233000424074323753131921
-0.0738402149187159378973532852797
-0.079614865727426667452171216155
-0.0853971960937916496625632589712
-0.0911872167534869826344134935425
-0.0969849384797804719982039500792
-0.102790372011595035339759363069
-0.108603528104183236213664542902
-0.11442441755020119065200390196
-0.120253051179432607353803064143
-0.126089439771592204397876457733
-0.131933594252211905395455460166
-0.137785525386667412339747329497
-0.143645244127076909812501526176
-0.149512761303985108884972987653
-0.155388087888073012088341329218
-0.161271234765075516248700182587
-0.167162212910100249629863355949
-0.173061033272498748791790035284
-0.178967706817653282591606966889
-0.184882244609690743475383101213
-0.19080465760423051535532579237
-0.196734956846811220865234304256
-0.202673153423501173353571402913
2.08738087459857833404149501457e-12
0.289733969737848984227213122722
0.260242239435086175625144733203
0.204317319481254977553419394098
0.201742465037733381683082711788
0.120212429240070736713441590382
0.106348882263641308920654182657
0.0459319663780780804152037433141
0.0228373450246742784597309139372
0.0387561388881164717301608391153
-0.031153569996198417907384836667
-0.102113066923493214788187799513
-0.0586425718378013050013919382764
-0.0873112977523842342941762240116
-0.0963489797465241631924115495167
-0.13809869702323579465641500974
-0.0986658786609153348745593348212
-0.166108852347429086782071294692
-0.129808919636056646629285182826
-0.164262356979345131025027626492
-0.110432589647907392071957133339
-0.103321669207493679887299720122
-0.125316184028497812352753726373
-0.153954954389535991765569633571
-0.102569129270724021529836988975
-0.13505557081943181385597085864
-0.120742312014414779341997530082
-0.0988407310326009924672518991429
-0.100501113310958872792966189991
-0.055697780085304633701515086841
-0.0926868227718857934371854412348
-0.118751778185049922109683961935
-0.0370856820744659212985006035979
-0.0882121314891039925987215042369
-0.065089731157679797668436094682
-0.0255886878038791808209762024262
-0.0108596428149913062921605444444
-0.0184752205104521741163559056531
0.00188704314867610932482389074494
0.0247531586026623860730122572704
0.0657692650748630536217120834408
0.0565756518720476539452413078379
-0.0268968416560999949715959900232
0.0611981020092201705162793246018
0.0644209043923872626269400143428
0.0496712212828048157997606892877
0.087034249417163478401704423959
0.117132243402689600886290577364
0.101525096564600181281434743141
0.165765454644585752408403322988
0.111000545435875452859875167633
0.095280917486656374615350273416
0.152822485463739166089425225437
0.102355379590512496346121906754
0.157782006671492502913878297477
0.14778176488511138297887725912
0.0981702018675337101383249205355
0.146929945396381989031198145312
0.15669743226970059279956615228
0.0994370557730981374788825633004
0.114901059390635246204581676466
0.0818534493272356777904263935852
0.0288924478631489081714711630866
0.0736847446031917291398016800485
0.0158443239732527461904876275867
-0.0842080987767242633568187670789
-0.0395344795819650637880293686521
-0.0523923597053788658861606108985
-0.0771097013282086851670982241558
-0.140285708034468353799795181658
-0.159017910115206245746932722795
-0.21212434489493181555275214123
-0.241986979431526832984289399064
