3
896.15057287693423404562054202
0.114779058297820715783821299283
0.114863173513865865493777107531
0.114947373450350692758448190034
0.115031658235287811975489091765
0.115116027996888831141930609192
0.115200482863592759685822386473
0.115285022964127972788794807002
0.115369648427449109084896861077
0.115454359382731172600777824755
0.115539155959427153330665305475
0.115624038287222910548202037262
0.115709006496033814381796389625
0.11579406071603849659457097232
0.115879201077638910311051745339
0.115964427711548051513901214093
0.116049740748624660713339551421
0.116135140320066707064761146739
0.116220626557273776224832317894
0.116306199591904926848862089628
0.116391859555871529652293361323
0.116477606581314993561271364797
0.116563440800685716447482320746
0.116649362346614410279599383102
0.116735371352008551748546949511
0.11682146795006945194650427311
0.116907652274157919380925818587
0.116993924458023160206643353831
0.117080284635525555536617048347
0.117166732940870974011282612537
0.117253269508488661143630338302
0.117339894473065975422088058622
0.117426607969558449706681813041
0.117513410133182547023800168517
0.117600301099396939430441477725
0.117687281003891183739362702454
0.117774349982666878822179512554
0.117861508171968845659627334044
0.117948755708273761433346749072
0.118036092728341909796618836026
0.11812351936921397510538156439
0.118211035768153616132281058526
0.118298642062691763965354141419
0.118386338390660955655064867642
0.118474124890105392271522077863
0.118562001699348898431374266238
0.11864996895701979129356118392
0.11873802680195286174402724555
0.118826175373278622449113584025
0.118914414810410443146260206504
0.119002745252956454447001988228
0.119091166840888620925831276054
0.11917967971437565255499180239
0.119268284013913331009781870762
0.119356979880183233788670804643
0.11944576745421947583380983815
0.119534646877287251132138123921
0.119623618290923425244720590399
0.119712681836954659697624947512
0.119801837657448617679989411045
0.11989108589477061317385420125
0.119980426691543129447126148079
0.120069860190695390511628204422
0.120159386535370102389030932954
0.120249005869081354580529819032
0.120338718335485456156774830561
0.12042852407863745278771006042
0.12051842324281575313804637517
0.120608415972581178854383665566
0.120698502412749167356231794201
0.120788682708453401493109424791
0.120878957005112225298049111188
0.120969325448377379439435230779
0.0747089830401910237611673437641
0.199932877957991333994769433957
0.194526788285922958010587535682
0.189113387470876581630818691337
0.183692665299804269718464411199
0.178264611581323617617300669735
0.172829216083501796541455064471
0.167386468579895447694738663813
0.161936358809570551953171957393
0.15647887651546035781002785825
0.151014011395087049960395120252
0.145541753152110819868880753347
0.140062091434660751509966303274
0.134575015966210659312807251808
0.12908051636227510505783300232
0.123578582246079926587611907962
0.118069203250665458182488976036
0.11255236897002635076958654281
0.107028068966603440159701676748
0.101496292826082801230569430118
0.0959570300979234458438327237673
0.0904102702896159571288592360361
0.0848560029399728493748611413139
0.0792942175387328779256890243232
0.0737249035606245967100491611745
0.0681480504808456982734909956889
0.0625636477361090764803819297413
0.0569716847665827016977679875254
0.0513721509761217373646324801939
0.0457650357648748742911415376966
0.0401503285167465334692948886186
0.0345280185961799532257110456612
0.0288980953378642144158128246545
0.02326054807884556097086203863
0.0176153661163557240243449086847
0.0119625387864439099855351500423
0.00630205531037344654499143814519
0.000633904998998860761370843786011
-0.00504192296076778987551358923724
-0.0107254392753742024135821253594
-0.0164166547832832430964256076322
-0.0221155803036964873631298189594
-0.0278222266224460931804962626757
-0.03353660460050981312329909656
-0.0392587251084664454192640903329
-0.0449885990245855113545125902874
-0.0507262372125337132611200274823
-0.0564716506320686248421303332634
-0.062224850178951088275347558465
-0.067985846826127821485030722215
-0.073754651533231699311876639058
-0.0795312752746719503482708546471
-0.0853157290469532952892350863294
-0.0911080238923270835371681641845
-0.096908170831185219684655862693
-0.102716180926320607702528775462
-0.108532065238098135440125702189
-0.11435583486437952971392917334
-0.120187500926119530952895786413
-0.126027074525708215890773544743
-0.131874566822947680844180240456
-0.137729988968965905149488548886
-0.143593352155066605879696339798
-0.14946466757931695101824232097
-0.155343946460001269826989300782
-0.161231200008028652259639557087
-0.167126439479607508120651004901
-0.173029676181618213837154485191
-0.17894092136203543219608036452
-0.184860186348390742594460789405
-0.190787482454099016626614115921
-0.196722821055398067180419729993
-0.202666213462415034651797896004
3.35973275688329274747131223682e-11
0.30442132028865587223265265493
0.255245999011570079417765555263
0.234816293520780483561338769505
0.154436864163450510156749828639
0.143035858652540759372584489029
0.104448693283177948543105628687
0.0698793279821426221998237338084
0.0102903724060645785504108928876
-0.0145924691323650896485064620833
-0.00857690440992769399797257534601
-0.0464443218763962301087744322103
-0.0715459005885218102260836303685
-0.0818350289143000286795626152525
-0.0962917882346481374122859620002
-0.116448218579977724740359690259
-0.129803264877821511458222403235
-0.126114139109153006179653289109
-0.156087202007220787747243662125
-0.14934922301760433782646941836
-0.164749727045354232846108288868
-0.151949796256785701897840112906
-0.150110692407253859537163975801
-0.133035464032041444992771062061
-0.113899514737553164689387585895
-0.114110641666897036361483230849
-0.140342857173256646552417237217
-0.0991711608305723552048149826987
-0.0985837436481830919898783349709
-0.098277624024335097363547220084
-0.0640385972667739389319052634164
-0.0474136399534380997833338255987
-0.067974592090823501844276677275
-0.0704995754436471694370780483041
-0.0486883146611510331247529848042
-0.0301065317549977680411377178871
-0.0190520321782098947527295251803
-0.028494099350725832220376787518
0.00319058139913386490729707567482
0.0260712428504057680545002995132
0.0236676453528372500445531301239
0.0331087522874289399976710512874
0.0532238259730663937352446168916
0.0489857171920862338732050034196
0.0515042399368690478889121209249
0.0831991098983323046356375130017
0.101781115476977546130399332469
0.10697964137278050122947803402
0.114535901050852331750640189512
0.10328397901849528661699650911
0.145505100929279235222324473398
0.13245804569493827007597985812
0.127314693115713917226372586811
0.147818772923112795592004431455
0.12224379661187229073604498808
0.148576734945612187743790855166
0.138618465306622806743064302282
0.108521016900687536366199026361
0.130329063820510793192397613893
0.0876075538802924547177042313706
0.0969406625731260851441817294472
0.0679404086715817562280861352519
0.0471586528390696493873157635335
0.0342974419484717713002552841317
0.00331671738375827283157315505946
0.0255912810761323612773754376803
-0.00913048838115770172718654862365
-0.0637805843512665865402411213836
-0.102380190014846564339201506755
-0.13277186797206638746438045473
-0.170858816139995706162579836018
-0.219683433997671206938662180619
-0.254113354852951944806704887014
