3
546.291434365335931033769156784
0.113921058985624990000928846712
0.114028071378722756223922374375
0.114135210237251025211513422164
0.114242475801316412109542852704
0.114349868311569929923976474129
0.114457388009241628479273344965
0.114565035136059700793254023665
0.114672809934365585449178581712
0.114780712647000668336083606391
0.114888743517424410378602317451
0.114996902789560803692658907948
0.115105190707979407327421483842
0.115213607517756208564740916245
0.115322153464545801293539284416
0.115430828794560833006066502548
0.115539633754560638889685719732
0.115648568591899536528444514261
0.115757633554485914184617456613
0.115866828890774514748684964616
0.115976154849798868129440165831
0.116085611681193662247935094456
0.116195199635126464321466244201
0.11630491896233818849282215524
0.116414769914169727305086610158
0.116524752742508619363093202992
0.116634867699849695266145488404
0.116745115039251293187483327074
0.116855495014338950365839764345
0.116966007879320113560517313545
0.117076653889037096689662575955
0.117187433298837989648077950733
0.117298346364698310995144936442
0.117409393343208351412343404263
0.117520574491480150891575817695
0.11763189006727148289144224691
0.117743340328910775505200092539
0.11785492553532476989186505989
0.117966645946028028668628451214
0.118078501821113734937540584724
0.118190493421338235768836000261
0.118302621007975644618070987235
0.118414884842957882082892240305
0.118527285188782735558810088605
0.118639822308609893530828571784
0.118752496466125442853289939649
0.11886530792566440961621765382
0.118978256952174551996925799813
0.119091343811233651983627623849
0.119204568768947707924077406005
0.11931793209213627238174382228
0.119431434048174633932859478591
0.119545074905066633919048513235
0.119658854931448760394729902146
0.119772774396555883869019965005
0.11988683357024666753520847351
0.120001032723031822446735361609
0.12011537212599575352722780508
0.120229852050892219161859486576
0.120344472770085919588467504582
0.120459234556581445962919474368
0.120574137683970891710139028419
0.120689182426539476367111092259
0.120804369059189273261090136202
0.120919697857421418185630557218
0.121035169097397588000575296974
0.121150783055942623533951518766
0.121266540010485326939182471051
0.121382440239136704662747945349
0.121498484020582539488763984536
0.12161467163422300108432949628
0.121731003360068271157423680506
0.121847479478809583852694231609
0.131885691952284805905648568114
0.200049495799833776388254591438
0.194674993594407236274790307107
0.189292327827321194000376181066
0.183901486681125936328839998168
0.178502458304835354141459902166
0.173095230853972464890588867092
0.167679792431844748579194970262
0.162256131153463128979907992289
0.15682423509656595594918826464
0.151384092325648061949650013958
0.145935690888518598828937911094
0.140479018802085631190124104251
0.135014064086366708528075264439
0.129540814721712554957733232186
0.124059258680494360893575844784
0.118569383910950273963713641479
0.113071178348589693185566318334
0.107564629895970362283286192451
0.102049726452385872144112965998
0.0965264558847429704480092027552
0.0909948060535660241399114056549
0.0854547647916249764055152127185
0.0799063199134548013402579158537
0.0743494592081876404243701017549
0.0687841704620690691518447579256
0.0632104414240343137620925517695
0.0576282598405907578453799544604
0.0520376134208770588229775455602
0.046438489862084889048254865429
0.0408308768486816894838220548536
0.0352147620369180208710346846601
0.0295901330686901553601586556397
0.0239569775535581133696361177954
0.0183152831096710551339601380505
0.0126650372921507901879945023893
0.00700622768158543508115743136955
0.00133884180597806001951355359125
-0.00433713280323919612990746230707
-0.0100217086567247117695478308974
-0.0157148982700234633724800659138
-0.0214167141765438558131950941288
-0.0271271689453102468614353881549
-0.0328462751540841216280064429611
-0.0385740453978318520444901196242
-0.0443104923001330919252183093704
-0.0500556285013710397513442273976
-0.0558094666650135462493409477247
-0.0615720194626683259286892280215
-0.0673432996074181944301528801589
-0.07312331981225680954672441203
-0.0789120928194447512904474706374
-0.0847096313875723982977916648451
-0.0905159483076137943990957523965
-0.096331056374877419012925372499
-0.102154968421488384633377677346
-0.107987697281456448972214445803
-0.113829255828789999149819323065
-0.119679656944065349044592494465
-0.125538913528138978970005723568
-0.131407038516246355008831869782
-0.137284044852112152579337589486
-0.143169945500263184889888634643
-0.149064753455948217908400010856
-0.154968481725245049718253653737
-0.160881143336134013743787818385
-0.16680275134728653196880543419
-0.172733318822077125398450903049
-0.178672858862794714518429373129
-0.184621384582469988400177385302
-0.190578909107984750814779317807
-0.196545445604706742193101831617
-0.202521007249947926354138871829
1.82473919113845576814217728983e-10
0.306379910783492859227550297874
0.25948224381827061923999622195
0.21199050247037545813277858997
0.166256230942988164622775570933
0.131618304264119773128172141696
0.0942824481814053261263808281001
0.0600732253366081797585351864655
0.0320638596035162717901023654576
0.00278298128939780771082257437854
-0.0188476974848990445898788692602
-0.0433980796260395942920418121957
-0.0628730768776545045906090081189
-0.0818789544086477999451645359841
-0.0977126653710609360814487445168
-0.108654037918693061048891479459
-0.119173256381045741814084237831
-0.126275604071992009203029283526
-0.133848515954357677459896081018
-0.138846941576969917786499308932
-0.141929530897772937514389468561
-0.1441650641961104983845842753
-0.144564463275752452808831094444
-0.141130610759009567090060954797
-0.138438420333494460745527021572
-0.132532966478560221279536790462
-0.128205585830199170205290215563
-0.120029292721600913673718480368
-0.114142697365901005235322429598
-0.10332724355332773003013357993
-0.0941526911559456836098291887538
-0.0839877239542905773550529602289
-0.0727271372307040919746867757567
-0.0595293660469782409672134804168
-0.0480966113225235261663392805076
-0.0346772860751719536054338277609
-0.0224791353011005341777650556878
-0.0109677733667575098841506786584
0.00437290801524898783969597104715
0.0160325208185182858933170990667
0.0284401354182352295030256073005
0.0414852531109549879650977288748
0.0523691562862600226702092243158
0.0635521858569301351105096387073
0.0777633421662508178551220794361
0.0850567027674430653494397347458
0.0962425813151064207806584249738
0.106790099449453015911792874704
0.113198148394865943933140783884
0.119672195840845860259626931565
0.126658031052011538220014585931
0.132183059775359851295561952611
0.134273371164808141831059629112
0.13345952719442574774255660941
0.133749009751773201282176728455
0.13208222066728736443508296361
0.12925187448945818502465954225
0.12404849877055193485553274968
0.115448004986206331778930689325
0.108146077017791136798408047071
0.0957245902969783846181428543787
0.0798785370957377088840800638536
0.0637813554782491187733484139244
0.042369322027287832643782650166
0.0212959492964323524044623070495
-0.00427455314065576085641451342667
-0.0306986781470501325641553336254
-0.0608152927002249751864404458956
-0.0941343692935164011448279097749
-0.13208417083392828828003473518
-0.172600376602094846001378414257
-0.217311148338362097875986478357
-0.263692009139968430719846992361
