3
553.416501740139551657193806022
0.114898225811128656959070326593
0.114979144532735430561665168625
0.115060142626476569205351552228
0.115141220206931585434695364256
0.115222377388887270432960008293
0.115303614287347325206845027878
0.115384931017529876462468507725
0.115466327694797851743935268587
0.115547804434828121911138509859
0.115629361353407192347653165143
0.11571099856660292670706979834
0.115792716190635497364169737011
0.11587451434199698419025281737
0.115956393137365304513153319022
0.116038352693605073540084049455
0.116120393127818133383044596485
0.116202514557314007248578491271
0.11628471709963490721140288997
0.11636700087250259616489245218
0.116449365993867084978496961867
0.116531812581906424330924210153
0.116614340754991122062200759046
0.11669695063171416082870024411
0.116779642330910898850859780396
0.116862415971590305474592241808
0.116945271673009526525177648182
0.117028209554631015820724826426
0.117111229736131167156187871115
0.117194332337412554512212636837
0.117277517478595161293242199463
0.117360785280023971477447730649
0.11744413586225582735167449755
0.117527569346052518373113571215
0.117611085852434044118908218479
0.117694685502611515182103119059
0.117778368418009760087983295307
0.117862134720322267456005249642
0.117945984531414999052501002552
0.118029917973419107291022100981
0.118113935168619774151999024525
0.118198036239641382505460853736
0.118282221309206070358754914196
0.118366490500361951077046285263
0.118450843936308558568271109834
0.11853528174052936627891341459
0.118619804036681528169872024137
0.118704410948702682171429501068
0.118789102600718982083449759557
0.118873879117101927116451065558
0.118958740622426797917121632508
0.11904368724154069936194133561
0.119128719099477073384285574775
0.119213836321523672379107949837
0.119299039033211248805876891765
0.119384327360267175621721946754
0.119469701428650654229102201498
0.119555161364615691876878145194
0.119640707294540224459034050142
0.119726339345145024739558436977
0.119812057643318273236765492129
0.119897862316179992792086750342
0.11998375349113513110843598497
0.120069731295771392476368077951
0.120155795857945071891670352215
0.120241947305732455042459605465
0.12032818576741474703162282367
0.120414511371605165157561145861
0.120500924247052262905377517654
0.120587424522788672076600846594
0.120674012328096297297364003498
0.120760687792449944444328480131
0.12084745104561550599342467649
0.0353361400261896149710416636935
0.199928763691601840690736935358
0.194517272809291957846866694126
0.189098616905962690903919565244
0.183672786050676412061832820655
0.178239770375738154628564302584
0.172799559891325726912469917806
0.167352144726729240575835433447
0.161897514861993219170699376264
0.156435660344931726228878687834
0.150966571191107318261614977928
0.145490237391392274179935384382
0.140006648910154601894717529831
0.134515795728560733079959277347
0.129017667763287768867286331442
0.123512254963006704033823268674
0.117999547242877950159467559388
0.112479534496362665318969220607
0.106952206598670301884723699004
0.101417553433344811986138722659
0.0958755648202647137168241897598
0.0903262306106317747200762369175
0.0847695406190660388778823630673
0.0792054846477343033050999565603
0.0736340524773467647312585881991
0.0680552338616932789294722283557
0.0624690185722871146878354409182
0.0568753963565914733013784143623
0.0512743568919931530514233486429
0.0456658899228575693163278970133
0.0400499851114489643921778849744
0.0344266321320946949713359686029
0.0287958206341094626046217541671
0.0231575402509771252623771431445
0.0175117806120358085464339126247
0.0118585313482319106015427934153
0.00619778197579994201416031529561
0.000529522132977993460929699853779
-0.00514625865767922349020002670272
-0.010829570865757210881841210437
-0.016520424931239369170654640584
-0.0222188314204606954249676675772
-0.0279248007832240581482796670798
-0.0336383435850690776236504575536
-0.0393594703426797809520110149606
-0.0450881916644542343752810609203
-0.0508245180926758383099794968984
-0.0565684602225166796585220652105
-0.0623200286972558220588425115238
-0.0680792341298704778429495831915
-0.0738460871720857392475068081694
-0.0796205985045346509298980208769
-0.0854027787793513737391037921043
-0.0911926387402511723356823836184
-0.0969901890689173762361008357402
-0.102795440485447114875583451976
-0.108608403786539270408084689734
-0.114429089731828761977716624187
-0.120257509057626929549478234094
-0.126093672636080206261866010209
-0.131937591259136649535221863516
-0.137789275763814833553055905213
-0.143648736983283425994173398976
-0.149515985830788705746030586852
-0.155391033176467296961220654339
-0.161273889931939889974543689277
-0.167164567017774989832190613015
-0.173063075393317639116830264356
-0.178969425992630659649762492336
-0.184883629810175753593881609049
-0.190805697847909017106360352045
-0.196735641112858933299278874074
-0.202673470624272350493200178789
1.12650522107357659374867671179e-11
0.295293870031182570379257867899
0.243622121942533881311376831036
0.174545660143622133331220425134
0.185691042163906361306402459377
0.120943570023405222446655216118
0.122226878916727413337817154115
0.10576411176812897108057143214
-0.00963123038273799858544066410104
0.0217874299696317365315767489165
-0.0498484105916348341214217043671
-0.058591371614110529519869885462
-0.0518427174076162497473596602049
-0.0528443632838362098436135738666
-0.0815776950872093148392494299515
-0.131515912397887929641271398395
-0.118812971179781123876040282994
-0.153056111001858174969214587691
-0.127318290526787919469953180851
-0.138470121022197745208615060619
-0.143397164339397698018530036279
-0.124589009641211154177931064169
-0.117558452440783098302823361792
-0.117699422645432247302998973737
-0.0902607886695912520202966788929
-0.148380961033172414920144888129
-0.131133267811856579765361630052
-0.128839367834060136708274058037
-0.132262568641805966507263292442
-0.105317844232492893730146477083
-0.13486006922865420576407302633
-0.0745174370835354898945368518071
-0.0549125123504881490488216400081
-0.0707322473688089120580357871404
-0.0603481564812682960696754719265
0.00301306384714603329652571339636
-0.00496559957681188147288198209139
0.0223761736985599139770908294622
-0.0327619154802077164334583869731
-0.0128856151179425164332581488225
0.0325137292015035064829397981612
0.0549874253735429321943151137475
0.0457931183640412284296949962936
0.0210883465994265821563669049965
0.0833481282149010072046735331242
0.117164881566350326247416546721
0.109970422353256172542934621106
0.124144113881332132653945166112
0.153032658096639767597579862013
0.0750444046699077910167474669834
0.110449653058516200632155346284
0.122111293104582005475400308114
0.107711188882625430451867032389
0.0892827163088231873233624469322
0.108382834106977729571319457591
0.172430036082696441779305018827
0.114204126142032125201808412385
0.116757298755737884410343951913
0.121201251188448141937747948305
0.127551693719511305413760737792
0.0540932424320284127583491340374
0.0974301165592714318863798439452
0.0667508401503476289651217712162
0.0625722589983101068478177353427
0.00984008882821828072262615449972
0.0279764307730562475362567909087
-0.0457743865902442009785389132048
-0.0323571137815609061183508288195
-0.0779176540650015347910795071584
-0.0988387906584407976984252286456
-0.166229914748721369077699705485
-0.246530446683230486382143453739
-0.294479747781095979597409950657
