2
1.10139836008962532787336385809
0
0
0
0
0
0.706391354960211104163647632959
-1.42698543537128865054826490747e-16
0.707821484300580561210836094688
0
0
0
0
0
0
0
0
0
0
0
0
0
0
0
0
0
0
0
0
0
0
0
0
0
0
0
0
0
0
0
0
0
0
0
0
0
0
0
0
0
0
0
0
0
0
0
0
0
0
0
0
0
0
0
0
0
0
0
0
0
0
0
0
8.2989169669347565432861429241e-07
0
0
0
0
0
0.707821484300580672233138557203
1.89001034664564280056546211314e-10
-0.706391354960210993141345170443
0
0
0
0
0
0
0
0
0
0
0
0
0
0
0
0
0
0
0
0
0
0
0
0
0
0
0
0
0
0
0
0
0
0
0
0
0
0
0
0
0
0
0
0
0
0
0
0
0
0
0
0
0
0
0
0
0
0
0
0
0
0
0
0
