3
91.8393697032557980719502666034
0.1147527411699853366888746109
0.114837561730532611292687761306
0.114922468208803460476552515956
0.115007460735853411781803856684
0.11509253944293269811272040215
0.115177704461575103334070035999
0.115262955923550458603443757966
0.115348293960885001085969747692
0.115433718705853616270928796439
0.115519230291003138777483627564
0.115604828849108318133964701246
0.115690514513198117185766022885
0.115776287416545456410155168214
0.115862147692745554028448395911
0.115948095475559731504233695887
0.116034130899050860752375058382
0.116120254097518652014464635158
0.116206465205557302189376400747
0.116292764357969466426645510637
0.116379151689843710060223713754
0.116465627336515095691105159403
0.116552191433596047387410976626
0.116638844116936854500288234249
0.116725585522653219072708452586
0.116812415787117096499514445895
0.116899335047007668642038424878
0.116986343439181086911737850187
0.117073441100838324113730948284
0.117160628169384578578515743175
0.117247904782513012733602408844
0.1173352710781784963289808843
0.117422727194615994505966227734
0.117510273270315462879054280165
0.117597909444002182710597992354
0.117685635854701403646416224547
0.117773452641714460042976497789
0.117861359944577318015213052149
0.117949357903112880818774499403
0.118037446657419262119326219818
0.118125626347852313857700323751
0.118213897115045624142126712286
0.118302259099884371496003154789
0.118390712443560017219645885689
0.118479257287497655171115695794
0.11856789377342118185776342898
0.11865662204331296758486047338
0.11874544223945154852728478545
0.11883435450434179370127196762
0.118923358980834337206289319511
0.119012455811968870245109997086
0.11910164514115360867574366921
0.119190927112020242373269240943
0.119280301868446639290688437995
0.119369769554688240353890194001
0.119459330315167686076271991169
0.119548984294657739679834662638
0.119638731638201836759982654712
0.119728572491089438334377348383
0.119818506998936119556375956563
0.119908535307600844221909142107
0.119998657563266428183190726031
0.120088873912337940064176677879
0.12017918450156321596988817646
0.120269589477957489220827369536
0.120360088988788291319842471694
0.120450683181653403486244258147
0.120541372204428967607192646483
0.120632156205257259906638012126
0.120723035332567812938364681941
0.120814009735097080411314607318
0.120905079561870604232254322596
0.120996244962180449222799438758
0.00806481269796812706707189732924
0.199934362516373226315025135591
0.194529417554624856068201665948
0.189117130471225108889754551456
0.183697491040299087927678556298
0.178270488972035540120586460944
0.17283611399367168615093248718
0.167394355794598687081631283036
0.161945204074026516405382380981
0.156488648499628624222168582492
0.151024678700540232467730561439
0.145553284330220661368926471368
0.140074454997372976894354223987
0.134588180310352939494933366404
0.129094449849034287325366676669
0.123593253202979383442716709851
0.118084579877049386520404539169
0.112568419448791992576452969388
0.107044761414117950426572178912
0.101513595284690505415881034423
0.0959749105493873239103308492304
0.0904286966563380284478412818316
0.0848749430784244418557449307627
0.0793136392331309086900503757533
0.0737447745443313568136645130835
0.0681683384267360720221162750931
0.0625843202440068413494600463309
0.0569927093629680331376974322666
0.0513934951442962389966950809139
0.0457866669028256026430234726377
0.0401722139809160480594663056308
0.0345501256653499080884195393537
0.0289203912122379565297070058705
0.0232829999272148521760605888176
0.0176379410186914310776362668776
0.0119852037602752696521246633665
0.00632477731405322284030656732057
0.000656650900668904091879440887425
-0.00501918627941461571034809097114
-0.0107027451149060339602447911034
-0.0163940364327658412435528845208
-0.022093071105528470227108428503
-0.027799860052808204879948306143
-0.0335144141482110538565741819639
-0.0392367443407269367305900686915
-0.0449668615709375163458361157609
-0.0507047767855620459820364942516
-0.0564505009942028665448354729506
-0.062204045176962360907957361178
-0.067965420347158495006922862558
-0.0737346375528813852140430640247
-0.0795117078123789705612622924491
-0.0852966422210263558456588839363
-0.091089451860803222205120732724
-0.0968901478379676356356142719051
-0.102698741262046908118144017408
-0.108515243283407863961187445057
-0.114339665064293286023122675488
-0.120172017774281436608418971446
-0.12601231259296977182948751306
-0.131860560755067746097068948075
-0.137716773491946303797917039446
-0.143580962031541470302897778311
-0.14945313764901871356194362761
-0.155333311633204101953609210796
-0.161221495275388648771297539497
-0.167117699897910976236659053029
-0.17302193686070760358930442635
-0.178934217502212500328084843204
-0.184854553187461106977806934992
-0.190782955349249855325766134229
-0.196719435352910337888587832822
-0.202664004671233938248420258788
3.57069153928376095357815894661e-12
0.302640332353124930087062693929
0.254254981924742495813518416981
0.212545597083915960290312341385
0.164552746053325954500579086925
0.132975986454659578228643113107
0.0949886291015342165700019450014
0.0613571234401483409093280840807
0.0280148545344454380501275636561
-0.0185346749047191755588315231762
-0.00569571549409796703405950424326
-0.0396430361406023071269011381901
-0.0556740273011814904013938587468
-0.0905266755573293641079501981039
-0.0916853336430692861247493397059
-0.103886482412877914627280517834
-0.119900700112280683695686889223
-0.120843422876994593950783496439
-0.118957020706400490306364758908
-0.135939350249159429662171305608
-0.155108111997666692216668593574
-0.14547520427098700745993653527
-0.146349983742447203871606120629
-0.134903151471343157874471785362
-0.141924260610987673647542806066
-0.133853560941970844977433330314
-0.141626267445472048267518516695
-0.114977327832399542351105026228
-0.107265932493117152612960296665
-0.0932391398023902778779969935385
-0.0836876547983729929258700508399
-0.0800257284299498855562049470791
-0.0768615995564226606173718892023
-0.0553239497280829800596180234606
-0.0409849281941588386435348922987
-0.0428881453246814300928058116824
-0.0161423974570379727411228998335
-0.00083716121843571255495275451608
-0.0079106129847557882239783566547
0.00507571992253794037480707501686
0.0133494388045445316198778229477
0.0405491775822798966588678126755
0.0515618046108490685197622838132
0.0510972131212514280029779456527
0.0762687419648915426728663646827
0.0982351421317983614089897059785
0.0913161304010018520793678931113
0.0921070752039660073373639193051
0.104515268770210875692860952313
0.136241303524834878047045094718
0.111906439879770294720806589339
0.150629764423647255489058238709
0.129427192771965293704994337531
0.132809673109857639961006725571
0.120220860892376490980382186535
0.132590599972428252462108844156
0.143810492166632497568201642935
0.127483440508730228035716436352
0.1061744538187623931868586169
0.100110466767608805027656160291
0.102503337940933372807172929697
0.104274468235550837880154517734
0.0720918351435317211750586352537
0.0414885388722940132155692083415
0.0191287406136674900669625287719
-0.00700060516023061872592503362966
-0.0160057425416865219125472918904
-0.0576452107439540395450450205317
-0.0824979723646668966496875441408
-0.159330126788482268063162905491
-0.174275765007972038844741291541
-0.228305251470867748286863729845
-0.260525699921178854889802778416
