2
1.66553278063729015556759804895
0
0
0
0
0
0.70662427730110810575325785976
-9.43339644963733599914530540479e-17
0.70758895605336213918690191349
0
0
0
0
0
0
0
0
0
0
0
0
0
0
0
0
0
0
0
0
0
0
0
0
0
0
0
0
0
0
0
0
0
0
0
0
0
0
0
0
0
0
0
0
0
0
0
0
0
0
0
0
0
0
0
0
0
0
0
0
0
0
0
0
1.98849721341366405113896317219e-07
0
0
0
0
0
0.707588956053362250209204376006
7.89048671656952523185777724349e-10
-0.706624277301107994730955397245
0
0
0
0
0
0
0
0
0
0
0
0
0
0
0
0
0
0
0
0
0
0
0
0
0
0
0
0
0
0
0
0
0
0
0
0
0
0
0
0
0
0
0
0
0
0
0
0
0
0
0
0
0
0
0
0
0
0
0
0
0
0
0
0
