3
105.472849092415231098129879683
0.114929117917226264466989960056
0.115009207294546791922051909296
0.115089374677570410732130312681
0.115169620177540441008368077291
0.115249943905826796042290993682
0.115330345974092723926318626582
0.115410826494095467009692868032
0.115491385577904059900333777477
0.115572023337709731127809220652
0.115652739885915942230631969778
0.115733535335139303690255019319
0.115814409798210435353915670476
0.115895363388146363514685788232
0.115976396218180302644107371179
0.116057508401728293190302565563
0.11613870005242049598948028688
0.116219971284096154628961983235
0.11630132221079965415544421603
0.116382752946776177327414814044
0.116464263606463808153890227004
0.116545854304513904486917397207
0.116627525155814884549876353503
0.116709276275411250045621613936
0.116791107778601174760346737003
0.116873019780846576498589683979
0.116955012397831917270174528767
0.117037085745512234313814303732
0.117119239939935421146444127771
0.117201475097440929729053493702
0.117283791334563361474785381233
0.117366188768039031442569353203
0.117448667514815682788587025698
0.117531227692035250553814762497
0.117613869417107677617373440171
0.117696592807596200902509053776
0.117779397981305544718111377733
0.117862285056229212920619886518
0.117945254150594314168642995355
0.118028305382858064720430490979
0.11811143887163946808449566106
0.118194654735830392833229041116
0.118277953094495791308560228572
0.118361334066937856634993408989
0.118444797772668211632840495895
0.118528344331428794888871891544
0.118611973863153696839844997157
0.118695686487999566005591134399
0.11877948232634730207912809874
0.11886336149883494628376467972
0.118947324126244272091135201208
0.11903137032960646457535602849
0.119115500230213430810088937051
0.119199713949517185906934457762
0.119284011609229814721011564416
0.119368393331270070123473203694
0.11945285923776817471608779897
0.119537409451109036262472784529
0.11962204409387755532634400879
0.119706763288845649539915427795
0.119791567159106202011820130338
0.119876455827868863557306156054
0.119961429418643461541904571277
0.12004648805513160048086263032
0.120131631861255847026903609276
0.1202168609611780486501331211
0.120302175479306980299121221378
0.120387575540209137980873776996
0.120473061268759742969969295245
0.120558632790036188153770524423
0.120644290229297235228500539961
0.120730033712085169095296066644
0.120815863364172562666176702351
0.00622121495761109727373749933577
0.199928474290842317362404401138
0.194515518396630754383025418974
0.189095437120381876239250118488
0.1836682206341321565989943565
0.178233859120886850568865611422
0.172792342722098174467859621473
0.167343661587166542270566083062
0.161887805792713029839902105778
0.156424765505863622161442094693
0.150954530780410822732306996841
0.145477091699950072944957923937
0.139992438289814447038850175886
0.134500560673467328687280541999
0.129001448789451467202837875448
0.123495092683436849534395207684
0.117981482371863025115921175257
0.11246060780646686960704272451
0.106932458949789227498072818889
0.101397025765875947733718476229
0.0958542981686147654851737343051
0.0903042660751156717191534539779
0.0847469193968536788075240906437
0.0791822480247633547767449613275
0.0736102417872529501963185794011
0.0680308905955373521834417260834
0.0624441842198475011160851977365
0.0568501125024533232599210919034
0.0512486652524052760382389237748
0.0456398322537351769367930387489
0.0400236032865160379357050146609
0.0343999681011132873997837577917
0.0287689164103008473971634373356
0.0231304379576625501746534041558
0.0174845224365005186273336335034
0.0118311595517356753226589916039
0.00617033896231262892623226079536
0.000502050321649042774301008318361
-0.00517371675785450318985070339295
-0.01085697257441527348309495693
-0.0165477276112367677196601789547
-0.0222459922269039808706558858376
-0.0279517768652719419963936786644
-0.0336650919601965623040307207248
-0.0393859480130352643256763656154
-0.04511435544207011844042298776
-0.0508503247599555660563019898746
-0.0565938665175055727329933574765
-0.0623449912100950340287930373506
-0.0681037093795360537473726481039
-0.0738700315945390179050988876952
-0.0796439684519544971452731374484
-0.0854255304985805791195829783646
-0.0912147284026775251319918424997
-0.0970115727595833865493091252574
-0.102816074237640886490652292196
-0.108628243481547342996762495204
-0.11444809115540587052262111456
-0.120275628038418527787634104698
-0.126110864735229144528716460627
-0.131953812066978981576426122047
-0.137804480713363347588185092718
-0.143662881528372532446979903398
-0.149529025187342595737405304135
-0.155402922604996079902761607627
-0.161284584503278705103213042094
-0.167174021773974557092401482805
-0.173071245260961237288910297139
-0.178976265819897645270586394872
-0.184889094353597988051873812765
-0.190809741756282957858559257147
-0.196738218986558299761213675083
-0.20267453693029530148450589877
2.06962323987776022717855454252e-12
0.312439560399981719474027386241
0.222961545452770387720775602247
0.182812580648602618360598626168
0.204536916281811753659525265903
0.114831626388942120708946958985
0.0908018031989629159639321187569
0.00930351656684940027386421235178
0.0307795860457236551688264825088
0.00901193543876106263612602020885
-0.00522147487405477325750347006306
-0.0248534829248691843672780521501
-0.0142764943343811553932987123972
-0.0175684590487985535511850088142
-0.13462243137754256738780611613
-0.133298352843117390298388613701
-0.103005808687652633537368274119
-0.111283749432304901461066037882
-0.154585509415235577979075287658
-0.135505814726665618774603672136
-0.113655383524302558417851116701
-0.14751241898891057080511757249
-0.112200080886965564141988238589
-0.157478220155096881871514824525
-0.171563778028094637839728875406
-0.135976220270864922579079347997
-0.115298749888812016028971640935
-0.125360152702897270637905080548
-0.100241961971846926804374788844
-0.144168693992253155178318024809
-0.0608570367303940470971035381353
-0.0754440426943424752304068192643
-0.109489746077181065997407927171
-0.0147058587181714637420748559293
-0.0247264563429397885019334069057
-0.0920021086482907257675378787098
-0.0661610160390770501992463437091
-0.0264985924932223046446289060896
-0.0119795197933367826570449921064
-0.00421815133401326914502904585902
0.0683760909151471252265253042424
0.0468856403045190481271298210686
0.0801218599560377109369824211171
0.0756582285353836619945511188234
0.0793794583858696417566491732032
0.149898100536421663431241313447
0.118012173014291385508833798212
0.0858784592845215216661003410081
0.100830827604124470542323876998
0.109903625788317860223486377436
0.114191782609007627669051032626
0.148229769974722785930154600464
0.119036349873487837247587606271
0.122419382499664802788075235185
0.120986922684043984865809306939
0.193324519543077832928190673556
0.10296061442958755194343467565
0.087787219223851811755743312915
0.134652722046416178924843620734
0.0848645690952021386488368648315
0.0591545252035355212383294087886
0.0653754573114583431570068228211
0.0440530639060180487232010193566
0.0427529121203333237200006067269
0.0329441028618333506261528498271
0.0180368844344662923595556947021
-0.0289537120558284594151743363
-0.0620403130459728641143968275173
-0.0559157486591324096036892399297
-0.129169774954885768769585752125
-0.190751538626516836671953569748
-0.227219670233767323530571502488
-0.245347880667962175982310668587
