2
1.41523308177036888366728817346
0
0
0
0
0
0.706525334606896926459285168676
-1.1103347490411224826189112856e-16
0.707687750041366858688718366466
0
0
0
0
0
0
0
0
0
0
0
0
0
0
0
0
0
0
0
0
0
0
0
0
0
0
0
0
0
0
0
0
0
0
0
0
0
0
0
0
0
0
0
0
0
0
0
0
0
0
0
0
0
0
0
0
0
0
0
0
0
0
0
0
5.22270026367608135863548988326e-07
0
0
0
0
0
0.707687750041366969711020828981
3.00381279597794506631860146967e-10
-0.70652533460689681543698270616
0
0
0
0
0
0
0
0
0
0
0
0
0
0
0
0
0
0
0
0
0
0
0
0
0
0
0
0
0
0
0
0
0
0
0
0
0
0
0
0
0
0
0
0
0
0
0
0
0
0
0
0
0
0
0
0
0
0
0
0
0
0
0
0
