3
177015.004564932140056043863297
0.114604037974516653752843353686
0.114692840248797334190555829991
0.11478173531174827581846642488
0.114870723312129788262758722794
0.11495980439903008551993934816
0.115048978721775288502904288634
0.115138246430049454027688682345
0.115227607673788756681432232654
0.115317062603250947150357319515
0.115406611368991274257922441393
0.115496254121849523111009716558
0.115585991013001071481269832475
0.115675822193861660425184822998
0.115765747816209102483142601159
0.115855768032096156927579500007
0.115945882993890941881076628306
0.116036092854236008720114625703
0.116126397766120631471764568232
0.116216797882819564136092083118
0.116307293357885366269499627379
0.116397884345240135162136141389
0.116488570999059751209792068494
0.116579353473840505173164672215
0.116670231924406800350091373275
0.116761206505881093287158023486
0.116852277373669516391530009969
0.116943444683537470241141420502
0.117034708591535543953376929949
0.117126069254025910737482263357
0.117217526827678081291495004734
0.117309081469507303641108819647
0.117400733336796528338830114535
0.117492482587168656227305518769
0.117584329378587856829163627026
0.117676273869289152451678148736
0.117768316217838953097185594743
0.117860456583144354580916512987
0.117952695124406412019446577233
0.118045032001150435041481046028
0.118137467373246846102929907829
0.118230001400835421643265021885
0.118322634244424712557375301003
0.118415366064833230130837193883
0.118508197023203490361176193346
0.118601127280966597843381293842
0.118694156999944247510292427705
0.118787286342225267832262147749
0.118880515470279349288240666738
0.118973844546836349245211295056
0.119067273735021295077984859745
0.119160803198208820052883538665
0.119254433100202741901973979566
0.119348163605077939308785062167
0.119441994877223497950602393303
0.119535927081389076187534215023
0.119629960382660979756330732471
0.119724094946424858276756708619
0.119818330938459505219384482189
0.11991266852482097837739871693
0.120007107871938731302741132367
0.120101649146538633217140557008
0.120196292515721323002075848763
0.12029103814693148377656939374
0.12038588620789081318207536242
0.120480836866729223988414787527
0.120575890291891654748646089956
0.120671046652129437815048618177
0.120766306116620120159055318254
0.120861668854778725457066457238
0.120957135036460883270592603367
0.121052704831797919293734366875
0.121148378411270185583958891584
20.1252346946184772491506009828
0.199946066707596875611230302638
0.194547312365636659858836310377
0.189141048581252024796128807793
0.183727264771517934116573655956
0.178305950328259243953255008819
0.172877094647374357494484797826
0.167440687105508273502252336584
0.161996717037617254941750388753
0.156545173786620001044056493811
0.151086046661563250248505596574
0.145619324980471448460761507704
0.140144998016591221245974452358
0.134663055029517281235840187037
0.129173485284491323943356633208
0.123676277996940753300947335447
0.118171422386406196891606157351
0.112658907661900314911562759335
0.107138722984548198646770345022
0.101610857530492440514713337052
0.0960753004474213245789115944717
0.090532040852585565771093456533
0.08498106786442703730610759294
0.0794223705713758831858939402082
0.073855938057265257956629511682
0.0682817593728061028590659020665
0.0626998235525794145317490801972
0.0571101196425990650928916636531
0.0515126366228853688200572946698
0.0459073635001613841732925891392
0.0402942892348458203688466028325
0.0346734027778223680149594088107
0.0290446930821048054927047132878
0.0234081490403960437718389187012
0.0177637595686349694656946951454
0.0121115135356078072043084503662
0.00645139982569424910718858257042
0.000783407251459263963451473689048
-0.00489247532996181077463715425324
-0.0105762591155788600316700609483
-0.0162679553170124620298242490435
-0.021967575156926582441441198057
-0.0276751298915374442655146225434
-0.0333906307700123708426254154347
-0.039114089082596725788221192488
-0.0448455161200510613039860174922
-0.0505849231854834449628732784277
-0.056332321642015438512007818872
-0.0620877228351233018122101725567
-0.0678511381236105715064610421905
-0.0736225789038097572225538556268
-0.0794020565933390570778627193249
-0.0851895826086478541450119905676
-0.090985168391261805886927049869
-0.0967888254093195732341570192148
-0.102600565155508610670764824135
-0.108420399109060414111205261634
-0.114248338812579702805649617403
-0.120084395786847028531063585888
-0.125928581594987654135309185222
-0.131780907815673586913618464678
-0.137641386023974021668436762411
-0.143510027851882410176997950657
-0.14938684492831469374785058335
-0.155271848892746394676933618939
-0.161165051429905420432575624545
-0.167066464214180199210346700056
-0.172976098953627949184053136378
-0.178893967371147488698568395193
-0.184820081233018213007213148558
-0.19075445226656975727941301102
-0.196697092285379959708535579921
-0.202648013087744938154344254144
1.20189147577292964917584932759e-08
0.308918010566390510707179828387
0.253182769389731998632697695939
0.214144723350435217668064069585
0.166305969344649057228835431488
0.132075872906101121628807959496
0.0932657491784490283448505465458
0.0599250033926708031151164846051
0.029198422461620757162314987454
0.002999132709740664516628871894
-0.0244651364132714953247837996742
-0.0400106316266708936235652060986
-0.0649817442142464063437046206673
-0.0819254253214058841825462309316
-0.0911604760342804854023057714585
-0.106811723115010095974675152775
-0.127081314301853542936271423969
-0.124222561599297329215652041512
-0.130267537646537534534729729785
-0.14789158740057739560569416426
-0.136167535620056540102140729687
-0.136087405123249405303198500405
-0.137393048231008424453492011708
-0.142518588215243657835173962667
-0.133230819194898736368415370634
-0.131568154002276421765671443609
-0.130298183794125416179454646226
-0.123374712179375539689019092293
-0.1115420692525244672488327069
-0.100406681866266098146489582632
-0.101872363754887396147807976376
-0.0897676077900188829072902763073
-0.0814300873299160649088079821922
-0.0615459795093975803315089478929
-0.0459012108450390921010608735742
-0.0320545760437109597540406014105
-0.032333641694800428767475608538
-0.00972750119610861496699527606324
0.00584446530554332335793965569337
0.0207820010404380466073614996958
0.0257981712650311792445201319879
0.050809807275932560022280171097
0.0602808666841071691400166798758
0.0699917116923723936494639019656
0.0769822166071031516176859099687
0.0811692136234183903020777961501
0.0982302032926957030545267457455
0.110024766563041484501717093281
0.116933748234462148163359529462
0.108461090625967301881438231703
0.121273541182481389699709950492
0.12379893947677049481637112649
0.136538109650780670190073351478
0.130162730665843690003313781745
0.134467467919881983329233321456
0.141812669695409981907019414393
0.130757452446933236656079202476
0.117936481817742980227059490517
0.115629722082994199072736307699
0.107382440403748558033214521856
0.0963869737297274181697659400925
0.0830417647609304476752356549696
0.0688350141468042353576350933508
0.0346334544411166234123555796032
0.0241092747720171272918232574511
-0.0076992389687186302271726390245
-0.0268933919241756899665141133937
-0.0541627188332393164071909552604
-0.0941762404241994616205246870777
-0.134550804667989853946608036495
-0.172940557641350634021648602356
-0.219891255572292443343229706443
-0.265695387834816831862383423868
