2
12.1365906632658884234388096957
0
0
0
0
0
0.706483815767051881451266126533
-1.03585894642088048660518670811e-16
0.707729198252570523841598060244
0
0
0
0
0
0
0
0
0
0
0
0
0
0
0
0
0
0
0
0
0
0
0
0
0
0
0
0
0
0
0
0
0
0
0
0
0
0
0
0
0
0
0
0
0
0
0
0
0
0
0
0
0
0
0
0
0
0
0
0
0
0
0
0
5.89212233446999635326415262204e-06
0
0
0
0
0
0.70772919825257063486390052276
2.12990716557529716314354317488e-10
-0.706483815767051770428963664017
0
0
0
0
0
0
0
0
0
0
0
0
0
0
0
0
0
0
0
0
0
0
0
0
0
0
0
0
0
0
0
0
0
0
0
0
0
0
0
0
0
0
0
0
0
0
0
0
0
0
0
0
0
0
0
0
0
0
0
0
0
0
0
0
