3
37.6298387616276812650539795868
0.114550564548850333790319666605
0.114640797098923552521654301017
0.11473112495126018550717361677
0.114821548261202888152610057659
0.11491206718441124290386312623
0.115002681876872445143611400908
0.115093392494883844934250305414
0.115184199195074193911025872694
0.115275102134368964690303016596
0.115366101470005394391549202737
0.115457197359545474246722562839
0.115548389960863348568942399197
0.115639679432191874730584402187
0.115731065932017360142758377606
0.115822549619208903237677077414
0.115914130652912020225109301919
0.116005809192620212844104798933
0.116097585398134084400112442381
0.116189459429576313898024864102
0.116281431447431263248581956304
0.116373501612452023845634130339
0.116465670085746250683733649112
0.116557937028745783880623321238
0.116650302603227007391950564852
0.116742766971264441688838076061
0.116835330295277997625369437174
0.116927992738006539252815230157
0.117020754462542356244547647748
0.117113615632252546228109224558
0.117206576410915461194939268808
0.117299636962587675026448152948
0.117392797451694425037160840475
0.117486058042943639079247475365
0.117579418901395046925806298077
0.117672880192515663666519287744
0.117766442081998198854186910012
0.11786010473595286141001992064
0.11795386832077692229603371743
0.118047733003261240414261123988
0.118141698950496018549749521753
0.118235766329887304060264341388
0.118329935309271772059247496145
0.118424206056703881784208931549
0.118518578740722760334058705212
0.118613053530071801966450095733
0.118707630593955865139221828031
0.118802310101826388843981874288
0.118897092223552672263231499983
0.118991977129353485032048354242
0.119086964989712343343519762584
0.119182055975541947856477520418
0.119277250258080017020212437728
0.119372548008904053040701853661
0.119467949399951256506113850264
0.119563454603533986242425157798
0.119659063792265971115647005263
0.119754777139144077957588763184
0.119850594817506220235436842358
0.119946517001095043220004754403
0.120042543863936840287109930614
0.120138675580450826618772453003
0.120234912325429182944347417106
0.120331254273957702349839848921
0.120427701601561312760857447302
0.120524254484101700501952336708
0.120620913097758894472200097425
0.120717677619119473364506234248
0.120814548225128451375276483759
0.120911525093052973911511571714
0.121008608400574382835124254143
0.121105798325729249742543913726
0.121203095046896719422235833008
0.00463817616768421626949336911139
0.199951498275013683780798601219
0.194554867587066915302074221472
0.189150670091192629751475351441
0.18373889507891727479460541872
0.178319531846622914006417204291
0.172892569663121303813468898625
0.167457997782280848531044625815
0.16201580546086200018685019586
0.156565981900372880319949331351
0.151108516314010427050718021746
0.145643397887987635641593442415
0.140170615795374736700651396859
0.134690159185873820080203699945
0.129202017187648315887926742107
0.123706178929585894343823326835
0.118202633505035750727252263914
0.112691370009842237176478363381
0.107172377487378622795688443148
0.101645645002897924702445209277
0.0961111615796893803409517431646
0.090568916232836610413770017658
0.085018897957571934465015317528
0.0794610957272379736515688364307
0.0738954985132744546216798653404
0.0683220952463385600150758136806
0.0627408748491252860057798557136
0.057151826246249287644118908247
0.0515549383140615768983394673342
0.045950199917187649345517996835
0.0403375999257154366217648089332
0.0347171271595545435917351539956
0.0290887704429956261975576126133
0.0234525185768711327827240609167
0.0178083603421538907984889021918
0.0121562844964349051762875220106
0.00649627979364435573228497844411
0.000828334959049612418353902842938
-0.00484756130158224898818453141303
-0.01053142029556765855990985159
-0.0162232533460794810242777685971
-0.0219230718084087033981077752287
-0.0276308870398662941025857975319
-0.0333467104183687371166122659361
-0.0390705533423920670088591577951
-0.04480242724343271726317183834
-0.0505423435567176476679307484119
-0.0562903137165100819760965578098
-0.0620463492242750228045089500029
-0.0678104615606123783955183625949
-0.0735826622234959509816221157052
-0.0793629627639426404872580178562
-0.0851513747207591209509303098457
-0.0909479096545065812673414029632
-0.0967525791594004425100195021514
-0.102565394844687837738739233373
-0.108386368316350803486791676278
-0.114215511220427293204160434925
-0.120052835230849752612414249597
-0.125898352011836800468103092498
-0.131752073273842945644318547238
-0.137614010727423796698332125743
-0.143484176088707449103765156906
-0.149362581147518574953281245143
-0.155249237653544425175056176158
-0.161144157417320826874984618371
-0.167047352240616009400042685229
-0.172958833948545387393380678986
-0.178878614400816982055175685673
-0.184806705459326869878111665457
-0.190743119023413121304599826544
-0.196687866997244081845863661329
-0.202640961300203148454102120013
2.96145506528045025884235192009e-12
0.311472806798645585057982998478
0.255846319532651689243607506796
0.206396921982258479966176878406
0.168543872887134543736564751271
0.121929885705936727480214187835
0.0931550913873980812596187206509
0.0664582992670062627782456843306
0.0339305309025918627741091881944
0.00679754618677823243405589082045
-0.0212731479184732688580972137515
-0.0468260744750852442308541867533
-0.0527006129369710918375346864195
-0.0786096932893262517749732865013
-0.100961357549590333149147625136
-0.106663413360482683955865468306
-0.114916794580168943329390174313
-0.132291006369177094326161636673
-0.136159212129357026777043415677
-0.13762120366704241880562165079
-0.151794823124931310687202312693
-0.144675421208901727743167953122
-0.143167113701864023855847563027
-0.134549411473572494424288947812
-0.140686402284205036572473090928
-0.138475240787400283304364734249
-0.120918492179788242268934084223
-0.121628805827973682229803387145
-0.116153622868981801219412375303
-0.108580238811124482611880637251
-0.0929853273545765829366516186383
-0.0793777855959398731533482873601
-0.0735788337608008768953027356474
-0.0536230958403380239540858553937
-0.0565008829276576265976395063717
-0.0342198953204225428392781793718
-0.0190631054457978850458221842246
-0.013840188882858194333036472301
-0.00435803581726785030370230344943
0.0214125093551514322776085919031
0.0258042796879023351996895740967
0.0444042018319073181209510892131
0.0573675523415024743445478350168
0.0686181507601681256458547863986
0.0795358387975618197351934668404
0.0845648723378394223670895257783
0.0966313389057838478812811899843
0.106660276794002084610468727988
0.123672482250828205674331172759
0.119046716047457659670705254484
0.123670250774884291078414833009
0.135239750976578809726902363764
0.139514280073548935234839518671
0.13353225452089242941688951305
0.133317262078042925166343479759
0.127965816982170993432177397153
0.126519795287605235634131872757
0.118694563264377092592916085323
0.109461818777042682593325650942
0.103773239837949879382783535675
0.0933952454892114786177970131575
0.0826327704480537827969044428755
0.0636856710017986299421366425122
0.0470551819143785812760150122358
0.0260509764783352915085146150886
-0.0101072014607253325702007629161
-0.0328075167616060023312307691867
-0.0692237435099068432187152666302
-0.0913353484144330957095192502493
-0.121205166025989338751678303652
-0.175642453340459497868053517777
-0.214427615049681247194612865314
-0.265767242367345557507718467605
