3
63.8133591552804020352596126031
0.114986816291981125415233577769
0.115065355870049818021172427507
0.115143970924450250725712407984
0.115222661560266129154861403094
0.115301427882722212769905922869
0.115380269997266235448840632216
0.115459188009482377479386627783
0.11553818202518338631445971032
0.115617252150383140185674335498
0.115696398491190038937403983255
0.115775621154028479642406068706
0.115854920245390916044847529065
0.11593429587199946539932682299
0.11601374814080941955118930764
0.116093277158900276546660279564
0.116172883033569762645242917642
0.116252565872297597415752079542
0.116332325782730228169725705811
0.11641216287277049434845110909
0.116492077250436421032020462007
0.116572069023956573219358290316
0.11665213830180436171968239023
0.116732285192529566808516960918
0.116812509805010594776675247886
0.116892812248197738855814975523
0.116973192631308287037228410554
0.117053651063742714111270970534
0.117134187655033389363623541612
0.117214802514996482840636815581
0.117295495753569206653921241923
0.117376267480928511699467264862
0.117457117807419172961225228846
0.117538046843603583013759816822
0.117619054700198219509665875648
0.117700141488138135259511329878
0.117781307318605504841357856094
0.117862552302884338040200873365
0.11794387655252534796712637899
0.118025280179241243150300988418
0.118106763294976643829947704489
0.118188326011841079998809789231
0.118269968442126921503998460139
0.118351690698407563395733177458
0.118433492893353212171980715084
0.118515375139895767775399804123
0.118597337551163070634707707995
0.118679380240444276584099725369
0.11876150332128758424499181956
0.118843706907389420890375220097
0.118925991112723269949036364324
0.119008356051336597336565148453
0.119090801837607979107858113821
0.119173328586058308031780939018
0.119255936411398963392649363868
0.119338625428579023224351374211
0.119421395752758882635724546617
0.119504247499266996745959090731
0.119587180783646024329058832336
0.119670195721680874823000806373
0.119753292429294166954178990636
0.119836471022698579091958492882
0.119919731618230870906494089922
0.120003074332506426413758049421
0.12008649928230125114581028356
0.120170006584599128873769302572
0.120253596356614492202119492958
0.120337268715808104468933947828
0.120421023779760924532489241301
0.120504861666310150725145433626
0.120588782493521895489152484515
0.120672786379644958465462423192
0.120756873443160342440627630367
0.00319991166563102051589861929415
0.19992891427176925911446403461
0.194513140405675605260071847624
0.189090317452210471271811798033
0.183660435706840013958540680505
0.1782234855228989611752865585
0.172779457219426335612411094189
0.167328341079191561524552867013
0.161870127321096984873705082464
0.156404806304826116125639146048
0.150932368196187383091455558315
0.145452803277006825766193287564
0.139966101744329995959503776248
0.134472253758773363507827980357
0.128971249564538259502199935014
0.123463079317042520588465492892
0.117947733138310126288494927849
0.112425201174214672850126817139
0.106895473563429585506234786862
0.101358540392033943944305462992
0.0958143917849774984230037944144
0.0902630177827401652956851307863
0.0847044084489897985967843396793
0.0791385538312982528275085769565
0.0735654439608915411419332031073
0.0679850688617307796768329808401
0.0623974184926268035655816390772
0.056802482860504113770794276661
0.0512002519242478887351310845588
0.0455907156257885359806891756307
0.0399738638992336581257092120723
0.0343496866805951539536323480206
0.0287181738357606373968078372627
0.0230793152494855532963491384635
0.0174331008181273471036032418624
0.011779520387768667791239529663
0.00611856374606991812448164580474
0.000450220780458466878718587489416
-0.0052255187303019224112632379331
-0.0109086650117834176726416828274
-0.0165992283113993027710009187103
-0.0222972188443771729415843196875
-0.0280026468572621874131289843035
-0.0337155226962730439344007038471
-0.0394358565655718029674403624085
-0.0451636588190693216704474366452
-0.0508989398216237731720212877917
-0.0566417098842320818063988951963
-0.0623919793649651624467544763775
-0.0681497586248389075613829390932
-0.073915058092229063424483115341
-0.0796878881469932770498232343925
-0.0854682592668666585300485394328
-0.0912561818317123019106418269075
-0.0970516663356285336217155190752
-0.102854723271568457287905573594
-0.108665363083770755148194098183
-0.114483596324994524318086064341
-0.120309433505063720359906653812
-0.126142885197531973151541251355
-0.131983961913783837127667197819
-0.137832674293722701186482026969
-0.14368903286058931634272539668
-0.149553048303984081890405377635
-0.155424731191053183687600380836
-0.161304092169069823725635615119
-0.167191141968285855723408417361
-0.173085891186440105071753237098
-0.178988350572061194476702894463
-0.184898530831328650192446616529
-0.190816442691210452764494220901
-0.196742096880604316888607741021
-0.202675504205642675881193781606
8.36094185936796783237251324736e-13
-0.308354612358213042710985973827
-0.278641983420913563751497576959
-0.245787115327066318926085841667
-0.167758664246786232121522175476
-0.0438631605346597522321339113205
-0.114213250873050800593411224781
-0.0888233494089965824880295031107
0.0575706496963101846398025429608
0.0304918575782446889255172806088
0.0752745059393690602034254766295
0.0285199354894528876724901778061
0.0491010220163068181187249194863
0.0829128507199860531606816493877
6.36194057977758229078038554327e-05
0.141410718515698197172980599134
0.172540764255972922658344259617
0.149846681067212494919971277341
0.181876303106454501046229665917
0.149158887342413060128620827527
0.0966697084055981037398197486255
0.0843808649393918558390126349877
0.165705733736043747672539439009
0.182281649243577564822871295291
0.117132781406254105061037762425
0.0629932219350030908611159929933
-0.00165571054264537797541534391854
0.0940734331704466270052122922607
0.134867935932776183971526506866
0.100344428307762120744506262326
0.0855934040434455645218747577019
0.0509843301795591744007829504426
0.0543982439699191785975607160708
-0.00733693173320553761185269792122
0.0196522693714514147533822807645
0.0908358344971109676890819173423
0.000644878059501645243579981414683
0.0117637618667879740447235192846
0.00747594083428420805303993290636
-0.0303416579450201812084841890282
-0.0569950825217639470143815572101
-0.00817906522285409207095874251081
-0.0804917607981986971132926100836
-0.0348231780428240322855515387346
-0.187459980943992271518183656553
-0.026432663630443126862035185809
-0.0831610387861179967128322232384
-0.0468779534127212599292633399273
-0.0312796731434062530441408966908
-0.0943790396387719221493739496509
-0.120954784678174567802422245677
-0.0309516402561804682136425981298
-0.120187174899441667763611008013
-0.0827160301989990492943505273615
-0.107819649268196329772173669426
-0.0938413803735012874707166474764
-0.112472471690071185168591227921
-0.144303139881073488881568778197
-0.100944613437597807692469586982
-0.110072593591858364225899435951
-0.119469153139592151879888604071
-0.133252133350504314845963449443
-0.145081371370584605307030301447
-0.0681692100405749679126188311784
-0.0595918986163598909944205672673
0.0165546981198139465940588621606
0.0356565092614999426534616588924
0.065552999772087144902954491954
0.13563389571270911826417204793
0.121100060126238529001341248659
0.199345999768507253779858956477
0.200801606644374325272295322975
0.233437803663615328630953626998
