3
29.6253001839694647401302063372
0.114358233345654258794610313998
0.114453603723693564386820753498
0.114549078624241004731310056286
0.114644658227223819602080823188
0.114740342712897375188063620044
0.11483613226196420775693241012
0.114932027055445723506821309456
0.115028027274758762321660299222
0.115124133101715819815780150748
0.115220344718510253612109295318
0.115316662307729037029169205653
0.115413086052347679810736735817
0.115509616135672538161927036526
0.115606252741472098621855479905
0.115702996053870466042212683533
0.115799846257386152004187351849
0.115896803536918183152870653885
0.115993868077746878353373460868
0.116091040065576217577003603765
0.116188319686501104199827238972
0.116285707126972767677663966879
0.116383202573884458885800086136
0.116480806214479357119095936923
0.116578518236428230192558430645
0.116676338827817582810553176387
0.116774268177080711716975258696
0.116872306473100803780873491178
0.116970453905101967606583457382
0.117068710662771871544585167157
0.117167076936190495128897737231
0.117265552915786899768058049176
0.117364138792478561734711206554
0.117462834757519868356112624497
0.117561641002594974292350116229
0.117660557719797470577205444897
0.117759585101631036874181290841
0.117858723341033547193923425311
0.117957972631275248565074775797
0.118057333166124794887608118188
0.118156805139708262486486489706
0.118256388746598231631601549907
0.118356084181762147289340703082
0.11845589164059357190073029642
0.118555811318894546713131887827
0.118655843412883071907870657924
0.118755988119195993180099435449
0.118856245634904461594416602566
0.118956616157481043227761574599
0.119057099884816983137447721219
0.11915769701527403889862455344
0.119258407747559733169673279463
0.119359232280852295415840558235
0.11946017081475832077863685754
0.1195612235493303393552011471
0.119662390684965466713940429599
0.119763672422576072928990242872
0.119865068963462315099199884116
0.119966580509363054951599281139
0.120068207262447296246321570834
0.120169949425339483983776744935
0.120271807201060024206107357259
0.120373780793105053521507841197
0.120475870405341037305824158921
0.120578076242141452034672965965
0.120680398508306432892034365523
0.120782837409013812934865939042
0.120885393149970335469056692546
0.120988065937264022142727526443
0.12109085597743476925280958767
0.121193763477487267965493344946
0.121296788644825043190778046664
0.121399931687351372855410147622
0.00469562140689095113693651839526
0.199975460957616979484896546637
0.194586096452203372031419803534
0.189188968967213433369778385895
0.183784067418090363288385447049
0.178371380706493581902449818699
0.17295089774916155844763920868
0.167522607410914958769865279464
0.162086498534190437403879059275
0.156642559986305968111608422078
0.151190780564179200196051056082
0.145731149091293948893977017178
0.140263654343829258230869072577
0.134788285088314890858285366448
0.129305030081628830052054013322
0.123813878058615448041202000695
0.118314817717192155566152678148
0.112807837767069152334897808032
0.107292926879885841540129831628
0.101770073723520426689503892703
0.0962392669331617045536120258475
0.0907004951341695425659494844695
0.0851537469310015837642424685328
0.0795990109178058707906089352946
0.0740362756575129177250005341193
0.0684655296969320648070578272382
0.0628867615730102080817687237868
0.057299959789604393289863537575
0.0517051128626964118240039169905
0.0461022092512139644582269681905
0.0404912374207897982070214482064
0.0348721858056381117663136137708
0.029245042835189371394077895161
0.0236097969080030847810469651904
0.0179664364070735854683746879346
0.0123149496993168704184196116103
0.00665532512780231660237673096958
0.000987551019068784018822837467155
-0.00468838430136631675176905886815
-0.0103724925606075834422226122911
-0.0160647854774518261677940245136
-0.0217652748112437399718999131437
-0.0274739723142587294324457047878
-0.0331908897783732073638596205001
-0.0389160390127156544104458646416
-0.044649431832102556838570706077
-0.0503910800873526645848876626133
-0.0561409956301160278924200497386
-0.0618991903411075794494422552816
-0.0676656761289063657383024974479
-0.0734404649028297940027698587073
-0.0792235686144290851551374998962
-0.0850149992018259803572277633066
-0.0908147686484540306306456614038
-0.0966228889599341500549201100512
-0.102439372146804999474944963822
-0.10826423023787849764243418349
-0.114097475286557087370553631445
-0.119939119371821639736808151611
-0.125789174588987834324527170793
-0.131647653040170953264720310472
-0.137514566867153881224439260222
-0.14338992822317619957317447188
-0.149273749264892952037797613229
-0.155166042204726184472463046404
-0.161066819227957624960367866152
-0.166976092582068275094187015384
-0.172893874516241330407950727022
-0.178820177303279731484408898723
-0.184755013219058100704117464375
-0.190698394591225395267031217372
-0.19665033373989962428574074238
-0.202610843010624930293772649748
3.94870048167598186154556073837e-12
0.309208859862206253410477074794
0.262106108852447616808234442942
0.214008579330838943910464422515
0.16744892151944509861571930287
0.130282371983121370018210427588
0.0904016104971502171272490500087
0.0570518971333377339361092595027
0.0351967657199691863478818731892
0.000323672163471699014195698262952
-0.0225562445998338211017308907458
-0.0467757679654319941109363867326
-0.0655482217816516637975965409169
-0.0874168964840381229608468061087
-0.0952158641590707816027006060722
-0.108597668405200104002616967591
-0.117927403511563375082538129845
-0.13110263621643533649141488695
-0.130093744953369894190586819605
-0.135306041064155641029387311391
-0.141335500959020365918661354954
-0.141152135133962158830556177236
-0.14377672525244661327903372694
-0.137558456333350009881399955702
-0.135547351262635701329983817232
-0.131357586528951186810587614673
-0.128210207446041335455078069572
-0.122162377175418834784892396783
-0.112517645222579440456023291972
-0.101341489386392716309792660923
-0.0978223064019468069307805535573
-0.0882534098588147603026143883653
-0.0719688053155698864715716922547
-0.0612421319528293484069081387133
-0.044599364068122711313169048708
-0.0376412916628590665801823433867
-0.0277562936180458068313736674781
-0.00597962301073206095591849873472
0.00607363499850077821762273089234
0.0142272563612402380001098478601
0.0288525152891500706597849301716
0.0377368429285545939344537202942
0.0557421822957683207877543907216
0.0618935548113897782140924164196
0.0824200169417655392756216770067
0.0889156715584659834705760772522
0.0999651777114741596497182740677
0.107842768219836307452830226339
0.120668031888534227347165028732
0.119078417108197040508166253403
0.123339713775950099439171481208
0.135353406924004632250202462274
0.129019183353941024883226873499
0.133168510174246024213573491579
0.133847682901335973681966606819
0.132083087996851145096144364288
0.12165806320515588911934656835
0.116972406265988621010265546829
0.122212177359760545969358247476
0.104160918235858490632494977035
0.095392379337048124887665778715
0.0792401726983673476700786864058
0.0571671395871155563206400529452
0.0488557528164832305384024380146
0.0175490081185275398345524422439
-0.0036265470475575654549227344603
-0.0292142099032471069808281072255
-0.0559672173749167639611457047977
-0.0931922280834491939538466453996
-0.13704589131881433905491007863
-0.166650041259555958816918064258
-0.216646746795263189788727231644
-0.266312793055025143207359406006
