2
0.335065335674494535478373791193
0
0
0
0
0
0.706561606952385123925353127561
-1.17238482227948211927429769857e-16
0.707651535418996391335610951501
0
0
0
0
0
0
0
0
0
0
0
0
0
0
0
0
0
0
0
0
0
0
0
0
0
0
0
0
0
0
0
0
0
0
0
0
0
0
0
0
0
0
0
0
0
0
0
0
0
0
0
0
0
0
0
0
0
0
0
0
0
0
0
0
9.09557994134246545294325602196e-08
0
0
0
0
0
0.707651535418996502357913414016
4.31220971842125552668570487489e-10
-0.706561606952385012903050665045
0
0
0
0
0
0
0
0
0
0
0
0
0
0
0
0
0
0
0
0
0
0
0
0
0
0
0
0
0
0
0
0
0
0
0
0
0
0
0
0
0
0
0
0
0
0
0
0
0
0
0
0
0
0
0
0
0
0
0
0
0
0
0
0
