3
54.5767649564850430010665149894
0.114055620486768802268606748385
0.114159054729039588504946323155
0.114262608542525317956162211885
0.114366282148219075565087621271
0.114470075767548432055242813021
0.114573989622517843911531087997
0.11467802393555021067683696856
0.114782178929610512163606017566
0.114886454828136488903744805157
0.114990851855079859178410117693
0.115095370234871985370972424789
0.115200010192508639494946010018
0.115304771953420107100107827591
0.115409655743528447024992544812
0.115514661789363287658360945898
0.115619790317832343840009912128
0.115725041556427321598476964937
0.115830415733168851089018858147
0.115935913076518196107578262399
0.116041533815507025284574638135
0.116147278179632662542530852079
0.116253146398941201167254178017
0.116359138703996625729963909635
0.116465255325848601741789423158
0.116571496496119045294115323941
0.116677862446873129020907811082
0.116784353410757019142707235915
0.116890969620928097949530410915
0.116997711311033966707917386429
0.117104578715310159164886272265
0.11721157206845188303301341648
0.117318691605728456228696643393
0.117425937562882484743731481558
0.117533310176255581525062154924
0.117640809682692068505183158322
0.117748436319559682261548516635
0.117856190324739082408989077067
0.117964071936715375610305045484
0.118072081394429234668663752927
0.118180218937445874471947604434
0.118288484805782356801273635938
0.118396879240041774661307272254
0.118505402481357574595577375476
0.118614054771454272008135433225
0.118722836352500762946426959843
0.118831747467313536548161323481
0.118940788359191085277188904001
0.119049959272019084677296518748
0.119159260450208207005040605964
0.119268692138738099939310188802
0.119378254583105219976957300787
0.119487948029435464558645207944
0.119597772724336040561787797287
0.119707728914990083057823255785
0.119817816849156461023184760961
0.119928036775173482708645167349
0.120038388941859655578703325318
0.120148873598705754894844233149
0.120259490995681880831646992647
0.120370241383356155195905046185
0.120481125012846065902571979223
0.120592142135876920217008034797
0.120703293004707959412691309353
0.120814577872170883510172245678
0.120925996991690390403029198296
0.121037550617264150210061757207
0.121149239003454520235969482655
0.121261062405369643424357661843
0.121373021078762910462955915136
0.121485115279932331944223733444
0.121597345265726117236049219628
0.121709711293652891872518750915
0.0117697539606632720077250553459
0.200024329315882459789932568128
0.194645454598617373420665899175
0.189258534066952505137138018654
0.183863556120840154761708618025
0.178460509133584882546230687694
0.173049381460811640964791990882
0.167630161446418790571755152996
0.162202837407767863631136151525
0.156767397648491235706558200036
0.151323830445950380241271204795
0.145872124071838610293028182241
0.140412266782456995883876516018
0.134944246784253013560217482336
0.129468052296532437628329148538
0.123983671509529991272557936099
0.118491092594028304962883169082
0.11299030369939121187794484058
0.107481292960144581005721420297
0.101964048488055167296373326735
0.0964385583904072279937125244942
0.0909048107232951901890416479546
0.0853627935648784003097588879427
0.0798124949406232575555009134405
0.0742539028690298585910767314999
0.068687005359731684306368038051
0.0631117903779445793555069599279
0.0575282459041839208668811522784
0.0519363598706514412173262940087
0.0463361202020878479301835284332
0.0407275147944870172245224182461
0.0351105315429565412177481675826
0.0294851583006154084609651278015
0.0238513829355422903033545622975
0.0182091932535410477855819522119
0.0125585770683373180306441341259
0.00689952216496195029626914418941
0.00123201631144939844665631145659
-0.00444395274073759814076334251354
-0.0101283972744801026300009993975
-0.0158213295653227663251083612295
-0.0215227619333597901263299689845
-0.0272327067066393466165941106283
-0.0329511762370255575915756196537
-0.0386781828954387355001820480993
-0.0444137390687995084470607309868
-0.0501578571775600084992063898426
-0.055910549632174330603184841948
-0.0616718288971325398484246704811
-0.0674417074378414332924691620974
-0.0732201977497034250941254640566
-0.0790073123305889413181546387932
-0.0848030637279072602163765282057
-0.0906074644716290400481284450507
-0.0964205271496051674606775350185
-0.102242264345732428165725025337
-0.108072688663840690836970281907
-0.113911812746149601616174606988
-0.119759649241062915425715118545
-0.125616210808030703827142815499
-0.131481510159055237085823364396
-0.137355559992431375260224513113
-0.143238373047857719955189281791
-0.149129962073158373048187286258
-0.155030339849238057992053541057
-0.160939519160623462079584555795
-0.166857512831971116495921592104
-0.172784333693858177527502562043
-0.178719994602637377578702171377
-0.184664508443400210424556462385
-0.19061788810157531681710452176
-0.196580146508345432465603153105
-0.202551296592453577982695378523
1.43263351218671767547737962427e-11
0.305875431358336113962792524035
0.257600936823843384981813642298
0.213093589674421962643080519229
0.167440369381540221649373734181
0.13153275541056694275532379379
0.0962621675654375952291275098105
0.0617008711126263223456511752829
0.0307725706917944819007715295811
0.00532216849692681778782876733658
-0.0236048401698720905494965904836
-0.0438074839359731335597381018943
-0.062720649693317739870046523265
-0.0828767047153470964859778291611
-0.094640710050955548227058500288
-0.111402626277394070641868495386
-0.118565002634668514858162780001
-0.127777564467371984591181899305
-0.132850140008942879665809755352
-0.137275570821717929348437792214
-0.143959841986831760252130152367
-0.145020489525242268769034126308
-0.147746111439694821632073740147
-0.137823425485202183393695918312
-0.136365152851325194260923012735
-0.136218783201748377953421709208
-0.128177483259527186243431629009
-0.11940936260705152516248261918
-0.113733850204879166634341913777
-0.102293087816174549375958235942
-0.0940941992223259665584222943835
-0.0802016875114993227358084482148
-0.0694059399513219515975848139533
-0.0615383459580259584154049434801
-0.0504656147516256148310986873184
-0.0377475275052671990771990806479
-0.0249084813142422638321260563998
-0.0132584647914824847736436908008
0.00525832820197524690442048012073
0.0194482366035305109797093336965
0.0313638337938638434021498824222
0.0416861343084823018911855285751
0.0535591361971680460229983111731
0.0644439685608509810199606704373
0.0744513904562575379308952960855
0.0835084308916862333438402288266
0.0990717668834234510555347696936
0.10656972244882452482972468033
0.115598381735336541709102675668
0.121776101448592688480943024842
0.126089546692499443469870357148
0.128882877498284753592372453568
0.131207604039407982332576807494
0.135877301760076341086147522219
0.135875768324765500150164143633
0.132948673102465275697170454805
0.129194915415305200401263618915
0.123155213957594364404535269841
0.118869123015593672332279595594
0.105938832476942162985622530869
0.0919580227619553741691404979974
0.0774355134491983565503403497132
0.0646784034275513231015963810933
0.043645264185160279057917875889
0.020522523822992744246818119791
-4.34949995909390002709303535422e-05
-0.030897220503308491651450751192
-0.0640762288751508118922473045131
-0.0966174501778589017719767184644
-0.134427024232846775708694053719
-0.17288259547952461447906102876
-0.212940149295338415624812000715
-0.262792934295601077199222572744
