2
464.772860681870781718316720799
0.115191401162577311545476277388
0.115264436756916777149228892085
0.115337539109496123312936788352
0.115410708305137735263379283879
0.115483944428737758669534230194
0.115557247565371043473980705585
0.115630617800265719785635099015
0.115704055218774526370140165454
0.115777559906338256556779242601
0.115851131948602067978093543843
0.115924771431304862723266069224
0.11599847844032779020650991697
0.116072253061726957112931302163
0.116146095381655128919717867575
0.116220005486391622651076716011
0.116293983462416594676369641093
0.11636802939629790898390382381
0.11644214337473847431514428763
0.116516325484612714991072834891
0.116590575812893157414684708328
0.116664894446745021072686654406
0.116739281473441994241291297385
0.11681373698039504427370616213
0.116888261055145548095168805958
0.116962853785418985363975252767
0.117037515259014401891590750893
0.117112245563959729843794832504
0.117187044788343949774933605568
0.117261913020439534349748100794
0.117336850348642746100225053851
0.117411856861516158967440048855
0.117486932647742223223552571199
0.117562077796149633268640855022
0.117637292395713646819821462941
0.117712576535556626144973790815
0.117787930304944110648790456253
0.117863353793280126180498257327
0.117938847090122561622749230992
0.118014410285154053292799858355
0.118090043468213390376320148789
0.118165746729298720696377245076
0.118241520158527305128792761479
0.11831736384618825319581247868
0.118393277882683098378713282273
0.118469262358601362672416712485
0.118545317364628782774715887172
0.118621442991671308120338323988
0.118697639330689677650276792065
0.118773906472869408834647231288
0.118850244509503655265802990471
0.118926653532036394333992745942
0.119003133632088184401531805179
0.119079684901375076888641046935
0.119156307431815391972840245671
0.119233001315446118795193797268
0.119309766644474901653438791982
0.119386603511205974248454708686
0.119463512008180727796968767507
0.119540492228015451936506963193
0.119617544263508943092055858415
0.119694668207621923716743594923
0.11977186415341012359903061224
0.119849132194159810338440763644
0.119926472423254548704818489568
0.120003884934255428129645792978
0.120081369820844233164969239169
0.120158927176898772115620772638
0.120236557096404586553184401509
0.1203142596735539832097927615
0.120392035002598415949215393539
0.120469883178099743115119224512
0.120547804294591553997406663257
0.0103407048734786843890987029226
0.199943388643988112507443588584
0.194516548359859542394190157211
0.189082958686358909572433617541
0.183642610678494244691449921447
0.178195495291307237639699678766
0.172741603339061605693061096645
0.167280925791140872016526941479
0.161813453503680038103595961729
0.156339177449200117386851616175
0.150858088395406264581311006623
0.145370177261766819754029711476
0.139875434876967408293069183856
0.134373852025811119093035017613
0.128865419572607942111375223249
0.123350128261739980239930503103
0.117827968886397724257442121143
0.112298932253847155715575922841
0.106763009094137287235959377085
0.101220190092737444276238534258
0.0956704660564407921574670012888
0.0901138276604244864431692008111
0.084550265549769146322667268123
0.0789797705228097446372714784957
0.0734023331542636853219718773289
0.0678179440943463829327697567351
0.0622265940385584095939641713358
0.0566282734943856780329696221088
0.0510229731730075936058099728143
0.0454106836571571761962395896717
0.0397913954685466947358563061243
0.0341650992286695251443084941911
0.0285317854357077134441755816852
0.0228914446406441249304286600363
0.0172440673834896966709617771585
0.0115896441472019533919235456665
0.005928165400576312568658998714
0.000259621679156084642341867363413
-0.00541599662429148847458959536993
-0.011098699067311205285202291293
-0.0167884951552159239485106922984
-0.0224853945401147295446442342381
-0.0281894068176286802240859685753
-0.0339005416255475852671530390126
-0.0396188084636364679091968810098
-0.045344217155401912722201274164
-0.0510767772449780346755154880611
-0.0568164984537325792879336461283
-0.0625633904878496877044469215434
-0.0683174630225028972629885970491
-0.0740787257993391762278534429242
-0.0798471885677343312659459684255
-0.0856228610695074776604229782606
-0.0914057531031585018821417065737
-0.0971958744182330747207743115723
-0.102993234808360881182842661019
-0.108797844139593521961550948163
-0.114609712201263230779701984829
-0.120428848822827588849193602982
-0.126255263951394774979419821648
-0.13208896741458711621142185777
-0.137929969035890359618790057539
-0.14377827888055361160724032743
-0.149633906722512699527527502141
-0.15549686259325826154231720011
-0.161367156428183639027551521394
-0.167244798192020066585072868293
-0.173129797925855949403128875019
-0.179022165512850134350131270367
-0.18492191110664535358409921173
-0.190829044653694324118475833529
-0.196743576243914364276577089186
-0.202665515872293922061686544112
