3
2152.83668507100901479134336114
0.114386699022192298014211075952
0.114481309618789009463490913276
0.114576023355941331027807450482
0.114670840409823074357298366976
0.114765760956982237894763443364
0.114860785174383361884054011171
0.114955913239304541306751161756
0.115051145329404524986216529214
0.115146481622766458374762521544
0.11524192229776537843566330821
0.115337467533227364113734836337
0.115433117508311811061361140673
0.115528872402547347353340967402
0.115624732395878226931529297872
0.115720697668590957740697433564
0.115816768401362416018862688816
0.115912944775273488162703472426
0.116009226971727275046220029253
0.11610561517257902974797900697
0.116202109560012034616960363564
0.116298710316636993988836934477
0.116395417625378971848704168224
0.116492231669646825742425733097
0.116589152633148313009670005158
0.116686180700034156099142990115
0.116783316054816344031763719613
0.116880558882393473241201320434
0.11697790936807835049382475745
0.117075367697555665635888999532
0.117172934056891817067302952182
0.11727060863257446343688172874
0.117368391611478578573368736215
0.117466283180836378319256141367
0.117564283528326915528872120831
0.117662392841992216596658238359
0.117760611310307211629933021868
0.117858939122087114093062609754
0.117957376466603786058229275113
0.118055923533486151200122549199
0.11815458051281566009826917707
0.118253347595000279923738162324
0.118352224970944691628815803597
0.118451212831865437813405605993
0.118550311369460439903100734682
0.118649520775784486636972303586
0.11874884124331140655694838415
0.11884827296493319370718211303
0.118947816133937164795320029498
0.119047470944056599240212790392
0.119147237589362187115682445437
0.119247116264415101150042630707
0.119347107164154558889279655887
0.119447210483924662338672817441
0.11954742641949314685412275594
0.119647755167052255442783348371
0.119748196923203834018956115415
0.119848751884961815528107820228
0.119949420249761420920187049433
0.120050202215501250480045314362
0.120151097980414109378521914095
0.120252107743220496005598363354
0.120353231703042101718992284987
0.120454470059442625418100192292
0.120555823012359619728073312217
0.120657290762250332671889907488
0.120758873509900069298517166771
0.120860571456560039749206225679
0.120962384803956823908777096221
0.121064313754146626878060999388
0.121166358509714328084427847898
0.12126851927363628547151819248
0.121370796249313017689530624921
0.329847435078090778226567181264
0.199971518539029252670147229765
0.194581111950664575882541384999
0.189182970494687047180448757899
0.183777083156004911179692840051
0.178363438892725739703948306669
0.172942026656958930397323115358
0.16751283537748720697813098468
0.162075853964669447382362932331
0.156631071315880887606653004696
0.151178476299159814111305877304
0.145718057778165127613689833197
0.140249804597513572090861089237
0.13477370556778722754387445093
0.129289749510784618413694602168
0.123797925203442779618079327975
0.118298221416769447356109878911
0.112790626900409460264818051201
0.107275130391427511722390875093
0.101751720593264191605520352368
0.0962203862241958057799351422545
0.0906811159436108626952233180418
0.0851338984244268820456014168485
0.0795787223000996857269484507924
0.0740155762043048365272923660996
0.0684444487304321502740833693679
0.0628653284842250054120782465361
0.0572782040147900087245780298417
0.0516830638934225664038457637162
0.0460798966371930365792941586278
0.0404686907694612810204581876405
0.0348494347889590910805068801892
0.0292221171554334635533933806073
0.0235867263482254022055606412778
0.0179432507922261258448415333078
0.0122916789251166364005385389646
0.00663199914396434518637502009142
0.000964199824919162820115181578018
-0.00471173065053546568509146297288
-0.0103958039558796847684485342711
-0.0160880317458608791680862992735
-0.0217884257176026753521913548184
-0.0274969975704339765487649316356
-0.0332137590549926239869016342254
-0.0389387218887336516992547785776
-0.0446718978528240773240298722158
-0.050413298732571415472492049048
-0.0561629363364826231230786390825
-0.0619208224775679716422871479153
-0.0676869689952390024556549974477
-0.0734613877650830277010740587684
-0.0792440906507355380394841404268
-0.0850350895574823739675451861331
-0.0908343964085869953750673744253
-0.096642023138568233786571681776
-0.102457981699087721794150240839
-0.108282284072331522195575814749
-0.114114942254820453393371337825
-0.119955968254918707294187640855
-0.125805374110717127500436163245
-0.131663171876715917596456506544
-0.137529373623623524247605587334
-0.143403991448718737267142842029
-0.149287037448320142329905024781
-0.155178523779824023565154789139
-0.16107846257822414082205852992
-0.166986866017164947706419297901
-0.172903746289855553275316424333
-0.17882911559932515577209244384
-0.184762986188318684144249459678
-0.190705370300899318403153870349
-0.196656280205121214432750775813
-0.202615728191854777007208099349
2.65402479317469720755571554658e-10
0.304766529561788457325377521556
0.258715023639192798210473256404
0.212777257362675997764966950854
0.169133367115553184811815867761
0.129593793344124824651331095993
0.0980860043347728249862882421439
0.0572380169345881595344138759174
0.0327208590567402424209575428904
0.00259757022302451855838567595924
-0.0230204601664682241557446928937
-0.0434113347045584560546238606094
-0.068963918871351864714469570572
-0.081817613679209005850267999449
-0.0905727594915187866897454682658
-0.106673883855091744532472830542
-0.113923654283344527593513362262
-0.130198553442099879129401074351
-0.137124095566478032548474175201
-0.146008097284906712687302388076
-0.138297424762137355358504464675
-0.141912324282747276393834567898
-0.145922029617523651978672205587
-0.141525730647756919911017803315
-0.140165672243075745129203824035
-0.133262472245960578165480114876
-0.124294989203934780341853638674
-0.118654730643615521912259680448
-0.113413718930360174486082769363
-0.104128793910099173847250142444
-0.0913470810635961666390514324121
-0.0758851625819540881456859438003
-0.0747525105170899206719070662075
-0.0566089463162998338119358265885
-0.0460164827562657002824053620316
-0.0374401086341259181633489561136
-0.0240385987952577602488890562427
-0.00553476201725078883336683688299
0.00140266842547207546722243254322
0.0115931407774036397684280785825
0.0243136229624998749521136431895
0.0426997421010110594918884885374
0.0587270182213827096617819734092
0.0621931170964372254106322657208
0.0717103282167134842284283990921
0.0834466134386724622817865792967
0.09494084712493776334607531453
0.10205780885705877103486471924
0.114164248616682784120968108255
0.122143795390774675957423767159
0.12633865368434224474292193463
0.131256011605046574164390449369
0.127033733823300465370920164787
0.134018227591183702873678385004
0.138728247883682348495781866404
0.135375835087042539761625903338
0.12873549279692275693065539599
0.125781778661883586467595819158
0.115960477644460879798060659596
0.107699493916117092218165396389
0.0959892812078035201350800775799
0.0780010565162680830075814242264
0.0677194367127084695390237811807
0.0446061933463735640903458090634
0.021899848536648152536043809846
0.00080241269464930201592289815693
-0.0306098204684920431606354185305
-0.0660402808273137659211826644423
-0.0953694919750877334596594891991
-0.132171629321610417662213876611
-0.171335938845967344912324392681
-0.217776830757832023932607512506
-0.266702437909838330210021695166
