3
1490.24019498071766065550036728
0.11499121314536632498803925273
0.115069634579057195056250861853
0.115148131297581834964205427241
0.115226703405513233868795452963
0.115305351007658304918201963574
0.115384074208988371412765161494
0.115462873114640374172523706875
0.115541747829925323109989676595
0.115620698460385640249370453603
0.115699725111723730752721905901
0.115778827889813432094889833479
0.115858006900722787513302591833
0.115937262250712352917858538603
0.116016594046232421333364470684
0.116096002393896335913581197019
0.116175487400553945072090300528
0.116255049173157445907555995745
0.116334687818926030278277039542
0.116414403445250669300037316134
0.1164941961596794445243929772
0.116574066069957377189680869378
0.116654013284071322864576814027
0.116734037910115273639632960112
0.116814140056436865933164881426
0.116894319831553281097136220978
0.11697457734414085095409063797
0.117054912703136018703453657963
0.117135326017595742253973867264
0.11721581739682460088225468553
0.117296386950269573845595516559
0.117377034787618253486307651201
0.117457761018723724766310567702
0.117538565753636456423514289327
0.117619449102607798174346953601
0.117700411176042560312815510315
0.117781452084641483080140744732
0.11786257193919492947120630788
0.117943770850721205145639203238
0.118025048930466933128080597726
0.118106406289835277889643805338
0.118187843040442511211018938866
0.118269359294103496016425935977
0.118350955162828230804450413416
0.118432630758830662043301629183
0.118514386194503829052848686842
0.118596221582460692456351125657
0.118678137035514788544254827229
0.118760132666636028520024126465
0.118842208589079789682330101641
0.118924364916198399555469222832
0.119006601761641725434337502065
0.119088919239191404209066149633
0.119171317462856155011685643785
0.119253796546863841121499660858
0.119336356605615923065499828226
0.11941899775371991876404820232
0.119501720106009776123379140245
0.119584523777507847897005888171
0.11966740888344508386698095137
0.119750375539229653165662625725
0.119833423860535331906262968005
0.1199165539631776022932996284
0.119999765963229365617337407457
0.120083059976911932231757873524
0.120166436120723266189891376143
0.120249894511313626388471220707
0.12033343526558251679325906025
0.120417058500582069280326891203
0.120500764333628634927819689437
0.120584552882218365432720474928
0.120668424264085000219282051148
0.120752378597105858304416869942
0.0737456667932036846746512992468
0.199929003648217751276661147131
0.194513010383029927297116046248
0.189089973983836812099212920657
0.183659884755886709806205203677
0.178222733031905056222399252874
0.172778509169512511922661701647
0.167327203430399140682283132264
0.1618688061271548184194557507
0.156403307535931401783813043949
0.15093069791274621449517212568
0.145450967481492499100426130099
0.139964106486634765058596485687
0.134470105137558582075740787332
0.128968953618671805516626704957
0.123460642134116935220156108244
0.117945160826950681820513011644
0.112422499842791914770323558059
0.106892649336285533445689566179
0.101355599435436205535410181255
0.0958113402056320201394257196625
0.0902598617425987986839786003657
0.0847011541210219431885519725256
0.0791352074383507991806041559357
0.0735620116621247405186423407031
0.0679815568682474585804342837037
0.0623938330355435569196664857827
0.0567988301837245371239681901443
0.0511965382632293200537709765285
0.0455869472668950850846592004473
0.0399700470869196813894497211095
0.0343458277087326305232473089291
0.028714278990946268815820374698
0.0230753908747944047608058326659
0.0174291532092989490121404116962
0.0117755558844710173094227911861
0.00611458873295598823172092295408
0.000446241590656758365610740080243
-0.00522949570936753847100186831653
-0.0109126334128932470785011688008
-0.0166031817073911680537889878906
-0.0223011508368962593773510150186
-0.0280065510399497286098124959608
-0.033719392553155841385503777019
-0.0394396857289714061756136231907
-0.045167440795880434145637138954
-0.0509026681253919657810236287787
-0.0566453780198741888018965084939
-0.0623955808190203367602499895384
-0.0681532868919316608957714720418
-0.0739185066437133136973969271821
-0.079691250445051375894678358236
-0.0854715287201300299990691655694
-0.0912593519158277494129904994224
-0.0970547304386187165148314193175
-0.102857674793049871930783467633
-0.108668195425905597661930812592
-0.114486302870623404825956015429
-0.120312007603127199550918646764
-0.126145320195236582128117674984
-0.131986251166574919402307841665
-0.137834811095871812014479473874
-0.143691010564877985622445066838
-0.149554860165506731117801564324
-0.155426370495864440979261189568
-0.161305552203362928542773602203
-0.167192415941002814339100268626
-0.173086972419227907993288795296
-0.178989232240752221825275114497
-0.184899206130022086824737925781
-0.190816904875114684569936684966
-0.196742339124867077204683596392
-0.202675519637593060107150222393
1.97950727567386490316384051954e-11
0.278105207390854980431527110341
0.261668144401517199781892486499
0.206641147636013405852750679514
0.177676668811949212134493336634
0.138901648954384338008338772852
0.0691681412755415087056931611187
0.0711359493352177046920914449402
-0.0185020221703141515834367680782
-0.00384258308343811980437032538305
0.0367852857299741167751427894927
-0.0758419385921720173859839064789
-0.0600027476974041643065227447096
-0.0921803865370814795587861567583
-0.0955159370315594030698136407409
-0.126466211572456743716941218736
-0.0309697347597052141665585622832
-0.153271961228689357348287103378
-0.146575478886520949028948734849
-0.156826605733933061026519339975
-0.134633042336061992116924557195
-0.120302485432716557700594250946
-0.207772543890199334892798788132
-0.0988454791870539278830776197537
-0.128970499285949363743597473331
-0.138045440725498930190084934111
-0.111281963570730904611316702812
-0.109460918805823537169885639742
-0.108869290661229925487596403855
-0.11449441901668831744753873636
-0.0771860852464372332315534208647
-0.0796834744669365491187562611231
-0.038292268839165199967311536966
-0.113957604645100712970062772911
-0.0703299742796701793379199330047
-0.0302584253586777734978952025813
-0.0168021334668202945716863894177
0.0566215634491961869456666534006
0.06495166564253802843342811002
0.109581750684743101098561623985
0.0693166994253744256360150188812
0.0174428947391081605455820380257
0.0697630874670229494949325044217
0.0107428189068285405427527479105
0.043099678043708081198737147588
0.135830696513916687750977985161
0.119220198810854202675635349351
0.0711809153648865627905806263698
0.0384816226730555696611268956531
0.144926878000812608959790850349
0.0251085477904566325979551777436
0.10473933495408918603608583453
0.196297765688585451604453169239
0.0524266150359137400593922961889
0.140175635645845897414574210416
0.106194809241132795407658306885
0.0868097306654370542977616764801
0.108843476138060044067223941511
0.145235347270294912203070225587
0.0977564110951635034663098622332
0.101680657201647622889240096811
0.0615730045115250174125876014841
0.0759151369034400669288942253843
0.0948096521898652982995869820115
-0.0313824388053380379237644604018
-0.00299601219649071924891470253272
-0.00842266362146109302810881303003
0.0076530961341223727872895565838
-0.194669103571682822195754170025
-0.106826534334112127622162802254
-0.183652869425681347648193764144
-0.134394344588638442461459021615
-0.274902728766985293695768177713
