3
71.3371476654481426749043748714
0.114159341062538735589448890551
0.114260014101901369309999267898
0.114360801482284210606188423753
0.114461703410301512962021774911
0.114562720092962505580302945418
0.114663851737766830929388106597
0.11476509855264108161954084153
0.114866460745970455636921769837
0.114967938526629162576675469154
0.115069532103908411801995725909
0.115171241687582651125332233732
0.115273067487896938021485482295
0.115375009715532675369509263419
0.115477068581621850063001488707
0.115579244297814853759120978793
0.115681537076187876400545917477
0.115783947129285441635104803026
0.115886474670144318244169312493
0.115989119912214042051878948314
0.116091883069483509105523921789
0.116194764356360225043829359493
0.116297763987771904381496312908
0.116400882179053880016716959744
0.116504119146075224566772021717
0.116607475105158425732199134472
0.116710950273097427420943006382
0.116814544867179542775303957569
0.116918259105138255815603542942
0.117022093205223332024189630829
0.117126047386168483099844195294
0.117230121867143405323119509376
0.117334316867866605971215676618
0.11743863260848080853904207288
0.117543069309650138887235470975
0.117647627192529788398012158268
0.117752306478748472451378859205
0.117857107390401588675743482781
0.117962030150129446037787772639
0.118067074981022826496435129684
0.118172242106703268005318818723
0.118277531751238104695822528356
0.118382944139227716529028100467
0.118488479495762757953691846069
0.118594138046437036493330197118
0.118699920017306836950155002341
0.118805825634955619651833558237
0.118911855126508925195594201796
0.11901800871953502336531016681
0.119124286642120547075052172659
0.119230689122882302366512874414
0.119337216390924399922468523982
0.119443868675870215612100366798
0.119550646207814692534299183535
0.119657549217434142074800718092
0.119764577935854335533072401176
0.119871732594748842126719523549
0.119979013426292496768965634146
0.120086420663172363521020713506
0.120193954538597630454788145471
0.120301615286336149868162692655
0.120409403140566292900182077119
0.120517318336103143594506548197
0.120625361108230994000578562009
0.120733531692779644250990145338
0.12084183032607739849417782807
0.120950257244983677695771007166
0.121058812686881664411053804997
0.121167496889737144605270202646
0.121276310091986028183441703732
0.121385252532586279672344176106
0.121494324451086599392368725603
0.121603526087537397448734566296
0.0139754201645317377433741512505
0.200006269105121259332946692666
0.194623910097362656790309642929
0.189233599168734972773009417324
0.183835324886223117069050658756
0.178429075803547804168758261767
0.173014840461127195059276573375
0.167592607360583623066219161046
0.162162365008175685110458630334
0.156724101878643828911208402133
0.151277806440341888727374453083
0.145823467126791117554063248463
0.140361072366753103501935129316
0.134890610560944507190228591753
0.129412070100778292536247704447
0.123925439350461658039037615708
0.118430706656413406441252789136
0.11292786035870083782839401465
0.10741688876590693713097834916
0.10189778017415035415993429524
0.0963705228435359079197652931725
0.0908351050469044657420525368252
0.0852915150193669924227890533075
0.0797397409742866547510686814348
0.0741797711123243774800073424558
0.0686115936155762828896342853113
0.0630351966440303584926496682783
0.0574505683340802014713588619088
0.0518576968255980569333374319285
0.0462565702185683755298661878896
0.0406471765875205670592862361445
0.0350295040130551987855866968857
0.0294035405342748697166133098335
0.0237692741840457126556440670129
0.0181266929667372005130498990866
0.0124757848741185433522060677092
0.00681653787945171642931319055947
0.00114893993403242440122513645662
-0.00452702103735898048891828082674
-0.010211357110845814197275238655
-0.0159040803960246134030054321329
-0.0216052030206165882053603866098
-0.0273147371360546557805815126585
-0.0330326948977072501478779997797
-0.0387590884944341088069741374511
-0.0444939301354113428410563813031
-0.0502372320314793743833980954605
-0.0559890064421641256431350086586
-0.0617492656209227136487882603433
-0.0675180218454418668017069649068
-0.0732952874269425652675735705088
-0.0790810746885062532118837452799
-0.084875395973482106737328933832
-0.0906782636296988853175093936443
-0.0964896900581232591642688589673
-0.102309687647456279413482604923
-0.108138268828094560869423901295
-0.113975446036257060944407726311
-0.119821231730842164830974638789
-0.12567563840955522924680565211
-0.131538678555122356961248897278
-0.137410364702071102760427834255
-0.143290709386280135095859122885
-0.149179725175351635124698645996
-0.155077424645696987370868669132
-0.160983820410697364700070011168
-0.166898925084510763028333713009
-0.172822751317654982328164692262
-0.178755311768250241266642319715
-0.184696619125015448759086211794
-0.19064668609577378743935582861
-0.196605525404712183634714506297
-0.202573149793583706657074117174
1.50818211849619848383109881123e-11
0.305528151252090707234998490094
0.256085266704584979535752609081
0.21213981703992973448791303781
0.16881651106436074138983371995
0.132682853648791926337580093787
0.0951903119770934474930257351843
0.0628717961355693272240685587349
0.0317241205283561519823187779821
0.00347369912116836333446090456789
-0.0194555264226975097030525319042
-0.0468231093865499256589934873318
-0.0636627463107776458972608679687
-0.0801279759032016564157530069679
-0.0942477037027560776705215062066
-0.108908717676473629221156613767
-0.119341269825412529814734341471
-0.128372257246510329542488193511
-0.135831963434922237121682542238
-0.1407101693107764006640536536
-0.144876136555615708800814900314
-0.145698068408140563034791625796
-0.14391534228251762206340913508
-0.143889608962350423748688399428
-0.138493969510732561900567816338
-0.133937482721030176602283745524
-0.125367956171791472552712320976
-0.117315486571413274408115512415
-0.112769424892435368712462206986
-0.10602968005292738584710576788
-0.0917553815170737280260127022302
-0.0804878396066057572033614064821
-0.0676896559505949929613777271697
-0.0610592593564558694385624448842
-0.0455303721518794043965350226699
-0.0334620445835655810906672513738
-0.0236590196349284742627361310952
-0.00646503851302831274855398291379
0.00128200142065630975918288925186
0.0164131928983011349254539368303
0.0255829005371010498315342829301
0.0399267075704466609109566377356
0.0527003099558913251643232911192
0.060293536262506407241712480527
0.0752458203938962677526092193148
0.0885991237811562110104901535124
0.0949487111402660538539421963833
0.107253379549070937404309233898
0.114396962462236281843352969645
0.114400147887069231211754072319
0.128033141758659291253863443671
0.129785663523826838572361452862
0.134991124227371001031983155372
0.134486093806281820084436162688
0.13510981800992225010382696837
0.134567535876650185011627058884
0.128106817883618218090191476222
0.123276287283251934079331135763
0.118146367183414660595452971847
0.106064155406813076520933236679
0.096576555474999020711734942779
0.0797186691404075248312821599939
0.0603095264191085903004996282561
0.0456882605311129397218650183277
0.0194405432013468326690741605489
0.000714195038512082562912053340654
-0.0293443376671399976107768026168
-0.0621491776164773898627480264167
-0.0954636389044274946691359673423
-0.1338794846016543027555911749
-0.172402379929132543168179836357
-0.218601935791934348651821551357
-0.262797632950269699492196195934
