2
3.60293106012496044954218632483
0
0
0
0
0
0.706645760361728436649286777538
-8.72131848960529296349897393779e-17
0.707567501629911332905464860232
0
0
0
0
0
0
0
0
0
0
0
0
0
0
0
0
0
0
0
0
0
0
0
0
0
0
0
0
0
0
0
0
0
0
0
0
0
0
0
0
0
0
0
0
0
0
0
0
0
0
0
0
0
0
0
0
0
0
0
0
0
0
0
0
2.71389621798318545738891395189e-07
0
0
0
0
0
0.707567501629911443927767322748
1.15632187745659321447924021349e-09
-0.706645760361728325626984315022
0
0
0
0
0
0
0
0
0
0
0
0
0
0
0
0
0
0
0
0
0
0
0
0
0
0
0
0
0
0
0
0
0
0
0
0
0
0
0
0
0
0
0
0
0
0
0
0
0
0
0
0
0
0
0
0
0
0
0
0
0
0
0
0
