3
181.018128517873435612273169681
0.114591173041364333129443764392
0.114680319492819440818642817703
0.11476955933562611733567138117
0.11485889272017306417250637196
0.114948319797054304691741322131
0.115037840717255229749937939232
0.115127455631986536088717798521
0.115217164692805976167200299187
0.115306968051573477396232192405
0.11539686586041630889098996704
0.115486858271802952935480846008
0.115576945438509270935867334629
0.11566712751359019273333927913
0.115757404650399367551649731922
0.115847777002640747734396597934
0.115938244724280659081472322214
0.116028807969634162322591919292
0.116119466893302200616311381509
0.116210221650184034047903480769
0.11630107239551303044411412202
0.116392019284810840917820939922
0.116483062473941315073666658009
0.116574202119047745651592151717
0.116665438376619787219645729692
0.116756771403427508926320399496
0.116848201356579584064832033619
0.116939728393492939351183679264
0.117031352671895225170395349323
0.117123074349833822260791293957
0.117214893585686930066458444344
0.117306810538114772435314137056
0.117398825366162848360396253611
0.117490938229103863976732213814
0.117583149286615923356791313381
0.117675458698657461886760700054
0.117767866625510198019810559344
0.117860373227785975025483367062
0.11795297866640797046500210854
0.118045683102664000774240093961
0.118138486698103992167396825153
0.118231389614656359765554327623
0.118324392014540549777912303853
0.118417494060331335292701737671
0.118510695914901459380175197111
0.118603997741497185769432576308
0.118697399703634978718191916869
0.118790901965200354495344470251
0.118884504690421610728634504994
0.118978208043833938445388298533
0.119072012190276077525652453915
0.119165917294993525810120615915
0.119259923523522604060786989066
0.119354031041722222217238424946
0.119448240015812542913486993257
0.119542550612334819160054166787
0.119636962998187865170329757802
0.119731477340576319967624385754
0.119826093807062356022541393941
0.119920812565556964002233542033
0.120015633784317427013021983839
0.120110557631877890027993771582
0.120205584277216892541417792017
0.120300713889542165713208987654
0.12039594663851363454121212726
0.12049128269406352009784910706
0.120586722226482312425588361293
0.120682265406444638733418628362
0.12077791240491356217212626234
0.120873663393245511787910118073
0.120969518543111512198784396332
0.121065478026556844204364438156
0.121161542015998782706454051095
0.0209949495855359345719559627241
0.199947319087877883880821627827
0.194549080232567117576536475099
0.189143318003546695438288338664
0.183730021794913378485603061563
0.17830918097509709796533172721
0.172880784906019629998397135751
0.167444822923245334456154864711
0.162001284370475479024165110786
0.156550158533274835770399135981
0.151091434714965305863287881039
0.145625102180870075185836753917
0.140151150183622508205161238948
0.134669567975902099155049995716
0.129180344772873600955875872387
0.12368346977325844759931783301
0.118178932157860447360597788702
0.112666721119360865865921539353
0.10714682579212909951937859887
0.10161923531441965917743175396
0.0960839388090127671793183594673
0.0905409253654027995628084113378
0.0849901840810346476118297687208
0.079431704006700937226170822214
0.0738654742014776544145604475489
0.0682914836969743255234988055236
0.0627097214813515380082975525511
0.0571201765727672450267959902703
0.0515228379499790625772881469402
0.0459176945626265514688313373881
0.0403047353531761770595309712917
0.0346839492535640017689679837076
0.0290553251610917405434175719847
0.023418851961199430022908529736
0.0177745185481576438435435960628
0.0121223137467892459057106080422
0.00646222641151062652392633722798
0.000794245336615807448997494955023
-0.00488164065477661879982607118222
-0.0105654427923488752893987907555
-0.0162571723139199632301998832418
-0.0219568404770892067201515374109
-0.0276644585363221909291020494948
-0.0333800378079626147709291217325
-0.0391035895873692307400659728955
-0.044835125209878430585508368722
-0.0505746560182056131838024271019
-0.0563221933772817193175619365775
-0.0620777486610592441063083413155
-0.0678413332846964090006025571711
-0.0736129586556627663052054799664
-0.079392636222267720658152256874
-0.0851803774299136895464812369028
-0.0909761937638657730564872849754
-0.09678009671641654709794977407
-0.102592097778175544986467571107
-0.108412208504757495708403780554
-0.114240440437793119854426038273
-0.120076805145301515609368436799
-0.125921314205683670950364216878
-0.131773979236268323766978483036
-0.137634811848167393222297505417
-0.143503823693665127914087520367
-0.149381026427535062994778058965
-0.155266431732673043653036870637
-0.161160051311627555703509528939
-0.167061896876240956189008102228
-0.172971980164018934722491849243
-0.178890312936142381605719720028
-0.18481690696522198869011788247
-0.190751774042425714661419533513
-0.196694925974331941143091739832
-0.202646374617215768720868140917
1.251717854323559216131792585e-11
0.30767430392890471324562895461
0.257039829966018762430479682735
0.213072002311940622565344938266
0.167965111370202341278812241399
0.134712814019356752481826333678
0.094901453535969348962453295826
0.0594792963831098434046573686373
0.033959248104649918109654294085
0.0039627919896505553118415399183
-0.0129011959639470305538644367971
-0.0454691552671603049784465611083
-0.069396099592511500953051495344
-0.0858132489976605045134405713725
-0.100524712106147801060629376479
-0.112549579640613614528454888841
-0.116688179871593869507684360087
-0.124775079803552846335890080809
-0.140719727308554393152562056457
-0.142130769668439266295578704558
-0.142797093639183136914994065592
-0.148610744960232132871880139646
-0.148508407224708455229844616952
-0.142912142521799540029192598922
-0.142633052274228649958232040262
-0.134192105271691453083349188091
-0.122423096087496505179892380966
-0.113570250265446245907519084994
-0.106954588867009689479026235404
-0.106019754826016429638535498725
-0.10016479534445474341985971023
-0.0815867783588310191422721118215
-0.068847671918563183024453167036
-0.0590539599414265786725408702296
-0.0419092244475230552014366480762
-0.0313508060750781261671882305109
-0.0218229302189415046153708743759
-0.00624751145125228366655756317982
0.00163466815589198631412937157137
0.0229649695248107868494891192768
0.028992100567313685427484060142
0.0453614720204477406273468886866
0.0558009618012560715261116683905
0.0666197328242739417181184080619
0.0765957373828094756351703153996
0.0835921015043153414758592134604
0.0957707589979437529104089321663
0.113765412825821643494350610126
0.111139071279780496381839327569
0.12004672060983898052022311731
0.121680088429785823733730865115
0.136877640386066257160990744524
0.130405545147737000899468284842
0.139237806004401859505392735628
0.123148607382866717707692316708
0.135620750023471708933797685859
0.119547733321435339925997709543
0.114257782893443071703387658999
0.107694528368879216539966137134
0.105222550078373652815422190088
0.0985648192860020810890375742019
0.0792888494854590841764974129546
0.0646581753350009558189981362375
0.0550241117074835861533443903681
0.0241513749196113694517329406608
-0.012928175410236313752632142382
-0.0344381239010623785290476916998
-0.0632615204545363546406733235017
-0.0928855770701535465860843032715
-0.132373300302722596288873546655
-0.166520443039517240801927755456
-0.205780768059642377165729953958
-0.271628101498290253079659350988
