3
34.1320133566421617388186859898
0.11494638421655593851777865666
0.115026009924887678836924465031
0.115105712878887558869855922694
0.115185493187904192113890644578
0.11526535096147448589132267216
0.115345286309385619549772172832
0.115425299341533046937335882376
0.115505390168078134194296069381
0.115585558899349266637202049424
0.115665805645846900273632229528
0.115746130518319251256897928215
0.1158265336277017193422622654
0.115907015085072284676925846725
0.115987575001786316630791873195
0.116068213489343902145023434969
0.116148930659454696634469428318
0.116229726624056464712175795739
0.116310601495244275715990056597
0.116391555385327527538663616724
0.116472588406816401906951341516
0.116553700672461443832439442758
0.116634892295144482199376056997
0.116716163387998256295574606156
0.116797514064351765084026624208
0.116878944437716653093062291191
0.116960454621828316423837179627
0.117042044730617106340631039529
0.117123714878218626589401196725
0.117205465178958509464557380397
0.11728729574741071639554235162
0.117369206698276162814664758116
0.117451198146582669323834124953
0.117533270207421450259666073634
0.117615422996197344085445024575
0.117697656628474894846547726956
0.117779971220041523860544430136
0.117862366886878067173682893554
0.117944843745200964035824142684
0.118027401911410007029346047602
0.118110041502112725342321652988
0.118192762634154832634969523042
0.118275565424538972592038987841
0.118358449990564260079217717703
0.118441416449630021467953611136
0.118524464919459684986158265474
0.11860759551789594457016363549
0.11869080836305667681074282882
0.118774103573245720655293666823
0.118857481266964964961019290968
0.118940941562961047250901458483
0.119024484580179903958629950012
0.119108110437785116864084500321
0.119191819255172457014957387855
0.119275611151889698868799882803
0.119359486247779894574350123548
0.119443444662856251836657861531
0.119527486517383346731335791446
0.119611611931792927165929540934
0.119695821026772966644280415949
0.119780113923207351400712639133
0.119864490742219678698354812241
0.119948951605169926160066040666
0.120033496633554115362585434923
0.120118125949198475965751242711
0.120202839674058439833892464321
0.120287637930379942563519080068
0.120372520840581614942621513364
0.120457488527327113980724959674
0.120542541113492718274358139752
0.120627678722172601566420269137
0.120712901476719161597550566967
0.120798209500667094729031703082
0.00192174360034440619426909790946
0.199928467581191704471876846583
0.194514679943664503536382426319
0.189093789436375059320738500901
0.18366578627451085603539127078
0.178230660692196701821998772175
0.172788402847646016535776425371
0.167339002975613937440613199215
0.161882451211619704523059226631
0.1564187377244613541549256297
0.150947852609676191892873475808
0.145469786040785642455830384279
0.139984528083313630730799559387
0.134492068861110258826130348098
0.128992398413471182072598253399
0.123485506794373853245438965587
0.117971384072343074556066255809
0.11245002026863103183895731263
0.106921405397542246262787557498
0.101385529408484345581520358337
0.0958423823316729428523075284829
0.090291954112485625638662156689
0.0847342346611682506463125719165
0.0791692139629977809089922402563
0.0735968819237311638881138264878
0.0680172284028845164360888020383
0.0624302433256854749643594004738
0.0568359165323646733924967122675
0.0512342378708489087912880677322
0.0456251972037261602221924761125
0.0400087843130722334294979702918
0.0343849890225343401972679657774
0.0287538011009896184166922949998
0.0231152103467292292793278107865
0.0174692064702092648975639832543
0.0118157792293468212607709943995
0.00615491834585005833518911444457
0.00048661351851210591637139635246
-0.00518914556187507255285984442139
-0.0108723692111503591334331630947
-0.0165630678103658376953966069323
-0.0222612516799834125880153123944
-0.0279669312469171156554370583081
-0.0336801168713345214222876222721
-0.0394008189624881766111030856337
-0.0451290479838150279667807751594
-0.0508648143409773934031647968368
-0.0566081285342395768012124790403
-0.0623590010081136320030381625656
-0.068117442271099920558796725345
-0.0738834628350190092405114228313
-0.0796570732457472924226138388804
-0.0854382840214473332496325497232
-0.0912271057439858201743021481889
-0.0970235489946663504090551555237
-0.102827624367717390674314970056
-0.108639342457327106594711096932
-0.11445871393163292717432000245
-0.120285749380333914504426218173
-0.126120459532722384299319173806
-0.13196285502718743676275892085
-0.137812946606303776686530682127
-0.143670744945757100641259285112
-0.149536260798429382345986482505
-0.155409504884674476432593337449
-0.161290488018891148280786751457
-0.167179220961804542167072895609
-0.173075714503702404734042374912
-0.178979979507365577484634400207
-0.184892026760800604057166651728
-0.190811867144062591306052922846
-0.196739511524134796927043566939
-0.202674970798291331774976242741
5.32391146229900169126891974227e-13
0.308456004882169732006502727018
0.204107758619710866199170595792
0.207129930431765141296551746564
0.165132066099296731520595926668
0.123081981254880748477553709108
0.119651233724370600897124461426
0.120972974013194053966024910096
0.0194063374002062007106506058562
-0.0159138598719520164836982445422
-0.00734465045801209297227085670556
-0.0193380427196177540061228228296
-0.0351998516147352044636242851539
-0.0994321069759869641258021033536
-0.0752720758934876665868785039493
-0.1268321260890643564778201835
-0.13495333169318177168882755268
-0.108415087134583809636012574629
-0.214697718290614403269245258343
-0.147445938203757676010496879826
-0.175645317165218306509899548473
-0.178511373898432967877170085558
-0.152514809436162857014807059386
-0.0871732714010149539740623936268
-0.109143278379388281029704899083
-0.173520775064735371939761421345
-0.0828046574942757490633837846872
-0.0739665259485810105966052674376
-0.125001581177369230912788111709
-0.0942604062915252255416831417278
-0.0549090060947532015989125397937
-0.0864660579199877932232709554228
-0.0745328235951212142440525099119
-0.0716766321125618804943613326941
-0.0322553649690424382168174588514
-0.0276149964734098071761358994536
-0.0462769620233044257084920047873
0.000171780706783836899708903245276
0.0135988094561075665428484526842
0.0368980777466084639004684220254
-0.015382961310452849743035663721
0.0353270150027256493729943542803
0.0840002174072783935887542838827
0.0796660920193394406219056236296
0.0496178934432494334050289808147
0.111557456212699149245004548447
0.0650284948041982002742145141383
0.111310736633334572687203944952
0.128778329307131095271543586023
0.132641087441244615030555564772
0.116016760134295987549890583068
0.122992661972713135387635929874
0.101548163676017794143646710836
0.0920627983249365511309036946841
0.139380036910738858146885377209
0.158031160137324516723467127122
0.117674179265942951966295026978
0.106712499563715576544886687316
0.109090503581060746518538451255
0.114939650869860562898416844746
0.059788737643884648509384760473
0.108781344301515217609654939679
0.086054654561576737759054367416
0.0251290417797497070417911402274
0.0194711991572456104282462518995
0.0282966602765242977723936235179
-0.0515987511044132610149581807946
-0.0748817587413703883436610908575
-0.0844351374664841364259260103609
-0.133030022794666608065838886432
-0.167763998536704539432662386389
-0.202734362652296329354584258908
-0.261523013706568607794622494112
