2
1.68560077558079179915750955843
0
0
0
0
0
0.70657524280475236810872274873
-9.32173173628495836700969490609e-17
0.707637920306285916893784815329
0
0
0
0
0
0
0
0
0
0
0
0
0
0
0
0
0
0
0
0
0
0
0
0
0
0
0
0
0
0
0
0
0
0
0
0
0
0
0
0
0
0
0
0
0
0
0
0
0
0
0
0
0
0
0
0
0
0
0
0
0
0
0
0
3.98169494116595344579981547231e-07
0
0
0
0
0
0.707637920306286027916087277845
3.9403124302201619601022808047e-10
-0.706575242804752257086420286214
0
0
0
0
0
0
0
0
0
0
0
0
0
0
0
0
0
0
0
0
0
0
0
0
0
0
0
0
0
0
0
0
0
0
0
0
0
0
0
0
0
0
0
0
0
0
0
0
0
0
0
0
0
0
0
0
0
0
0
0
0
0
0
0
