3
12.4183830566519652904844406294
0.114944853356332782334803255253
0.115024520178135053471990545404
0.115104264312888351917685270109
0.11518408587012184118858471038
0.115263984959507737038109098648
0.115343961690989663115836094676
0.115424016174667146139576345831
0.115504148520831934066066537525
0.115584358839999748469473672685
0.115664647242845641805786272016
0.115745013840264671101110138807
0.115825458743353565393974236031
0.115905982063398582670998848698
0.115986583911871943275428975539
0.116067264400483857733625825404
0.116148023641106559744606840923
0.11622886174580945861656289253
0.116309778826876833446313241893
0.116390774996815216102419299204
0.116471850368311438672641600078
0.116553005054234284920688935472
0.116634239167677983273208042192
0.116715552821928206239654457477
0.1167969461305053691102529001
0.116878419207074604746487977991
0.116959972165536219002035522863
0.117041605120036917853099112108
0.11712331818485303969179511796
0.11720511147451416478215691086
0.117286985103717322775906950483
0.117368939187402057666709254136
0.117450973840707253992299285983
0.117533089178960825638142750904
0.117615285317702780720772182121
0.117697562372691008625302799828
0.117779920459886486283629380978
0.117862359695487833866067717281
0.117944880195826787283586156718
0.11802748207749154396584145843
0.118110165457312454861948936014
0.118192930452281408371106863342
0.118275777179599403399201662523
0.118358705756716184320787021989
0.118441716301274896361306332437
0.118524808931114999932532327875
0.118607983764278876459563605295
0.118691240919091028915843821778
0.118774580514020178245715442245
0.118858002667741255442557246624
0.118941507499208565246107127678
0.119025095127541669093318432715
0.11910876567208514287266041265
0.119192519252423967390797088228
0.119276355988310558964293761619
0.119360275999752116216079400601
0.119444279406949738220333756544
0.11952836633035096580712774994
0.119612536890597850880446628707
0.119696791208509234483159389129
0.119781129405268055299060847574
0.119865551602103673212162959771
0.119950057920539504552337461973
0.120034648482342881647966237324
0.120119323409481240649832045619
0.120204082824122759909357682773
0.120288926848672261815664796814
0.120373855605773558141713408531
0.120458869218268163625573663467
0.120543967809248142586397989362
0.120629151501983250538430070264
0.120714420420000426159568007733
0.120799774687062044797869475588
0.00070213234219399238596193146833
0.199928463556254737421014056054
0.194514750032680538982532425507
0.189093931630370193364143460713
0.183665998612231345932244153119
0.178230941109930429711027954909
0.172788749360180488023885914117
0.167339413548117321717256800184
0.161882923816939666705749800713
0.156419270307120134022582647049
0.150948443181294966741745611216
0.145470432523284870507396249195
0.139985228448961024350083448553
0.134492821056501843379749061569
0.128993200381055383996198315799
0.123486356514303730058657038171
0.117972279452258410614717831777
0.112450959262071575883723539846
0.106922385886927873155372026304
0.101386549374902670828113571133
0.0958434396860425308339870298369
0.0902930467706929695825834869538
0.0847353605441870105785540090437
0.0791703709836956981416022927078
0.0735980679663262166156911803228
0.0680184413784383351542217610586
0.0624314811576357625577671228712
0.0568371770824146888001493493903
0.0512355190646260824638424935529
0.0456264968798741205047164726238
0.040010100392219929976711512154
0.0343863193595880661801444944103
0.0287551435768403293447015300899
0.0231165628108847519273094661685
0.0174705668086523289994627106125
0.0118171453227680807451793754126
0.00615628800079021966384917874393
0.00048798462237473444035734670976
-0.00518777515362251005065497011515
-0.0108710016866627283416146809714
-0.0165617053281790181651356164139
-0.022259896398658354094157729719
-0.02796558536310789211398741827
-0.0336787824844317768002710522524
-0.039399498320685615027070269889
-0.0451277432450338869540651387524
-0.0508635277257232440439871368199
-0.0566068621845357625166350601376
-0.0623577571515079101538425732087
-0.0681162230860341139093705464802
-0.0738822705500209592210936193624
-0.0796559100796791347276482042616
-0.0854371521709642034458909165551
-0.0912260074432099526964279334607
-0.0970224864354911342712028954338
-0.102826599788692157888547740185
-0.108638358091076372979877362468
-0.114457771997229187932454408383
-0.120284852189667057498212443534
-0.126119609265111148888038883342
-0.131962053974392562460948852276
-0.137812196968127798069048139951
-0.143670049019879814133915374441
-0.149535620835730076461089765871
-0.155408923164623374857384874304
-0.161289966810359758353499159966
-0.167178762527400104342945041935
-0.173075321150783195678357628822
-0.178979653504052454993100695901
-0.184891770412027284242739710862
-0.190811682728085962867936586917
-0.196739401355332854670621145488
-0.202674937174580127585699074189
1.89782673134441378480854258775e-13
0.354624926183786659539265428975
0.236341095179138788173744956111
0.169066563409749598401177195228
0.194016401191906467937897673437
0.100230146410023993053250990215
0.0954172901524987376875586164715
0.114501687396049975364853423798
0.0173853638957399830866634715676
-0.0601960138721507886927497565921
-0.0319749852056732952743089981595
-0.034313897918346818183277235903
-0.0722028974889751401500248562115
-0.0645819375106271159614479415723
-0.140219745045743554578976386438
-0.0943714082839595819196532033857
-0.168052369688395514257805984926
-0.17859790774637387955614542534
-0.131261258996443308522117376924
-0.144481189286975314489680499719
-0.15264983153689362649352290191
-0.0969005223049905217713728688977
-0.134786830478911545672104921323
-0.149594016249353839453917203173
-0.127872630714861573730800614612
-0.0824538165419692187230182867097
-0.103357867483067272784680312725
-0.0950041077230011493659489474339
-0.106180490586864836877190043651
-0.0622078913326436916397810250601
-0.112046543343146079441119411513
-0.0386423334661359363373378528195
-0.0381142981039972253420877734698
-0.0304143239297651434005498316537
-0.0398783276739319153536555973005
0.00546700580132818223649815436715
-0.0354818603303652044256288888846
0.00301778469486376150002215901225
-0.0722956249817993945594452043224
0.00491272395680832432707241252956
0.0567020445342012388567631830938
0.140544047921493414632365670514
0.0982581953166772187335809007891
0.0512938139671908835404146032033
0.066220832237779997386795116654
0.11013356441340377278592654875
-0.00988092787377644297952539176322
0.0749051079822832255317166527675
0.0539664437383557751837237503878
0.134276729819290313594493113669
0.126378795393547682657242603455
0.135325487723184589849978465281
0.0865577994024310654053167013444
0.119340585303609691969484174479
0.128365392450495580112246329918
0.0583581374236919400710910110774
0.14208893598715141570743014654
0.108451678631117889861634751014
0.0423164146629602389015900598679
0.155042755134612242340352850078
0.117571533396133312554532324157
0.144653864160981110442705244168
0.0860484898340760362422940943361
-0.039989453461288945734786182129
0.00788217457826688797095648908453
-0.0892862306591302029579182431007
0.0166468910301432251874764745025
-0.0238624642936893505140716342794
-0.00881722480596780489037200823077
-0.163127493512259608143821765225
-0.201560130419971006432433568989
-0.190279303939041577464763577154
-0.231338223336885334679990933182
