3
2358.58491424884959997143596411
0.113537979823105428245355597028
0.113655154124516266644917550366
0.113772475166710018701365925153
0.113889943247083985644607651011
0.114007558663698216339099644756
0.114125321715363076124916119625
0.114243232701582056454192581896
0.114361291922581140290127166281
0.114479499679312146653842319211
0.114597856273448067687681373172
0.114716362007365652031509739572
0.114835017184199306150560460082
0.114953822107803513286050645092
0.115072777082729144071393534432
0.115191882414314467064642144578
0.115311138408579982872481650702
0.115430545372312731711161859494
0.115550103613022939197385596799
0.115669813438952315265417780665
0.115789675159127969372718780505
0.11590968908327087261156407294
0.11602985552186140250086054948
0.116150174786126728077029213182
0.116270647188052383969036895905
0.116391273040376636016546285646
0.116512052656560061159041197243
0.11663298635085815602163705762
0.1167540744382717238236679691
0.116875317234533981913813249776
0.116996715056166877833021544575
0.117118268220444396443546963837
0.117239977045440410541310427561
0.1173618418499415144706787828
0.117483862953498538472807410926
0.117606040676505527176054499705
0.117728375340053884046120913354
0.117850867266063488725258423528
0.117973516777189632587230505578
0.118096324196904606251834479735
0.118219289849439301853806227882
0.118342414059789208247153169395
0.118465697153784313422342222566
0.118589139458004325100581866081
0.118712741299832919006362885739
0.118836503007428720413152234414
0.118960424909785159042208135816
0.119084507336631478802146943963
0.119208750618550865518763259843
0.11933315508687609984850297451
0.119457721073797845656727645292
0.119582448912265743024008202156
0.119707338936052093414375008251
0.119832391479726477201417367269
0.119957606878689920781866362631
0.120082985469159284064311066231
0.120208527588129776564329631583
0.120334233573452742405152093852
0.120460103763757306327697449433
0.120586138498538567032092316822
0.120712338118104459128154815062
0.120838702963555352787317076491
0.120965233376858591340941018188
0.121091929700803249692064866849
0.121218792278977180454369033669
0.12134582145586586543473117672
0.121473017576722852606252445185
0.121600380987691034095909969892
0.121727912035729690654051182719
0.121855611068665103946528915912
0.121983478435105568982166346359
0.122111514484612770914395696309
0.122239719567507898467795257602
0.742932486292037008723809776711
0.20012992455789549439693075783
0.194767117428205516205252934014
0.189395832252884449564689361978
0.1840160566420745991145224707
0.178627778179512947120954891034
0.173230984447102970280596423436
0.167825662991387097866535782487
0.162411801346754230968016941006
0.156989387025873450287605237463
0.1515584075263083918549966711
0.146118850315845538734293995731
0.140670702852836587704032922375
0.135213952567224321432703959545
0.129748586879477517674885689303
0.124274593182556875037292343222
0.118791958846923104142767613212
0.113300671239111791499531989302
0.107800717682124236329599398232
0.102292085498598445125750799889
0.0967747619866694136492313305098
0.0912487344137102446284259826825
0.0857139900396848564145813043069
0.0801705161025738077817948123993
0.0746182998099156058469105801123
0.0690573283646437885430202641146
0.0634875889411628258063302610026
0.0579090686929330314414166025472
0.0523217547520259187998625804994
0.0467256342368576119139511604317
0.0411206942367026984097577724242
0.0355069218321357391032755401739
0.0298843040732532545800115286738
0.0242528279938312926744536923707
0.0186124806052728394845097170673
0.0129632488996321518920362692029
0.00730511984895583759563875148046
0.00163808040694594556595242718089
-0.00403788250328702795488577947935
-0.0097227819637388940288147409774
-0.0154166310897794756051837339328
-0.0211194430104278060844613662539
-0.026831230879955040441453562039
-0.0325520078658169259577803700267
-0.0382817871724100283747915796084
-0.0440205820052476867743074251393
-0.0497684056014802977951916318489
-0.0555252712194667444323137317497
-0.0612911921337824308619879332127
-0.0670661816469776683735659617014
-0.0728502530738838194324102914834
-0.0786434197543256496842900560296
-0.0844456950562194746945365864121
-0.0902570923569809557829302093523
-0.0960776250598468911645611001404
-0.101907306587706955602889991042
-0.107746150393046816184927649829
-0.113594169940895176051931514394
-0.119451378714564696026378953775
-0.12531779022913858145926724319
-0.131193418016162022254889052419
-0.137078275627680740145208915237
-0.142972376635010139933612549612
-0.148875734638668433262864709832
-0.154788363252653937696123875867
-0.160710276113559535904329322875
-0.166641486887956158380319493517
-0.172582009251935175608849704076
-0.178531856913145797749464804838
-0.184491043595986503600414607718
-0.190459583042823565879331226824
-0.196437489031398349048629370373
-0.202424775347193802721434963132
1.41887095518482078659301920902e-09
0.306038631310991626754969274771
0.257873501431050256016419552907
0.212195988538249113997125050446
0.17106445706928438688088078834
0.130729270486626469871538347434
0.0947599079666990862236275461328
0.0614898064057858503850262366086
0.0306127044382991826687590020128
0.00305129480472946098754127852715
-0.0211546967472768382423353727972
-0.0451058746589688558392694517352
-0.0636440714606085339299923475664
-0.0808370236505039779784098641358
-0.0959963106916701808257741390662
-0.108209535295758094153306672069
-0.119134027748081045006145473053
-0.127650290332137178461735516066
-0.134564236254625019251207618254
-0.138877590270139794625947615714
-0.14274136776492052369746943441
-0.14230311821216604095674540531
-0.143617881185126444743005436067
-0.140791083498337993296090076001
-0.13784352154891918451617982555
-0.133312056581371130015156722948
-0.1282046195191848536598655528
-0.120930703212607473795436874298
-0.112364078929302460552186460063
-0.102877980647874095465610366773
-0.093353797148861439314515564547
-0.083188054652753709583556940288
-0.0720247582637974365082911276659
-0.0608726667631304743655284994475
-0.0493747536951197399379687169585
-0.0355408293110034828599097522783
-0.0233915395529948992592306211691
-0.0105595930356608240507920726259
0.00287939694328123545197239963045
0.0156881868821592447560409055995
0.0278511658315917648431891961991
0.0414226440956922473124457440008
0.0545455077094846862983956725657
0.0641562573561940824307114894509
0.0759069131128723983970019162371
0.0864524892307889369913453947447
0.0954638444445452677422636611482
0.104845827319268822264142215772
0.113797402271599054635053960283
0.120258812292167463486869394274
0.125808918583771689458927767191
0.130266155520091742037180893021
0.133456996899108337739647822673
0.135200315541873811175932473816
0.134928346311344760088957173139
0.13149689486143725791755798582
0.128962585437057380977066145533
0.123500044603516281882527039215
0.116358907508581466139219173783
0.106373203802616486668419781836
0.0952121330426409229197304284753
0.0811360512246149800930083983985
0.0640163068130517876053175996276
0.0445118995418451179890695357244
0.0221225971673578818144090263331
-0.00265772328445253733578135246773
-0.0306842264238541169441010225682
-0.060783513233943015086069294739
-0.0959863420442403358912031308137
-0.132447337809580512058005297149
-0.17207364699376798133911847799
-0.216960064370829569524445901152
-0.264320494187734178481719027332
