3
703.297440239958405072684399784
0.114744238506481036066197987111
0.114829286909426994678362632385
0.114914421618149811821218975183
0.114999642764676349160346546796
0.115084950481271583444531358964
0.115170344900450569158856239937
0.115255826154977064623707860846
0.115341394377902473067365463066
0.11542704970248261753251739492
0.11551279226227352536771064706
0.115598622191061900510433702038
0.115684539622872645248108369742
0.115770544692045437851213307567
0.115856637533103615234075789431
0.115942818280893478188886547287
0.116029087070473699294659297721
0.116115444037199228022316788156
0.116201889316634970894526190932
0.11628842304465146495484617617
0.116375045357368811504983341365
0.11646175639114057787093514662
0.116548556282623325119907065073
0.116635445168725981890389675755
0.116722423186585086418709522604
0.116809490473637048180144404341
0.116896647167558875857196198922
0.116983893406324604424817437121
0.117071229328138806669024063467
0.11715865507148212620869287548
0.117246170775128888408289640211
0.117333776578039825078114688495
0.117421472619580316565368605097
0.117509259039243321720569213085
0.11759713597686839714473450158
0.117685103572550048278699819093
0.11777316196664287806239457268
0.117861311299773452443417909308
0.117949551712861297469991939124
0.118037883347063915495667174582
0.118126306343842496504592531892
0.118214820844875126426565259408
0.118303426992201934919712869032
0.118392124928066180822305852871
0.118480914795020778051970467004
0.118569796735871230142222998438
0.118658770893708159777091282194
0.118747837411909182292468756259
0.118836996434110345188805979433
0.118926248104253839965593897432
0.119015592566504083138489988869
0.119105029965385522672249862808
0.119194560445625680200620877258
0.119284184152288766367355776765
0.119373901230679896334763157029
0.119463711826408497396201369156
0.119553616085357014564571898063
0.119643614153710081682291388461
0.119733706177895846134440205333
0.1198238923046664738958355656
0.119914172681025221756101473147
0.120004547454304846820782870509
0.120095016772065132926172736916
0.120185580782205203576040730695
0.120276239632894660358530813937
0.120366993472551045418761361816
0.120457842449963159481285401853
0.120548786714129219088675881721
0.120639826414386350239560385944
0.12073096170034344765120692955
0.120822192721896912170898019667
0.120913519629244570197101893427
0.121004942572871393435818276885
0.0627768662424599416249648697885
0.199934882786671541676781771457
0.194530304261424979994643535974
0.189118373716064797074309922209
0.183699080884150739434446109044
0.178272415469443362701085220579
0.172838367180939256328997544188
0.167396925689208164733656758472
0.161948080659421900229233415303
0.156491821739165565263718349343
0.15102813856855110130616992592
0.14555702074675339052767242265
0.140078457879184992140864096655
0.134592439546654396576030876531
0.12909895532272791518479948536
0.123597994750675566066888677597
0.11808954734080580328825504921
0.11257360264815244321745524303
0.107050150145201528051330797098
0.101519179309029747293458001423
0.0959806796092669695097399085171
0.0904346405067047998116436247074
0.0848810514171841057340373026818
0.079319901762385694454771112305
0.0737511809337554058441099869015
0.0681748783023529147939711947402
0.0625909832561074158663316779894
0.0569994851230007509856889669209
0.0514003732447380831671601697508
0.0457936369060756021109881430675
0.0401792654366032869761582446699
0.0345572480895719805205068553278
0.0289275741338214827103048065737
0.0232902328139317459088086792462
0.0176452133543608738475150232716
0.0119925049645259653580131598005
0.00633209682701340280386315129135
0.000663978134563916939404892847421
-0.0050118619693236589329732311171
-0.0106954343414802886813586013659
-0.0163867498666458479006369231001
-0.0220858194354217954313845950765
-0.0277926539601724316430608752171
-0.0335072643739186756817183265866
-0.0392296616102415646176737595852
-0.0449598566605565047593628946743
-0.0506978604843651772804413724316
-0.0564436841051744256358979612287
-0.0621973385326364258673947915668
-0.0679588347958213628841050990559
-0.0737281839440894898318745731558
-0.0795053970669193227349680341831
-0.0852904852457252588004976701086
-0.0910834595825883580610948797585
-0.0968843312161738884347172984235
-0.102693111280966697940186804772
-0.108509810942893261676012173211
-0.114334441376229140052700472552
-0.120167013779078596380500698615
-0.126007539379178135074965894091
-0.131856029393650125980386178526
-0.137712495063627704539044316334
-0.143576947691999662337636323173
-0.149449398554246132286849046977
-0.1553298589389673078908771231
-0.161218340187936376439736818611
-0.167114853637418264709069148921
-0.173019410656550215454885233157
-0.178932022611965835245939615561
-0.184852700925104002083187992866
-0.190781456987783176737494272857
-0.196718302232033709353586914403
-0.202663248131308870725320048223
2.89315649141446454593101207147e-11
0.319837890409553793347186001483
0.261686905287190685331921713441
0.205870249656416842709560910407
0.162094073970962954112096099379
0.120963273377189275969989523674
0.100154401443246401925968314117
0.0563304599089943791589973898226
0.0334471139485814569769495108176
-0.00392392421696586331941736247586
-0.0296265928420800968290382826353
-0.0432023265181589871675171821153
-0.0649469969521499490561211587192
-0.0882076060660275107494499025051
-0.0847807876451983910559562218623
-0.103470950722285154332880097172
-0.127803246111547780250461414653
-0.142047208131066471370473891511
-0.14638677604911201624027228263
-0.142419485419847891005673545806
-0.132206462817606451576324388952
-0.135629954717442158251827777349
-0.123755450511075157371543298268
-0.137812747214297565134799583575
-0.134879371594010671886465502212
-0.129558389000292900616884139708
-0.119064092702582391414267704022
-0.113691654954655579912170537682
-0.09097672544582023623771505072
-0.096809429863225660017889140363
-0.0831146197000418307521130145687
-0.0922984304950337092199319499741
-0.0654865972540588925365767636322
-0.0651873936732728503917755347175
-0.0556363674120302839631868607739
-0.0424686966818356367858733335652
-0.0359479932818827993545873766834
-0.0212134389003840843901382839931
-0.00261518278033555937392429235899
0.0202208241821490927736526543868
0.0317890799014505578967693111281
0.037521953564759534527350837152
0.0465233022911972632362775925685
0.0771667818708167418950694127489
0.0568611055769724163533318517239
0.0905321876057113422708866323774
0.0907732881977750122315384828653
0.107117467922198048024817751411
0.104477080687357198884868125788
0.106287475227499705887623804301
0.130692381206163249496299272323
0.13535786976623559452193035213
0.14339683013159296165461853434
0.128065568315304884050576106347
0.124102134938296845834138082409
0.132224036990857468643056904511
0.13785936953506960911397527525
0.132499269968243904571636448964
0.117162921027479161040218968992
0.111465395281311080433184201866
0.0934454696319753641553518264118
0.0892528971967769119144620049155
0.0571817841985028593732032220487
0.0476042781134002890297551857657
0.0179663489233797858679597680975
0.0184262458732903262881297479225
-0.0258443009479467668276786440629
-0.0727835647813449976295530063908
-0.0967522192791237800602033303221
-0.129582959627819849224295012391
-0.173986762398687405672959016556
-0.218429411645470555880521601466
-0.27376976620477788681995434672
