3
500038.322532501944806426763535
0.114830181005571255181685330626
0.114912925455517733741572783401
0.114995752316658594871512377722
0.115078661711170246451096943474
0.115161653761428492415141988658
0.115244728590023159942035135828
0.115327886319802272452328395502
0.115411127073812264098862101491
0.115494450975354059907296289111
0.115577858147936793353771633974
0.115661348715325781877361066563
0.115744922801495259134796356193
0.115828580530640753987192681507
0.115912322027220571207806187886
0.115996147415880782038932750311
0.116080056821549079670852222534
0.116164050369361629422293447078
0.116248128184653520822422478886
0.116332290393080267643100000896
0.116416537120439034236341058204
0.116500868492832490574961923357
0.116585284636519945222765670678
0.116669785678103599124710854085
0.116754371744320212256340596468
0.116839042962192191099646265684
0.11692379945898810633675424242
0.117008641362171178501583312936
0.117093568799516017930884004272
0.117178581898921552184589245371
0.117263680788668070431590706448
0.117348865597137336225230797027
0.117434136453045998016442297285
0.117519493485335524418644581601
0.117604936823140548973753993778
0.117690466595888873491126958015
0.117776082933235576311048475873
0.117861785965064760905995910889
0.117947575821530634132550119375
0.118033452633013180577137291039
0.118119416530127252507043067453
0.118205467643747216821559220534
0.118291606104999696968960165577
0.118377832045260145132914431088
0.118464145596111750102785720173
0.118550546889421973273393007275
0.118637036057306882730344455013
0.118723613232105881798439384056
0.118810278546428643720034301623
0.118897032133118377150715616608
0.118983874125306254843081887884
0.119070804656309814362202814664
0.119157823859742606487088778522
0.119244931869469411589435026144
0.119332128819585103762790367909
0.119419414844454244151172872535
0.119506790078689029144243249903
0.119594254657160503629853565144
0.11968180871498035333644338607
0.119769452387517835734165316808
0.119857185810420305283052755385
0.119945009119583043122325705099
0.120032922451107665340330754589
0.120120925941436668127337838996
0.120209019727217966688748163051
0.120297203945352051968065154597
0.120385478733024020581154900356
0.120473844227683438146137007152
0.120562300566995822537208482572
0.120650847888941009644625523833
0.120739486331723003265103955073
0.120828216033819629826595587474
0.120917037133967120166033737405
37.433521092025813459258642979
0.199930565239661461873765802011
0.194522204182071445366375428421
0.189106593406284689828922296329
0.183683722850435660056689357589
0.178253582424581391574491817664
0.172816162014273300151501189248
0.167371451540815063818712360444
0.161919440845546241947161547614
0.156460119810969133791189733529
0.150993478224939220444511533969
0.145519505963941503390302045773
0.140038192798603022826142705526
0.13454952852479612479541515313
0.129053502915238982318157923146
0.123550105714050034722006898846
0.118039326690076551429342543997
0.112521155533319414110415834784
0.106995581983765714051415329777
0.101462595700835267464867683884
0.0959221863860135609547441504219
0.0903743436739325861628557845506
0.0848190572108110940607872407782
0.0792563166372643318480228913359
0.0736861115353420331741673976467
0.0681084315179789623329043024569
0.0625232661449702104006220793053
0.0569306049832044927527796573941
0.0513304375855343775203465384038
0.045722753453872035100946646935
0.0401075421004097390498266406667
0.0344847930470588981410884343859
0.0288544957267645521548082854224
0.0232166396058151557058035763248
0.0175712141414661703053834429511
0.0119182087545594284083705360899
0.00625761283818344286183910085697
0.000589415811772462760846635898559
-0.00508639299954196603265055287579
-0.0107698242105377720023717813547
-0.0164608884654985805628957251656
-0.0221595964771191637765479498512
-0.0278659589285510204959006586023
-0.033579986509937334582254209181
-0.0393016899794638510656774599283
-0.0450310800673502029112249545051
-0.0507681675501658671856297644354
-0.0565129632060929823489381362833
-0.0622654778312172821341796691286
-0.0680257222215650964036726122686
-0.0737937072552556361237918736151
-0.0795694437445777918993528032843
-0.0853529425716729184259179419314
-0.0911442146189397617295213649413
-0.0969432707949522826096355743175
-0.102750122012690986439409357445
-0.108564779224006341395991626086
-0.114387253356645693380677641926
-0.120217555426508915239480757009
-0.126055696378386233869051125112
-0.131901687243438786589777578229
-0.137755539051443387510431648479
-0.14361726283983539120825412283
-0.149486869679062522875412355461
-0.155364370656642242218836713619
-0.161249776839170466669060033382
-0.16714309934697910153822419943
-0.173044349350996884417952514923
-0.178953537968895209919750755034
-0.184870676360447794284169731327
-0.190795775750722984565044271221
-0.196728847323987543482814999152
-0.202669902311425592644766879857
1.32446116589384855107994364465e-08
0.325187024941178015602361028868
0.267118953665330782776266005385
0.218598217106142994614614849525
0.155206286054909881055863252186
0.0952156544427340545411198036163
0.0850548604044872452734082912684
0.0506834120377384761413352975978
0.0503090109926699682874051688941
0.00582606750617319351509548752688
-0.0339879642230107165135066793482
-0.0703291847422896354569132881807
-0.071567902742675049143628029924
-0.0944897061065931159751229984067
-0.0750129758689957043538143466321
-0.101909982026914633368441798211
-0.0940774348860476394840191005642
-0.126689861670246123326322162939
-0.16617299404873908663660131424
-0.13714858690028242094172128418
-0.118740788643538180968661777115
-0.14208745411080292431194038727
-0.133278705887315218614475043069
-0.125363358317270912056784482047
-0.120761059984101082331875431919
-0.130153635720261950936560424452
-0.128209133516710704903118767106
-0.112682393850076667529691576419
-0.101529651795216224741125188302
-0.121581977484045783421962028115
-0.0884611066648793437083853063996
-0.0641713049216673936392396626616
-0.0627383365904390366551979241194
-0.0437488485567474189030789943899
-0.063970679264536450814304657797
-0.0299091118974451480871934450079
-0.0408942616840216599527479957032
-0.013999438787994334179587418987
0.0229677546468432212944943415778
0.0241744089059196393121098367374
0.0404461622502631859554789173217
0.019990016773330076399473043125
0.0196400639883514763206484587954
0.0432764018256735424894365849013
0.072373562644571357016509693949
0.113645460563737435433218081471
0.0957020346286459322460160592527
0.0839209619756738911533489044814
0.0911197237423013312040964706284
0.106136880078488426981664360937
0.104180709853636352391070829526
0.138718540402222256791020527089
0.124517208304016760433974297939
0.119855400566811848284132224762
0.127767470705199337466240194772
0.122091025569650304949398389454
0.163850428503259620827137155175
0.126984213893503311565424951368
0.149560853859897674444923154624
0.128378898739612862245351720958
0.0730720727483164245175117912368
0.0824711004877492354081525149923
0.0574368072500886089892802033319
0.0509345819784358597170914606522
0.0315455828839933741236656317142
0.00633567752466213541390205321591
-0.0150310779872260703166064743641
-0.0605947204763850610920172812257
-0.0934017387678734573031036347857
-0.126919622092408701519161695614
-0.176877414686890638284566534821
-0.211480930974189157423026586002
-0.296281991568601132946980669658
