3
816.926531440480971468787174672
0.114803025377490944269887052087
0.114886498055533164963648573575
0.114970054368662866206562966909
0.115053694442163831346270796985
0.115137418401458968553185968631
0.11522122637227194541509334158
0.115305118480524160240463515947
0.115389094852397483537131961384
0.115473155614335798446745684487
0.115557300892941194891960776658
0.1156415308151146903448136527
0.115725845507980248938473266662
0.115810245098927663831567258512
0.115894729715498856492672530294
0.115979299485597750485332824155
0.116063954537241401099301185695
0.116148694998820217749724292844
0.116233520998854908401476393465
0.116318432666163623645516622673
0.116403430129766519152134662818
0.11648851351898867334533349549
0.116573682963368771559053982401
0.11665893859266172893907054231
0.116744280536876549048130868869
0.116829708926311504058048740262
0.116915223891445402282229792945
0.117000825563086538472212794204
0.117086514072202316216753104072
0.117172289550005442881897010921
0.117258152128081688525540471346
0.117344101938154823927540348905
0.117430139112161865955208384094
0.117516263782409369209602800765
0.117602476081363552240510728097
0.117688776141783121853556792757
0.117775164096649620493195698145
0.117861640079225934996109970143
0.117948204223008709656816961342
0.118034856661760043095021899262
0.118121597529469352094722012225
0.118208426960397267047042646482
0.118295345089057327148118758942
0.118382352050226236084284892058
0.118469447978933203891038772326
0.118556633010420686691333003182
0.118643907280276614257807921149
0.118731270924256449017519798872
0.118818724078424114987129200927
0.118906266879083385989979149144
0.118993899462811456024802225784
0.119081621966439399340487170775
0.11916943452702601080606115147
0.119257337281941391826656229114
0.119345330368800212061941579123
0.11943341392544229440098035866
0.11952158809002010053657016897
0.119609853000919516552436050461
0.119698208796827590405520425065
0.119786655616631446119590975741
0.119875193599525642351721899104
0.119963822884972537430314787343
0.120052543612689036067742165415
0.120141355922639830877685085397
0.12023025995508766772257303046
0.12031925585055165683900924023
0.120408343749835805569503577317
0.120497523793957284077293934388
0.120586796124251965922624663108
0.120676160882326008461085109502
0.120765618210032732449121795071
0.120855168249511826794595492629
0.120944811143167019196198452846
0.0648281161996841631678378803372
0.199931697070517250258703256804
0.194524550594837336570108732303
0.189110121582959395114542644478
0.18368839983628806877824501953
0.178259375252117713284150113395
0.172823037645242039150872415121
0.167379376832676257658150120733
0.161928382627659822601273731379
0.156470044829551846454762653593
0.151004353175873268222417777906
0.145531297433783624040160020741
0.140050867342125490155879674603
0.134563052647026060171242534125
0.129067843017373340419595706408
0.123565228167099055989197609051
0.11805519775877207355740949879
0.11253774143524622464163087443
0.107012848869661031381284033159
0.101480509652904005157836309081
0.095940713402508592810846721477
0.0903934497091747057861965686243
0.0848387081563370670789225869157
0.0792764782846919063841184538433
0.0737067496430997420864272839935
0.0681295117512203118881330965451
0.0625447541123328870638076182331
0.0569524662323719968459734275257
0.0513526375661774864278541485874
0.0457452575761285035182979186175
0.0401303157037760163672324154049
0.034507801359969648979930667565
0.0288777039727380890887786790699
0.0232400129187931465957195342753
0.0175947175642302208742329128199
0.0119418072870766060061820112992
0.00628127137954665772101581211473
0.000613099196706395183596727260777
-0.00506271996376596051386842489705
-0.0107461968200208372176129856257
-0.0164373421143239016595227752759
-0.0221361665597214693490535353249
-0.0278426809516513495967870994718
-0.0335568960663101337194014206489
-0.0392788226945081780927537806747
-0.0450084716783401214690307767796
-0.0507458538095305194959294681212
-0.0564909799817765109763989528346
-0.0622438610448359241900107008405
-0.0680045078949369774523603382477
-0.0737729314241155481601808219239
-0.0795491425611604963119560807172
-0.0853331522590990015908474219941
-0.0911249714406273947364667264992
-0.0969246111112020830580249253217
-0.102732082252658743493078929987
-0.108547395855278283605116484978
-0.114370563000234348738359813069
-0.120201594692921895357606842936
-0.126040502009114596670968921899
-0.131887296005575971324930151241
-0.137741987812365046517371069967
-0.143604588528512683298643537455
-0.149475109297644903616486544706
-0.155353561266326795076153644004
-0.16123995562299534012318247278
-0.167134303525886984687076619593
-0.173036616195859999089989855747
-0.178946904858528599291389582504
-0.1848651807610282304938920106
-0.190791455167502371770282820762
-0.1967257393700922452062229695
-0.20266804460240459007103197564
2.60379329314839129637426336206e-11
0.290249821097035842765166080426
0.244347954420597562874561958779
0.202571391804592576546539817173
0.159058724969712045327341343182
0.126642592604471637685037421761
0.119415230907695485429442783243
0.0537571781542885776539186792888
0.0711193181997572532182516624744
0.0122970084787706636364479351187
-0.0583549646053698120584662945021
-0.0544796766108388147431540460275
-0.028821404720027286178174463771
-0.0813245632365469095503840435413
-0.106668127867469361702568164674
-0.102786212412604924248960003297
-0.12879342030380441785908374186
-0.133254942596551462230536344578
-0.110896952842285109741560233942
-0.14842694280672055762160255199
-0.110903802871080522929325695713
-0.129147162602266829534158887327
-0.137418394327172010971338522722
-0.112664393933194148522680677615
-0.131013751436527992044744905797
-0.165798750159468516462979437165
-0.122530456391887310196864291356
-0.123171459083042486581938135259
-0.134512597281020801487372295924
-0.112714533608202979730883441789
-0.100529611653602135579177456748
-0.110575243262794109533331265993
-0.0614908089727294396298340473095
-0.0411216826568960233667660020274
-0.0744606155394215152298897919536
-0.0533507153635217473697238688146
-0.0327763721884511069482037726175
-0.0348749711805014031562599541303
0.0233492597516676246571787345374
0.0276010480132466082259234951835
0.0412896819477851714785821002351
0.0430668488769521684567109787167
0.0540330538864980045032915256797
0.0906274753546292000105921715658
0.0772267058026769315226545131736
0.0627499128105366704710732506101
0.100384463541208709957963662873
0.137595966397013935722526412064
0.12622812011102149676311512394
0.130426925078470035135325133524
0.11938268961765396980467812682
0.120289640984668752543562675328
0.111836639852771382863672045005
0.13517045877972139189537870152
0.149456506246522846659274819103
0.107047832886777327665583925409
0.119349103848516310821814556675
0.108264792440947277274432281047
0.104947497450119150985692328959
0.0913305965330509228472521954245
0.127969436719426038484570540277
0.0785814788943067082938043199647
0.0819326288783896322653887978049
0.0387814445977207877813697223246
0.0206809262569115671903663411513
0.0128154733721541798374676801586
-0.0139828692056684286693091223697
-0.0551037631995076118696097466909
-0.120897841522442511807966525339
-0.137295202316825237787156765989
-0.154210268848856829615456831561
-0.240197352246512008111523073239
-0.257287463893957568661363666251
