3
18.5611551046020615274301235331
0.114431664242657105123868177543
0.114525074220532929736293681344
0.114618585168073591762372132052
0.1147121972556918723107344249
0.114805910654076498422782037778
0.114899725534351571099023203715
0.114993642067937287820633684987
0.115087660426642798827678859652
0.115181780782606615898266966269
0.115276003308377075762258812119
0.11537032817678377627501618008
0.115464755561106746650779086849
0.115559285634906097617324860494
0.115653918572113087459563018911
0.115748654547097457045978785573
0.115843493734495872615752887214
0.115938436309377335131642894339
0.116033482447097033296579127182
0.116128632323486094546360902768
0.116223886114645902356556916857
0.116319243997084043051870594354
0.116414706147686550230524460403
0.116510272743688150787200186187
0.116605943962684588388611928167
0.116701719982687038279500768567
0.116797600982008739634032679078
0.116893587139399943164441708632
0.116989678633949809039016543011
0.117085875645148052015542816662
0.117182178352808183396938090937
0.11727858693716132487683267982
0.117375101578854071360247246503
0.117471722458793254029174590869
0.117568449758380683123348831032
0.11766528365933670574605685033
0.117762224343756063960064750518
0.11785927199417679800408365054
0.117956426793457927471031609912
0.118053688924850255781429098079
0.118151058572003253566151670384
0.118248535918958078139162637399
0.118346121150126756815801343237
0.118443814450301609930704671569
0.118541616004682992535634866726
0.118639525998838285536507441975
0.11873754461875862808994952502
0.118835672050784824094193936617
0.118933908481656566702433508453
0.119032254098550047127780260325
0.119130709088954678254168584317
0.119229273640834021463774661242
0.119327947942496973010584326857
0.119426732182670677917535329016
0.11952562655047391237950193954
0.119624631235410103236027623552
0.119723746427401855907390881839
0.119822972316763282085716468828
0.119922309094213419555785549164
0.120021756950837402144749432864
0.120121316078194831367120798404
0.120220986668185494949945280041
0.120320768913143513745289681083
0.120420663005784300825240507038
0.120520669139273159387037992474
0.120620787507128235382936054521
0.120721018303330943077789072504
0.120821361722227169077648056827
0.120921817958578495244559292132
0.121022387207591827773534021162
0.121123069664865093408856466795
0.121223865526423404959110996515
0.121324774988649908280535782978
0.00268971311732466673502517373606
0.199965556706409225418141772934
0.19457348161818291409907999423
0.189173716691300425329913537098
0.183766250998052105281033163919
0.178351073599141984882265887791
0.17292817351367681388829566913
0.167497539766545744388537286795
0.162059161352865854777149934307
0.15661302725760775644836542142
0.151159126449851466400531307954
0.145697447861962453563577923887
0.140227980430722598548243240657
0.13475071307064703796108062761
0.129265634663896594735987832792
0.123772734097992942459143250744
0.118272000224161205617079417607
0.112763421878321862257266161578
0.107246987877367930264149720188
0.101722687048978521762165883047
0.0961905081537310496786474800501
0.0906504399728897125587678829106
0.0851024712469848065854449714607
0.0795465907157032331431523175524
0.0739827870980631352448853021997
0.0684110490713525781769632772011
0.0628313653284880563321124213871
0.0572437245274260014804568186264
0.0516481153085518521206331854501
0.046044526286580879370635699388
0.0404329460724354924905377117739
0.0348133632484946900498279376279
0.0291857663946803146115538396543
0.023550144050072854134958433292
0.0179064847409462143956737634198
0.0122547769951394380782971893495
0.00659500929485493971038412297503
0.000927170123684112920496580567686
-0.0047487520608508228259214689615
-0.0104327688302742940112954883602
-0.0161248917502553774927509522286
-0.0218251324318998567164396007456
-0.0275335024841704585629731383278
-0.0332500135452384881773468805477
-0.0389746772723897211276877783348
-0.0447075053341920922167496144084
-0.0504485094248540710815120746702
-0.0561977012563702887915084716042
-0.0619550925547921946257012848491
-0.0677206950764467213721431448903
-0.0734945205799517886635641161774
-0.0792765808624609075172529060183
-0.085066887719782838250814904768
-0.0908654529836989410807035483231
-0.0966722884897140422033601225849
-0.10248740611208782824714802473
-0.108310817719951810178535822615
-0.114142535227604258185607477571
-0.119982570541432756461297515216
-0.12583093561496769274832274732
-0.13168764240068878135225816095
-0.137552702867843046341533863597
-0.143426129039032068668291231006
-0.149307932912680657588921917522
-0.1551981265243857488478340656
-0.161096721941601545013966756414
-0.167003731224931339927053386418
-0.172919166480603486713008010156
-0.1788430398190433701088863927
-0.184775363374173690056423424721
-0.190716149311937505084202371108
-0.196665409792147583001309385509
-0.202623157008717968974309542318
2.06205755849947587574360913259e-12
0.31005412587346076191963106794
0.2590072449753194616661744476
0.207983867565720959014186064451
0.16594088521914782119459630394
0.126933236993799852809772232831
0.092068323846269575772005566705
0.0597628120041490684677398803615
0.0347305797363128485044647675295
0.00647033173246890167679135075218
-0.0171842106028133809192404157784
-0.0432148559037153420780974499849
-0.064980411060375428689006582772
-0.0778331027529190616620624609823
-0.0981745125073048285901933240893
-0.114556809877595422442198014323
-0.11423832215018039915044312238
-0.129265297019289071567271776075
-0.134067715661013608929863494268
-0.142574966446057466162855575931
-0.141448829565171074751361857125
-0.137141532310312147524555825839
-0.145685672011379496737504268822
-0.142359127514419425697411725196
-0.138428749811135759495428487753
-0.129274630223286834951323953646
-0.129018129928873653833321100137
-0.124000885977608554799900275611
-0.117188793786965547716327762373
-0.101338088679384152879237035449
-0.0919529922655224069005797105092
-0.0836067427967192855486899816242
-0.0742249801500022565736713886508
-0.0583832515871478066604716161692
-0.0466489077041973773662952851282
-0.0361063294496948711254091790579
-0.0174720290510285668206247322587
-0.00473963249903654095657179468049
0.00707509999155375192414485496784
0.0109992628172693208965515765385
0.0299374334497398003618329198616
0.0390401818690515739485036306178
0.0535238919483865538406774930991
0.0649189803886590366399644835838
0.0714018262104537670964532480866
0.0812929590892095405019190934581
0.096288501395735387466956467506
0.103589668994148759173512530651
0.113470149621492835678715493941
0.120603668145577880288499272865
0.130304319262215806407567697534
0.125799921985714741046180620287
0.137542088534509276964712398694
0.127109803068269300307946423345
0.134739472337729787598803454785
0.13716542797977235301765119857
0.128164489489345723161051182615
0.12621353020551950852023992411
0.120672803512249668389522128109
0.108648085131210506149024297429
0.100618842567000890686479408487
0.0745627005972134271338802591345
0.0620892336826726065623915928882
0.0369975314311200703665249989172
0.0237364321819015372527772456124
-0.00447265705232662447859981469378
-0.0241462538933179815536789192265
-0.0578499858712566983331981873562
-0.0952117129344492718612258386202
-0.136317030096146429851700077052
-0.177342175875011609509357413117
-0.213557210171230138495701567081
-0.265406618485427625575567844862
