3
170.413045727944194140945910476
0.113929102203748397470484121641
0.114035900846407620146116812521
0.114142825538988065825485307414
0.114249876520468460205925964601
0.114357054030307381253805942833
0.114464358308576333311812334159
0.114571789595846559861591629215
0.114679348133284092492445438438
0.114787034162576004336919766047
0.11489484792596442452872196327
0.115002789666217200559295008588
0.11511085962669082016773813848
0.115219058051313022472683655906
0.115327385184515393556914375495
0.115435841271319505896286727875
0.115544426557298629543168999589
0.115653141288585420420886862303
0.115761985711902201656720023948
0.115870960074474588230586391546
0.115980064624146936291815279674
0.116089299609311150107693322298
0.116198665278926333011000338047
0.116308161882530292086102008398
0.116417789670202262430898088041
0.116527548892625468224260032457
0.11663743980105199804508941952
0.116747462647282751468935657613
0.116857617683734912872317579513
0.116967905163375629484789897106
0.117078325339764366397332651104
0.117188878467024082397074380424
0.117299564799872593767737782855
0.11741038459361687051885070332
0.117521338104146194636356881347
0.117632425587943442724103704222
0.11774364730204005258240584908
0.117855003504110447676289652463
0.117966494452386411184718895129
0.118078120405706130102707618335
0.11818988162348358084141608515
0.118301778365781248836263728208
0.11841381089317923325232584375
0.118525979466929054506607599251
0.118638284348832306891452503805
0.118750725801300638373447782214
0.118863304087410664999779896789
0.118976019470736965599755308176
0.119088872215544455679392399361
0.119201862586673243415980039117
0.119314990849584842691477604149
0.119428257270328130879022410227
0.119541662115603186666845658692
0.119655205652674304084293055439
0.119768888149489757810606249677
0.119882709874536350080909130611
0.119996671096980284110244951989
0.120110772086570019578921630909
0.120225013113721163060532148847
0.120339394449410261311861347622
0.120453916365292373891193733471
0.120568579133628103750019988638
0.120683383027313087532128577095
0.120798328319831088650815331675
0.12091341528539871486014334323
0.121028644198750201521619374034
0.121144015335324151116935809114
0.12125952897117597828469115484
0.121375185383010078532528552842
0.121490984848156541309194267342
0.121606927644564183355058162306
0.121723014050893016402277169163
0.121839244346382727379740629203
0.0408781401317029752240372886263
0.200047940643539617910917627341
0.194673181419859925300741565479
0.189290265554135028747140268024
0.183899181238522252401779155662
0.178499916642775646735685768363
0.173092459920607621981503143616
0.167676799201493642588189914022
0.162252922608544292160104305367
0.156820818229483821548697619619
0.15138047414533642442968641717
0.145931878414253535236611014625
0.140475019079147722678158061171
0.135009884150312675643590409891
0.129536461636128030772141528359
0.124054739516627599016374006169
0.118564705752864096854892750343
0.113066348293627008669837152866
0.107559655058949807382440155834
0.102044613954447971337913259049
0.0965212128625142218307786379228
0.0909894396615022055252453014873
0.0854492821871630087171567424775
0.0799007282716000938327383096293
0.0743437657259471973425490887166
0.0687783823398351312761178633082
0.063204565876788368350425173503
0.0576223040902969288468149500204
0.0520315847141534434938670017345
0.046432395451428118415826418186
0.0408247240048414672397569802342
0.0352085580409709636429127499468
0.0295838852069776198083772555947
0.0239506931452730456588717800059
0.0183089694599588050094585156558
0.01265870175169822239857886359
0.00699987758714778075114226751907
0.00133248452305629390586549920528
-0.00434348990588919597888306611821
-0.0100280581894381919799696945006
-0.0157212328342314425211334594223
-0.021423026359717683986261249629
-0.0271334513203038626971697055978
-0.032852520275545873951195119389
-0.0385802458180075635851835613721
-0.0443166405534925617049069046516
-0.0500617171057049087368184814295
-0.0558154881242217612569156415248
-0.0615779662733512284100712008694
-0.0673491642413296537350575476921
-0.0731290947380711375824802189527
-0.0789177704878366859109206643552
-0.0847152042454717146835463381649
-0.0905214087757077734419652870201
-0.0963363968671285958444983066329
-0.10216018133402202106019274197
-0.107992774995925952530306801691
-0.113834190716086081085478554087
-0.119684441360749835303600718817
-0.125543539828590511309158728182
-0.131411499021106908946521230064
-0.137288331876061514558173826117
-0.143174051353056219770820689519
-0.149068670420842042112496983464
-0.154972202078437121253173813784
-0.160884659339434576974525725745
-0.166806055248264278878522759442
-0.172736402856852488962857705701
-0.17867571524861927678706763345
-0.184624005524059581206941516029
-0.19058128680057048742746417247
-0.196547572225513167420984927958
-0.202522874961372306712448221333
5.60588508013233924876625950735e-11
0.307504815287944377466544665367
0.256029118037370051474965748639
0.213484920912513725932413422015
0.171379420831708456640640747537
0.12984019008020192265107084495
0.093462238275749037752504477794
0.0607861475084424882076028495703
0.0303122587559116439537287845951
0.00358391412825608554962308893721
-0.0218912457555302218670245650856
-0.0443819058357164258898919229068
-0.0624266050166082803185574334748
-0.0802202571068362652040306670642
-0.0941857365139287111555077558478
-0.110929187989887059750948594683
-0.120251131311143705238109191669
-0.127099004117609770680985548097
-0.134984195068641538162168558301
-0.138675909591578244706155942367
-0.143363492025718963773783798388
-0.143624219761394722461034234584
-0.142741367070273766914922930482
-0.140509320734868492497326997182
-0.138791946051979669940479311663
-0.133474373303158561077097488123
-0.128519318597107606860774353663
-0.11946655516684120956760750687
-0.110340068120512571625546627274
-0.1033137254572354946091650163
-0.0943454949440370033153513418256
-0.085007548581886097083248898798
-0.0723232796796099142166980300317
-0.0597816142904500011368007506007
-0.0483254216708573700045370458156
-0.0357261514728348869573970603142
-0.0243645581400794078441585099881
-0.0110865985030990724102828437481
0.0035817634899967618761218446366
0.0154202969002311673918370615866
0.0307957998503375386667446633737
0.0414689224393225835951781732547
0.0538615206704277996174745624103
0.0666698522674851051794675527162
0.0750639978369520288747906988647
0.08683642995940600572968293136
0.0948203043993158939395371476166
0.107082088794328109115916447536
0.113061278065193324127157836756
0.120014456669424313117744418378
0.126043562378152923519891714932
0.13147572373538951584492906477
0.133999645702277597747453796728
0.134883228250390063696073639221
0.133409869968704186682373347139
0.133134240177427531914844394123
0.129944964078597097190126419264
0.123701621657276827903615412652
0.115111934022472647831669689822
0.10575633329614170241583792631
0.0945000072759298592739440891819
0.0797680977610744634809236686124
0.06259807648652326861338224262
0.0444784546339291597671916633772
0.0205686775228166029982901363837
-0.00357444110675013155403734188553
-0.0307299329893835383720190890244
-0.0608636858778511952161593967503
-0.094920551994191346145690602043
-0.131040523847695739023677674595
-0.171833542501838187899210197429
-0.217416070040670650342917724629
-0.263853951536445030523481136697
