3
665.94640660055870284850243479
0.113868997380289521670349017768
0.113977392931609008974724872587
0.114085917648073451036161429784
0.114194571777328182649036136809
0.114303355567625136712806011019
0.114412269267741187328546459412
0.114521313127052604130540203187
0.114630487395493516067368489075
0.11473979232359632352000744504
0.114849228162465344382781040622
0.114958795163761742785801800437
0.115068493579723887809684867989
0.11517832366319608050631018159
0.115288285667602560802258437889
0.11539837984692716266188483587
0.115508606455756682174218497039
0.115618965749255023234276507083
0.115729457983182529301480201411
0.115840083413872113604625724292
0.115950842298276207698037865157
0.116061734893909210275531052048
0.116172761458906009801594905184
0.116283922251978047435194696391
0.116395217532433051244034061256
0.116506647560196907598140114715
0.116618212595779924267702654106
0.116729912900281659893231278602
0.116841748735438039075162919289
0.116953720363551630367915379338
0.117065828047554498780868925678
0.11717807205099660394775895611
0.117290452637998462992463544197
0.117402970073335041756301677651
0.117515624622383338393483143136
0.117628416551074005402810485066
0.117741346126050958065256679674
0.117854413614510503127696949832
0.117967619284277194791066278867
0.118080963403822902790807347628
0.118194446242200310037695487608
0.118308068069117963694303341526
0.118421829154871968703410800572
0.118535729770449640985141570582
0.11864977018739794600854509099
0.11876395067794291715568277823
0.118878271514896993732435248603
0.118992732971747505743564943259
0.119107335322595764282027630543
0.119222078842186926528334822706
0.119336963805896284496199655223
0.119451990489713347209921323611
0.119567159170340345242244950441
0.11968247012505714432784031942
0.119797923631792077592272960374
0.11991351996917454236779576604
0.12002925941640611717797781921
0.120145142253405862176052210089
0.120261168760698089474914240782
0.120377339219467485720294064322
0.120493653911571477199693447346
0.120610113119518580493405579546
0.12072671712646568242810474203
0.120843466216219830311473515394
0.120960360673246253293555696473
0.121077400782727606642907858259
0.121194586830440584335200071564
0.121311919102883095100686716705
0.12142939788718654092747328832
0.121547023471139631345394604978
0.121664796143262490812908538373
0.121782716192689377532332173359
0.121900783909253615511225632417
0.167429012779522878862081824991
0.200059708857406426396607912466
0.194686857694994691625467453377
0.189305798533362490410070222424
0.183916519472360262543730868856
0.178519008585147048728813956586
0.173113253932534100210105521001
0.167699243556085925144216730587
0.16227696546816866574047821814
0.156846407677670385272250541675
0.151407558161862548784526438794
0.145960404891143591399327306135
0.140504935799499686144287124989
0.135041138817923761505923607729
0.129569001850559334387824605983
0.124088512787453655872305091634
0.118599659489685399504921292646
0.113102429808847257386439366655
0.107596811573151415752924719982
0.10208279259102702452022271018
0.0965603606578847861729997248403
0.0910295035382407136115290313683
0.0854902089829470551718415549658
0.0799424647280027461659912546565
0.0743862584776443375167431781847
0.0688215779352719242423219725424
0.0632484107666494849153693280641
0.0576667446295543104084480034999
0.0520765671538051463929086537519
0.0464778659507200098133239407616
0.0408706286258712359060751850848
0.035254842741419330220953298749
0.0296304958600662922407753541165
0.0239975755116316989690172789551
0.0183560692168274509905590008429
0.0127059644639767651413952975759
0.00704724873232262342959142387144
0.00137990948023459267073043132967
-0.0042960658637698993095321853275
-0.009980689881452760661706413714
-0.015673975176104994883052867749
-0.0213759343758016459591253521921
-0.0270865801206729185646171487178
-0.0328059250813591066209262692155
-0.0385339819428257845945751114414
-0.0442707634068766689439122785643
-0.0500162822047073157838426027411
-0.0557705510785388713923538261952
-0.0615335827946480937167272884381
-0.0673053901419751743340214034106
-0.0730859859304814896141522240214
-0.0788753829854690474698841740064
-0.0846735941556112370331987904137
-0.0904806323087106872948837121839
-0.0962965103386586168676686270373
-0.102121241153735817230874260986
-0.107954837683435486694882854408
-0.113797312879757708814487671134
-0.119648679714673217278075867398
-0.125508951183942424334460952196
-0.13137814029676342375552167141
-0.137256260093149173862059342355
-0.143143323625118751296625418945
-0.149039343970543414208407284605
-0.15494433423067952015905746066
-0.160858307515911541640818427368
-0.166781276970638658863066439153
-0.172713255757781097843306383766
-0.178654257052972054164996507097
-0.184604294066296026333162672017
-0.190563380013928168610348734546
-0.196531528147330269984394135463
-0.202508751729469860247689894095
2.41792997211386617075991764018e-10
0.306117449909159733412167270217
0.257661267046998487817432987868
0.211863458644951818676815946674
0.170490620360979255876188176444
0.130109546199540043742715056396
0.0927036060354019808560366300298
0.0617215437967085986392667962264
0.0318766561301465772837460121991
0.00399114308965651306410071796904
-0.0228409376886430995345911298955
-0.0430598263486953944378932135351
-0.0633112716710909767536819003908
-0.0814097225320808276505246681154
-0.09639061691367938056185238338
-0.107870755837368381691021568258
-0.118067826494143657267699154545
-0.12698019893909454069991227243
-0.134167591005482728094833078103
-0.137350097832026118993553609471
-0.142883664340905297551742592077
-0.143408892244429098106195397122
-0.142946465553373869283859676216
-0.14082271803439661006507321872
-0.137562476161515845340943542396
-0.13495869012567163203186737519
-0.128481272221254327892125957078
-0.12025795248748295807050823214
-0.112063479631719725704286361179
-0.104332817501201546850353452101
-0.0953742357462563222769702520054
-0.0824312137561892394055362842664
-0.0738873335950549908757167827389
-0.0595777984253081233090298951538
-0.0483195297906068715887428766109
-0.036114802532298671822186264535
-0.0246240721649232593981615480061
-0.00991753659241752932862468128405
0.0022958431410703464790878935986
0.0161622347174999458907507232652
0.0287995026254920447050800191846
0.0417745219044907828420676310088
0.0536809758610616929996872670472
0.0652124895893212708219977002955
0.074800697792883535930386074142
0.0859594359064988211560631725661
0.0977686073505176639342195699101
0.105823507447212444843032130848
0.114145917715754122157001404503
0.119913584217377355845002284696
0.126463633765056537860971275222
0.131984767955463155875150960128
0.132793107848430264050776372642
0.134140182431330051704421180148
0.134587306324319366801489650243
0.134508732187155588544413831187
0.127892569265072697515250865763
0.122432113339123502249172759093
0.115498316285514518453325649716
0.106850296828736368581758142682
0.0954308924052232193657729908409
0.0799570775786921372763060844591
0.0627294025274795080671097480263
0.0434642969164383760616310325986
0.0229216574869984014706236763459
-0.00283779709622708140037694590774
-0.029223354668183956078797436362
-0.059470214569409450555692586704
-0.0963765736537324363419898531902
-0.131967031101549753246970908549
-0.173365245879181811838876114962
-0.217275311123829695247877680231
-0.264545652355622107343435800431
