2
4.90748787938502850636268703965
0
0
0
0
0
0.706622308645133867521792581101
-1.28062870935215636400524077388e-16
0.707590922019934454034739701456
0
0
0
0
0
0
0
0
0
0
0
0
0
0
0
0
0
0
0
0
0
0
0
0
0
0
0
0
0
0
0
0
0
0
0
0
0
0
0
0
0
0
0
0
0
0
0
0
0
0
0
0
0
0
0
0
0
0
0
0
0
0
0
0
6.07031439345811453311496999619e-07
0
0
0
0
0
0.707590922019934565057042163971
1.03389486015619110982792485997e-09
-0.706622308645133756499490118586
0
0
0
0
0
0
0
0
0
0
0
0
0
0
0
0
0
0
0
0
0
0
0
0
0
0
0
0
0
0
0
0
0
0
0
0
0
0
0
0
0
0
0
0
0
0
0
0
0
0
0
0
0
0
0
0
0
0
0
0
0
0
0
0
