3
156.115455949535601121169747785
0.114719592974754730496655952265
0.114805301674112278376149731685
0.114891097807404876651737879456
0.114976981509507511503009880016
0.115062952915584451596409110152
0.115149012161056912839640631319
0.115235159381629190256113304258
0.115321394713217270644456391437
0.115407718292030184170648965392
0.11549413025456385650802104692
0.11558063073751560778656966022
0.115667219877903917901740271645
0.115753897812975820036385243839
0.115840664680248964235609321349
0.115927520617521734314081527373
0.116014465762831156525614062502
0.11610150025453311317669147229
0.116188624231183909585318758673
0.116275837831650089015944615767
0.116363141195044747511211369329
0.116450534460764795752218958569
0.116538017768484200575862530513
0.116625591258140232087114895876
0.116713255069902682725668796593
0.116801009344255940503032320521
0.116888854221961907553506421209
0.116976789844034020915408689234
0.117064816351743913869221103141
0.117152933886683754960422731983
0.117241142590673377843479840976
0.117329442605826644863142860231
0.117417834074536139854494365409
0.117506317139457014397940781691
0.117594891943556739688503398611
0.117683558630025622560033582431
0.117772317342384358340723338188
0.117861168224392451331361542088
0.11795011142010845828220766407
0.118039147073868602721979925718
0.118128275330296086953474343773
0.118217496334260041557229214959
0.11830681023096230319868737979
0.118396217165863709697148919986
0.118485717284693911621751283292
0.118575310733488412107128340267
0.118664997658562226812151152444
0.118754778206498670667379258248
0.118844652524198360343810065842
0.118934620758806272600160980346
0.11902468305779509427644313746
0.119114839568877653452894094244
0.119205090440137675966703056929
0.119295435819837689073175113208
0.119385875856605011557931561583
0.119476410699364071765771200262
0.119567040497263660236981763774
0.119657765399821230944965577692
0.119748585556781431127326698061
0.119839501118226068876460033152
0.11993051223448612796484979981
0.120021619056255440805003331661
0.120112821734446484356340079103
0.120204120420306079242145358421
0.120295515265414515448938459485
0.120387006421541917222661766118
0.120478594040871953008142725139
0.120570278275807726831025945557
0.120662059279079469931161838758
0.120753937203734174055114181101
0.120845912203075070423530235075
0.120937984430758246889858753548
0.121030154040685053451475994279
0.0145933881029898029901836764566
0.199936499318787874734937304311
0.194532973870251923997898302332
0.189122067923691433710686737868
0.183703771166834006756118924386
0.178278073244749341030868095004
0.172844963796895539909215244734
0.167404432447902568048547777835
0.161956468816273763122737250342
0.156501062468277107875280762528
0.151038203003528687107248629218
0.145567879969288382913106261185
0.140090082893633560701118767611
0.134604801330485607246956192284
0.129112024757851551193255090766
0.123611742672093391504084536336
0.118103944564452195686854452106
0.1125886198803649485000732966
0.107065758048722800555019318836
0.101535348514028886390825334729
0.0959973806706529847465603211276
0.0904518439150319847330550260267
0.0848987276060222256779397298487
0.0793380211168782240038765962709
0.0737697137730578128556047090569
0.0681937948940042892864710211143
0.0626102538010566977977333635863
0.0570190797698958140582448095302
0.0514202620687569250668147446959
0.0458137899534742584761737305143
0.0401996526655407082628812531766
0.03457783940842183711961155268
0.0289483393914407513558550988364
0.0233111418063407897782735034298
0.0176662358109990098864461316452
0.0120136105595562269615639294784
0.00635325518225473076516784942669
0.000685158790246202516020790351803
-0.00499068951762508036112953035968
-0.010674300669460111759545561938
-0.016365685591116205938044814161
-0.02206485524492591415723907744
-0.0277718205964088589443594656814
-0.0334865926554761828004558310568
-0.0392091824036052555291220755862
-0.0449396008958361514729062946572
-0.0506778591381099249857378197248
-0.0564239682487843660640969289943
-0.0621779392454287760383380145868
-0.0679397832772796195222042570094
-0.0737095114202626633392867461225
-0.0794871348372279823424335631898
-0.0852726646596521503651544549029
-0.091066112061228610130569904868
-0.0968674882426867750462307071757
-0.102676804382164130191590345476
-0.108494071729817093130421312708
-0.114319301511630971868171968708
-0.120152504987076802489553983833
-0.125993693455035665751395868028
-0.131842878173790756246575028854
-0.137700070479466363249088090015
-0.143565281710191783304253476672
-0.149438523199280637321351150604
-0.155319806329286436152870010119
-0.16120914248529727430536695465
-0.167106543067392587786912372394
-0.173012019503367059369836056248
-0.178925583230934825973434953994
-0.184847245714399699423324818781
-0.190777018434874906516185433247
-0.196714912895487675781325265234
-0.202660940593398203324326800612
6.7399482363473120684040954547e-12
0.313018367902435201699518074747
0.261293495999514069350055933683
0.213417382462735755188631969759
0.16869485185248875303010152038
0.126347982537651309931092669103
0.0918662169455707472431882365527
0.0575371334224506758570072406656
0.0140547031561056023907241296911
0.011865976551760059817808290461
-0.0257418832681329291800498282328
-0.0447316970480204426086068281165
-0.0574103658674916458859449619467
-0.088104217849365104586745189863
-0.108556426373815462227412353968
-0.119226885855575476247381061512
-0.112007164360450217621689716907
-0.123087371585620289349272127311
-0.134325039725510436694477789388
-0.129317063179699015540435880212
-0.139152324972969754224294547384
-0.135515049687977701120544793412
-0.135658119204429300497238841672
-0.136859620259652148277496053197
-0.138382707580431252303299061168
-0.137472136473667350120564378813
-0.132845271156619204599991235227
-0.130764120932706839894876793551
-0.104626554247210068471218846753
-0.0863645828539952031821513855903
-0.0865746214386101664572947811394
-0.0842330514138187602668494946556
-0.074529150249514244941373419806
-0.0673676942623036983937012678325
-0.0509082615043714159508425609602
-0.0293423709508004691703941801961
-0.0156366992371315023657718512595
-0.00409680760555317970139643790617
-0.0122363901355291484346343722223
0.0289474479816871112236587038069
0.0431189757956754737833193757979
0.0273173751597237494948000602335
0.0553046610491744194959551350621
0.0516933682915401496171803330526
0.0640050009663514357649560793107
0.0847140815680498954209909356905
0.0964696006419845930590639682123
0.115756954198602574068743820135
0.104367719944556652800216056676
0.110056539863145286251011611967
0.124033503874970238434194413912
0.128759137236712645213643213538
0.12984339385029444735586423576
0.151385839910551794895710031597
0.128497152115004731331993070853
0.127073878075670165799238020554
0.118427364236757259874366354779
0.121905257911404607540362121654
0.115821421496455592703433978841
0.0985620822673398261359878347321
0.110032963952830756260148348247
0.0842098029592683178234935326145
0.0749128293739082101732051910403
0.0569989764233861037623363188231
0.0184722183113560055323087993884
-0.00226414537873177073093455824448
-0.0298126615616678553033480625345
-0.0553145345390434473031859852199
-0.0913924425200021428583596616591
-0.144589994042690933584438539583
-0.172737168271483082504502704069
-0.212045113307134075464333022865
-0.275513739886284858560117072557
