2
36.417390416655791796074481681
0
0
0
0
0
0.706444043802340160276287406305
-1.3809337882729167903173769944e-16
0.707768898000044499596583591483
0
0
0
0
0
0
0
0
0
0
0
0
0
0
0
0
0
0
0
0
0
0
0
0
0
0
0
0
0
0
0
0
0
0
0
0
0
0
0
0
0
0
0
0
0
0
0
0
0
0
0
0
0
0
0
0
0
0
0
0
0
0
0
0
2.18461015623125935820620507899e-05
0
0
0
0
0
0.707768898000044610618886053999
2.29770369836002104373754954469e-10
-0.706444043802340049253984943789
0
0
0
0
0
0
0
0
0
0
0
0
0
0
0
0
0
0
0
0
0
0
0
0
0
0
0
0
0
0
0
0
0
0
0
0
0
0
0
0
0
0
0
0
0
0
0
0
0
0
0
0
0
0
0
0
0
0
0
0
0
0
0
0
