3
6997.72943087746079982025548816
0.114214894090953769656415772715
0.114314087078771109418084961362
0.114413391636990963151632172412
0.114512807964595300647125952764
0.114612336261020186789494346158
0.114711976726163747408726578669
0.114811729560274758399351924254
0.114911594964109631256121701881
0.115011573138854530928831820802
0.115111664286089404596324925478
0.115211868607880657533470980525
0.115312186306708336358539668254
0.115412617585474649994914386752
0.115513162647572567576226276742
0.115613821696824145557336294132
0.115714594937442447064590567152
0.115815482574139247406996844347
0.115916484812061043596642662123
0.116017601856808261207021359951
0.116118833914399102735792723706
0.116220181191339963500119836226
0.116321643894528412022104646439
0.116423222231393216907768817237
0.116524916409763326652360149183
0.116626726637905034356101907633
0.116728653124606313040700911188
0.116830696079034859757861397611
0.11693285571086708962695865921
0.117035132230233263062046944469
0.117137525847667539613539133825
0.1172400367742537363735522149
0.117342665221472769454535978184
0.117445411401258095751565235787
0.117548275526064935347925199949
0.117651257808758999412468426726
0.117754358462724376122032765579
0.117857577701749191567692776061
0.117960915740132996076816596087
0.118064372792642813259078593546
0.118167949074483732974094607471
0.118271644801372491362378980284
0.118375460189463099780482480128
0.118479395455442615414654028427
0.118583450816366883784347407982
0.118687626489887537717393684034
0.11879192269405586257491336255
0.118896339647416970919380219129
0.119000877569012092349609588382
0.119105536678353315926948141623
0.119210317195436857340418157492
0.119315219340718176033178110629
0.119420243335184347865940424072
0.119525389400283982288542006245
0.119630657757919658945588992083
0.119736048630574132278781007699
0.11984156224107493649011502157
0.119947198812895922115373537054
0.120052958569884057893339956991
0.120158841736437441150009419744
0.12026484853745411651715357948
0.120370979198264629883574627911
0.12047723394479001313150945407
0.120583613003370060390295748221
0.120690116600898678100861616258
0.120796744964695224044959331877
0.120903498322663671693533160578
0.121010376903164268425072691571
0.121117380935083410187225183563
0.121224510647777658500778841244
0.121331766271157326375629281756
0.121439148035611871323524724176
0.12154665617204099548054330171
1.2972884889862186241771269124
0.199997127568964233601533919682
0.194612857246389436838285291742
0.189220686525027159685663491473
0.183820604071315341077053062691
0.178412598541208694546966739836
0.172996658563373623129777456597
0.167572772751182264006075683938
0.16214092970102569890578081413
0.156701117980694498710292350552
0.151253326155275064079930302796
0.145797542768062865503608804829
0.140333756326799286018314205648
0.134861955353436202553751854794
0.129382128324744022362935425008
0.123894263705306609257839056681
0.118398349940348382447474762103
0.112894375472293043149996094598
0.107382328701232210299565394962
0.10186219802686884150499935231
0.0963339718108398995743968384886
0.0907976384211868214890728268074
0.0852531861984694439016152500699
0.0797006034459684514770216878787
0.0741398784700253166146666217173
0.0685709995575748271212646045569
0.0629939549655358504987034962141
0.0574087329346690336540071086802
0.0518153216897173571342527509387
0.0462137094392190486691340822745
0.0406038843742744723352977587183
0.0349858346443014597837439794148
0.0293595484222245635408388153564
0.0237250138217513818761350563591
0.0180822189604494809600510052405
0.0124311519214468525068584270343
0.00677180078987893539071984960742
0.00110415361203259980958646391258
-0.0045718015764225948885379757769
-0.0102560767710678131525714462668
-0.0159486839567007272766563374944
-0.0216496351753395765982190823706
-0.0273589424616486366625967008304
-0.0330766178742303157411797087661
-0.0388026734939469139518131157729
-0.044537121438810431395260991394
-0.0502799738107466628878050585172
-0.0560312427602192922315715861714
-0.0617909404363512423929982730897
-0.0675590790304962801604560240776
-0.0733356707393199164224384389854
-0.0791207277715456624989087686117
-0.0849142623800280410550911369683
-0.090716286806350368565610153837
-0.0965268133451274989997870079605
-0.10234585427156349390909184649
-0.108173421930935598211931392143
-0.114009528639912871561534757348
-0.119854186755874322911630258659
-0.125707408671971249125576264305
-0.131569206763214124888961009674
-0.137439593464778381237678672733
-0.143318581197930866588663434413
-0.149206182431352835093818498535
-0.15510240964599453228345282696
-0.161007275326324639230790580768
-0.166920791989942612909558761203
-0.172842972181726423075431853249
-0.178773828455318833929865718346
-0.1847133733956776435736202302
-0.190661619594171410918548303925
-0.196618579678581317793373273162
-0.202584266271917418089643092571
1.32723524019417542911994063666e-09
0.306579053794621081419080610431
0.255083954145247704392573950827
0.212819266855876376709488795314
0.169516070179004496587538142194
0.126594731022352219307336440579
0.0963067734014037418743825469392
0.065900191118249754063107559432
0.0325596076835714537400789936328
0.00215354088248667944680003749625
-0.0239529770774785169540344043071
-0.0406217134081022918090653206491
-0.0657897200646461732809200384509
-0.0762777566654818384161984567982
-0.0998081870903823886731487391444
-0.11074124924248125723114100083
-0.118913895471754210708681398501
-0.129548855396418027829952279717
-0.136045490089003601186234959641
-0.132403183511070804412312895693
-0.14408940692618107948241856775
-0.146776624915865100406975329861
-0.140103226821490151055016326609
-0.142449564931199423867269615585
-0.142463967365100141471145889227
-0.133537181411295696742413952052
-0.12447201237626866199281749914
-0.119832387133093951070428317962
-0.11283477217166566763939528073
-0.103982393085036581292790458519
-0.0882517926706900407429756683086
-0.0827262560361991527990710437734
-0.0681367594493561684609872486362
-0.0651694309796318343996901489845
-0.050839576965541387332248035591
-0.0367529063943577496975656515588
-0.0186311192281411151794312530683
-0.00535468605797819775793389140972
0.00271050445080317286769555629178
0.0157830715517243078127584965387
0.0252720702954957986141604209251
0.042216860276995372969199848967
0.0529658439696216454262156503319
0.0615282681392368760442401764976
0.0731265550603185793265836878163
0.0877096832221614941538234688778
0.0981646599554804599740975845634
0.103322764505985736915860684348
0.112784055866564203451929415678
0.117177186560242341251125708368
0.124586968380979795645302488083
0.130424147661188288838118864987
0.133728066981636806165312236772
0.1371517485879353293043436679
0.133242537880049194409792789884
0.135679765089161408209150749826
0.134448933678497750676683608617
0.117642873012278020850018833698
0.114395633522573467177885220281
0.107682948999714214743939066921
0.0943355823197547377345628660805
0.0821903876342059552806418309956
0.0628451371646041173635310883583
0.0447807505994638962998344311472
0.0215079860207790483916934221043
-0.000865569021286196390446709969524
-0.0276947137471597049085403341451
-0.0563716183056519049010546495992
-0.0971530283219479845469024326121
-0.13399256020845254355755571396
-0.173151604505039580228498152792
-0.220949546289848697266933186256
-0.264184898334772100270129158162
