3
265.87286629255220304912654683
0.114528137051948586400129670437
0.114618969241264370695354557483
0.11470989779366330685306252235
0.114800922867255073001047094294
0.114892044620531819099085169
0.114983263212253619678371308055
0.115074578801590179932823332365
0.115165991547932403116227817463
0.115257501611056162316160111914
0.115349109151047291010883100171
0.115440814328330698668167997312
0.115532617303626086724399613104
0.115624518238004347914227309957
0.115716517292851872600323304141
0.115808614629916761806782687927
0.115900810411204632788262358645
0.115993104799129484461239769644
0.11608549795638832546895713449
0.11617799004600677659215790527
0.116270581231360331520008344341
0.116363271676179783065130379782
0.116456061544475353297656283758
0.116548951000618211670811774638
0.116641940209331426703265321976
0.116735029335654535986854796192
0.116828218544970136028027241082
0.116921508002984564367210396085
0.117014897875783493996770801004
0.117108388329702689523159619966
0.117201979531514149934778856732
0.117295671648297197831034566207
0.117389464847470981201382755899
0.11748335929678217770533166231
0.117577355164322466807291789337
0.11767145261855464777323021508
0.117765651828251813326708941077
0.117859952962559869082959096431
0.117954356190959050443289868326
0.118048861683274358691519978493
0.118143469609691839639076249568
0.118238180140708970533580668416
0.118332993447217704741092347831
0.118427909700445754825892663575
0.118522929071955995805609518357
0.118618051733697521532562291213
0.118713277857927804181947806228
0.118808607617274492040948530303
0.118904041184751424475862791041
0.118999578733680347331080895401
0.119095220437767879140267268667
0.119190966471047571362262829098
0.119286817007970155635199205335
0.119382772223281197199185044155
0.11947883229209962929751043248
0.119574997389962536797902714625
0.119671267692664187731743652421
0.119767643376462493143286280883
0.119864124617902120806256505148
0.119960711593948388120622894348
0.120057404481897014858482464206
0.120154203459419697819221539703
0.120251108704530262905052495626
0.120348120395647475988631924793
0.120445238711562346844985427197
0.120542463831374818683528360452
0.12063979593459560335499958228
0.120737235201152773300670162371
0.120834781811259797668078874722
0.120932435945526065013133631965
0.121030197784982196385072938938
0.1211280675109711046921745492
0.121226045305229304660521449932
0.0338467228528125246844737716856
0.1999539482796970357725285794
0.194558193845011023759283830259
0.189154848940928210776490914213
0.183743902807496362061812078537
0.178325344683983588733866554321
0.172899163808523687047014050222
0.167465349387712819639872918742
0.162023890618643834349299481801
0.156574776677250532275209593536
0.151117996707122448363236344449
0.145653539865498976579871737158
0.14018139526760364788060542196
0.134701552019046488783970971781
0.129213999209921742705731162459
0.123718725912273702638444206059
0.118215721182213934214999540018
0.112704974044474950933825141419
0.107186473533699810900543525349
0.101660208637901816608462013392
0.0961261683383088649801351266433
0.0905843416164203441010016604196
0.0850347173955241092402346225754
0.0794772846264078236533379140383
0.0739120322213227542995639396395
0.0683389490575028457630679668
0.06275802402898258969266009899
0.0571692459988329959585939832323
0.0515726037819756177871255431455
0.0459680862175784257783739406023
0.0403556821168315968395567949756
0.0347353802659992258461407743653
0.029107169423183757578366126495
0.0234710383477355587211743426224
0.017826975767866577726739052423
0.0121749704023884075532180304435
0.00651501094916518818517259248324
0.00084708609501475489421407072399
-0.00482881552568730377378303231239
-0.0105127052498586760764798242462
-0.0162045944515297260513086996525
-0.0219044945376160628269790464628
-0.0276124169089891347006471278291
-0.0333283730051967333474216559352
-0.0390523742711548910166996506632
-0.0447844321804664394215400591293
-0.0505245582112836683075229871065
-0.0562727638695696488757569397876
-0.0620290606873456495939933574846
-0.0677934601931515223860458263516
-0.0735659739618699515251165621521
-0.0793466135660258337081174317973
-0.0851353905937401317371993059169
-0.0909323166811693978095476609269
-0.0967374034445566272077954295128
-0.102550662551912780129370617033
-0.108372105667870921585915766627
-0.114201744493804782654144958087
-0.120039590733335338468279474
-0.12588565610174748399252564468
-0.131739952378839175750613321725
-0.137602491314947394940304548072
-0.143473284682727630912069116675
-0.149352344323378932733348278816
-0.155239682029785525108067645306
-0.161135309656607494943614256044
-0.167039239072058642854301524494
-0.172951482148461482823975643441
-0.178872050789382452951059576662
-0.184800956924402348668934337184
-0.190738212477334689864960637351
-0.196683829424615846948043440534
-0.20263781974639205607502390194
2.30846162804804973756371709921e-11
0.297354943191702969507161924412
0.254135484307188685981770959188
0.216966845010357956002877699575
0.169103018979857827597257369234
0.13212075089001532046673048626
0.0989940071021240403092988913158
0.0602809939427579807857959792727
0.0251855430949151463948521012526
0.00519860672509256122736376326543
-0.0129681377911448573320152277688
-0.0386945082389704639314054190891
-0.0574547463086459708758724218569
-0.0777038253208586909837052303374
-0.104199645982682678746478188714
-0.112298850678696188198912864209
-0.123348470902222048795060516113
-0.12285170515126174473063969117
-0.136488620619462597272075754518
-0.146843968279408598753832393413
-0.143467531929953345803951947346
-0.134787930708875236529564745069
-0.142627711506190218981870998505
-0.133852643886104932802183498097
-0.140799215883566752882671835323
-0.130245106719001330075613509507
-0.131544159577425712193132767425
-0.127989579126127295261028393725
-0.119381781350387655704636813425
-0.102592141734057520907619220907
-0.0996315916271290347161482259253
-0.0776961254277092755460287776259
-0.0716429636463118413303163833916
-0.0581995081816245457551062258972
-0.0567619114549941655711862154021
-0.0311663797602694456201355421854
-0.0246389191263376716722888204458
-0.00777729439907101638418396305497
0.00233703506602866029756571109033
0.0281592262028344426927350951928
0.0229535420406846435437131503932
0.0391713433783076603322825803843
0.0524035563058739828345977684876
0.0612501051956934466913295977974
0.0734522232146264247854006157468
0.0840658228812200952750899318744
0.0976705004722986380727434152504
0.110673866061143252870202502436
0.117609610203850939447178802766
0.121200150553867375124994509861
0.133241465051991081480764478329
0.137577567202480405272879693257
0.139269644058241437445389010463
0.129376746511334794753622645658
0.138526737103862929156861127922
0.129698231443599931722587825789
0.129707998481902342380323034376
0.120811907948254360078976787918
0.119164277435209173261476678363
0.108524204247645958409940192269
0.0891315077117601911593780528165
0.0670751173886644652677446742928
0.0549090946766139856305422028981
0.0512736471354849968062872278551
0.0243670407050340133425780919652
-0.00386380720656011745345326247048
-0.0305882609663575277814118180686
-0.0627822630260883862707288471938
-0.0910502060698462623022919615323
-0.137192054023548809515986590668
-0.180397832905435206996003216773
-0.207656460209915738612806990204
-0.26171333968696991467695056599
