3
6468.64962449554786871885880828
0.113856893220975058378385824653
0.113965610255355259683440749541
0.114074457085098515674026486977
0.114183433959636343457688667513
0.114292541128987568121999629511
0.114401778843692944476195805237
0.114511147354915229779059870907
0.114620646914394594406694238842
0.114730277774442765426066159762
0.114840040187930703119434383552
0.114949934408329235147050439991
0.115059960689739657069274869627
0.115170119286761032939558901944
0.115280410454617343596339651413
0.115390834449158680152791589535
0.115501391526781210794538878872
0.115612081944476766115492694098
0.115722905959868144210034301977
0.115833863831107761188654592388
0.115944955816990352692741339524
0.116056182176898434188494491082
0.116167543170805923069544007831
0.116279039059319508342404958512
0.116390670103583865335750147096
0.116502436565414244085125972106
0.116614338707198367250938986217
0.116726376791924199571859332991
0.116838551083196823254795049252
0.116950861845240436376336390367
0.117063309342897978182485019261
0.117175893841585235244373564001
0.11728861560737546820831767036
0.117401474906942027143230689035
0.117514472007548276266675202351
0.117627607177154022699561153331
0.117740880684239893061437953747
0.11785429279797408896879318263
0.11796784378814904881149772109
0.118081533925139120499991918223
0.118195363479997386790820712577
0.118309332724378088452787949336
0.118423441930570222391239099125
0.118537691371491019087791585207
0.118652081320680502507514120225
0.118766612052350270523071174011
0.118881283841311261029183299343
0.118996096963050690398233655287
0.119111051693642250315363639857
0.11922614830987740552892262258
0.119341387089105910312980540766
0.119456768309380345627346287074
0.1195722922494009132776682236
0.119687959188460923964925086693
0.119803769406561982924230846947
0.11991972318435625832755420106
0.120035820803095022446527195825
0.120152062544754939521496339694
0.120268448691911084003081100491
0.120384979527826063705475689858
0.120501655336411217511738414032
0.12061847640227249534028430844
0.120735443010627691018399332279
0.120852555447385309750352178071
0.120969813999152991934593615042
0.121087218953102662699627956044
0.121204770597232974749246636748
0.12132246922009314038515270795
0.121440315110941471354877307931
0.121558308559729807973859294634
0.121676449857048757374755609817
0.121794739294200454748917650249
0.121913177163188612972533064749
1.64135692042651260003083280026
0.200062118982597347827123712705
0.194689648634932738202607538369
0.189308960039464513336326945137
0.183920041276926071738273549272
0.178522880399693217867707062396
0.173117465460101510599244534205
0.167703784467750027786792088591
0.162281825424984177397291773559
0.156851576322257352247291350977
0.151413025112844684683111040613
0.14596615974501767065696355985
0.140510968145554943076191989348
0.13504743821810361037449865762
0.129575557855540896001755868383
0.12409531491269128189447457089
0.118606697251399134662719347943
0.113109692691900506900104517172
0.107604289049561291369272453267
0.102090474106721298963584843023
0.096568235645798763955305332729
0.0910375614072586741842840751815
0.0854984391320174341721838118247
0.0799508565273148036345318701024
0.0743948012832757465950805908506
0.0688302610821541344110485738383
0.0632572235676795296965835291303
0.0576756763819687920391565683076
0.0520856071401969017431454744838
0.0464870034283348387837975224102
0.0408798528278622938514352824768
0.0352641428893965200308535656859
0.0296398611564074702939830530113
0.0240069951384039824426874787378
0.0183655323264959313700472876008
0.0127154602069882959047841808342
0.00705676623240068801035107526332
0.00138943783306365287698314059384
-0.0042865375708774512003573775587
-0.0099711725816041194003780390176
-0.0156644798323005776663485733025
-0.0213664719550840445649875221079
-0.0270771616254458537265126238935
-0.0327965615200592405797941353285
-0.0385246843556232704264274957495
-0.0442615428445397307566366862375
-0.0500071497392062663811529432678
-0.0557615178066409727941632468173
-0.0615246598323308316325075395525
-0.067296588619318337132213514451
-0.073077316998714239582035645526
-0.0788668578200996811533585173493
-0.0846652239468349415707493221817
-0.0904724282736527468662401929578
-0.0962884837063450044203349875716
-0.102113403171798511337442505464
-0.107947199632696722026992119936
-0.113789886042941768007352720815
-0.119641475410803221901545612127
-0.125501980747697888807223876029
-0.131371415077500636181540016878
-0.137249791462575293499170925315
-0.143137122976471020674438250353
-0.149033422719952457491388031485
-0.154938703802874083725882314866
-0.160852979370871312925217466727
-0.166776262583150675089527226191
-0.172708566617793518593870771838
-0.17864990467505842408613148109
-0.184600289982275816980106242227
-0.190559735782661804348592227143
-0.196528255337650670231397498355
-0.20250586193987360483781401399
2.39738512775700769235854168597e-09
0.306425382873028062657994041729
0.259841221472467243103210421395
0.211606080117125699979752084801
0.168191373587676884504560348432
0.131090178297982473676341896862
0.0937431597616663475625031765048
0.0615247057669798674828243179036
0.0296136747797230322210015884821
0.0047521305156682991030492324569
-0.0222452543452328309336873957136
-0.0433538966409764831011486307943
-0.0643044726905696584218219413742
-0.0816304501302766299941637839765
-0.0971720145209174906986149267141
-0.109205222054574002665816578883
-0.118451346291262360477247739254
-0.126354222078216837932274074774
-0.134147009453234711262581413393
-0.139060880925869378987869140474
-0.143092297624174330517021758169
-0.141561622654261420883869959653
-0.142491592377622378062795860387
-0.140121654415305108010159074183
-0.137256237793297625193744693206
-0.132779390269032210314392727923
-0.126306042392495071480240653727
-0.120347268454727318598429519625
-0.11348872234301456141114528009
-0.104118906740526512288980143239
-0.0948857280929123331203456359617
-0.0835704652664933794747881279363
-0.0743222334098460474249847607098
-0.061625962050418002513563209277
-0.048702861969911345751960141115
-0.0341043947058527960325413630471
-0.0234358364160399540443435739689
-0.0120423434595773645033878196386
0.00400394959251506882963456135371
0.0165899739448941360708822401193
0.0265813202579724024154916861562
0.0414263851409818403825902066728
0.0548239804395437638206978192557
0.0667966134997019789221184282724
0.0770056977493113886668041345729
0.0881828355390584101014539442076
0.0936292877182481053655038749639
0.105682039633449895155159481419
0.113904531720071242051339766022
0.119444817225996702259038784177
0.12314753964142678699378308238
0.1293818880573373575337825514
0.134912840654916460492174223873
0.135811066879520908612377638747
0.133310138602910216443220292604
0.134292535941662877219116012384
0.130852775503203011542296962944
0.122865756183554442060312794638
0.115508658248500234444477996476
0.105729680514687021664066435278
0.0927740376531352717304201860316
0.0785383814329574936330402579188
0.0668646366549417586755410525257
0.0454166209051453037548462532413
0.0240901946277069928248337760124
-0.00308442213912392187644129215585
-0.0326299614116434405497457760248
-0.0622071533170485274633065841954
-0.0956805292259792355968883725836
-0.129234656739001918523968015506
-0.173592960068429891240526785623
-0.214632284195184236397224708526
-0.26706366460292368936180196215
