3
63.0200324387868420217273524031
0.114252838573197332272535220454
0.11435102017553193387566778938
0.114449311468279496528666072663
0.11454771264533458730028314676
0.11464622390099606097368933888
0.114744845429957498250672642826
0.114843577427391901890629810623
0.114942420088819330370455418233
0.115041373610244579417383192776
0.115140438188065699631756899635
0.115239614019097116881518161335
0.115338901300611570976961672841
0.115438300230281620795125263612
0.115537811006185986428818068816
0.115637433826880658971347770603
0.115737168891327277253644467692
0.115837016398895653601641697605
0.1159369765494185217091782647
0.116037049543161699394211439085
0.116137235580809711210648060842
0.116237534863459723855072525112
0.116337947592692891873866756214
0.116438473970478822971941212927
0.116539114199275137262468149402
0.116639868481929614985048715425
0.11674073702173953792637917104
0.116841720022493530950491447129
0.116942817688334144143880166666
0.117044030223945078050817869553
0.11714535783433481508364337742
0.117246800725085184580187558367
0.117348359102120838870497721018
0.117450033171888221228407189756
0.117551823141213637735624786274
0.117653729217443311916291293073
0.117755751608328698698535674794
0.117857890522061053983904344022
0.117960146167330623412361489954
0.118062518753233036683525369881
0.118165008489367215349652440182
0.118267615585750024420619297416
0.118370340252838809891322569001
0.11847318270161304176735228566
0.118576143143490325693178988331
0.118679221790297328986696356878
0.11878241885436147118326744021
0.118885734548503041452249817667
0.118989169085937526726404200872
0.119092722680380708188963012617
0.119196395546016797872823644866
0.119300187897528428560001145797
0.119404099949984063289143421116
0.119508131918997034803808787728
0.119612284020625195268827667405
0.119716556471374191428225230993
0.119820949488263689408640289003
0.119925463288763967106831387355
0.120030098090820255829491713939
0.120134854112867575648415652267
0.120239731573798178110301648758
0.120344730693006399246947069059
0.120449851690339809762164691165
0.120555094786141500651233116059
0.120660460201236496846632917368
0.120765948156949132208382025055
0.120871558875068188521062495511
0.12097729257785562462235162684
0.121083149488090652257099577582
0.121189129829021524642485019285
0.121295233824382231446747937298
0.121401461698416784917853306069
0.121507813675862774704938829018
0.0112320888922267953652367467043
0.199991112835040951711818024705
0.194605517604656774732774238146
0.189212057697782209952919174611
0.183810721855500486254797465335
0.178401498794134832914792809788
0.172984377217782508973087374216
0.167559345802640730083155062857
0.162126393214952951860041707732
0.156685508094382225374729955547
0.151236679071468232971042766621
0.145779894749811234078151755966
0.140315143726272878454963688455
0.13484241456146311977093432688
0.129361695823282329964598602601
0.12387297603540399493216028759
0.118376243726306548675886176625
0.112871487384300084322319435159
0.107358695494779124435247297242
0.101837856516162728048868757469
0.0963089588957291437010255208406
0.0907719910568049043186888980017
0.0852269414062974545176487595199
0.0796737983236390917562985691802
0.074112550195213372505875781826
0.0685431853569937327153027695203
0.0629656921444399775289468834671
0.0573800588735286637431798340003
0.0517862738390446816771905957921
0.0461843253118751975727640513014
0.0405742015589195537117461753951
0.0349558908021083067363399266014
0.0293293812736477553515523908345
0.0236946611644921235895200339883
0.0180517186654203277973440577853
0.0124005419355066176523294529943
0.00674111911426291971621838072792
0.00107343832754254616367040053859
-0.00460251231969930306442417844437
-0.0102867447421021371289917567537
-0.015979270863931187285356116945
-0.0216801026430425217150776973085
-0.0273892520569081823755830384926
-0.0331067310881762583152365664318
-0.0388325517557199170748383210139
-0.0445667260773851339750173394805
-0.0503092661147075403960116091184
-0.0560601839284507949545677263359
-0.0618194916004914732376995800678
-0.067587201241687586139583743261
-0.0733633249880982080126656796892
-0.0791478749745807147464304875939
-0.0849408633670253876424283134838
-0.0907423023601398454074384858359
-0.096552204156418769409597757658
-0.102370580962718976669734161078
-0.108197445042303552753537587705
-0.114032808658475495744433203527
-0.119876684084118834139331966071
-0.125729083634692789805953339055
-0.131590019626463966551099815661
-0.137459504407675320303283683643
-0.143337550333743179997725292196
-0.149224169787053523306141755711
-0.155119375179271046238937969974
-0.161023178931678362379997793141
-0.166935593478698629521517204921
-0.172856631300567525899580800797
-0.178786304872934259657668576438
-0.184724626688120174833329656394
-0.190671609283926901667882702895
-0.19662726519940476599401790736
-0.202591607002908485890557699349
1.09207916530663125889345876894e-11
0.307013026221361839951384808955
0.259316247641662223077929638748
0.210995735674622486577334257163
0.166836343719884233616213009554
0.131631253899965411369166190525
0.0960535288759605948571973499384
0.0601528231051982262278521318422
0.0308083025222250887764641191779
0.0043719838438291899751497737725
-0.0227479192188022455445306491129
-0.0402412089311312212713822589194
-0.0651866682058296342816561264044
-0.0832923413984707622370606827644
-0.0993226105238871059821548215041
-0.112297683391052630086370811568
-0.119517149718764925658831543842
-0.128817553977258025810215258389
-0.131564321489625157823866175022
-0.138889015013090116879013180551
-0.140084719397366774806812372844
-0.143833425302016759683709778983
-0.139605957727697072012773560346
-0.144813143487423384714318785882
-0.135057864709095754029988256661
-0.128402298269005621378369141894
-0.129660293116253599876586122264
-0.121613075163776243603486193479
-0.112323970984594345701168549567
-0.103970546182597198270336491532
-0.0953153467719906055677370204648
-0.078304303753096285434232015632
-0.0699997715470252884761848122253
-0.0631239819883059466443242513378
-0.0550403197504160945907614177486
-0.0340101817285536831003689428599
-0.0219200282484738225019516022485
-0.00826344443825673992398694878148
0.00319962426695305501844757145591
0.0197350660118302753676111649384
0.0321706114796959652402108531533
0.0452553089009131645492622908478
0.0496323728114650281062480985383
0.0628868753339898584053813124228
0.0795052377679465460680319210951
0.0834376951272831623995784866565
0.0919629488819257295828535347937
0.104540288641948350689681035419
0.10760181997930917674466400058
0.119964135151913633969833483661
0.124216260628978086844043104975
0.134082423588909926959189533591
0.130413367394730750348230685631
0.132756424841466019737268311474
0.136816150758786558849777748037
0.130942107031403215389175898054
0.131531828619246810019305371497
0.128052672567782910295619558383
0.113430183433142428572892868033
0.107539824746111511988289066721
0.0963344505690290897614858067755
0.0800688001245360991831034880306
0.0599324072540056013158604741875
0.0489483878389160576016791992515
0.0204747008030540522671714143144
-0.00113520310964093369514305020829
-0.0298690616982594525641303562224
-0.058364990283840949281124466097
-0.0936185045770615564819649989659
-0.13422819128813184841320094165
-0.171916558686470849481864320296
-0.222441552584022872451896546409
-0.263770972929053382216579848318
