2
26.9265252935489804997359897243
0
0
0
0
0
0.706573044331689992247902409872
-9.33667708883400779051217518136e-17
0.707640115471026232008000533824
0
0
0
0
0
0
0
0
0
0
0
0
0
0
0
0
0
0
0
0
0
0
0
0
0
0
0
0
0
0
0
0
0
0
0
0
0
0
0
0
0
0
0
0
0
0
0
0
0
0
0
0
0
0
0
0
0
0
0
0
0
0
0
0
6.51178408887702378336640243739e-06
0
0
0
0
0
0.70764011547102634303030299634
3.85493696567235013635230592621e-10
-0.706573044331689881225599947356
0
0
0
0
0
0
0
0
0
0
0
0
0
0
0
0
0
0
0
0
0
0
0
0
0
0
0
0
0
0
0
0
0
0
0
0
0
0
0
0
0
0
0
0
0
0
0
0
0
0
0
0
0
0
0
0
0
0
0
0
0
0
0
0
