2
0.907484858920682757599251999636
0
0
0
0
0
0.706610309449200002518409746699
-8.65686109516570932353933766204e-17
0.707602904587103620492882782855
0
0
0
0
0
0
0
0
0
0
0
0
0
0
0
0
0
0
0
0
0
0
0
0
0
0
0
0
0
0
0
0
0
0
0
0
0
0
0
0
0
0
0
0
0
0
0
0
0
0
0
0
0
0
0
0
0
0
0
0
0
0
0
0
1.36792649426272159695895354672e-07
0
0
0
0
0
0.707602904587103731515185245371
5.73492097585937591229691016122e-10
-0.706610309449199891496107284183
0
0
0
0
0
0
0
0
0
0
0
0
0
0
0
0
0
0
0
0
0
0
0
0
0
0
0
0
0
0
0
0
0
0
0
0
0
0
0
0
0
0
0
0
0
0
0
0
0
0
0
0
0
0
0
0
0
0
0
0
0
0
0
0
