3
644.340609245099244617449585348
0.113956614090258881444306382491
0.114062681475115543228149306287
0.114168873491945571663208625068
0.114275190375766250161504444804
0.114381632362109825207241442513
0.11448819968703519145414304603
0.1145948925871651258301398002
0.114701711299647055031236675404
0.11480865606215535923428916476
0.114915727112923457542414951149
0.115022924690716829565495515908
0.115130249034826423470967426965
0.115237700385095273580837726968
0.115345278981956650410367615223
0.11545298506630512214155004358
0.115560818879657717372921865717
0.11566878066402690172775891142
0.115776870662033293246651055597
0.115885089116790920837907208352
0.115993436272008018650403471383
0.11610191237191068436285235066
0.116210517661314835513586274374
0.116319252385589780307562079997
0.116428116790628435883725444455
0.116537111122940559293503781646
0.116646235629548067347371897995
0.116755490558065153083866505312
0.116864876156632699344406489672
0.116974392674025817751015665635
0.117084040359533222974697252994
0.117193819463003529035560745797
0.117303730234896264050803438295
0.117413772926223472503615141704
0.11752394778856260770805164384
0.117634255074066024215895254201
0.117744695035497184965045391891
0.117855267926135459655156978442
0.117965973999898082746895511264
0.118076813511246811461141703603
0.118187786715234055545664659803
0.118298893867492968534627095778
0.118410135224267965003974723004
0.118521511042338767438764079998
0.11863302157911267964429669064
0.118744667092570033162246545544
0.118856447841288112576840774182
0.118968364084444652717387214125
0.119080416081799117522521669343
0.119192604093695780909101245015
0.119304928381098560019601961812
0.119417389205551546793593331586
0.119529986829210954635271946245
0.1196427215148450629023102465
0.119755593525775014263068385389
0.119868603125997980063388581584
0.119981750580035212427887358899
0.120095036153112302845791248274
0.120208460110974968415575858671
0.120322022720021279407198733225
0.120435724247273945319847143764
0.120549564960329147478290678919
0.12066354512742796800672806512
0.12077766501742373539407537919
0.120891924899784286573378722096
0.121006325044597240481181188443
0.121120865722565418387546287704
0.121235547205033128426165944802
0.121350369763954774038339223807
0.121465333671884306854238388951
0.121580439202095755280019773181
0.121695686628380358995649146436
0.121811076225232031711165348042
0.15116279000275012478482494771
0.20004266849598931199416540494
0.194667026094943212966015266829
0.189283250835529548439239988511
0.183891330940472580435240956831
0.178491254634120799504870547025
0.173083010109264023856923131461
0.167666585540291984690597359986
0.16224196908786558957160650607
0.156809148895504457676963738777
0.151368113083389960182856270876
0.14591884974804586461161193256
0.140461346978749068714620307219
0.134995592838731220952652734013
0.129521575374429681604127040373
0.124039282610042225774016344531
0.118548702547360912396001708657
0.11304982318727896384302766819
0.10754263248511332362600256829
0.102027118402766903138001453044
0.0965032688661923709894097100914
0.090971071783744320016218409819
0.0854305150518355621569455138342
0.0798815865361907351260839504903
0.0743242741031673731511020264406
0.0687585655766464881599731029382
0.0631844487758528999821194815922
0.057601911489917508035762949703
0.0520109415030720403927411155109
0.0464115265677815386213822534955
0.0408036544219813473999280972748
0.0351873127851962327894419502172
0.029562489346987481236839201415
0.0239291717909920036155835276759
0.0182873477748570038847741869859
0.0126370049391217667555942227864
0.00697813090132964886080912947364
0.00131071326006939399728967732273
-0.00436526040750960606789954354667
-0.0100498025375433380074197131648
-0.0157429255907420746762870322755
-0.0214446420538340863648496537053
-0.0271549644221294808610345228317
-0.0328739052109773347010168720317
-0.0386014769730727916319246162402
-0.044337692255326882628807538822
-0.0500825636533700907504496058209
-0.0558361037523685890815450250102
-0.0615983251858455774230272083969
-0.0673692405861374410402930834607
-0.0731488626193585456114476528455
-0.078937203964916574649990366197
-0.0847342773228747236924363051003
-0.0905400954217933512380156457766
-0.0963546710007440049272631199528
-0.102178016821615730291838985977
-0.108010145667995785534465369437
-0.113851070347353741651907910182
-0.119700803682127029925474914762
-0.125559358515623609164890694956
-0.131426747714458391769198897236
-0.137302984165180025355468274029
-0.143188080783408139273760184551
-0.149082050481045058631934807636
-0.154984906219220397449731763118
-0.160896660961204140960489894496
-0.166817327700395590106552390353
-0.172746919447265473435138005698
-0.178685449231040849316087815168
-0.184632930110706916515539433021
-0.190589375150729600782995021291
-0.196554797456444219072579926433
-0.202529210138463838797306948436
2.01613079835871323532803160837e-10
0.306455562699418149197327920774
0.256289359411300932123367601889
0.212356857817805333432659153914
0.170057648459658816708639506032
0.129735972043489106164670943144
0.0955243244419164555525370019495
0.0627698756718705480617259695464
0.0316616809581177147125963244889
0.00269134237634250554974113534001
-0.0206361084908517553038187486436
-0.0447624583606663142831827428836
-0.0645532690015919452530823718917
-0.0823531176887992849566799691274
-0.0953144009739190500862804356075
-0.10892838692944444012322691151
-0.117755143085393434998486839049
-0.12755827752390339058230495084
-0.132279702542588945002322020628
-0.140728212302886401818824424481
-0.142702242967035403120590331127
-0.143373863178646338001342996904
-0.143449547860779375030304549909
-0.141469515417161767478759770711
-0.138144081771800930624749526032
-0.132995458544576727888397726929
-0.128163120403026992155659513628
-0.119050195997959060156823341003
-0.114184193598658570434345449485
-0.101666044145221637351461652088
-0.093434510519916025295117378846
-0.085267568046726485708752818482
-0.0733102809398519517092296382543
-0.0609455594359899072154362897891
-0.0493407067966573631423443657695
-0.0358126340201266671336988167695
-0.0217580878569377002273999011095
-0.0105019163277448486504273006403
0.00314097778786273564705089356153
0.0164747346031670106880628878798
0.0289339449691849992518655199092
0.040687072826505660261275920675
0.0542414492273486162354778628014
0.0651367904373513495475123136202
0.0752636399215507179150108640897
0.0877862127600846225972119896142
0.0948550216832937664879210615254
0.10674385809893190135699825305
0.113836020026877995925396191979
0.120190697464446216713440662716
0.126608082226651985635612618353
0.130003439767495232448624165045
0.132970847617172371890603699285
0.135104788314738794019476131325
0.134705556910785090307669520371
0.134008782097612771933015096693
0.130199545909126912501818651435
0.123518550036823090976234595928
0.115704244051095486711666637802
0.106207334051177049172309807545
0.093108170169833720519747544131
0.0809574508173289686396856268402
0.0631745336848921756889296830195
0.0431442653415909302405673031444
0.0212227013213348580933370612911
-0.00300451838819720384171629845582
-0.0308575768463891647597208134357
-0.0611867498231223119753430239598
-0.0936158032847478477345148917266
-0.133026443402684602101970767762
-0.172873763963791560183125284311
-0.216572990647274976616643016314
-0.263843988057341882758066731185
