3
66.1239028080277790877516963519
0.114222519965917548856459973194
0.11432150972130804278403815033
0.11442061066843349503852067528
0.114519823005279575145465287278
0.11461914693024641276331010431
0.114718582642160393803010265401
0.114818130340266597033682671736
0.114917790224266680443321320126
0.115017562494270753070679802477
0.115117447350858048693567070586
0.115217444995001472296536348949
0.115317555628137419221346249287
0.115417779452138671847372108914
0.115518116669312984057249593661
0.115618567482394060674799618482
0.115719132094563456614189078664
0.115819810709451104235867546777
0.115920603531119686957495673596
0.116021510764125201919938490391
0.116122532613355686215150797125
0.116223669284280087254934699104
0.11632492098270930114267684985
0.116426287914946774426638853583
0.116527770287740570220869074092
0.116629368308315148339282529832
0.116731082184289472469806980826
0.116832912123789461888989649196
0.116934858335355232328289787347
0.11703692102799255481127005396
0.11713910041117484017725303147
0.117241396694846927717392759405
0.117343810089354835812791577609
0.117446340805577004173798627562
0.117548989054778535434664377135
0.117651755048723535845844878622
0.117754638999675781407816543833
0.11785764112029392669533933713
0.117960761623734353142900488365
0.118064000723626397193477544079
0.118167358634033992093037568338
0.118270835569545026966231660026
0.118374431745167860152712080435
0.118478147376388703859717566047
0.118581982679180200634938557869
0.118685937870002145011483207782
0.118790013165725849564324789753
0.118894208783791269223861775117
0.118998524942016181693560383792
0.119102961858785452720077557842
0.119207519752877827423631629244
0.119312198843633116007723060648
0.119416999350806588009454856092
0.119521921494681077069444086192
0.119626965496003823119508524542
0.119732131575965891623347658879
0.119837419956340548998774409029
0.119942830859334548243566587189
0.12004836450759551191858065522
0.120154021124342300086418333649
0.120259800933235336262150383391
0.120365704158451714000932497584
0.120471731024623052164201908454
0.120577881756933791290720137113
0.120684156581012266840069457885
0.120790555723005399446634555716
0.120897079409557503537619993494
0.12100372786782562228857784703
0.121110501325437311392896333473
0.121217400010516451747122346205
0.121324424151764351242910322526
0.121431573978277224101773867915
0.121538849719737010457443204814
0.0121632789900509886982238327846
0.199995903460180063371254277627
0.194611368163313286361315590511
0.18921893960506139253929802635
0.183818606477950119426623132313
0.178410357441214223461756205324
0.172994181153775405945793863793
0.167570066220198737871882599393
0.162138001256131758509582141414
0.156697974855354221768166667061
0.151249975587297774692885354852
0.145793992005311512372145443805
0.140330012652359364944132380515
0.134858026038054024109413830956
0.129378020656588627046446049462
0.123889984996506982706243604753
0.118393907520389751741873851643
0.112889776666128649473819223203
0.107377580862253740878742291898
0.101857308509446131683517933197
0.0963289480063490438643825086729
0.0907924877112328276851371811063
0.0852479159936206654091250811689
0.079695221154021014808854772582
0.0741343915347647819391596613059
0.0685654154176704999645863836122
0.062988281085397612724108284965
0.0574029767793921771867893255603
0.0518094907579590008284142754746
0.0462078112310901761849990521114
0.0405979264023320629561908390315
0.0349798244481492673352285294186
0.0293534935329488703981137831533
0.0237189218049971908830464428775
0.0180760973896372974245583264974
0.0124250083812822882667337154317
0.00676564287817348758435898048447
0.00109798894204107279869153668272
-0.00457796537369278052492793662509
-0.0102622320487737884314727310198
-0.0159548230619272618513448946942
-0.021655750434135676713021112505
-0.0273650261853344428653045383726
-0.0330826623652473450487576656087
-0.0388086710434088141830066831517
-0.0445430643090127045824466733848
-0.050285854261392176622891270199
-0.0560370530261325716647746730814
-0.0617966727614334132567819324322
-0.0675647256219298469881451296715
-0.0733412237913055459204159092224
-0.0791261794726031142399591544745
-0.0849196048959987570547980340052
-0.0907215122954296293578124732448
-0.0965319139446345342303601455569
-0.102350822122367290933908634543
-0.108178249126935438484409246485
-0.114014207288797450590145388105
-0.11985870894271098696659549887
-0.125711766451931994392765545854
-0.131573392198788774454243366563
-0.137443598594677141022657451686
-0.143322398049538501929589529027
-0.149209803010640212894699629942
-0.155105825940690250641651459773
-0.161010479325608329981278643572
-0.16692377566010588307854334289
-0.172845727461338749542107962043
-0.178776347295343696064406913138
-0.184715647705579688597765652958
-0.190663641283647322666183754336
-0.196620340630518419811068042691
-0.202585758373402202714430586639
1.22165604275758081582307180692e-11
0.30678205028226868122942505579
0.258264298799540326090351527455
0.210984994536489667282808113669
0.168945439356206844605523542668
0.126839826352443729717833775794
0.0965671532338180926835491391103
0.0612693078140573374468225154033
0.0335610429184817551928610157574
0.00463770290583225257979860245428
-0.0217718920778929118930999919712
-0.0418115822071915624325022520225
-0.0626149328674421162821417397026
-0.0821545260985418607235786225829
-0.0969729868791797400273679841121
-0.109691750343480762253101090664
-0.117683270735467429557452589961
-0.13121608043700638823736426275
-0.135649065595040890785938358931
-0.139573051854426033457912126323
-0.141026434054098176451574886414
-0.145518156728595055016128867464
-0.142076166731826630806878597468
-0.136779048458639529428637615638
-0.141519097375241709180215821107
-0.128254146092142612411990398869
-0.129376235321971733149837291421
-0.120419080464845118516592492597
-0.115367336682389687307903614055
-0.106866656072679450106832632628
-0.0972257608958021074530009286718
-0.0852240929418584119980906166347
-0.0734563308015358379376991138088
-0.0610093491442491447918072822176
-0.0505679049589912651962997358623
-0.0338584842251969872495287461334
-0.0184156516203467061909559987498
-0.00431224352748270627760929230021
0.00863503820637219650369065249151
0.0138203210530394617061578088624
0.0292119536727159928579666825499
0.042792251310289873555969819563
0.0516066136159328489596553879437
0.0639828040497343875081526221038
0.0796822167097939321189770112142
0.0845473063365077409647696526918
0.0971708596561921683631979362872
0.107000955556477733709996869038
0.111180731040906088935571460752
0.119767100151018962561622061003
0.129320543268841681161518408771
0.130810358607798798979970911205
0.130761197186317040808134493091
0.134402120943708569544838837828
0.135453173343864891053911492236
0.135641849030174455048580739458
0.131124110377793867687756801388
0.120201484854511903010987339258
0.113231759184341501667248053309
0.104914053278620175713164996978
0.0954724973667925580489423964536
0.0780027537454690417240144029165
0.0630120834545682545480005387617
0.0450265142751742827864624985068
0.0250592624123340858288688792754
-0.00849599993679076535835203998204
-0.0342690504101495416189315790234
-0.0595890873056704600818633821291
-0.0971868407088442021191099229327
-0.129716861831705193575103862713
-0.16906472360013838351910919755
-0.216897000696855996038081570987
-0.264005405764570877380492675002
