2
6.91722173409944041111430124147
0
0
0
0
0
0.706488330130585762134387550759
-9.08725818706482626420890621119e-17
0.707724691804162087116480961413
0
0
0
0
0
0
0
0
0
0
0
0
0
0
0
0
0
0
0
0
0
0
0
0
0
0
0
0
0
0
0
0
0
0
0
0
0
0
0
0
0
0
0
0
0
0
0
0
0
0
0
0
0
0
0
0
0
0
0
0
0
0
0
0
3.26938793396328159681220142108e-06
0
0
0
0
0
0.707724691804162198138783423929
1.91928183925157927710058302478e-10
-0.706488330130585651112085088243
0
0
0
0
0
0
0
0
0
0
0
0
0
0
0
0
0
0
0
0
0
0
0
0
0
0
0
0
0
0
0
0
0
0
0
0
0
0
0
0
0
0
0
0
0
0
0
0
0
0
0
0
0
0
0
0
0
0
0
0
0
0
0
0
