3
18.6276181449446802673719503218
0.114718917993062496929468352391
0.114804644773874420238257698657
0.114890459019540064344866436841
0.114976360865095925123391396028
0.115062350445728531211919687394
0.115148427896995614316821843204
0.115234593354603218062770508823
0.115320846954615779944575137961
0.115407188833302157271454291276
0.115493619127248522970852206981
0.115580137973193178280162385363
0.115666745508270399356298696603
0.115753441869803200270361287494
0.115840227195396425208251400818
0.11592710162291998410299953548
0.116014065290507201178016316589
0.116101118336553718601855678116
0.116188260899740505860400219262
0.116275493119006700926121311568
0.116362815133556535274195198326
0.116450227082872156958437415142
0.116537729106683321522730523156
0.116625321345002141981694876449
0.116713003938134149417571450158
0.116800777026631635857611968277
0.116888640751298358844145752755
0.116976595253278248254247273508
0.117064640673906122936287488301
0.117152777154857543062682623258
0.117241004838054690972981575214
0.117329323865675752558423994287
0.11741773438022871933750224116
0.117506236524422727485195139252
0.117594830441315439939486964249
0.117683516274202329410236700369
0.117772294166672467086165454475
0.11786116426257567391111535926
0.117950126706063626591536319665
0.118039181641549792423084852544
0.118128329213758959115310176458
0.118217569567639471661557593052
0.118306902848472866862650221265
0.118396329201817279708208729971
0.118485848773500060393537580694
0.118575461709625823436553559986
0.118665168156597305992860924562
0.118754968261108595495301187839
0.118844862170122994582399655883
0.118934850030887828697956365431
0.119024931990967711148421415146
0.119115108198186978039068151247
0.119205378800647118775479782471
0.119295743946789545297804124857
0.119386203785286665324250066078
0.119476758465153529154001432744
0.119567408135639971500374656443
0.119658152946330365029581344061
0.11974899304708164216037857841
0.119839928588072699988664737702
0.119930959719732874169118019836
0.120022086592810842131662241172
0.120113309358345757282826582468
0.120204628167681848438519409683
0.120296043172434474755050359818
0.120387554524540446587721476135
0.120479162376239970488889241551
0.120570866880016794309149474884
0.120662668188744284791802385826
0.120754566455522474588413217589
0.12084656183374613280800957682
0.120938654477173515577881346417
0.121030844539838866591452415378
0.00174343677602046285071701881009
0.199936545809402205220450809975
0.194533049019337794804940244831
0.189122170962276597849793802197
0.183703901306665723369704323886
0.178278229719860764612704429055
0.17284514580969315145075881901
0.167404639226819779151966827158
0.16195669957736058552910662911
0.156501316432003129142103148297
0.151038479377390705282735439141
0.145568177970662765430276408551
0.140090401736199160476203928738
0.13460514021336586476529362244
0.129112382901245520416821932486
0.123612119284247451433955689026
0.11810433883754184458680924763
0.112589031023125660246897439265
0.107066185278345424314316858272
0.101535791009301726295355194907
0.0959978376417303519430035407822
0.090452314554984633576673047628
0.0848992111076755373577640284566
0.0793385166796963664515018876955
0.0737702205985461129111868672226
0.0681943121658363932136026619446
0.0626107806946856054741701314015
0.0570196154877587110809677994894
0.051420805797584491492191460793
0.0458143408714980146512196768072
0.0402002099567056597750891455689
0.0345784022545434985285162099444
0.0289489069850452536425411409482
0.0233117133066484440162557945087
0.0176668104041660424530224560158
0.0120141874121715615947314503842
0.00635383347346053437010304776322
0.00068573768956192064985555312262
-0.00499011083678226226301166690291
-0.0106737230466268928630313439498
-0.0163651098457794977325541196933
-0.0220642822213185929580703259489
-0.0277712511330087744032546481776
-0.0334860275803765677915535547982
-0.0392086225664997137241307711975
-0.0449390471189345316882501890632
-0.0506773123064961431016861581611
-0.056423429163056398882858388788
-0.0621774087782048234807064091001
-0.067939262257901783526037320371
-0.0737090007194506346976936583815
-0.079486635296513119541828018555
-0.0852721771259279809340725364564
-0.0910656373941750862943678157535
-0.0968670272942777355051902077321
-0.102676358027790681770596847855
-0.108493640809447761119699293886
-0.114318886899719612815218283686
-0.120152107542817229712817095333
-0.125993314027645020303225464886
-0.131842517655652330388349469104
-0.137699729721870889331825082991
-0.143564961588567213679468181908
-0.149438224580216744152849628335
-0.155319530101726166471109991107
-0.16120888950495362856862868739
-0.167106314212418588516229078778
-0.173011815660455203769174659101
-0.178925405279658195079051097309
-0.184847094540858847278030907546
-0.190776894906332317169983525673
-0.196714817906988359563769108718
-0.202660875049660849089860903405
8.48363189989855098003173318511e-13
0.309198772290865064871212553044
0.252082758395724026989626054274
0.213037170098328981771018675317
0.153322389635202532831570465532
0.130211300954894415582430156064
0.0963768031194295743402378207065
0.0515390744946958578864837363653
0.0287532992847929873281298540633
0.0222156355528425747403176160333
-0.0133504874162427809858311178459
-0.0480555951534307468353546255457
-0.0694526747952584483369875556491
-0.0731036406909498226447396973526
-0.108180444548907253587977095322
-0.103363410432726829379923572105
-0.101965216420636356486895124362
-0.125923893179656437579794214798
-0.129471975027279195824547741722
-0.133265976455508083908796379546
-0.161066682505471486797077318442
-0.149138529782737533357916959176
-0.132487629250754357368435876197
-0.135805146557633038550960691282
-0.133833670190328657412237589597
-0.127571749557041591582873252264
-0.137695982098925445713533122216
-0.12007253353280536445346626806
-0.104116883272401580806665322143
-0.111389134566517902791282779162
-0.0972557958022930157948593432593
-0.0773337330674206818725835432815
-0.074409873697278430815238436935
-0.0753567973822915210257988860576
-0.0580608355169754536406756528777
-0.0358879053192720856579889243676
-0.00244680636625083320137563624996
-0.000707607059588700798222205001764
0.0057694110326244442757404051747
0.00917504666166763481471857488714
0.0194883545998924545550323728094
0.0244530028018124546973499633395
0.0581916600006463918814958447001
0.0750795327083784297395041562595
0.0826933276156520957744788802302
0.0893239844963455847937083831312
0.100977162930636008009166459942
0.091602704428413020409927014498
0.100307928397082996019307188362
0.126212691391162840082174056988
0.129796692285673753719521528183
0.121110630326449336680028068258
0.132022749914116666047902981518
0.127936025310112250208405271223
0.130187615154022745533879401592
0.13285253845105313152963333323
0.127704141219778605220724898572
0.115239459814051314889837840383
0.123795141760936242003587892668
0.112749091851835625543998276044
0.103018605327892073808548900615
0.0747829652708093539636990954023
0.0753081840606056596154616045169
0.0586655961911496590110992599421
0.0358259078815710077514644638086
-0.00234324555864972357971387495468
-0.0305942199006557537244166411483
-0.0643504871925720811631776996364
-0.0981135591207123042289950376471
-0.136424808150928111860622493623
-0.182831907053208342350814064048
-0.216967147741618293643739434629
-0.268571154243043286324876817162
