3
47.9486551200948909468024794478
0.114264403894356866842052511402
0.114362277155370492542907356892
0.114460259535816774589811473106
0.114558351228057561654871676637
0.114656552424787241961645634092
0.11475486331918700877441352759
0.114853284104832045753319391679
0.114951814975707070076715865525
0.115050456126217351404683597593
0.115149207751191307025351306947
0.115248070045892034296564077067
0.115347043205948171507024824223
0.115446127427477326921056999254
0.115545322906989392230947544249
0.115644629841388929536449836633
0.115744048428038218134794590242
0.115843578864741739153920718763
0.115943221349699102096231229098
0.116042976081548857014702491597
0.116142843259337588679436237271
0.116242823082591997807533346077
0.116342915751219563857965511033
0.116443121465587620666504165001
0.116543440426467734272186760336
0.116643872835082235139836370763
0.116744418893123994007687826979
0.116845078802661761496750614242
0.116945852766237784470249039259
0.117046740986810046680766106419
0.117147743667805101508427867429
0.117248861013041869028050712132
0.117350093226852969507945090299
0.117451440513959254330345061135
0.117552903079512688355734439938
0.117654481129142382545005318661
0.117756174868943422340272775273
0.117857984505409102427009315761
0.117959910245496596425951452147
0.118061952296621711089308348619
0.118164110866633087493227094456
0.118266386163859302249612426294
0.118368778397058130313901358477
0.118471287775444286682891004148
0.118573914508688246782774911026
0.118676658806907781018580294585
0.118779520880712696762060431865
0.1188825009411076244481009212
0.118985599199605829312531568576
0.119088815868198277803102769212
0.119192151159238479696256263196
0.119295605285675510032206148026
0.119399178460816463021032518554
0.119502870898479204853082080717
0.119606682812936085391619656093
0.119710614418952948634355948343
0.119814665931721922587094297796
0.119918837566891714474515140409
0.12002312954067570482941107457
0.120127542069644682731777152185
0.12023207537092264751699133285
0.120336729662050070932544088009
0.120441505161081055530480909965
0.120546402086539453102354002567
0.12065142065740369625714834001
0.120756561093145503571477661353
0.120861823613743091243577509886
0.120967208439599960279053902923
0.12107271579165622410467761938
0.121178345891299346637204337185
0.1212840989603866242996232927
0.121389975221320056686380439714
0.1214959748969360042725185167
0.00844156550577861153339398470052
0.199989318074595689989081392923
0.194603315752890332346325408253
0.189209459746472657970528530313
0.183807738795838532253057451271
0.17839814164841449883880386551
0.172980657022867634342588871732
0.167555273622397388200155887716
0.162121980135450483029302404248
0.156680765211581696227938209631
0.151231617518144845213612370571
0.145774525673082744336994664991
0.140309478289147276930393104521
0.134836463958321023381969894217
0.129355471255501425220657552018
0.123866488733622159834624198993
0.118369504948778000996689740987
0.112864508396176899118756864482
0.107351487593426012101538447041
0.101830431019813885673563902401
0.0963013271403622972410829561341
0.0907641643996925928661312354961
0.0852189312226609568812207839983
0.0796656160246819039505439263849
0.0741042071906496679911668934437
0.0685346931045758278600033008843
0.0629570621029452714978447147587
0.0573713025295912865120229184868
0.0517774026956076272032447604943
0.0461753509117937901984340953732
0.0405651354406324146650852924267
0.0349467445474803267702057496535
0.0293201664714706870806804062113
0.0236853894412879899256108018335
0.0180424016552672011881597313732
0.012391191289298173275335024357
0.00673174653261271460635839503084
0.00106405550352756551185651190394
-0.00461189365278265837877480493034
-0.0102961128398572267922395084838
-0.0159886139527355107536887857123
-0.0216894089533665665459061244746
-0.0273985097516285698582283458791
-0.033115928338288476429074336238
-0.0388416766958397247089251891339
-0.0445757668412422730641608836777
-0.0503182107808808343207829238963
-0.0560690205834799629269760146144
-0.0618282082981590763726131854128
-0.0675957860136739419054663358111
-0.0733717658366001279635071341545
-0.0791561598923137405003913613655
-0.0849489803158598316690230944914
-0.0907502392802244650660270508524
-0.0965599489592062765197510998405
-0.102378121562978680048061619345
-0.1082047693049930786601819932
-0.114039904429558816567613632742
-0.119883539195568294966065536755
-0.125735685901164961908449413386
-0.131596356816953641288847620672
-0.137465564283101582265800288951
-0.143343320637051241384085642494
-0.149229638242639767176100917823
-0.155124529475213240869990727333
-0.161028006732826911573397410393
-0.166940082444608922651596571995
-0.172860769041347422936283351191
-0.178790078982955347175476390476
-0.18472802476458527465297265735
-0.190674618876742807405122448472
-0.196629873838377211558992030405
-0.202593802191422811542764748083
8.09846279776310269298433693181e-12
0.304569879173513025083508409807
0.255691185626325589996810094817
0.216374689264220848583519796193
0.166208383701274997612529205071
0.130539186523061317979355067109
0.0939328598998396963049017927005
0.0638699533053716933528320964797
0.0328113400629119408846712246941
0.00287380952799473968206633855971
-0.02165816668893804849971296278
-0.0430496435132434601689155329041
-0.064149720031469223413544966661
-0.0818771574780380873015417364513
-0.0946545421924454150053307444068
-0.110434258612891397777211466291
-0.114658169740172524719845625896
-0.129201240225968599917294454826
-0.134187572961899731494028742418
-0.140118930413969250414751854805
-0.142645699888282156964081082151
-0.142367325630133378933095400498
-0.14483742595335469260930949531
-0.13869686850768403463263211961
-0.139661348754661240878505168439
-0.132890875568647343074601963053
-0.129169221315806187488917089468
-0.119783805159764805692290678962
-0.112959397163109959150162353581
-0.105876835731109814053851891913
-0.0942155987062586880442793813017
-0.0851148342643457817002783372118
-0.0709038673849128886494952439534
-0.0634534311053208677222414735297
-0.0500078857971303775142857261926
-0.035402357969073719456964965957
-0.0212969511039401947216642696503
-0.0146012844404298427342103749993
0.00267127043646303704779731980068
0.0154711533832356702700128181505
0.0316708678960822900827487558217
0.0434925752109966423653020228812
0.0569542045153472523133508786941
0.0596016431710459856918582488561
0.0791502192799694442859603782381
0.0904651126452425541346613613314
0.10257593537342450662475101808
0.109565254549817012175161323739
0.113986093357784479263017374251
0.117778073787010439943401252094
0.125232927151220752026716809269
0.127678492681865013436137701319
0.136296630279924058104512596401
0.134340283708935026574238236208
0.133487996725895119443094927192
0.135548598757494920263866333698
0.124159388359150926750551491295
0.126739544755918198681854391907
0.110928975216374514634054548878
0.107637086968897469074768480368
0.0962445553901839084831593140734
0.0729539011649162488781783508784
0.0654252157671597750487890721161
0.0448293212456965864398661381074
0.0274741939835347129261755583229
-0.00735775597289613052243151258835
-0.0327613965070993051753589497821
-0.0657413522710944275839750616797
-0.0916033613684295311418992469044
-0.133441064677963128204396525689
-0.17315657371393652907975990729
-0.217101132514622180424979092095
-0.260146856756014732692250390755
