3
2934.48068234544825827470049262
0.114108989749465566942987493348
0.114211003564470406357322929125
0.114313134250273271130815544439
0.114415382020410655306008607113
0.114517747088868498961389263968
0.114620229670134438082484962251
0.114722829979127749489009602257
0.114825548231287585809745621646
0.11492838464249288676910509821
0.115031339429146450825669489859
0.115134412808076624923359077002
0.11523760499663168732631390867
0.115340916212624794434660202569
0.115444346674355102777553838678
0.115547896600593738569706658836
0.115651566210611428386911825328
0.115755355724188449539902023844
0.115859265361534555238698374069
0.115963295343402716941483276969
0.116067445891002818392223616684
0.116171717226035239867165671512
0.116276109570739402676586848884
0.116380623147784717508201879355
0.116485258180350007006786938746
0.116590014892168067350830540363
0.116694893507394009679600799245
0.11679989425072481723510975371
0.116905017347347595091378025245
0.117010263022928134857281179393
0.117115631503674960667282789473
0.11722112301627898856004605932
0.117326737787933579881816115176
0.117432476046324632545925226168
0.117538338019672533585335827411
0.117644323936732450586184484109
0.117750434026680381172091927056
0.117856668519259952243594113952
0.117963027644739440469301428038
0.11806951163390977388445435281
0.118176120717997087949946433127
0.118282855128831701496672224039
0.118389715098705730622619114456
0.11849670086047486838864983838
0.118603812647484457842850247289
0.11871105069360318728932668364
0.118818415233226060134796853163
0.118925906501284733840506646629
0.119033524733209994383997809564
0.119141270164977108869663879887
0.119249143033098151112092466519
0.119357143574590970902526976261
0.119465272027030069978970061584
0.119573528628465583500961599839
0.119681913617572535657451737734
0.119790427233502111414864543804
0.119899069715918890621786374595
0.120007841305071666360149151842
0.120116742241738141960816221854
0.120225772767221919523628059778
0.120334933123368917340378914105
0.120444223552598206339325770386
0.120553644297807974195002600482
0.120663195602520201266116828265
0.120772877710729850675441809926
0.120882690867053693706267836205
0.120992635316581234605770589496
0.121102711305014765219567607346
0.121212919078571387809795112389
0.121323258884039358873607739042
0.12143373096877527195225354717
0.121544335580647949734967028235
0.121655072968099048358325831032
0.602971462058514262594144383911
0.200014881196380223116193519672
0.194634226833651835519845008093
0.189245574610593936260016789674
0.183848913006942005221588942732
0.178444230494276240284179380069
0.173031515512609646023634013545
0.167610756496464979869998046524
0.162181941849047717152387804163
0.156745059972929534630736725376
0.151300099229736084716080313228
0.145847047987462841156514059548
0.14038589457326816622995124817
0.134916627309089320885249208004
0.129439234489130750027641170163
0.123953704400136324736969584137
0.11846002530548174758173729515
0.11295818544129064553427355122
0.10744817303971203326096173214
0.101929976301209854194773640756
0.0964035834111160450099475838215
0.0908689825403231343781129680792
0.0853261618383512054908379695917
0.0797751094353106177115009245426
0.0742158134389560714128108998011
0.0686482619456044163008812120097
0.0630724430209475689368403550361
0.0574883447267519262502410981597
0.0518959550974067984618898208282
0.0462952621433633734748802623926
0.0406862538685833149965098698431
0.0350689182410798341860136417836
0.029443243222048644247568205401
0.023809216754850221625661177427
0.0181668267546974473991561183084
0.0125160611247131792200804056847
0.00685690774195363544202264094451
0.00118935446647397869042450668786
-0.00448661085492546834324611992884
-0.010171000402279016874840245066
-0.015863826376013398511410912306
-0.021565100985993661958373124321
-0.0272748364745070102921342680702
-0.0329930450956920709448816353415
-0.0387197391224396725295520127474
-0.0444549308569308354588400788998
-0.0501986326072209887438901887435
-0.0559508567173385984450106889199
-0.0617116155287144793617493121474
-0.0674809214291306191935149172423
-0.073258786806262729540684119911
-0.079045224074636349920197631036
-0.0848402456697181089895209993301
-0.0906438640479217544454471067183
-0.0964560916792312345036108922613
-0.102276941063583662328007051201
-0.108106424709593473831859000711
-0.113944555161006544352630953654
-0.119791344961083498499299082596
-0.125646806690219686730713988254
-0.131510952950571635700072192776
-0.137383796341703307009041168385
-0.143265349517094076059464669015
-0.14915562512456487231915502889
-0.155054635840278620673160503429
-0.160962394362457794638743280302
-0.16687891340854035804319721592
-0.1728042057212307858193867105
-0.178738284051749934944197661935
-0.184681161181712544250288488001
-0.190632849915735924639648146695
-0.196593363067246812425636903754
-0.20256271347949267314092480774
6.86758714540051574545761098366e-10
0.307715359387228437615391385407
0.255316203477328362847487142062
0.212553001073731151482348877835
0.169696959051621937275555751512
0.132871306628589980203258846814
0.0944163901839933233928192635176
0.0599089609723982077782444832792
0.032273569744334346109937428082
0.00319641786887031511404932970777
-0.0245549697567740976555938914316
-0.0420853479321561738113466333289
-0.064308723367709708096384702003
-0.0824776005112779764250063863074
-0.0966927613814616421228365084062
-0.107133268201764955684929248036
-0.118608401820618603039747540606
-0.12866929521860312468639619965
-0.13636706091447739486177681556
-0.140632531173363189980207721419
-0.142313491465453911821725796472
-0.143182144349579654196702449553
-0.141153886462722782946244137747
-0.141594946942094845887538667739
-0.135870855036673010562964236669
-0.132152562015262292627326701222
-0.127342025563414840139131456453
-0.118459405473156184629424103605
-0.113243189807433919380486031514
-0.101531021061408474603915408352
-0.0928412676185846191811990024689
-0.0830611548847992320343536221117
-0.0734840742168050287119740460184
-0.06077011519188448701589422285
-0.049475907751359578246042048022
-0.0373963441524920031655554453209
-0.0236903122125046716739404928376
-0.00857760096720736227304815457728
0.00229456592726647815722040846254
0.0159690007465888086923833100172
0.0288919863235899167241971241538
0.0391903766482969428963656355336
0.0527035976528983790556637245572
0.0647841949933962574226242736586
0.0762354295524624303581617823511
0.0874967351516805075251070888953
0.0972122664299889804873089360626
0.104025984928186820965834158415
0.11412791423737002338700818882
0.11984270191818434392327930027
0.125877559631643987092530778682
0.129321403231734993743984318826
0.134590833134754589428538906759
0.133752785277470365166152532765
0.13675322411123319588099889188
0.13393256938069486583486877862
0.130054446670665846408354582309
0.123173373670740021745828585154
0.117473508038218044102762860348
0.105120000243216590862793680117
0.0934287704066266849745048261866
0.0810347545035968591653485759707
0.0632405844893543789275724975596
0.0429007193929454508363185993858
0.0228481440712886077482046687237
-0.00319356616942854118837424870492
-0.0317897005346609792808543204501
-0.0608765562971221446675329502796
-0.0961265956280582672954793110875
-0.130648501326571409020260716716
-0.171165555896617943565374275749
-0.215853132012534448813667609102
-0.266852775418695509213051764164
