3
12.1892366907802482955958112143
0.11435358293829260556417892758
0.114449077420330738719123075953
0.114544676651226168262454052638
0.114640380811483352796464885159
0.114736190082014508084817805411
0.114832104644078225597070286312
0.114928124679341145397692969254
0.1150242503698419571644961934
0.115120481897998339082533902911
0.115216819446647203428746308873
0.115313263198948773302632275772
0.115409813338533451254619421888
0.115506470049328735516525057392
0.115603233515736980585586479719
0.115700103922494801356180005314
0.115797081454734940297868206471
0.115894166298018644334355542469
0.115991358638250344204045916285
0.116088658661767082924676230959
0.11618606655528922189102303264
0.116283582505925825456571942595
0.116381206701191619590218806479
0.116478939328994640645120739464
0.116576780577637803548718409274
0.1166747306358198732478825832
0.116772789692685147189266103851
0.116870957937702732443163711196
0.116969235560792264583263033728
0.11706762275227475256222930966
0.117166119702867346785701840872
0.117264726603696245454955260357
0.117363443646280873888798623739
0.117462271022584635593588586744
0.11756120892493517049448570333
0.117660257546088095614855717486
0.117759417079218164925435985424
0.117858687717899160429801952432
0.117958069656116923407118690648
0.118057563088274433682478559149
0.118157168209179361251237594388
0.118256885214102477887898601239
0.118356714298650397831913494429
0.118456655658913112549868174028
0.118556709491373382658885304863
0.118656875992900284755293682792
0.118757155360862093340656997498
0.118857547792992845892001696484
0.118958053487439222029031782313
0.119058672642809573738453821079
0.119159405458111891662476011788
0.119260252132799601798573974065
0.11936121286671426411363228226
0.119462287860156238239461856665
0.119563477313886723507607712236
0.119664781428993463596732738097
0.119766200407093889590548485558
0.11986773445019660577770537202
0.11996938376076535237579889781
0.120071148541640346230074953837
0.120173028996165762172232405192
0.120275025328086843101615954765
0.120377137741598902453965536097
0.120479366441282514932353819859
0.120581711632259239164177699877
0.120684173520008999891395262694
0.120786752310475420379987099295
0.120889448210024050278654783597
0.120992261425525854390272684213
0.12109519216423872411958484463
0.121198240633843490332566261714
0.121301407042563563765114054149
0.121404691598974767696716980936
0.00194254663138180975502644631803
0.199976117017416299415089042668
0.194586921750847491319191817638
0.189189958929557783262609405028
0.18378521746087789212609209244
0.1783726862638083110468301129
0.172952354219469889295979214694
0.16752421018842586497576974125
0.162088243027548567498641318707
0.156644441553120628007889081346
0.151192794595684965042181602257
0.145733290940754406372903417832
0.140265919363157104404749020432
0.13479066862168814777689362927
0.129307527477237865776160674613
0.12381648462736018212471122979
0.118317528790127968196799201905
0.112810648657118539617272290343
0.107295832881255812085719014703
0.101773070132875939619587768448
0.0962423490290782723821649824458
0.090703658196857453455130837483
0.085156986219421235140281112308
0.0796023216965075913753580039156
0.0740396531621104053710880066319
0.0684689691666466454522677054229
0.0628902582454221453778231420984
0.0573035088876020573533942581435
0.0517087095809734970108806351163
0.0461058488044829850593941955594
0.0404949149941153177523212036704
0.0348758965943695500855348257119
0.0292487820105093547506935891533
0.0236135596243637821411986976727
0.0179702178285632112320069353473
0.0123187449713975036291735420946
0.00665912938777794144451505076177
0.00099135940021037073643928039246
-0.00468457667886050359296046252666
-0.0103686905932063692936662135935
-0.0160609940624539607179066535991
-0.021761498857946561663601059422
-0.0274702167324156823480230116274
-0.0331871595079426540131350975571
-0.0389123389841295741486959514077
-0.0446457669855157973648474012407
-0.050387455376866702172478085231
-0.0561374160226619303704076457961
-0.0618956608132485291973168273216
-0.0676622016548355520448865263461
-0.0734370504865635015390168405247
-0.0792202192385352138570553393038
-0.0850117198893197006936972570657
-0.0908115644251155512689521742686
-0.0966197648547239273941755755004
-0.102436333188947348293851291601
-0.108261281479266224803126306142
-0.114094621796128461999053627096
-0.119936366203103633720772336346
-0.125786526826437761172883256222
-0.131645115772690335376182702021
-0.13751214518388227281420199688
-0.143387627226020525350591583447
-0.149271574086829783567509366549
-0.155163997959385430158718577331
-0.161064911058158150014563148034
-0.166974325624779956767085309366
-0.172892253931552886125899703984
-0.178818708237903967184223574804
-0.184753700868071912832846237507
-0.190697244128898657500315039215
-0.196649350349609314259069492437
-0.202610031906702237058937043912
1.63430438339912177749403492335e-12
0.310338004841236581032859476181
0.257188732995796420777168123095
0.216022612856206275289139284723
0.170625112564746495014134097801
0.131928406197698605550883144133
0.0935843074922353829192545049409
0.0572985434745229074704475635826
0.0243428319889742450499170445255
0.00465468001740143837857699438132
-0.0166243267141951006626854336901
-0.0503626516642388458167012288413
-0.0710403850378936441156696446342
-0.0834085738504373036539263353006
-0.095822456647520412587049065678
-0.110346221100381738922102670131
-0.120116846408924352052061124141
-0.125403332684872498292705245149
-0.14125793478434797711962289668
-0.137674385151658362769211407795
-0.148991966872937170451862698428
-0.142262522792781148650576028558
-0.138378304534948926018955717154
-0.136617521867499813748025871973
-0.136864587349385558034953191964
-0.125095152710204549073580437835
-0.125072617682790321325114746287
-0.111431273942970893164883250392
-0.108215993324333306646600760814
-0.105088441668779605797645615439
-0.0944641726876826598457981276624
-0.0784523462496506951424635190051
-0.0679514069961918848461479569778
-0.0644650114156516268471008856977
-0.0519514598341266134462479442391
-0.0384167498560995385181726646806
-0.0147298628719832597200323220932
-0.00880136279996544812487258013789
0.000770252669634489159182499928846
0.0078975985568685586751813687556
0.0263155681098797451789028656322
0.0426665270060802917506670439707
0.0585895971425705458512922518821
0.0669565189158042584072205727352
0.0774454211583468360435844601852
0.0850891144583228453690537662624
0.0848193830808328108616933604935
0.104018269003870608702122524392
0.106741122251429287892676711635
0.116506338292985567317572304091
0.124544389210061612338620307128
0.128063447062307211865572753595
0.13143548431500612361233493175
0.138550708030236446877125899846
0.127757574758815495297170627964
0.134478819148087097579136184322
0.13910976371439326415568871198
0.122434965297943440520889168965
0.120888189301308124345979422287
0.110771445493088996347985641933
0.0935445325329863908159211405291
0.0800415826212753783730491363713
0.070027592282697725956097656308
0.0427251992717593009896148714688
0.0245517364634742461804162161343
0.000889837797162184988321309564441
-0.0381334152702191356287819701265
-0.066110512236648641404279658218
-0.0914299945339838299185331038643
-0.131203472168024082300519239652
-0.175567326675481583109217353922
-0.216520810426735654807828268531
-0.265295163404296985287800225706
