3
12803.0717481883293658029288054
0.113733471720804280025163279788
0.113845464724017131352695741953
0.113957594003349288458437627014
0.114069859826428407489906646788
0.114182262461547251453097828744
0.114294802177608234572403489437
0.1144074792441691079680765597
0.114520293931384464780620646707
0.114633246510046055144371734968
0.11474633725161029196293327459
0.114859566428136508631219214749
0.114972934312344343688039316476
0.115086441177575729555293548856
0.115200087297808326236570053425
0.115313872947687856562737351851
0.115427798402509759756462415226
0.115541863938154285018633515847
0.115656069831217567234205034765
0.11577041635892022786169519577
0.115884903799122765399864931624
0.115999532430342625066721495841
0.11611430253175898663631215868
0.116229214383218398820574179808
0.116344268265189010325144636226
0.116459464458827391397655048877
0.116574803245932431816633823018
0.116690284909016991909957994267
0.116805909731186416400383620839
0.116921677996242853736497124828
0.117037589988662801832042248407
0.117153645993567367966647907451
0.117269846296791310780172068462
0.117386191184826516042960520281
0.117502680944802637141854972924
0.117619315864570000984556941148
0.11773609623265306189932033476
0.117853022338236884669626647337
0.117970094471184810958064304032
0.118087312922080980848171805064
0.118204677982157571602961354529
0.11832218994333430772680770815
0.118439849098246466341244342857
0.118557655740193584881225774552
0.118675610163193820389970767337
0.118793712661937514440957386341
0.118911963531830269791278453795
0.119030363068937605763863984976
0.119148911570055610065210771609
0.11926760933269678344181841112
0.119386456655049447150851449351
0.119505453835993688538330559368
0.119624601175160327759527945091
0.119743898972865608909543766458
0.119863347530133695917342606663
0.119982947148696686423541279964
0.120102698131021451422029144851
0.120222600780277563692344244828
0.120342655400313872093853717615
0.120462862295799125189610379039
0.120583221772032747609593172911
0.12070373413505930404454602467
0.120824399691687248137306198714
0.120945218749381883105442625492
0.121066191616422541565967208044
0.121187318601742533008547297868
0.121308600015065659594171165736
0.121430036166802715613677321471
0.121551627368162662445882915563
0.121673373931013073523388356989
0.121795276168033594910156125479
0.121917334392600801296069334967
0.122039548918888671180660310256
3.55235590335090023472730536014
0.200087417049392396473095345755
0.194718767674933401767844998176
0.189341797269889505761497616732
0.183956493722989083972052526406
0.178562844912515117368201345016
0.17316083868671502954406093977
0.167750462876581157845023994923
0.162331705305851725640309268783
0.156904553757661352486607597712
0.151468996015316520464821792302
0.146025019836198255429593473309
0.140572612950363329265002221291
0.135111763082369801258764141494
0.12964245792426967729404907459
0.124164685161056123630096692523
0.118678432443631090564828411971
0.113183687418899961429907818911
0.107680437708174037148012303078
0.102168670902943986567024126089
0.0966483745956500384099996381337
0.0911195363354214415974041685331
0.0855821436733272405961159279286
0.0800361841254278033597202579585
0.0744816451970690684980525020364
0.0689185143676141476198893087712
0.0633467790997449958778631184941
0.0577664268412882084269277527255
0.0521774450135664633054766170517
0.0465798210061044298813115460689
0.0409735422154198225541676947614
0.0353585960008665142750849952336
0.0297349697002763126152391492951
0.0241026506448716835995238483292
0.0184616261348940595421463939374
0.0128118834446060980702952747379
0.00715340983990321501589937369658
0.00148619256655442501420527623424
-0.00418978115663066943280545828543
-0.00987452413204643018873607474006
-0.0155680491668412600281268254321
-0.0212703691145320304689558810196
-0.0269814968291515813736403117673
-0.0327014452000145491861182733828
-0.0384302271117391430754750558663
-0.0441678554901448888747594878623
-0.0499143432839296019576380558647
-0.0556697034542840835102950336477
-0.0614339489786310394281443336695
-0.067207092866344866899375176672
-0.0729891481382770601626930329076
-0.0787801278379679364993748436063
-0.084580045039376758331250982792
-0.0903889128273169112359752830343
-0.0962067443040587055858026133137
-0.102033552595495791148749731292
-0.10786935085968769876263451124
-0.113714152267468851520426653678
-0.119567969997211254185032203168
-0.125430817276966782847225090336
-0.131302707332049545252417033225
-0.137183653413492451234034774643
-0.143073668804062775761209991288
-0.1489727667978058278652753188
-0.154880960720272270458863772546
-0.160798263898902421553671615584
-0.166724689698252909186848569334
-0.17266025149931413240622646299
-0.178604962714408121993159284102
-0.184558836747968024738497661019
-0.190521887066077061367863620944
-0.196494127128280016147954256667
-0.202475570420181189001951338469
5.79860914244103479465664371809e-09
0.306785525687304772013419551513
0.258835458525506045823760814528
0.213718140582328797183464530463
0.169886141264959406038670408634
0.13174614161234776688047531934
0.0930061397287846314263504154951
0.059510425436004890653585164273
0.028966130251025037217749158458
0.00290407449935123828863026140823
-0.0212408725233657648401308648545
-0.0422322121011022011405344755985
-0.0652270171336082893454033637681
-0.0815478848234524739124751135932
-0.096344960310130872693790138328
-0.10723360879984820959176516908
-0.120734713285060954457428294972
-0.126822391592836175577829749272
-0.134535111565405290923180814389
-0.137827073794498572434363836692
-0.143345589462693795423930964716
-0.142353899352880813866661924294
-0.143168926794886020026353889989
-0.142025364628664246824385486434
-0.136931828842402070200989783189
-0.133160794200376797480345203439
-0.130005439970730551912936334702
-0.118562527283579605130725553863
-0.110854980491605303871693877227
-0.104006983382496531742589240821
-0.0927401327200076536216855060957
-0.0849593506172769269424449589678
-0.0732115646243533535475478402077
-0.0613145534246026455149625178365
-0.047870393451883937185886708221
-0.0333236762987794560286758382972
-0.0228117634535620443514414290576
-0.00972307787012870530785058065248
0.002844437850008242184979279088
0.0145698285417433983507384809286
0.0276062584341173582191952817766
0.0394782266974590956287727294693
0.0551064308168200747695131269666
0.065172059418124539398320393957
0.0764665164086019005784677915472
0.0869468684507072736566968274019
0.0962084818875725833464684910723
0.10571803484948955054179009494
0.114700180021106198924307761899
0.120284414977294917825645370613
0.123521525409998611522155442799
0.131031952537816603898690459573
0.132399531630330080655966185077
0.136948560155919218939146730918
0.132229903741943544126513643278
0.133056849698295093231692476365
0.132701384498328744943052015515
0.121031189926019397407053190818
0.116097818137820177342156569011
0.10457622787196434177570125712
0.0935819428483463389145668998026
0.0826104656033526535408029189966
0.0618889031007677642426401121156
0.0413086253911734910260200592802
0.0230176926817094971988719720457
9.94444663314850022320379174801e-05
-0.0318110124296571150637191749411
-0.0599102945274699108524352197946
-0.0952403229721860283829570903436
-0.130669776125338199523895355014
-0.172697331267500586715613053457
-0.218457235089348444923018632835
-0.263605634287978563001786369568
