3
455.905638496808819581929128617
0.113737033393831857286393471895
0.113848931912400766486292980062
0.113960966518675418934769538737
0.114073137479782940606476415724
0.114185445063457846615051494155
0.114297889538083771721055370563
0.114410471172644440107646346405
0.114523190236789779161696856136
0.114636047000784460636602091199
0.114749041735508067185733693805
0.114862174712526576847437809192
0.114975446203951461865422345454
0.115088856482613896559108468409
0.115202405821956746501122381687
0.115316094496068957675483090952
0.115429922779654914322122749581
0.115543890948084718162114370443
0.115657999277415990402317902408
0.115772248044273315392693746162
0.115886637525960983774453438855
0.116001168000473206531886205539
0.116115839746413568311922404064
0.116230653043041448624350664431
0.116345608170316167084834546586
0.116460705408769071844687914563
0.116575945039682646320322589872
0.116691327344941850330251043033
0.116806852607110184250061024613
0.116922521109456237220491914286
0.117038333135839986431925296984
0.117154288970843789563502923556
0.117270388899684926964361864066
0.117386633208288085339354722691
0.117503022183214955731500594993
0.117619556111739173576147265976
0.117736235281757486981213389754
0.117853059981921137744365069011
0.117970030501515749099539220879
0.118087147130477201906195716674
0.118204410159473138897112676204
0.118321819879852935253339296651
0.1184393765836700002092030104
0.11855708056358081614600763487
0.118674932113028097635520907716
0.118792931526104858508396944217
0.11891107909759948690897601864
0.119029375123013966830676224617
0.119147819898511544978170206832
0.119266413721009018056307127154
0.119385156888073301617581023493
0.119504049697993428025277751203
0.11962309244979617284254658216
0.119742285443153712032327007364
0.119861628978503387266130175703
0.119981123356939944901711214698
0.120100768880326766452348863368
0.120220565851193395001672570288
0.120340514572814749616469498505
0.120460615349177332933372497337
0.120580868485010442303639877082
0.120701274285676674047351752961
0.120821833057394523169847388999
0.12094254510699603555323733417
0.121063410742099003547522784174
0.121184430271037327231375968495
0.121305604002868799851100334308
0.121426932247399005371235602979
0.121548415315160265870453315529
0.12167005351741523588859905658
0.121791847166177941153009101072
0.121913796574195570920906561696
0.122035902054958289575381513714
0.126184024219521878640293266471
0.200086669300401753801565973845
0.194717911182415909232545914165
0.189340834958858034164919104114
0.183955428521630215410453956792
0.178561679757452157479846732713
0.173159576516082214237002290247
0.167749106637005651609939604896
0.162330257942511407831531755619
0.156903018235294261506496127367
0.151467375294357914361498274047
0.146023316876221692650617001163
0.140570830724219802965180292631
0.135109904571509065185352937988
0.129640526111754333937753358441
0.124162683031578166548136721303
0.118676362992437223198294304893
0.113181553646728730311288302346
0.107678242609742833013619645044
0.102166417497200706643312173583
0.0966460658920146875594525681663
0.091117175360254973326412653023
0.0855797334451799812660155453159
0.0800337276778420314560236192847
0.0744791455664560869687207400602
0.0689159745930418149439944386359
0.0633442022366803164645787660447
0.057763815932978364309224872386
0.0521748031151167412922120547591
0.0465771511884239333700641338964
0.040970847548587180364521032061
0.0353558795548594081981086389987
0.0297322345604556018128228345176
0.0240998998864541992548371496241
0.0184588628544911266537997818205
0.0128091107398847561804622330328
0.00715063080802094339083474494601
0.001483410316094439579046038169
-0.00419256351535273429076422502249
-0.00987730347399748409564779194625
-0.0155708223765758137224768375972
-0.021273133064400949476802082927
-0.0269842483812087682859548465331
-0.0327041812068348120012828417202
-0.0384329444331859282346641748518
-0.0441705509766354004197452809422
-0.0499170137819293022185540564806
-0.055672345794031366517096159896
-0.061436559998325680764796885569
-0.0672096693898549396584130022347
-0.0729916869930510858743843982666
-0.0787826258368885257166169822085
-0.0845824989852597269868184071129
-0.0903913195245873296590488621405
-0.0962091005552457578797742598908
-0.102035855204334321988390854585
-0.107871596600232225182658396534
-0.113716337921126578458519418291
-0.119570092350669482383906938594
-0.125432873095705638144536919754
-0.131304693381024212284202690171
-0.137185566456635543719499992221
-0.143075505592766299978180200014
-0.148974524081426945576467346655
-0.154882635235519539040893732817
-0.160799852385428959644642077365
-0.166726188886899745478231693596
-0.172661658117446242810544276836
-0.17860627347338667303411341436
-0.184560048380448565863432008882
-0.190522996270409528118960906795
-0.196495130606982509879898657346
-0.20247646487498743850252935772
2.03887361173387294261254366826e-10
0.309084406461987482028774820719
0.258738378772616295364628058451
0.211722721139723679684152557456
0.169902873720705144267029140792
0.128259400574028209485177853821
0.095787412562666096604857557395
0.0605563790757516900997714515142
0.031738141465723769540918652865
0.00305671293491442848389016972988
-0.022800469341838078968232039756
-0.0458452544242418172371067441873
-0.0638362144927828306650852141502
-0.0828109231854526339766664477793
-0.0945740243430904375943057971199
-0.107634079261282239459163179163
-0.120934037512726993979228495846
-0.128692230651333366919786271865
-0.13411987710349296265555096852
-0.13959638461806581077873090635
-0.142208151931629417363822653897
-0.143704487526543217557062348533
-0.142569257149499833969841233738
-0.142490746916919625020270245841
-0.138831840659178168406739928287
-0.131770462030701862587989126041
-0.125763943935770977633481493285
-0.119695973004353570234847836673
-0.110669753603440876310592955178
-0.104161785754601957099119147188
-0.0926400259725531222132488551324
-0.0833750456301017989213519854275
-0.0714508345275274292518474794633
-0.0593225328569126977851233561978
-0.0478761310340897680570826366875
-0.0336684932064042347077403860567
-0.0232394601919996869610063328082
-0.0086045132197249372951741719362
0.0038959588479560119771150095147
0.0160250961025279331506609992175
0.0275317276724766253626075496186
0.040053983195055160859698872855
0.0497031129888718878340192475207
0.0650444555640718041766845658458
0.0755547599909971584475343320264
0.0862618040642295635933578523691
0.0963754153987423228810982323012
0.103684099949752028813065862778
0.113346317906585142276654210036
0.118878666540192676204235056048
0.126805498754031270580711066032
0.127367336193980246195067707049
0.13253861120791310401756391002
0.135066845005684166292070358395
0.13555542552174446035984090031
0.132467504122170370850497533866
0.130967077834590273077708388882
0.124059846295228273782562666838
0.113976815672446010752061340554
0.106703208235603960729598327362
0.0956815266349703291703931995471
0.0801790712227885282725736715292
0.0633735637726195594199296579063
0.0453373737874152513138703568529
0.0222644138657596517283376869045
-0.00329417885747886052261179656853
-0.0270376472668259620890651717673
-0.0619487788943930278717786563902
-0.095014132084365085506583170627
-0.131678746717650840825086788755
-0.172972363835403403209411976604
-0.216451687318175933771868812983
-0.266207883641633946680826738884
