3
1487.89297830654072640754748136
0.114743908580657846818517953125
0.114828965824079295976467562923
0.114914109388324678362458541869
0.114999339405482473019937117442
0.11508465600786688121104361926
0.115170059328009513621715598219
0.115255549498729167878785517587
0.11534112665310770895477077147
0.11542679092443729194084056644
0.115512542446327248768511708477
0.115598381352588444603846085101
0.115684307777295367070102827256
0.115770321854815172457620064961
0.115856423719741863376242463346
0.115942613506901770481505309363
0.116028891351448379398725307965
0.116115257388764880897014108996
0.11620171175443597122445282821
0.116288254584396288926484430704
0.116374886014786724230951620029
0.116461606182020588340364497526
0.116548415222784723654925187475
0.116635313274007015871269743457
0.116722300472887022260159994858
0.116809376956898663957318262874
0.116896542863775404486048614672
0.1169837983314984536376002211
0.117071143498339858002310620577
0.117158578502811167032504613417
0.117246103483709673831469899596
0.117333718580121385000047951053
0.117421423931329149681346279976
0.11750921967696283110260679905
0.117597105956843736573880221385
0.117685082911147723128131303838
0.117773150680239122034542731399
0.117861309404818551116456148975
0.117949559225821162811165265794
0.118037900284468588729680504912
0.118126332722230845129196552534
0.118214856680884869422065719391
0.118303472302456066933551426246
0.118392179729269325649809729839
0.118480979103891020942640466274
0.118569870569183596908935385272
0.118658854268287178301832796024
0.118747930344595409302144162211
0.118837098941844909738563274004
0.118926360203943107252122501905
0.119015714275169534608345145443
0.119105161300046571981603449331
0.119194701423372920179311051925
0.119284334790213872312669707298
0.119374061545955631458149071022
0.119463881836255350621378568121
0.119553795807032459119767509037
0.119643803604479903590629419341
0.119733905375122615111216362038
0.119824101265748023115165210584
0.119914391423377675316430668317
0.120004775995390583487321123357
0.120095255129413894246148686307
0.120185828973390487761641054476
0.120276497675490090522032460285
0.120367261384243112720682233885
0.120458120248426600595870183952
0.120549074417141938164732550831
0.120640124039712526293754990547
0.120731269265821797298521289576
0.120822510245420913777003590894
0.120913847128727935942293925109
0.12100528006629018840101252863
0.132894105661035571985806313933
0.19993490336511995919543949185
0.19453033903317870634275266184
0.189118422300139976677257891424
0.183699142868976650344592371766
0.178272490498422947480250400076
0.172838454848429745602800267079
0.167397025613291700052442934066
0.161948192459405948540052122553
0.15649194502241664528341402729
0.151028272951807485124930963138
0.145557165830602353029377127314
0.140078613289305875522217093021
0.134592604877955379638621025151
0.12909913018618249247460028073
0.123598178742199277246882616055
0.118089740095206383041492870234
0.112573803738776595517734335772
0.107050359190653809893234438277
0.101519395913019838673108097282
0.0959809033862810828674483332179
0.0904348710523086990464847190196
0.0848812883281458707696032206513
0.0793201446354700884233679403224
0.0737514293869786924373599390492
0.0681751319303297020901766245515
0.0625912416340826671667940672705
0.0569997478700301485332602169365
0.0514006399585026294007938929553
0.0457939071833929553512199106535
0.0401795388620971721804764342778
0.0345575242665577681000499410402
0.0289278526503946066539274539764
0.0232905132635458332612810039564
0.0176454953315762150256595930387
0.0119927880634048047298056971499
0.00633238063782622182668058385957
0.000664262243548642615335875216687
-0.00501157797059282716228834075878
-0.0106951508704362808349630498128
-0.0163864673308094684067715007814
-0.0220855382434633380761557219785
-0.027792374544807273845092865372
-0.0335069871306933886323520255246
-0.0392293869683274648574311527227
-0.0449595850234851199256347342725
-0.0506975922894904590387810117136
-0.0564434197540966686723606926535
-0.0621970784320080224971682980595
-0.0679585793852950925675315829722
-0.0737279336416762492989462884907
-0.0795051523039390084512945122697
-0.0852902464311062757928993960377
-0.0910832271486223810086357843829
-0.0968841055741256201860878150001
-0.102692892863769924538530631253
-0.108509600169978903672074466158
-0.114334238691078934890832385918
-0.120166819597123233909208295245
-0.126007354123434056614172504851
-0.131855853497863301226900034635
-0.137712328969111535981184601951
-0.143576791819025662011455324318
-0.149449253318707203641579894793
-0.155329724808355412735139111646
-0.161218217573344146931191289696
-0.167114742979327268734834888164
-0.17301931238588494355035152239
-0.178931937170400123804370196012
-0.18485262874437591307241746108
-0.190781398497659182567076641135
-0.19671825788748503738290196452
-0.202663218363829944479448386119
6.31211262818159641331004928034e-11
0.304447266281023920519999137468
0.24635465889855953647291642028
0.209374156620434348496928578243
0.167468210616781354449500440751
0.134837054274170281553679728859
0.100853243021242072741117112855
0.0566698531071008551607270931072
0.0420806539281344677005947119142
0.00642742681773380512139093312385
-0.0313010572691285182678200271766
-0.0296856387857055668832995110051
-0.0675791818147525730209324024145
-0.0911322383209671460502221407296
-0.0916308821835530723509677386573
-0.107190038802119344540919598785
-0.108041288213336250656482206978
-0.134310937711383721060443008355
-0.120485498912760460865634115635
-0.146574623703569106858424220263
-0.139862623304515459876640193215
-0.140967675568644867922785124392
-0.150711254920611770202754087222
-0.153907160221214200923611770122
-0.144593845081559008169946878297
-0.132077571436325091891461624982
-0.123479982650251243758710018028
-0.11200658834849608336270421205
-0.10481966746556505010179449755
-0.101272976298915420856339153488
-0.104007032179953495809598962296
-0.0903423474632876893908317583737
-0.076205698551303643895060702107
-0.0499978665943913366809248088884
-0.0491110216446911107546213770547
-0.0326773879684499959918930755975
-0.0191848344577037338565261848089
-0.0293431177053969059753679715641
0.00632047109759580148097279916897
0.0205877615756540031932697587536
0.0291966186923919290840956364264
0.055572999941852246896800693321
0.0343417055834506212974588379439
0.0574824840437808126658580931689
0.0751990475639951194697374603493
0.0936785643575506754565651590383
0.102845345016401731874644553955
0.119570636413518921470355849124
0.114313082206436739118871059873
0.123591981599952605019865359282
0.134884279745982937903647780331
0.120257262689908273056715870553
0.144253677947108610579718401823
0.127837676503984865039598162184
0.133995199482633053911229126243
0.126657251874961074289416274041
0.119118863898155652458754616418
0.117142185482153410314154484695
0.110773947605648681591361537357
0.102867654035135758228136637626
0.1018151385063044284118305427
0.0749200217659927308888612174087
0.0686973457390242930875601246044
0.0515460590278076849490851429891
0.0110595939843512805489389450031
0.00830890455221352033921000668215
-0.0178618651949075911422593065936
-0.0667069671258230523225307706525
-0.101754397156516504518997123796
-0.115384726340993643001198165621
-0.19035901917319683618323722385
-0.218780939774208232906360649395
-0.261960520217478010085443429489
