3
983.389121062916387927543837577
0.114651895742215473306124806641
0.11473941725941123881415961705
0.114827029334619981626453011359
0.114914732110825437705337037642
0.115002525731318486212906293531
0.11509041033956074473465491792
0.11517838607940666939555285353
0.115266453094881551888484239043
0.115354611530403924901655443591
0.115442861530612950193841470536
0.115531203240444663160602090102
0.115619636805113876198980449317
0.115708162370157865983522071929
0.115796780081342934320964843664
0.115885490084756764828100017439
0.115974292526749220288984076888
0.116063187554012042790319014784
0.116152175313479974483321655043
0.116241255952347452562456453506
0.11633042961820581895349135948
0.116419696458823232476653686263
0.116509056622324122520772959888
0.116598510257113333055123405302
0.116688057511845216795975943569
0.116777698535558041581516874885
0.116867433477501392324882090179
0.116957262487244778581541027052
0.117047185714677162704511204083
0.117137203309937043549382451602
0.117227315423505007441207226293
0.117317522206153809771755902602
0.117407823808917691210673694968
0.117498220383163168301088319367
0.117588712080537588500206425124
0.117679299052989849716510661892
0.117769981452825189816024931133
0.117860759432521541856253577407
0.11795163314501998230721113714
0.118042602743426927602854448196
0.118133668381233541966324196437
0.118224830212206782897865764426
0.118316088390419169029676993432
0.118407443070242646143697129446
0.118498894406410676394258985056
0.118590442553863431585092769183
0.118682087667923416574033979032
0.118773829904200378670964255434
0.118865669418627833975321550497
0.118957606367420254400713020004
0.119049640907119530508495586218
0.119141773194606823138563811426
0.119234003386989126371808822569
0.119326331641780233883132211758
0.119418758116781806299933066384
0.119511282970057572394573242036
0.119603906360047002044311170721
0.119696628445514222094381295847
0.119789449385478585785591576496
0.11988236933927814975575643075
0.119975388466641824658509563051
0.120068506927564808139941021636
0.120161724882384385315603481104
0.120255042491708541430028844843
0.120348459916530980962079411256
0.120441977318113360717610760275
0.120535594858067307555415936804
0.120629312698347535004472774744
0.12072313100117368356301028598
0.120817049929126896223863241175
0.120911069645145530238039555115
0.121005190312419894094198014045
0.121099412094520797467112060986
0.103490514835044275510078648495
0.199941725772639439240307979162
0.194541027167875718584255650967
0.189132871647306882723071908003
0.183717248754941969712817240179
0.178294147961142818159530065714
0.172863558800235544987700109232
0.167425470710993340439642906858
0.161979873173126093233165079255
0.156526755595915501029224969898
0.151066107427933582485479746538
0.145597918060499154080389416777
0.140122176882070514913891656761
0.134638873266391567717903399171
0.129147996563003047976181392187
0.123649536128460829642605744993
0.118143481258759563967686290198
0.112629821256843384857937451216
0.107108545421743556191884749751
0.101579643015982878928582522349
0.0960431033035724496249585513397
0.0904989154998877137758839239723
0.0849470688308639754193762883006
0.0793875524912458635506951054595
0.0738203556738295241235192634122
0.0682454675289158596562799630192
0.0626628772179842336020882953562
0.0570725738633913320940749258625
0.0514745465869466400921083959474
0.0458687844800999902639127014936
0.0402552766121459931758508332678
0.034634012049598275617690035233
0.0290049798360793795182210885741
0.0233681690071233794103733316661
0.0177235685580837756813998851158
0.0120711674733687008426175069076
0.00641095473754672677546562198359
0.000742919302603393819431354394567
-0.00493294989905394658247228534265
-0.0106166639421094478878959677104
-0.0163082339130827327910999713367
-0.0220076709540893353245216701453
-0.0277149861898761049050499138957
-0.0334301907717202140268852872396
-0.0391532958578603429433684368632
-0.0448843126684499785228332768838
-0.0506232523684930352247945961608
-0.0563701262041116230028237055194
-0.0621249454215295274228658684024
-0.0678877212739530389029596335604
-0.0736584650330049522937159167668
-0.079437188015136245278213777965
-0.0852239015140457689678754604756
-0.0910186168745857476780614092604
-0.0968213454482335783568558440493
-0.102632098587307610260133117208
-0.108450887714809679485128413035
-0.114277724196448771110112829774
-0.120112619488259214639569449901
-0.125955585022209576306906342325
-0.131806632258627598464073571449
-0.137665772672190406256120809303
-0.143533017778010779652575479304
-0.149408379072771851925338637557
-0.155291868107242408969526081819
-0.161183496435378798006254896791
-0.167083275631159544616366474656
-0.172991217275502540129394901669
-0.178907332971251109565713477423
-0.184831634396989491486706924661
-0.190764133135149394071561346209
-0.196704840903424188480741463536
-0.202653769351527984765581891224
5.75762449926600777603052730893e-11
0.317703653012292308588371270162
0.239640989660438091801708537787
0.21522029417804716677764531596
0.165346030986027486830991506395
0.12273071707197480417761425997
0.0973010630335477133545651895474
0.0664810536289184711433719598972
0.0207448240530105146306460994765
0.0214350299856043390034354700902
0.000414221437198089082517421521956
-0.0514640283091256436898142112568
-0.0655062365686138875497945832649
-0.0765756317859551255411432180153
-0.10822775605834905610080909355
-0.121402026725716538635424512904
-0.121289007372725798905577221376
-0.128853587035171468500038827187
-0.132605934353894366894976997173
-0.140570958696526221443079407436
-0.142134426298029886703844226759
-0.14119892511862808248679357348
-0.134377260065876885652969008333
-0.141293045620591389832654272141
-0.127817082396790127063468389679
-0.137297144926035730172486637457
-0.137827887990990632927079673209
-0.123636974040223501791757598767
-0.107916204876809515567082087273
-0.10717516728301146322621661966
-0.101927351473814181703758663389
-0.0853561390501432898370026691737
-0.0691816870176831799632566344371
-0.0536011812952701602319471874125
-0.0497654302806431886319060708956
-0.0370545456642154408255507291869
-0.0336964127080074116182828447563
0.00507574664693578349317082398784
0.00536269129538321457500993361123
0.0182590562581511663131639267021
0.0319044759978353645313298159181
0.0273384725076310300395654451222
0.0574671938821469385771933957585
0.0651867077618428492069568847
0.0807052583508746090856789123791
0.104781810767749020141259563843
0.10896046581714786960493057677
0.10345446947692951700226160483
0.0980243219676419780261866776527
0.128249295455682699174104755002
0.125520913671706674241690393501
0.137577175374101412508309749683
0.120883931253286336371388642874
0.133334430861064417994654718314
0.137769309859789634842286432104
0.125367260984571349258231975909
0.121001337993434390782887533078
0.126383692105140194028578548568
0.108491095502756915158748540762
0.104112544221423505841350731771
0.104906437601060747999426325805
0.0817058941411165223778212407524
0.0558753466016061253740510039734
0.0446685285007758087205687047572
0.0199662232570131069342433960401
0.000827808743665767719256687318108
-0.0288887022234498719308604108846
-0.0641008613913677943729751973478
-0.0990541341178994422245196460608
-0.141660651932332015690008120146
-0.163812867023528124788001036904
-0.218582346841802804826571104968
-0.256286915142552140789433678947
