3
687.098463433676670319982804358
0.114900032717049779829032729594
0.114980902937741713554231637318
0.115061852450404705772157853971
0.115142881369433264238111291888
0.115223989809425997332681390617
0.115305177885167600693172573756
0.115386445711663607194275016354
0.115467793404122984202153645583
0.115549221077965488801986282397
0.115630728848836350497464309228
0.115712316832531969534869631389
0.115793985145161870686791871776
0.11587573390292307817794892344
0.115957563222329446128711083475
0.116039473220048247603664037797
0.116121464012988645508883678303
0.116203535718231540374567600793
0.116285688453108743134478686443
0.116367922335145576595571981215
0.116450237482092988638981978511
0.116532634011925345651761176669
0.116615112042792026803006422142
0.116697671693099719325559249228
0.116780313081448330891909392903
0.116863036326647268259293355186
0.116945841547754086908739168393
0.117028728863997177889189060807
0.117111698394881211249263230911
0.117194750260069105451954385444
0.117277884579488261840296559058
0.117361101473256956850832466444
0.117444401061704506439298256737
0.117527783465413884766981311714
0.117611248805159121499919194775
0.117694797201962450539092230883
0.117778428777042101782690508571
0.117862143651836559499201939616
0.11794594194804716713598224942
0.118029823787519971833859244725
0.118113789292428161825654342465
0.11819783858505593376886366741
0.118281971787987924549234719507
0.118366189024017826048051915677
0.118450490416153034201052207663
0.118534876087645804632053625483
0.118619346161933314487413326788
0.118703900762721914485808838435
0.118788540013933921479782895858
0.118873264039696016625136110179
0.118958072964400210502766697118
0.119042966912636050125229303376
0.119127946009227575485667216526
0.119213010379242451142189906932
0.119298160147965182087403945843
0.119383395440899625628006219813
0.119468716383819825721523955053
0.119554123102713683035602798554
0.119639615723749981324175450936
0.119725194373409560277821128693
0.119810859178357584364782439934
0.119896610265502995273934061515
0.119982447761990559942368861357
0.120068371795197234574992251055
0.120154382492732872411700384419
0.120240479982455600316271215888
0.120326664392453194785126413535
0.120412935851024541222820118946
0.120499294486746025278911531586
0.120585740428396787082832020133
0.120672273805020782710961668727
0.120758894745884720611783791355
0.120845603380509494795269631595
0.043674612311693360167108579617
0.199928737257212690847651970216
0.194517161484606598831348378553
0.189098422991965942063785632854
0.183672511826435208570629242786
0.178239418150073825053425480291
0.17279913199966753789560414134
0.16735164346790365463846228522
0.161896942550614819644749786676
0.156435019330924712788188912782
0.150965863790564036595043262423
0.145489465927797850808289581437
0.140005815734675576056389445512
0.134514903175126376844161768531
0.129016718202945940285886194943
0.123511250743630743298417939968
0.117998490708227030121513223548
0.112478428000946220621791837857
0.106951052530731116618767373438
0.101416354155233812139869087332
0.0958743227241225376422661952347
0.0903249480679318705877989259534
0.0847682200168462379741285417367
0.079204128376023419377816026099
0.0736326629219029998862922070657
0.0680538134508961861657283520799
0.0624675696985136294503426768188
0.0568739214178932556142953558265
0.0512728583286150563225191945094
0.0456643701258100109807713806731
0.0400484465247696874712346470915
0.0344250771827832036109384716838
0.02879425175176689513656391739
0.0231559598988312215217533207579
0.0175101912277804451500973215161
0.0118569353498974086602579802729
0.00619618184130700608985842237075
0.000527920320554803486345907259647
-0.00514785969705906787385885081676
-0.0108311686363816717104668896354
-0.0165220169868633970367000074475
-0.0222204152587224638970564427609
-0.0279263739353299428325172470977
-0.0336399035390728060046505731862
-0.0393610146445157391137392721703
-0.0450897177697711024069171514839
-0.0508260235200362411878138857446
-0.0565699424765410407989207897117
-0.06232148523814001056519984445
-0.0680806624579222141591117178905
-0.0738474847619576407753427815805
-0.0796219628185726030489277604829
-0.0854041072844106685657550315227
-0.0911939288833095995645550146946
-0.0969914383175166650019605185662
-0.102796646310946121483098636418
-0.108609563615907039890728924547
-0.11443020098825500141526134712
-0.120258569218957458990537645604
-0.126094679106656643030603959232
-0.13193854144315364518291744389
-0.137790167111691258527983450222
-0.143649566911801085389299714734
-0.149516751734444258703504715413
-0.155391732459731757298726506633
-0.161274520002505028504202755357
-0.167165125270694381320879529085
-0.173063559197837391057106515291
-0.178969832757871621931045069687
-0.184883956904135338117356468501
-0.190805942644792864149039246513
-0.196735800978620783974193386712
-0.202673542926106425854371195783
1.55306997553769279405581702534e-11
0.299511179641504921011829765121
0.222449932023268709402330500779
0.226907942916675237077228644011
0.194291843283829368527193537375
0.128508699902347534038682397295
0.0907253111239208487326379781734
0.0656155723672548901737044957372
0.00775828232384072509486561131098
0.0323300651371763309027684840657
-0.00396557570322498501719232777418
-0.0249450090727244590260713863472
-0.0664673076953219976736875196366
-0.0990025621402128852555080129605
-0.117100482305969672003342907374
-0.103002145966169383894950328795
-0.101278624499975655748329472772
-0.132863946317165998456388820159
-0.145729281057852710912214888594
-0.157569757580829972187785870119
-0.140621656780229586924946261206
-0.149420739214461611998885359753
-0.145222072641215060873065567648
-0.139711479452666070821820198944
-0.124150607407232285717135766845
-0.156459791702649064770724862683
-0.12812196624161145686038310032
-0.125257210670637247895697896638
-0.101727015401375908698611283398
-0.0827084140414280355457776749972
-0.0938976001635662277378102658076
-0.0940263973947527420538250453319
-0.0686008450126627394860534536747
-0.053740598567280535580170663934
-0.0602890353046830126948485428784
-0.0561015347604060868325070998708
0.00306617583475631309483655506654
-0.00837904233993716322792533190977
0.0137132282147678849493210861965
0.0132818077351257932128270056182
0.0184717677406070930612447256181
0.0540452668853067599852302294039
0.0459178085808815000801175187917
0.0655645128073295557769029073825
0.105321154767272592844840062298
0.107317977330165029159481093757
0.0883364922572952432355819496479
0.118442403395424777912126046431
0.0740589314198812909140201554692
0.103612424928208060603829210322
0.13131633462672392953507483071
0.138762261670408476588178814382
0.150103263599051572896314610261
0.131264396482438983060347936771
0.153072951053221578687768555938
0.142071439547650141266288414954
0.125145915575509247830154890835
0.111555624150511498160476264729
0.111109091760595454778659529893
0.107287159737298243289416177504
0.0808947298681865073488594930495
0.0866088029074209564406316985696
0.063570780248122918387743141011
0.0265131027179478714894678148539
0.00778869125116538139202981838594
0.00563987611520209031895634055331
-0.0596600945437990512476567062095
-0.0718455816755375481497125633723
-0.104638431862970601726736674664
-0.125031386520580239940514388763
-0.166049036371532232614356416889
-0.197208121914615841507867344262
-0.247122770357523863227200422443
