2
17.9804197359921751342426432529
0
0
0
0
0
0.706507903685205884691811206721
-1.39833986672244794159286161268e-16
0.707705151903203155683286240674
0
0
0
0
0
0
0
0
0
0
0
0
0
0
0
0
0
0
0
0
0
0
0
0
0
0
0
0
0
0
0
0
0
0
0
0
0
0
0
0
0
0
0
0
0
0
0
0
0
0
0
0
0
0
0
0
0
0
0
0
0
0
0
0
7.50569508596663468208724442898e-06
0
0
0
0
0
0.707705151903203266705588703189
3.34415435859641042746711898231e-10
-0.706507903685205773669508744206
0
0
0
0
0
0
0
0
0
0
0
0
0
0
0
0
0
0
0
0
0
0
0
0
0
0
0
0
0
0
0
0
0
0
0
0
0
0
0
0
0
0
0
0
0
0
0
0
0
0
0
0
0
0
0
0
0
0
0
0
0
0
0
0
