3
152.556895550363947222649585456
0.114646577028704788059343400164
0.114734240916128479859104061234
0.11482199560863452780790083807
0.114909841249787925132608279455
0.114997777983486648700761634245
0.115085805953875061624636089164
0.115173925305444790900821772084
0.115262136182892424574042422591
0.115350438731256471625030712858
0.115438833095849471832572419316
0.115527319422228880174685627935
0.115615897856290450462779517693
0.115704568544207977986992830211
0.115793331632413287746175001303
0.115882187267669051200513763433
0.115971135596976526738188795207
0.116060176767678033260544623317
0.116149310927381482771991727532
0.116238538223981044406052376416
0.116327858805651718210327771885
0.116417272820922304554791537612
0.116506780418547339905899207224
0.116596381747604782574967430264
0.116686076957444928581253407174
0.116775866197747116292937619164
0.11686574961845895559431340871
0.116955727369849243890698176074
0.117045799602451039422845724403
0.117135966467142416114199932053
0.117226228115044919797504974213
0.117316584697606682285986323677
0.117407036366583714115385816967
0.117497583274021141774845489181
0.117588225572274149288709566008
0.117678963413976142571293337369
0.117769796952096120201680662376
0.117860726339912333382464737497
0.117951751730938678153215448674
0.118042873279074866932347731563
0.118134091138464542014574476525
0.118225405463605173772556611311
0.118316816409274050414524026564
0.118408324130573047727743585256
0.118499928782904051516311483283
0.11859163052194482412815546013
0.118683429503744802824272142061
0.118775325884624999295269276445
0.118867319821214748043480824435
0.118959411470461032256373812288
0.11905160098964850945435500762
0.119143888536358655283464713648
0.119236274268449668478631053858
0.119328758344146745873359805046
0.119421340921969931780921569953
0.119514022160757460433444521186
0.119606802219649963059389108366
0.119699681258131074290673723226
0.119792659435991391547737805467
0.119885736913322937802206524793
0.119978913850583679412409310316
0.120072190408488016499788386682
0.12016556674810796589980554927
0.120259043030869539059324324626
0.120352619418441358911664451625
0.12044629607288023787070585513
0.120540073156561594602820264299
0.120633950832155376065024654508
0.120727929262678654320772864139
0.120822008611454201343349268427
0.120916189042153024435499730771
0.121010470718800000611281575402
0.121104853805668224997482695926
0.0161973814083522828222161393796
0.199942182751201624757442232294
0.194541702364269125657969539134
0.189133759154901576193807954951
0.183718342657987671051600386818
0.178295442363837458588093909384
0.17286504775381700271807972058
0.167427148267774855705525283156
0.161981733381315884390261317094
0.156528792497076324474747366367
0.151068315033881461761922082587
0.145600290378842200933462436296
0.140124707918870911038666804416
0.13464155700100188806089818172
0.129150826974944205050022105752
0.123652507155743260347513512443
0.118146586881782186817524404887
0.112633055406104715112647340902
0.107111902025647326430757289017
0.101583115989835687242859307844
0.0960466865413161646758410938673
0.0905026028917207542301426315134
0.0849508542540319960822969846959
0.0793914298185718209088790331407
0.0738243187662137728688449556103
0.0682495102275692960835939970821
0.0626669933483963992326692959978
0.0570767572463429517792832257328
0.051478791020706557435282491042
0.0458730837662033943957773374223
0.0402596245357927373653694758104
0.0346384023884460448550193234496
0.02900940633724509443158723343
0.0233726254105709636832433062636
0.0177280486108635643160980066568
0.01207566489801687598104606991
0.00641546323355097081880815679256
0.000747432564018951682907609956885
-0.00492843816370936837339966629656
-0.0106121600834158495707537639419
-0.0163037442701671961287068768343
-0.0220032018730092655822705438595
-0.0277105440368551961261012195337
-0.0334257819172264422635798553074
-0.0391489267048531902615238209364
-0.044879989591590910280594073356
-0.0506189818097037905197943530311
-0.0563659145824778121114384532575
-0.0621207991767770556501560008655
-0.0678836468562066946974553616201
-0.0736544689122870244180063536987
-0.0794332766485216085206033653776
-0.0852200814099569325943406283841
-0.0910148945260481762042914510857
-0.0968177273673594962488664350531
-0.10262859131955782976408642071
-0.108447497772813122862700652149
-0.114274458155905048184486361151
-0.120109483909237410581560823175
-0.125952586473688898927036916575
-0.131803777336120447882805706286
-0.137663067987139564607446118316
-0.143530469929642440218842125432
-0.149405994708241646184987416746
-0.155289653859064014085333838011
-0.161181458966910856611676194916
-0.167081421591485951294586698168
-0.172989553354777475524528540518
-0.178905865883141945715806286898
-0.18483037080978381716533931467
-0.190763079803795976285840652054
-0.196704004530798615135722684499
-0.202653156715610183180587000606
8.9398710005402637730688269631e-12
0.302454299005280369261328132779
0.263982613578932490128181598266
0.212746432036758720274249867543
0.164702557206116595445166694844
0.131085576143991550113199195948
0.0927747960894120399233386820015
0.0670747632961846834698249608664
0.0227849748012929377571911260247
0.00579948468974172005180323097306
-0.020817907770263363587126548282
-0.0365839399914846333250473264798
-0.054852948782945595840310204494
-0.0882967087351808621598081572301
-0.0918109728493898824552843507263
-0.110454437047700540497352506009
-0.117108523715894113914615104477
-0.125735719149491720347810996827
-0.142929256950133060088958814049
-0.140496508342544845771016071012
-0.151469190822487748127045392721
-0.155012837415832965826112399554
-0.147516196475615701810824020868
-0.149184325088833280581468443415
-0.138743340928954711488430007194
-0.132469640702595509162975417894
-0.11980080249531259439788044574
-0.125311415382388768868793249567
-0.100118843387421663226888313147
-0.104085473723606561358145938812
-0.0964750165951975408029639424967
-0.0792083181018449072885445616521
-0.068439723058204060546216851435
-0.0535479611110066741619384345086
-0.0433250951335845749246011848754
-0.0407564585377343038818942488888
-0.0267649142397243557101038646806
-0.00295278265832415098487984117526
0.0138251967764580901976145810295
0.0143240142579431298935910277237
0.0366223058073949780943934229072
0.0467175998260229499714490941642
0.0572240526560895482188762173337
0.0581032676326043440173663157111
0.063799182681393437621686359762
0.0991746032867558413581576814977
0.0959526025561550227616081087945
0.100485197345830251647313957619
0.110456709125632698831331879319
0.114828739722160691472119253831
0.123963523634371852732982688394
0.124162774809425113797800577231
0.128753740794189081020348908169
0.135429755221110809104700933858
0.139578452172599926095486466693
0.136935654926753969107267039362
0.137000900169639228121098994961
0.120716606595087372344465848073
0.111252770822427932140286088725
0.108691653820564046450947159883
0.0963625061367373442200445765593
0.0844156725379601180492272760603
0.059097485753107838191144907114
0.0486948159445244402321328891503
0.0093480962979457828121443441205
-0.00316506993736962024751924182908
-0.0400534048841729092838015446887
-0.0608728447881750553416502214077
-0.0956375732719062093822870451731
-0.128688606065932437116927644638
-0.175640871351855853976786647763
-0.215029137033184464256052592646
-0.255925216514551190361004273655
