2
266.34473854486878963143681176
0
0
0
0
0
0.706570210405880416715262981597
-1.5102548881824101359338749274e-16
0.707642945112144539088205874577
0
0
0
0
0
0
0
0
0
0
0
0
0
0
0
0
0
0
0
0
0
0
0
0
0
0
0
0
0
0
0
0
0
0
0
0
0
0
0
0
0
0
0
0
0
0
0
0
0
0
0
0
0
0
0
0
0
0
0
0
0
0
0
0
6.63501542369535448392253718097e-05
0
0
0
0
0
0.707642945112144650110508337093
6.05331922533821916024223958578e-10
-0.706570210405880305692960519082
0
0
0
0
0
0
0
0
0
0
0
0
0
0
0
0
0
0
0
0
0
0
0
0
0
0
0
0
0
0
0
0
0
0
0
0
0
0
0
0
0
0
0
0
0
0
0
0
0
0
0
0
0
0
0
0
0
0
0
0
0
0
0
0
