3
102.398699188678833138510526624
0.114567031634534438611083828619
0.114656823818224146149802322725
0.114746710527772993737372075884
0.11483669191643720852713528302
0.11492676813789168277502028559
0.11501693934604102775853817775
0.115107205695138228862539619968
0.115197567339732007130059798783
0.11528802443467342508931494649
0.115378577135161253242046086598
0.115469225596650904019924155364
0.11555996997495415756773695648
0.115650810426178515810669011898
0.115741747106754944152129382928
0.115832780173423605107885236976
0.115923909783235398740508514948
0.116015136093552392870797973501
0.116106459262091579742737224024
0.116197879446847326945224665451
0.116289396806119466054596500726
0.116381011498613989862960238497
0.116472723683219828161305997583
0.116564533519282309548259490839
0.116656441166372984441501614583
0.11674844678445416013001789679
0.116840550533747006278773028498
0.116932752574839704529097161867
0.117025053068649090293185111022
0.117117452176361311333430137438
0.117209950059575351843932367046
0.117302546880129948680959728335
0.117395242800261229154656916762
0.117488037982476978271506595775
0.117580932589650730135666378828
0.117673926784995747096829177281
0.117767020732011715167253385061
0.117860214594556172995609699683
0.117953508536827997299489823035
0.118046902723339952601122604392
0.118140397318958187411475080353
0.118233992488839409484846498799
0.118327688398517316681335387329
0.118421485213882335396640144154
0.118515383101090457373949504927
0.11860938222668615527055635539
0.118703482757574321770910330542
0.118797684860890775948583097943
0.118891988704268147802878274888
0.118986394455551522386649310192
0.119080902282960601756833796117
0.119175512355106441586549692602
0.119270224840886354678026748388
0.119365039909574061072206063727
0.11945995773077217050328613368
0.119554978474426018553167239133
0.119650102310816811024274386455
0.119745329410615775067583399505
0.119840659944801211644893612629
0.119936094084722513763985318747
0.120031632002055674290907916202
0.120127273868880168894435200855
0.120223019857523191755710456619
0.120318870140785252886850287268
0.120414824891739241641275270922
0.12051088428384106043811385689
0.120607048490884286029434235843
0.120703317687035280303398110391
0.120799692046812928714061285973
0.120896171745075262093926937723
0.120992756957075689450142874648
0.121089447858369864130523296808
0.121186244624949618353682012639
0.0123185181819716275258835835871
0.199949762940741820882450952013
0.194552483534078529681110580896
0.18914765484358109226548094739
0.183735266195559326929398480388
0.178315306916808025139431492789
0.172887766323060465545324859704
0.167452633691904134716210705847
0.162009898298980964392868031609
0.156559549409396425723173251754
0.151101576262927861371565541049
0.145635968071431504133883549912
0.140162714048550018919314652521
0.134681803364822882951301608045
0.129193225207701989365460804038
0.123696968718051525382151112353
0.1181930230469343534593917866
0.112681377296647067254298235639
0.107162020571573007865495696933
0.101634941959522898113910116535
0.0961001305252765086750699197182
0.0905575753090307744574971593465
0.0850072653553268220427696633124
0.0794491896561485971828275864937
0.0738833372130147242318187750243
0.0683096970306225487190587841724
0.0627282580401218314847255896893
0.0571390091939424568656669123357
0.0515419394100251060386597146135
0.0459370375986639031817837519611
0.0403242926528030246058342811466
0.0347036934493050591710172625426
0.0290752288179153654812392204576
0.0234388876171294363581765196614
0.0177946586553256944074341561191
0.0121425307290647273295025598827
0.00648249263147290637199215979081
0.000814533109516061030672129383845
-0.00486135907030940152273590371124
-0.0105451952002575382455473729237
-0.0162369865706586125053689784181
-0.0219367444747957246464764580196
-0.0276444802525515273550205108677
-0.0333602052473211327376922952226
-0.0390839308146041369829148948156
-0.0448156683512448347772583190363
-0.0505554292388250559042717213742
-0.0563032249132930789903284107822
-0.0620590668059423367086679945714
-0.067822966364159659180543826551
-0.07359493507424677560813108812
-0.0793749844293537565320661997248
-0.0851631259305630078371152080763
-0.0909593710883687955881526931989
-0.0967637315004888365344015710434
-0.102576218700230314961885369485
-0.108396844286227408971079455569
-0.114225619834116776107890700587
-0.120062557010821163716585147085
-0.125907667433647812993413594995
-0.131760962771223955058985666255
-0.137622454683255512897233074909
-0.143492154891937673255597474054
-0.149370075097725790724823013988
-0.155256227045152628285507034889
-0.161150622487496536505702238173
-0.16705327320076274189020182348
-0.172964190987588140036024242363
-0.178883387633425483542737310927
-0.184810874983981354713336031637
-0.190746664897730650034546329152
-0.196690769249086072623100562851
-0.20264319989779067121560274245
7.79069109823686414647987947084e-12
0.312654978261049931731463402684
0.261312854377023728869033902811
0.208624090653055094257695145643
0.171674938469907778504364159744
0.120727927769051904260955154768
0.0952377513879800463580949099196
0.0628752591217130868406215427058
0.0194431546733330427867425527211
-0.00138410731687394687565439976851
-0.0174885447953280134814058044412
-0.0363147641180626978840706442497
-0.0532066711023607627484288684627
-0.0856508498350385810704565869855
-0.0980592030662729846612890582946
-0.115739507624751075676172717976
-0.121975905574540688380835717908
-0.135300156307844060554756993042
-0.130990621496359066489034717051
-0.136614494728680840873735746754
-0.131600847018099154084325164149
-0.13732913948650818380947669084
-0.139393883457986228480152135489
-0.153430585353302256779173262657
-0.139067625326387417361573284325
-0.133310869530926773274259744539
-0.1241936311788634644814877106
-0.125629615802641453337074040064
-0.12165415464519728494519057449
-0.10986297380187889927150024505
-0.0814987220466467515711528335487
-0.0745212837167624625456241460597
-0.0682923382688422203612432781483
-0.0642387914163910223042108782465
-0.0497302193824540814115486853098
-0.0365639228085076067875647254368
-0.0176030877169898770928657683044
-0.0141847358540308100122162571211
0.00221738531651586657025831961221
0.0145568966224626089589477828667
0.0315676083223505460351177021039
0.0407194015398018166473903534097
0.0540108630079829468706442696657
0.0639604091914105776783827650434
0.08072271296831444453712123277
0.0986155271673383182484684539304
0.0937207221655953215400103317734
0.108451030953808660872716984613
0.105704306755397298145382478651
0.11496081178712151682486108939
0.129975891353286271412414976112
0.132181492831921348907187052646
0.13163077245058377173769770252
0.134019736074862061414592062647
0.142014839672082948673903501913
0.140204424700455715369074027876
0.126769056715629130360767362617
0.109767969042144461488952345007
0.114257022484292675157391272478
0.10612039872872482126897608623
0.0902447582531471087508023742885
0.0880627431236025992600247036535
0.064772422232972817757179484488
0.0427547720349644930215582405708
0.00400409956127002145814808287128
0.00233845175209213473541125516419
-0.0326592327030423637546086013117
-0.058121162074404673913985419631
-0.0981105037065044677246916648983
-0.132334474001413043842134698025
-0.163521120324092356090872613095
-0.224924513816955273792785874321
-0.256332647903358079588542750571
