3
136.072830121350364152021938935
0.114593888545811734003265769388
0.114682962352924106008700277926
0.114772129424078370152351169509
0.114861389909284253296739564121
0.114950743958868284444463370164
0.115040191723409984669856953587
0.115129733353852084509760800302
0.115219369001372182181874848084
0.11530909881750095458130545012
0.115398922954037558286088938075
0.115488841563117214383815678502
0.11557885479713268794821345864
0.115668962808843284184590061159
0.115759165751252141030036568736
0.115849463777695144139912031278
0.115939857041829103012631208003
0.116030345697597833676262268909
0.116120929899269059726307773417
0.116211609801387533158489873131
0.11630238555885247242471791651
0.11639325732683031278114071938
0.116484225260837875870478796969
0.116575289516660615674048528945
0.11666645025043972938583181076
0.11675770761859835533691409637
0.116849061777890866897777755185
0.116940512885375172413837674412
0.117032061098429465695325291108
0.117123706574742539321398737684
0.117215449472338903436074986075
0.117307289949505177961697199862
0.117399228164950228392449105286
0.117491264277583301600671461529
0.11758339844671059082337194468
0.117675630831924560304457827442
0.117767961593171391343481957392
0.117860390890681204778545065892
0.117952918885016105887686421738
0.118045545737081106207888581139
0.118138271608089678865738392233
0.118231096659579384966498594167
0.118324021053417924309592024201
0.118417044951795752405487860415
0.118510168517238903551636042266
0.118603391912582734057934885641
0.118696715301017344246226059568
0.118790138846027237828906208961
0.118883662711465318273518221304
0.118977287061489439556893898953
0.119071012060600014970113136314
0.119164837873619283703519045048
0.119258764665714431241205772949
0.119352792602380214370683120251
0.11944692184946320567817679148
0.119541152573106795875546026764
0.119635484939816599814221831366
0.119729919116438834891802400762
0.119824455270134244688762237274
0.119919093568453663523065699792
0.120013834179201875351772343947
0.120108677270623520616510404579
0.120203623011215940397100609971
0.120298671569880388787510128168
0.120393823115824152858444051617
0.120489077818603754210791123569
0.120584435848152871084693060766
0.120679897374692646216942648607
0.120775462568831787324441506826
0.120871131601519188336624210933
0.120966904644026373993881406932
0.121062781868015487130030294338
0.121158763445475256559369370279
0.015716213265415879957176414905
0.199947051810269893490357162591
0.194548704394566868147720128945
0.189142836529723551430848260679
0.183729437633604830715228217741
0.178308497072135446748220033442
0.172880004210258231278629637018
0.1674439483867278533057998402
0.162000318957824962495806175866
0.156549105205530392215251822563
0.151090296452706412955180326207
0.145623881964804524624668147226
0.140149851005216097288297305568
0.134668192808719666686556593049
0.12917889661855561089787158835
0.123681951636302814301338059977
0.118177347062708645863970957635
0.112665072056579357306915767367
0.107145115785571440336632065282
0.101617467397520575000946507771
0.0960821160116139688645020555668
0.0905390507305113417801933906048
0.0849882606442096816268261250116
0.0794297348296469779560524671069
0.0738634623260667477762098087624
0.0682894321764123263251988760203
0.0627076334069691099237786602316
0.0571180550137439652091941866274
0.0515206859730676647313174498777
0.0459155152610257327738807475725
0.040302531812282091361332447832
0.034681724580484199482732776687
0.0290530824494925760115293655872
0.0234165943322050817965163105328
0.0177722491048138246660936800936
0.0121200356228733999164326462505
0.00645994272147666637184926230475
0.000791959219905385633508920761869
-0.00488392605251984895237127304313
-0.0105677243250430295123942769919
-0.0162594468356579945067519332724
-0.0219591048239015929066653143309
-0.0276667095606608522129210570029
-0.0333822723254463341047149071983
-0.0391058044313611699593913328954
-0.0448373171931313041493893933875
-0.0505768219414563791058725428229
-0.0563243300599917534610128200256
-0.0620798528974613877950972096187
-0.0678434018645544395509361379482
-0.073614988367672565261479178389
-0.0793946238491910760703973437558
-0.0851823197422048039584296930116
-0.0909780875286263918111373527609
-0.0967819386885607618742355384711
-0.102593884735748305803149094118
-0.108413937189733244892408947635
-0.114242107588063676604228646738
-0.120078407491727906508671708252
-0.125922848487548783014133846336
-0.13177544216313238911730820746
-0.137636200158848615027196160554
-0.143505134083430380131929382514
-0.149382255611400394101906385913
-0.155267576401436374622377911692
-0.161161108165494393329453259867
-0.167062862590743904656065410563
-0.172972851438912306187845047134
-0.178891086416912453715966080381
-0.184817579332245573997539622724
-0.190752341960655436015059649435
-0.196695386100616070867985740733
-0.202646723586665800098671752494
9.60447940538728065732075467478e-12
0.303813836726511743435708012839
0.25151409505615895945140891854
0.200431660370690600814214121783
0.170501969802573677403856322599
0.130559015163226349587333174895
0.103347861108860475387594135555
0.0681123429966220134135213015725
0.0331593149705184456199624776218
0.00373217265270521731182484792555
-0.0250829159371978097081701264415
-0.0357050795138910484483041329895
-0.0633968328316938528610435810151
-0.0760181683567257848732623415344
-0.093633973469044992632426271939
-0.100143765528675904308286703781
-0.127102723791981259138239579443
-0.117804147953431928574907772145
-0.139561632668566498738371706168
-0.137675056460710598660313053188
-0.147307473206717998159831495286
-0.143299734229647895977777238841
-0.148975464049940997668386444275
-0.141750747998560744367324559789
-0.136389971913703722528055095609
-0.135969331200108345392152386921
-0.125065037496081943313441797727
-0.120625136870866150884396006404
-0.114222835887693205392245943131
-0.112996829272563131807416425545
-0.10252658214848370255012355301
-0.0884943400573141719656078407752
-0.072011528165682348046061633795
-0.0692122810295451307283087771793
-0.0600349055652720509090869427382
-0.0281084802253451886133728265804
-0.0223517859765882224987176840614
-0.00941983084311506443930817056298
0.00176120199938548127084614325355
0.0170001394059236289602043967761
0.0365716928738308577617743821975
0.0432449718129460994320290012638
0.0586589042687924305807811720115
0.075287158474353743642382141843
0.0888834305538166447036019235384
0.0925676110322570938615527325055
0.0950527532029491334375492783693
0.110567629116235743857998841122
0.106324325641681677323546750813
0.114775239223486424933184935071
0.132614665256320873876205723718
0.124609372724353156813847931517
0.145217246050481529895392895924
0.13226719807057704669794873098
0.135152802901992830086896901776
0.131852060815212585032085712555
0.127625622499361962569608408558
0.130993968958840800720366814858
0.123200376641798392540749773616
0.101597350074342007708594337601
0.087685820777820777660593876135
0.0684271429584840523707711668067
0.058459088012643080356500746575
0.0440117025108924808662891337008
0.00996369546207346960808859392955
0.00286515916142643205233309089408
-0.0326216676019285070631248402151
-0.069359684271864729954160111447
-0.0908385113623149248462951277361
-0.130822067110752809915297234511
-0.174577486273554322027123930638
-0.211552979406563979036803857525
-0.257709418889045138723048467
