3
202.724549997312891491674236022
0.11357342459037039761327037013
0.113689660154933105951080563045
0.113806040545010367370792891961
0.113922566052515869539085713313
0.114039236970071886090316581885
0.114156053590961176213980365901
0.114273016209191113912169157629
0.114390125119450264401521621949
0.114507380617154208568564399684
0.114624782998426183455720206439
0.114742332560046997325109430221
0.114860029599581053849632894526
0.114977874415262484864008740715
0.115095867306028831755781993706
0.115214008571573989225811374126
0.115332298512254807776322707014
0.115450737429199160044568372996
0.115569325624208782410384799277
0.115688063399843929501820127825
0.115806951059383836377669751982
0.115925988906812882373031925454
0.116045177246873812415550730748
0.116164516385005203713554067235
0.116284006627399891242724550011
0.116403648280986260488134576008
0.11652344165341683990266830051
0.116643387053094085836768556419
0.116763484789148705433881048066
0.116883735171449468226434476037
0.11700413851065691317465677912
0.117124695118089983125742037373
0.117245405305884606295130367926
0.117366269386904115146208482656
0.1174872876747709293798749286
0.1176084604838407848825809765
0.117729788129256315865056592429
0.117851270926878595735054489069
0.117972909193366240487854668118
0.118094703246105325877834957282
0.118216653403297455859899400821
0.118338759983824787225259456136
0.118461023307420837413772574109
0.118583443694537327139926219388
0.118706021466432165567539414042
0.11882875694511046971157952612
0.118951650453359980552647812146
0.119074702314740765718426018793
0.119197912853616277972790271633
0.119321282395104394380425105737
0.119444811265131914379544753047
0.119568499790360882606421455421
0.119692348298319303778747269007
0.119816357117247779262569906678
0.119940526576241504597142295552
0.120064857005154582147987696317
0.120189348734645706784363028419
0.120314002096141819952990204001
0.120438817421958985209862191823
0.120563795045137270300905640852
0.120688935299484129126668108256
0.120814238519749095335242827787
0.120939705041369652271932011445
0.121065335200638432566755398057
0.121191129334663957872741946176
0.12131708778140366800091243249
0.121443210879533317059220109968
0.121569498968640110625472061656
0.121695952389113085101435274282
0.121822571482139360710128528353
0.121949356589754781543533113108
0.122076308054797438851224455902
0.12220342622097846163597978375
0.0624790061185224107620506117655
0.200122014007379889211080126188
0.194758165215659112545765196955
0.18938586635368906407883571319
0.184005105091469528533210109345
0.178615869068364713223573403411
0.17321814589761386216082428291
0.167811923192089929024461980589
0.162397188525954555560204539688
0.156973929466407341459799340555
0.151542133557410363398076924568
0.146101788320437686596875437317
0.140652881260152046172251516509
0.135195399862378884403568690686
0.129729331592018881647021544268
0.124254663889648120367326100677
0.118771384189892637017749166262
0.113279479890515288875718624695
0.107778938380870797919541814736
0.102269747022908183420319971901
0.0967518931665087289495374989201
0.0912253641379103669128980413916
0.0856901472430433575055985784275
0.0801462297614929236599934370133
0.0745935989700218654574470633634
0.0690322421036540789796021044822
0.0634621463958332521215766064415
0.0578832990510984857213117038555
0.0522956872553383064761156617806
0.0466992981668553838736634986617
0.0410941189415583718602675844522
0.0354801366973201137700044682788
0.0298573385380420629198194859555
0.0242257115540913531281930204386
0.0185852428032546833358562565763
0.0129359193298790725590308170467
0.00727772816110211842599575504664
0.00161065629085413593822584399362
-0.00406530929262583200917147152609
-0.00975018163093542035435579151681
-0.0154439737803379589092811485784
-0.0211466988182437906629296264782
-0.0268583698544784255091144586913
-0.0325790000044142019630655227047
-0.0383086024049998294382923802459
-0.0440471902316870167481965836487
-0.0497947766631703161999134010784
-0.055551374897760949500558069758
-0.0613169981669179978145400866651
-0.067091659716265114599131891282
-0.0728753728115509868956678474206
-0.0786681507426814780048474062824
-0.084470006816455722731262767411
-0.0902809543649214368832289778766
-0.096101006739081021312820496405
-0.101930177313554776175053007137
-0.107768479479849396684976170491
-0.113615926652006024588636989847
-0.119472532269630699053308831026
-0.125338309787207446976964320129
-0.131213272687026760721096252382
-0.137097434461316086684590231926
-0.142990808641774658216405669009
-0.148893408763420165286106566782
-0.154805248401013700876305279053
-0.160726341124877769583889630667
-0.166656700563263621139853398745
-0.17259634032635368106056716897
-0.178545274074719373391673116203
-0.18450351547706633770218331847
-0.190471078222058054496557133461
-0.196447976041754734932709425266
-0.202434222660892004785893050212
1.16317813872720591680723424994e-10
0.307059407271768003422351966947
0.257982379111338755439675196612
0.211636507295517889426506030759
0.169683988787038220191760728994
0.131082232056648761986394902124
0.0944302300093125268620752876814
0.0598830120498269613538155908827
0.0313702783152525269128041429667
0.00261067851349201362348706467742
-0.0225595171679770917227969562191
-0.0426128642530848311675839568125
-0.0623680013116502743319990997861
-0.0807793252301122199909855225997
-0.0958890015528515299303435881484
-0.10848468057798531238855588299
-0.118562416802020967332431666819
-0.127057688247706607187481608889
-0.13369333749650694209698542636
-0.138208491237808039908685486807
-0.142145585086075249003911835644
-0.143427057742924718430899133637
-0.142895743765378779865926617276
-0.14222904591880716762553049648
-0.138361531863021747223996271714
-0.133018620917845525886136215377
-0.12818497474792073242966239377
-0.122031326517856378299775599316
-0.112066887737567108529468384859
-0.104221817125539656379018538246
-0.0948577716895958739096172962491
-0.0831001707591226962401620426135
-0.0713469699107273508387194738134
-0.0603135257288763826366562170733
-0.0483078584815306022459679979875
-0.03731887660832460679172228879
-0.0243707988466001293503815361419
-0.0114290550955135419841646182704
0.00242453678397325537649531490558
0.0162132104896056256082559343668
0.0290866793578096506645014329706
0.0405970870295720986931087281846
0.0523944281614283566272938230668
0.0651387049708816723292414962998
0.0775517980527790223854722739816
0.0861696861838084776641366602234
0.097924721049165025510419013699
0.105827038406666545933276779579
0.116073495965032302823516374701
0.120014722278881241779302513351
0.12664631179249496994998480659
0.129905850159527602727393968962
0.133924449714306892378345992256
0.135038916910729528408907640369
0.133798604722451558446394415114
0.132013536517705087902641025721
0.129623760782366842514434779332
0.124141510445473821078188336742
0.115204666273700642720179132539
0.105898588245622565784387347776
0.0927023329529767931012074200225
0.0807212935877443804599806753686
0.0628645175526926919262749038353
0.0449494424995431976488369230083
0.0223198339795653774575434624694
-0.00265683026863570027203964585283
-0.0305484193059324428409784246696
-0.0614654737338991494222106837242
-0.0961894395922105599483487026191
-0.131467185458084362403852196621
-0.172457605534147628834062970782
-0.216925679499991030940719838327
-0.263299322102437227677285136451
