3
80.9470003254417775906404131092
0.114700640100615716687748601998
0.114786856459683922482284401667
0.114873161123572986586083288785
0.114959554229460123031536511462
0.115046035914717098558313068679
0.11513260631703835235040145335
0.115219265574337786928182936208
0.115306013824845898785298459188
0.115392851207020127879410154037
0.115479777859587545707498179581
0.115566793921586793980615937016
0.115653899532280321493793451282
0.115741094831212559812527729264
0.115828379958216792777747627952
0.11591575505337356477575383451
0.116003220257049677321958824905
0.116090775709876942167753099966
0.1161784215527703334469578067
0.116266157926896179786169227555
0.116353984973721846785110756173
0.116441902834989230441919971781
0.116529911652654707965304226036
0.116618011569065704868819466355
0.116706202726738594854793973354
0.116794485268515685350010357979
0.116882859337528843823861279816
0.116971325077141252712920049817
0.117059882631064079983040926436
0.117148532143208986000537663585
0.117237273757857168865470498531
0.117326107619455444197598126266
0.117415033872853763474708443937
0.117504052663100141962182476618
0.11759316413557056868466332844
0.117682368435919434968006669351
0.117771665710039691310484499809
0.117861056104172134961771689632
0.117950539764808737253076742491
0.118040116838722439207565173547
0.118129787473013864174120612915
0.118219551815009343842532985036
0.118309410012384139121444093234
0.118399362213052777859090269885
0.118489408565265519346354494701
0.11857954921750596399832033967
0.118669784318605864292806018057
0.118760114017658346963202120605
0.118850538464041588504471747001
0.118941057807443142935177604613
0.119031672197844301530622601604
0.119122381785521716524023361217
0.119213186721024960723624985803
0.119304087155226667960050690453
0.119395083239275862085904122978
0.119486175124614610321138741256
0.119577362963019157016120175285
0.119668646906527495477057243534
0.119760027107475186536333922049
0.119851503718514731944289053445
0.119943076892593411542087267208
0.120034746782975626500089560977
0.120126513543175633680348823873
0.12021837732707767176787427843
0.120310338288804871686998865243
0.120402396582849124939684770652
0.120494552363952914242339886641
0.120586805787154999203281136033
0.120679157007889129027411456718
0.120771606181772489518877478076
0.120864153464842166707526871505
0.120956799013341748105787587519
0.121049542983911156968090949704
0.00783126364217056475380829283495
0.199937849075616125293919367323
0.194535124553284727300095369174
0.189124997870555894285971021418
0.183707458679220114738939173549
0.178282496586678579353346663083
0.172850101187493387921989551614
0.167410262058473174873185485012
0.161962968777261823172253230041
0.156508210881968118366458497803
0.151045977913649071000534718223
0.145576259359769283330265920995
0.140099044745399997635715294564
0.13461432354591418292244497934
0.129122085218826704311467779007
0.123622319204540864756580731409
0.118115014948846561160245016708
0.112600161858315617191550472853
0.10707774932561875402825535275
0.10154776674595479557527966108
0.0960102034568249274038009843935
0.0904650488197851210259159415727
0.0849122921514358225403285018729
0.079351922788706258371504986826
0.0737839299947816995572935638847
0.0682083030611440044310711527942
0.0626250312517900864506259495101
0.0570341038040378528473084429606
0.0514355099439375990089118317883
0.0458292388790471280635152595551
0.0402152798043788409221299673391
0.0345936218842174680876411230201
0.028964254275516351094799105681
0.0233271661374735185534579073874
0.0176823465654028788573981501031
0.012029784677566842873708274908
0.00636946955127115979622409724925
0.000701390268888356220068625024311
-0.0049744641267700272571627984064
-0.0106581045945430621935123838284
-0.0163495421439518173745142348707
-0.0220487877385930654272616635581
-0.0277558524176374013525681050396
-0.0334707472296895958141504934247
-0.0391934831985191883818586688903
-0.0449240714270427513032934996318
-0.0506625229766539258990931671178
-0.0564088489850279178883241115727
-0.0621630605455233131717562855556
-0.0679251688374409579029844508113
-0.0736951849979063516871136130248
-0.0794731202115196017077280998819
-0.0852589856801230089322629623894
-0.091052792613799560239584707233
-0.0968545522519320412069276926559
-0.102664275841927207788550902023
-0.108481974653562282528973526041
-0.114307659982168713375116908537
-0.120141343122453128633431163053
-0.12598303541228494939474558123
-0.131832748182788284108113430193
-0.137690492803087760620428525726
-0.143556280650322137804053568289
-0.149430123120519009471962590396
-0.155312031624142837804569694526
-0.161202017610050651885700290222
-0.167100092527190408064896587348
-0.17300626783807471209541972712
-0.17892055504169132595926328122
-0.184842965639057471571859991855
-0.190773511171936915875591012082
-0.19671220317150889256296864005
-0.202659053216707740752156041708
3.78132807489979048533005854068e-12
0.310254440944518483647129869496
0.267598544295761797684463090263
0.213963907859414631529304529067
0.158755511845961344574718054901
0.130083765139102025543138552166
0.0968432954064693818363451782716
0.0613934384393547277758429459027
0.0231072056293382468994401790496
-0.00369521219387080289420222101171
-0.0113088341889579190036041467238
-0.0508464160567087611330983065727
-0.0668853712635049807433418322944
-0.0889494732087185435709386638337
-0.0989123189392991097879104245294
-0.115063475444065671515758708665
-0.112538708637979018023500543677
-0.133335001874014702494264383859
-0.128256002306273597657337859346
-0.135723107289554389964791880629
-0.137055430631255498186149566209
-0.14206743586254833022763932604
-0.13960231026996475223178606484
-0.129373409406719125369633616174
-0.141668020599992894315022340379
-0.16200290162212629963001120359
-0.127380956222901686736292958813
-0.125936409057543163836356825414
-0.10749952490738530486158452959
-0.095767211083063144561045021419
-0.0817240687091771583761001807034
-0.0861718978554992659502076435274
-0.0771733301004171728942893082603
-0.0452452604136723904315608990601
-0.0521636728905096672126440182637
-0.0407021581436679200094452824032
-0.00541406266540245262319785979344
-0.00801647667988178089237827350644
0.0177053143343188605640659005758
0.0398179263920136819465689370645
0.0118484269016426221193816203936
0.0378232313358962263238893797279
0.0441708430517022410111138697175
0.0731081026354382101928308657079
0.0817396030878574236799849472845
0.0790601524917649706170053036658
0.101446856359946158132601112811
0.0976718026166151914724267157908
0.0987094336736381028352127486869
0.130046017639792649278618341668
0.116230447681660617464949325495
0.115705612806859980956630806759
0.131025822266779889968546513046
0.132827827851148855264895587425
0.145755658484061412227816845188
0.134167464488083476581437025743
0.108085834844939970844635013236
0.122571177133590988872491323036
0.11657204963825026911017346265
0.0946672773234583930790364547647
0.09749655889313438295040725734
0.0800861494999182133014414830541
0.070403040572632150095877534568
0.0594920100267059895338128683306
0.023324006346375710657659041658
0.00745957711776525696917294894206
-0.0276148612150978398083189802037
-0.0574250551079458215752993055503
-0.104057639179338273782704504811
-0.13616557068921900097713262312
-0.170265383574063594585012992866
-0.222892950735898792702371906671
-0.262077909605288983385662504588
