2
57.2667522963499919796959147789
0
0
0
0
0
0.706516385865893381534874606587
-8.78081465689958055177217557237e-17
0.707696683970608919622691246332
0
0
0
0
0
0
0
0
0
0
0
0
0
0
0
0
0
0
0
0
0
0
0
0
0
0
0
0
0
0
0
0
0
0
0
0
0
0
0
0
0
0
0
0
0
0
0
0
0
0
0
0
0
0
0
0
0
0
0
0
0
0
0
0
2.25506712377122662909183919977e-05
0
0
0
0
0
0.707696683970609030644993708847
2.22614254135689112288493917479e-10
-0.706516385865893270512572144071
0
0
0
0
0
0
0
0
0
0
0
0
0
0
0
0
0
0
0
0
0
0
0
0
0
0
0
0
0
0
0
0
0
0
0
0
0
0
0
0
0
0
0
0
0
0
0
0
0
0
0
0
0
0
0
0
0
0
0
0
0
0
0
0
