3
676.261212915757141672656871378
0.114022733845605503399944780085
0.114127043006247208545289595349
0.114231473411800107942148940765
0.11433602528784468643774374641
0.114440698860531264724471611771
0.114545494356428981252982168826
0.114650412002683568801764124601
0.114755452026937682097340598375
0.114860614657324999754450800538
0.114965900122501560320920077629
0.11507130865163330002420849496
0.115176840474408709313891563397
0.1152824958210432876315465478
0.115388274922245862019742901339
0.115494178009258971484563005561
0.115600205313832971043552788615
0.115706357068255522024813330972
0.115812633505341031070479118625
0.115919034858375707974786905652
0.116025561361257620318632177714
0.116132213248347895828693765452
0.116238990754566659524549265825
0.116345894115313278072143532427
0.116452923566594063187196184117
0.116560079344888531394097697103
0.116667361687259316105347295434
0.116774770831231541889927427746
0.116882307014922165455672598
0.116989970476997551251940876682
0.117097761456592105999696684648
0.117205680193469302663444864265
0.117313726927864375726429102542
0.117421901900603919965959676119
0.117530205352996880430183068711
0.117638637526966072233136628711
0.117747198664958044322936814297
0.117855889009953654356088748045
0.117964708805462101248728856717
0.118073658295617681113220953648
0.118182737725030129194436767648
0.118291947338920441779031023088
0.118401287383016626253429137705
0.118510758103631583249004677327
0.118620359747638876024566911838
0.118730092562462155592051260555
0.118839956796075271738821754752
0.118949952697020799874394469953
0.119060080514442279131515078916
0.119170340497984597605274359466
0.119280732897900393352230707933
0.119391257964991781559405126245
0.119501915950660272947025930534
0.119612707106839799564568238566
0.119723631686042095156885523011
0.119834689941400965307316539565
0.119945882126537312073466523543
0.120057208495744166532048780027
0.120168669303811578852325681055
0.120280264806176748204613602411
0.120391995258815470704050198947
0.12050386091827000600851249601
0.120615862041718674424473078943
0.120727998886899320907239996359
0.120840271712131797077205419555
0.120952680776314255850500956058
0.121065226338968073838131545017
0.12117790866017888462558005358
0.121290728000648703743813427991
0.121403684621622279249386622269
0.121516778785007301122433887031
0.121630010753268583134634184262
0.121743380789475427738999258054
0.150089286385136772006276828506
0.200030307463052725580610058387
0.194652516090141558535719923384
0.189266649724613350569413228186
0.183872696704292210023723441736
0.178470645355290530309488872263
0.173060483979305818058591626141
0.167642200856530892982831915106
0.162215784258494810643469463685
0.156781222433910849556326638776
0.151338503609444924302707136121
0.14588761599236221844222427535
0.140428547780331564043265757391
0.134961287140300478792909188996
0.129485822226466984474768651125
0.12400214117826351134521445374
0.118510232109397567468178635863
0.11301008311505128522966856508
0.107501682273692070190840297528
0.101985017648013542856944013693
0.0964600772724562849358420635326
0.0909268491707064252516090618883
0.085385321344511655450304488113
0.0798354817763340246505876507399
0.074277318430577346508592029295
0.0687108192458488059584098550658
0.0631359721572335302886003205458
0.0575527650609429369810143839459
0.0519611858499412909706549612565
0.046361222384928180151320020741
0.0407528625201348457252059631628
0.0351360940818009406805266792162
0.0295109048705639413767709555714
0.0238772826840564431072344575568
0.0182352152968700033375260005641
0.0125846904488143979117253934419
0.00692569587505876757549394540092
0.00125821928554067040927078036106
-0.00441775163084931043327996391668
-0.0101022291958916040494065313737
-0.0157952257662036348040413002991
-0.0214967537012399623197467235514
-0.0272068253974155557783909387126
-0.0329254532589529566588559816864
-0.0386526497103161434387708084159
-0.0443884271997802143383538009402
-0.0501327981988986398631524821212
-0.0558857751906035385425219885747
-0.0616473706860068276780495466483
-0.0674175972110383492363894220034
-0.0731964673068490473406555452129
-0.0789839935545766785862653591721
-0.0847801885317042147605093305174
-0.0905850648488475962416544007283
-0.0963986351361482418642623315463
-0.102220912037247771420034325729
-0.108051908233230270495184299762
-0.113891636397500925492742851475
-0.119740109247308892936878521596
-0.125597339514352063227775602172
-0.131463339946816915038141360128
-0.137338123318302363085052775205
-0.143221702415625373738805592438
-0.149114090053178105499398498068
-0.155015299061572048300305937119
-0.160925342301772272834980981315
-0.166844232639689032948737690276
-0.1727719829794919226273464119
-0.17870860622677389728529817603
-0.18465411532170677988418105997
-0.190608523216534125888088624379
-0.196571842902370175210080560646
-0.202544087362812735841899325351
1.87568645154054212219788881217e-10
0.30504569290972949335838393381
0.256930503036528035121222046655
0.210150460279133866059453339403
0.171836533199165614194114937163
0.129740693106000004597433417075
0.0952820375292794952137853670138
0.0608880588752977250366349437627
0.0330496974175935251394342628828
0.00294987730567462802522271658745
-0.0203665396991311101193566912571
-0.0430980408792880770318944883002
-0.0643128447229803779094936544425
-0.0794915413777974311226870440805
-0.0930014501395673431893840188422
-0.108356560438559845760408961723
-0.119976970809866467782001109299
-0.128609357052922007591533315463
-0.135391839629617816154194542833
-0.138721650002933738488053450055
-0.142429987933895052520938406815
-0.142750261472920386696117134306
-0.145037563567903204919673498807
-0.141529128026380429661301718625
-0.137446228128886460684299208879
-0.134893913269621829043032334994
-0.1294250511708606998784176767
-0.12071321547185419331693623235
-0.113542541782939446215472401036
-0.104179913314809122204529501232
-0.0938948722600423668627200868286
-0.0821729377824915591110865875635
-0.0717606533958614206669679447259
-0.0599055195578444277249019478404
-0.0489199651403412968941886163066
-0.0366286559514660686742715256514
-0.0229353150693516610880706707576
-0.0117572483436228312353444280802
0.00230851473127899288126374521823
0.0151892259160250064908836975519
0.0285442672432759877998442732405
0.0419094972766196616209555259047
0.0562875700853331453754613278306
0.0672544065242378641400478045398
0.0771240984937669182830433101117
0.0870045613759855562818756880006
0.0986313220703255583154955843384
0.104572803023797844534925616244
0.112338275106224266819410217977
0.119225194908938916804608254552
0.125516392134906062949539773399
0.130114315956437631705000512738
0.136822006782605865016222423947
0.133712514353947459211369164223
0.133351819839999663486196368467
0.134834349294017691311964313172
0.129091469607775538586125207985
0.123816978370796887398697094795
0.115069727178764152908385653973
0.105989602922596098943941456128
0.0946512091331621896461712140081
0.078368130964572901842046803722
0.0628490474720469066705064165035
0.043808468107299519678221599861
0.0227371473326901697709079286369
-0.00189440266920764296791623859662
-0.0322095659106812273742015406697
-0.0612044236722770959580053329319
-0.096070873750991797601628263692
-0.131806011266330846964933698473
-0.172451036033056837037946706914
-0.215247454027290646694225983993
-0.264812880970812070113851177666
