3
11.109735867965262912093749037
0.114999242358817685416561005241
0.115077448029881637681093309311
0.115155728636498588812742127629
0.115234084282430149226428284237
0.115312515071595136917359525341
0.115391021108138425166345086836
0.115469602496349341147485745296
0.115548259340726031108026461425
0.115626991745901963604126194696
0.115705799816754134612395432669
0.115784683658291365215831092428
0.115863643375746019903438366327
0.115942679074514332082657119827
0.116021790860155585289881230437
0.116100978838460128228504686376
0.116180243115370160356114581646
0.116259583797008306249587406001
0.116339000989715793399348342518
0.116418494799999189259764875715
0.116498065334540573667609919539
0.116577712700215038732487471407
0.11665743700409315908306240317
0.11673723835344081145581895953
0.116817116855690669718903507146
0.116897072618491498774417891582
0.116977105749619114671844499753
0.117057216357122295669057621126
0.117137404549172083334518390529
0.117217670434177897997862771717
0.117298014120686522332448475936
0.1173784357175076398238644515
0.117458935333564898351177419045
0.117539513078012719526910245804
0.117620169060216953060837852263
0.117700903389688485423114627793
0.117781716176152101427376805987
0.117862607529533952588352008206
0.117943577559944029475857973921
0.118024626377699476398319688997
0.118105754093283429884131408016
0.118186960817398378775777700866
0.118268246660931788949433496327
0.11834961173497166031509664208
0.118431056150812175076225685189
0.118512580019893051797019722926
0.118594183453921656057339362178
0.118675866564751680831690805462
0.118757629464462943769120784054
0.118839472265306930753858694061
0.118921395079755395918219562645
0.119003398020466805151684752673
0.119085481200300491444465933455
0.119167644732340094471112479368
0.119249888729807296261498095191
0.119332213306199405589147488627
0.119414618575141129319661104091
0.119497104650522698032766300003
0.119579671646397697748476218749
0.119662319677033598952498039125
0.119745048856906829981561202203
0.119827859300672301401391450781
0.119910751123207023893790790225
0.119993724439604279585758206395
0.120076779365126201648550363643
0.120159916015278436796087646599
0.120243134505736551376209320097
0.120326434952388719445970366451
0.120409817471373289943237239186
0.120493282178948016292174827413
0.120576829191672826868675372225
0.120660458626261180015148966049
0.120744170599621489237129878802
0.000536464517884443722363363438177
0.199929188320408735002331468422
0.19451279265188303746469955513
0.189089364700283701914429457247
0.183658894861085109084797295509
0.17822137347394370610054181725
0.172776790890489778673710929979
0.16732513742866944594922529177
0.161866403418999549312928820655
0.15640057913340990602968361145
0.150927654861072541025990290109
0.145447620872850374995621791641
0.139960467397831411773267973331
0.134466184708670610792324850991
0.128964762987189479614968945498
0.123456192453567731304175936202
0.11794046327760823733576955874
0.112417565669977806419588262088
0.106887489748397693234416294672
0.101350225669989565946416121278
0.0958057635535602414300626605836
0.0902540935252172521474633981597
0.0846952056603803987711032164043
0.0791290900396223739754475445807
0.0735557367376575704787100562498
0.0679751357877971251753024262143
0.0623872772300811673229503639959
0.0567921510760699896347425408294
0.0511897473311031109277635664512
0.0455800559636161187193614807711
0.0399630669428581650204357345046
0.0343387702545360148920217113755
0.0287071557866102784750683696302
0.0230682134952343506628658076352
0.0174219332637405577290934388657
0.0117683049756243246486420162
0.00610731853120360847902992063041
0.000438963751842781017397515652689
-0.00523676950641260765401119314788
-0.0109198914321517077941070539282
-0.0166104121811120053475718805203
-0.0223083420241754863677652309661
-0.028013691134201452320739988977
-0.0337264697810429267543774756177
-0.0394466882016635475571852964549
-0.0451743567008005691976180173697
-0.0509094855497847081915452349676
-0.0566520850275820872510301740022
-0.062402165526762719272024781958
-0.0681597373199828437950742454632
-0.0739248108163734901632224705281
-0.0796973963551578096220495694979
-0.085477504338110313342191659558
-0.0912651451678487823926388955442
-0.0970603292732626909966597850143
-0.102863067104841762744449340516
-0.108673369091687024856618393187
-0.114491245722104562076992806396
-0.120316707477585271846010073205
-0.126149764884245313423249967855
-0.131990428444670987451203814089
-0.137838708715064817145190545489
-0.143694616233995486886954040529
-0.149558161605001821436999875914
-0.155429355400221708149999244597
-0.161308208216833504078380201463
-0.167194730693480814176510307334
-0.173088933474746936580501710523
-0.178990827203553526381085703179
-0.184900422591357693757885272134
-0.190817730286581249687927197556
-0.196742761010210764904826419297
-0.202675525545336937538465349462
1.29960585895220583071528477939e-13
0.315751930278267978202677568333
0.229310058793091214868198335353
0.226538549646438186480068566198
0.137559258383570803818685135411
0.166121771019317882034371791633
0.0878260874999300944487856668275
0.0409746661753073795897428510671
0.04409360766060577141445264715
0.00463341760439904548629641567459
-0.0310671611567281749644031663138
-0.0159241007873491789703646048793
-0.0543176998169602950894407911164
-0.124927970222544010292509142346
-0.157417481920175156284713580135
-0.0513130650149439468399314989711
-0.150548585357204833812261313142
-0.128135565347799879054591087879
-0.140376138537844391551701050957
-0.123652621906562190656764244068
-0.140621143531795139702822439176
-0.17787767899031364793316356554
-0.174454695022348144073376374763
-0.0963597675608922621393048757454
-0.128560653765288801508859251044
-0.072362193499911894867260286901
-0.0917778327020568329697169929204
-0.135742947330975555209064964401
-0.0970808345269382061415441853569
-0.0832130027519541043412587555395
-0.0763986702347997231887788416316
-0.0997034143800127892198759127496
-0.0578232085541427881514309206068
-0.0434857246588988416435839212681
-0.0688008751806846452492294474723
-0.05179251403078593413153996039
-0.0180353642831301043403247064134
-0.0752414791219001427569068596313
0.0304627228382140548268441904156
0.0798321424287366243621733019609
0.00923061716367882048595028265936
0.0792973159315298464777654885438
0.0634598359368550996029156863187
0.103020862517235189947939488775
0.072663651066692591662388167606
0.0259081313790486128523227193909
0.111685543962301597753494775134
0.0869219917877950554174759645321
0.0725197451249654789773302354661
0.118142192370091658748521012967
0.080369344848761403721226770358
0.0936434432531025179313743933562
0.142608256888319601118908508397
0.0905755938906099566931828803718
0.170430287793325474510197636846
0.118160831633556451247812901784
0.118679800051860170895245971678
0.162425574313843329443685092883
0.106809796857580185935887584492
0.133365031984544274434867361379
0.114715017475282676784331670206
0.0815328208679246407841745281075
0.0656648851968201080486764453781
0.0519160236328514920756127537516
-0.0282979162838099748689124623979
0.0347714749430079739234145108639
-0.0464159204730319185916442847883
-0.082398302012337859556723174137
-0.11619110196749989072362296838
-0.114724088644427957284221974987
-0.146444875651115830050841282173
-0.220648534961693204570210014026
-0.249454630354492029598034719129
