3
650.668253740014847608108539134
0.11377016431320072231692108744
0.113881183779963243707378239833
0.113992337585821890133530587264
0.114103625992974883063268976002
0.114215049264215690039137029999
0.114326607662983081858953937626
0.114438301453292992637678082701
0.114550130899765775782661592075
0.114662096267703239593771513682
0.114774197822947399139081881003
0.114886435832014077718099542835
0.114998810562014053271440161552
0.115111322280697717101993760025
0.11522397125644005810851666638
0.115336757758219554670375828209
0.115449682055651300927046065681
0.115562744419001661722035123603
0.115675945119151510342980770929
0.115789284427603625382552365863
0.115902762616518203997451053056
0.116016379958670548533383737322
0.116130136727496197091014096259
0.116244033197039423055407780794
0.116358069642023359557825301636
0.116472246337783788550090946501
0.116586563560291636698629247348
0.116701021586200853752401940255
0.11681562069280566895645989689
0.116930361158006104749240705587
0.117045243260414405517266800416
0.117160267279255408956473161197
0.117275433494422182123528841657
0.117390742186452262663109991081
0.117506193636544964409296198937
0.117621788126573229016358368426
0.11773752593906021413072693349
0.117853407357193226689950904529
0.117969432664809331656741164807
0.118085602146434348602710429077
0.1182019160872518626081983939
0.11831837477311735185026009276
0.118434978490546391483029253777
0.118551727526752762043038558204
0.118668622169607773653154936255
0.11878566270763227241680226598
0.11890284943009049589690562243
0.119020182626877413234467439906
0.119137662588579551492529162715
0.119255289606470971097706978981
0.119373063972497417406515296534
0.119490985979331304500661303791
0.119609055920282938978438380673
0.119727274089396124034934132396
0.119845640781385723294683032236
0.119964156291645723806382761722
0.120082820916291577173495852549
0.120201634952114555510149784823
0.120320598696652847348076420531
0.120439712448100061381595082821
0.120558976505346193697221224284
0.120678391168044324421870783226
0.120797956736480360806496037185
0.120917673511694939714189445112
0.121037541795429096080916053779
0.121157561890137252524901612105
0.121277734098981904153902178223
0.121398058725866980767094105431
0.121518536075369623650210826327
0.121639166452820371433496404734
0.121759950164271157913020715569
0.121880887516473621068335830842
0.122001978816927800219893640588
0.17594602169655487733379573001
0.20007976275198910420805020749
0.194709988871509670493864518903
0.189331924203314766463890350678
0.183945556692175715696180304803
0.178550874263545933384733643834
0.173147864829445913281702473796
0.167736516272763758195196714951
0.162316816465509022870961075569
0.156888753259757346425473656382
0.151452314482152045060914247188
0.146007487944036062899044736696
0.140554261437846439442012069776
0.135092622740169504558238600112
0.129622559598183612061816916139
0.124144059751045476858166694001
0.11865711091301966995104066882
0.113161700775235976590415987175
0.107657817014998866134156685348
0.102145447288423341092311602551
0.0966245792364996552992195688603
0.0910952004726435365933312482412
0.0855572985927274959339072779585
0.0800108611733185010050917185254
0.0744558757731645509680973304967
0.0688923299319195020506967352958
0.0633202111698979719367486040937
0.0577395069842094599277260158487
0.0521502048516467586747324958196
0.0465522922308354430986909733292
0.0409457565606867607277408183108
0.035330585265006299311441040345
0.0297067657374137962522642197882
0.0240742853612515052275089288969
0.0184331314895080713989194975966
0.0127832914637709873367787949405
0.00712475260627210352226690304178
0.00145750221011308606078316074672
-0.00421847244391195756035850550347
-0.00990318409579559778832535954507
-0.0155966455125366738193593008077
-0.0212988694692987888534840834609
-0.0270098687750015935271630240777
-0.0327296562525427950363088314134
-0.0384582447449317577081728813937
-0.0441956471149035495793455652347
-0.0499418762487225942336976913793
-0.0556969450455079700956773081089
-0.0614608664379033345359637507954
-0.0672336533718148054994401263684
-0.0730153188103512540418904563921
-0.0788058757405975113252694086441
-0.0846053371773128337629543693765
-0.0904137161413459677916648615792
-0.0962310256831895721729708270686
-0.102057278881667157222068453848
-0.107892488820404322535928542948
-0.113736668612924543553255318784
-0.119589831395371756772583182737
-0.125451990318268535862245016688
-0.131323158558775077153768506832
-0.137203349309751226892117870193
-0.143092575791746362545708848302
-0.148990851242951360955402151376
-0.154898188921985396904190679379
-0.160814602111419430174876765705
-0.166740104108061587551148363673
-0.172674708237685936573768685776
-0.178618427846316069063092868419
-0.184571276299539566156937553387
-0.190533266982596177774311740905
-0.196504413303656283451559261266
-0.202484728696896459920750999117
2.78274689073291948621427231944e-10
0.30667027175709882236276371259
0.257839409909407790699731322093
0.211501916552209262567529890475
0.169962271833681760613288247441
0.131156470074482139898108812304
0.0950555146326140104617863357817
0.0605317180382968847429658865167
0.0300570152737077329885284626698
0.00313106500360581197980880396869
-0.0210435261437790337157860420803
-0.0432134158211831959084392451587
-0.063334484051831660411657765053
-0.0802629741461833162707861788476
-0.0951196016708629327185420265778
-0.108712361259583500938674660574
-0.119746758481153417474907030282
-0.127175388640146297403177300112
-0.134388130210534723074644603003
-0.140178113393825687360561005335
-0.144438984392301267289937527494
-0.143758088554252760893348295212
-0.142590200431270519576543165385
-0.140348475416676166105389711447
-0.138222176653061717965798038676
-0.133535254173337780692065734911
-0.125791764518810078588018086521
-0.122389538202148720480444410441
-0.112978483054281597652845903212
-0.103566082145297680416895502731
-0.0931135612524906092213328179241
-0.0830104003820553298931272934169
-0.0724252599721101064655925938496
-0.0603288305148067319216842463447
-0.0489791946368309527581885731706
-0.0342260583367241660868174335519
-0.0237365190603189557538854614904
-0.00961244852764576995785006374717
0.0030725084031645536614130165276
0.0145890850577162223267180252151
0.0275203068687389987290181636581
0.0415734786499286426697530316687
0.0536438964349593983005348718507
0.066048832559935002906037482262
0.0773224622714342446627711069596
0.0859877944249247821995041363152
0.0967645441760003471864948210168
0.104448197349831128910579991498
0.113280332596848248849497053925
0.120079689861602528777595466636
0.126215589539773714866655041078
0.129522836790445516896852495847
0.133417826228795055598652652407
0.136121364142860024060155410552
0.134837036859473874406134541459
0.131741005831083640709167070781
0.128530792531550558388531158016
0.124325028793623879042051783017
0.116142981358329830388065317948
0.107139208554064405132244530705
0.0939336405954787623251434069971
0.0796789911953317137038865780596
0.0637142439193941756414574228984
0.042610240541324735652484179127
0.0232100890024241092446377621172
-0.00381841704264338291374691891633
-0.0299231909241175417224489763157
-0.0609171853904048599126497265388
-0.0942902854182243871372648413853
-0.131130014868132221961261052456
-0.17398383048251170324149939006
-0.217060556104893526141452753109
-0.263974911823970204149958362905
