3
47.1922413132938558533169270959
0.114808298792206248117864220148
0.114891630071252401346093563461
0.11497504474723815870440546405
0.115058542944812491892747630118
0.115142124788825003789405343468
0.115225790404393235721869359622
0.115309539916838940665222423831
0.115393373451726691247820610897
0.115477291134871082323165580874
0.115561293092289532613570202102
0.115645379450280763600211741959
0.115729550335320938159178183469
0.115813805874204214796385770114
0.115898146193879406085081029687
0.115982571421579111481392487804
0.116067081684757489323800427883
0.116151677111130641195657631215
0.116236357828622294263709591178
0.116321123965438200098532206539
0.116405975649979814834367175536
0.116490913010901170343558419518
0.116575936177124611647926144542
0.116661045277792640995073725207
0.116746240442294479944251861525
0.116831521800249762965684396931
0.116916889481544175599658785814
0.117002343616305279350164880725
0.117087884334886510595552522318
0.117173511767900737079450834699
0.117259226046202244542193682264
0.117345027300918378077021486661
0.117430915663379695224044496626
0.117516891265159850732402446738
0.117602954238149426391402130321
0.117689104714447378974284674769
0.117775342826335505108659162943
0.117861668706475658519039484418
0.117948082487686622954470294644
0.118034584303051442999432651959
0.118121174285917229784814708182
0.118207852569894661387550627296
0.118294619288821720171078766271
0.118381474576847930957335108815
0.118468418568273323177031386422
0.118555451397728120466190659954
0.118642573200089099239029621913
0.118729784110472608160691265766
0.118817084264261393911077391294
0.118904473797076595809052435015
0.118991952844823986601419107956
0.119079521543647093295703598415
0.119167180029947569752657443587
0.119254928440407081957630452962
0.119342766911929520912138968924
0.119430695581711848740624759557
0.119518714587195915011186286847
0.119606824066086178670609285746
0.119695024156386303770815970893
0.119783314996257231332954518166
0.119871696724248091858733289428
0.119960169479091202648923797369
0.12004873339980121071945973199
0.120137388625688748544639850024
0.120226135296278624498000908716
0.120314973551396961481962932794
0.120403903531124956138853576704
0.120492925375798545784000737058
0.120582039226046017210691729815
0.12067124522276184706015556003
0.120760543507069967317235636983
0.120849934220419286123870961092
0.120939417504476759424036913515
0.00370360351455277514443054087678
0.199931459845548886722355064194
0.19452407897165080452595020688
0.189109421873862759699846947115
0.183687478423425087914466757866
0.178258238479292896450090211147
0.172821691901475477104455080735
0.167377828513379983688125207664
0.161926638124071320401498041974
0.156468110555687600626839639517
0.15100223557653574824044540037
0.145529002952182850982865147671
0.140048402434285484963183421314
0.134560423748953494893498827878
0.129065056649960901991036621439
0.123562290795299623002989619636
0.118052115904919097122416360435
0.112534521624671507433745887283
0.107009497614212467642147430524
0.101477033501611621502114246596
0.0959371189369892241050052916762
0.0903897434846911151939963247059
0.0848348967684989657689342834601
0.0792725683140048237307340173174
0.0737027477102296935118630472061
0.0681254244770583272661212959065
0.0625405881392017692910201276391
0.0569482282062433731173456408214
0.0513483341558140446436730996993
0.0457408954490253344404848689919
0.0401259015623019327234644038072
0.0345033419088077858427610067338
0.0288732059019586248527211580495
0.0232354829758139452833276550336
0.0175901624966803699079420653106
0.0119372338233495051129651187694
0.00627668632124139033029441847589
0.000608509332760537140216694496075
-0.00506730786476034065352047619513
-0.0107507759307629499612168899603
-0.0164419056036122605835014809372
-0.0221407076011626915978958152209
-0.0278471926934908721451567004124
-0.0335613716415622195810009031902
-0.0392832552387071751165414923435
-0.0450128542863631950221581234928
-0.0507501795744131484200423187758
-0.0564952419945804681922219003809
-0.0622480523594072659987475049093
-0.0680086215745735189752707583466
-0.0737769605111636278538256306092
-0.0795530800850745983820999640557
-0.0853369912078452697024033568596
-0.0911287048492580437075716304207
-0.0969282319622381122181664636628
-0.102735583512388983784546780953
-0.10855077046527671080777821544
-0.114373803902531101517325851091
-0.120204694828997551980798164095
-0.126043454280929945188205465456
-0.131890093314778633626360715425
-0.137744623046140740596499085768
-0.143607054595298544441561716667
-0.149477399019775136768117818065
-0.155355667523020352094320628566
-0.161241871213035931065249428684
-0.167136021260940154098406651428
-0.173038128915616429281953969621
-0.178948205333384818827013873488
-0.184866261781774621208995768029
-0.190792309467845616621772819599
-0.196726359676973244772213433862
-0.202668423703672467839353998897
1.51666079427383895739832981328e-12
0.301063949917109663356740156814
0.27519478464090990632584521336
0.20433161047567605095309772878
0.164391591712713225348352352739
0.141907571330940063258907457566
0.0778154173860628045611420589012
0.0468314937681563042692900467046
0.0274572090807250826505203633587
-0.0122185967310332096319447359178
-0.0303958298830244721955295972293
-0.0471686808277149635659775128715
-0.0528436374335106151534091623034
-0.0497034656882542474898301065878
-0.0708088583418769318411634117183
-0.122507129420282009912845921917
-0.145852570438731510282792669386
-0.131329837106350405528942815181
-0.130077604713523337087721643002
-0.134946955929943351870647916257
-0.138666438624706706006506351514
-0.137563100543183741697461641706
-0.1501695546869163955250314757
-0.136371090475806200359443209891
-0.120839583133898531563943379297
-0.14340625497506906405043025643
-0.135368393102337225553100097386
-0.107425612844179146909695532486
-0.0950854925336252904122247286978
-0.122374750656801659087768996415
-0.0605776232840492326325865235503
-0.0842529564908941486223170613812
-0.0749379029818839637044902701746
-0.046499893886740015225278455091
-0.029983173965506908914546713163
-0.0122454169130064901421794942848
-0.0235311305851487184703785260353
0.00358573842280935587562007427209
-0.0308401224504951491922621897857
-0.00734752949649402319065583100155
0.0430565025726772077074855360479
0.0239063261731111420527184918683
0.0168387391130937862093741586023
0.0603816759326113311479033995965
0.0700897529346687642171076504383
0.0684150170691111558785024726603
0.10472248008183297762752061999
0.116721801083570567159064523821
0.108267520198207137238632924436
0.0982641318763773086164547976296
0.122676486950426683053549936631
0.148587228583224872924262172091
0.135353026981880703027982804088
0.126655194480876420737303078567
0.145509081557943426021850541474
0.116031542347381319557619860916
0.12395813199460101183824178861
0.157558895705593060565519181182
0.126214806925470740539552139126
0.104913807021877386604913340307
0.072110725579247428318474533171
0.0781656702358449889667113552605
0.0489898397785771336221394278709
0.0623675964856288608806345052926
0.0397562013325026830656838683353
-0.00265765006727138519346254064146
-0.0430313630970353203086808946409
-0.0606750651616825772971530739142
-0.0798134714611693635299971560926
-0.108208948125171525167509400944
-0.152924757434442698533771931579
-0.229537908199223816829714905907
-0.29986466294175817548506302046
