3
17195.0936204719182569533586502
0.11423220519891300051007476668
0.114330936817245099046402856402
0.11442977914703313102595672035
0.114528732384911458019871588476
0.11462779672797634988867798711
0.114726972373751373579509049705
0.114826259520171086725426334851
0.114925658365584215658827815787
0.115025169108817770791119983187
0.115124791949049329331522528719
0.115224527085989722485770414551
0.115324374719714503600975774589
0.115424335050737153496314135737
0.115524408280005499993770001765
0.115624594608971120734963733412
0.115724894239410416862945396588
0.115825307373608174521528724199
0.115925834214270107036526269439
0.116026474964559173086442456224
0.11612722982807244243019795249
0.116228099008813923198601969489
0.116329082711271805661290557055
0.116430181140377814186237515059
0.116531394501466947777323923674
0.116632723000391888557025765749
0.116734166843385958611811759056
0.116835726237161485752125145154
0.116937401388859954498578019866
0.117039192506121964010290525948
0.117141099796979925029560831717
0.117243123469990453977551680964
0.117345263734065036187459440953
0.117447520798668547659104888226
0.117549894873648502757745859526
0.117652386169361300449764939913
0.117754994896602779852479159217
0.117857721266630452450208110804
0.11796056549113846656506865429
0.11806352778233851485989447383
0.118166608352848256924261249878
0.118269807415777167269865799426
0.118373125184712463253688952136
0.118476561873642138866813411369
0.118580117697132461640485701082
0.118683792870132226449086942921
0.118787587608074951539549601875
0.118891502126896420055146563755
0.118995536642961849405075724917
0.119099691373156735263449945705
0.119203966534805763655135990575
0.119308362345692281492048891778
0.119412879024137788541715110568
0.119517516788924860193787935714
0.119622275859255319807594730719
0.119727156454879843372474113039
0.119832158795989726640662809132
0.119937283103298153452698215915
0.120042529597964464649351157277
0.120147898501626548828369323019
0.120253390036471521917782467881
0.120359004425122609327480915908
0.120464741890692159098641411674
0.120570602656790745732529046563
0.120676586947531444549142065625
0.12078269498749852339791743816
0.120888927001792337301289137486
0.120995283215995910741646923725
0.121101763856168290200976400683
0.121208369148924244296239294272
0.121315099321300065571271886711
0.121421954600896109255359078816
0.121528935215792055490879874924
3.13155261500491732817863521632
0.199994359793829956650768053805
0.194609487021811022877670893649
0.189216730102082814068964466969
0.183816077723506415830811988599
0.178407518577046203533953416809
0.172991041316815363781955738887
0.167566634586370499793162025526
0.162134287012010686046536989124
0.156693987204353818443181012299
0.151245723748804739017259635148
0.145789485221040709950202085565
0.140325260165696380498800976966
0.134853037130506087093451128567
0.129372804619725501051874516634
0.123884551135784531927797047501
0.118388265160303887690851354364
0.112883935146165584328947772974
0.107371549552959522078054988015
0.101851096778258862207700019553
0.0963225652540383725508377210645
0.0907859433633493861925956025516
0.0852412194496347669359082033225
0.0796883818869758425718075045552
0.0741274190079673211961619472277
0.068558319108822929344171370758
0.0629810704944105681502009019823
0.0573956614342847962206839440569
0.0518020801991014787080125358898
0.0462003150026648393144945714539
0.0405903540759640149571119138727
0.0349721856206276909828645216294
0.0293457978139068827172497577749
0.0237111788178733309817580732215
0.0180683167812214391656500112049
0.0124171998195847163581895244988
0.00675781603088786760741291104182
0.00109015352384023286522185536285
-0.00458579965204802993128385679711
-0.0102700554556035741210484601993
-0.0159626258420673475257878237699
-0.0216635228157404310933564772768
-0.0273727583762496777530781599808
-0.0330903445653080510724386442689
-0.038816293413441664561513988474
-0.0445506170147734747999379578687
-0.0502933274378558892170332228488
-0.0560444367956959843546371757839
-0.0618039572163296968554391241923
-0.0675719008462593861974454512165
-0.0733482798500809385355836411691
-0.0791331064118387661476816674622
-0.0849263927447212185750657909011
-0.090728151059886991136593792362
-0.0965383936166555878255479683503
-0.10235713267255207303829678267
-0.108184380506733776594607832067
-0.11402014943340936514726280393
-0.119864451759886650461517376698
-0.125717299846515834227389518674
-0.131578706051775046192986451388
-0.13744868275794744350015719192
-0.143327242372350921462142991913
-0.149214397307951329718633814991
-0.155110160015978493230903723088
-0.161014542955067258001022878489
-0.166927558614667265191044975836
-0.172849219503319967428112136076
-0.178779538131969339964655318909
-0.184718527061412784995297897694
-0.190666198833935623957458460609
-0.19662256605412367638230364264
-0.202587641319688843699609037685
3.12682914931000665518284893066e-09
0.303462101371502646074418407807
0.25807948194845486966642056359
0.212566886282520406403762081027
0.171909715700096887847081461587
0.126581157320937109922454055777
0.0973255843049128377408862888842
0.0665270045875686749647925921636
0.0296724301004333695930270664576
0.00629300464745984750036811306018
-0.0223358828110664826838149821242
-0.0427437262158841674297704571472
-0.0663474970356237314650371672542
-0.0830105608395678151723018345365
-0.0931782679801975016742332513786
-0.109652035333442685050009401948
-0.123857119520092040509950948035
-0.123880374848791774411438382231
-0.13806486040066390241776161929
-0.142627260435472136279599908448
-0.143285376097515126936343676789
-0.145755390922467864545097882001
-0.1440334378144671467758541894
-0.141021179288793596651174766521
-0.137803855468798280847764203827
-0.127328088082461127195088579356
-0.128597257141287807380436447602
-0.122564947089533651802817360021
-0.113986982657245314309868433611
-0.105821992604364006895778516082
-0.0916876636403779893269572198733
-0.0791789722802113127286816052219
-0.0729875150352773949258278207708
-0.0613550126353860289518671322639
-0.0444593176959178562612784446628
-0.0298570430046924580047562614027
-0.0258430033825800022084795415367
-0.00463423061171488060577816625596
-0.000626319593631441276851412602866
0.0110683935825892209442455893509
0.0317811578044142409305017338284
0.0370902773265238752675720945717
0.0500571964548729084198974703668
0.0695937693232215187633116215693
0.0785389351080068021104807485244
0.0880811163647976375079551303315
0.0995308253889840011119360951852
0.103997625685298175635118411719
0.112894622158805746359178101557
0.117888596704487466637623072074
0.12592890473634904546784696322
0.128868879459557467148655973688
0.133623066210070889914263148057
0.136577377783025505353364792427
0.138168168041993388861499170162
0.131831066411815744920943416219
0.130533173537992930324236340311
0.122425434163654159314127412017
0.116869236836522935596427430482
0.104567271558747648674270180891
0.0949858423753126013266978588945
0.0806777021948180822485952035095
0.0633718985173311322167677417383
0.0390566063353572773264588136044
0.0208734127276049077903685713409
-0.00619826671567948964819416701744
-0.0324378975516158019054557826166
-0.0594897518118763721228781093942
-0.0943311371593391345680146287123
-0.131557281547183546610568782853
-0.171716677781312387907064476167
-0.218702266823051216793061257704
-0.260292161475669026060586475069
