3
455.50238338485195299654151313
0.113963964391617905702602797646
0.11406983637540829557011079487
0.114175832613198330323101004069
0.114281953338932110164627431459
0.114388198787126485478360393699
0.114494569192765197063188509219
0.11460106479139542390299766339
0.114707685819119109549291124495
0.114814432512558337040609046653
0.114921305108813376349985446723
0.115028303845641277636246968541
0.115135428961226499167125325584
0.115242680694363691662474025179
0.115350059284360526024038051673
0.115457564971051279689717716792
0.115565197994876731057978247463
0.115672958596747268988913504018
0.115780847018170679474380335705
0.115888863501187100446543354337
0.115997008288377681517467010508
0.11610528162290885412222252171
0.116213683748459029043686996374
0.116322214909270055249734809877
0.116430875350183954397564889405
0.116539665316525833937966183385
0.116648585054241193947888177718
0.116757634809789387353440304196
0.116866814830228205046580569615
0.116976125363168009796410728995
0.117085566656776565719333405013
0.117195138959771141817789441575
0.117304842521453275838716479029
0.117414677591730715056073108826
0.117524644421002119609731551009
0.117634743260296811828702345792
0.117744974361197601853135097372
0.117855337975856400145602265184
0.117965834357023860445856655588
0.118076463757992466963031574778
0.118187226432668476827636538928
0.118298122635481922637623597439
0.118409152621522725801206377128
0.118520316646416018491194677154
0.118631614966375545372478939044
0.118743047838205620370111148532
0.118854615519291842429261407688
0.118966318267624729387854642937
0.11907815634176804886479317247
0.119190130000893429462749395498
0.119302239504732093822170213571
0.119414485113663329518551847741
0.119526867088611751799298588139
0.119639385691137328793232086355
0.119752041183368809762477269487
0.119864833828060568521323148161
0.119977763888554619930992828358
0.120090831628813718423565148896
0.120204037313381806306722410227
0.120317381207434681567036705019
0.120430863576706306816710423391
0.12054448468764698831900972209
0.12065824480718589928329720351
0.120772144202959216818804577542
0.120886183143196698774879394023
0.12100036189671305175696858214
0.121114680732968188481279980806
0.121229139922062648104805759885
0.12134373973465434337626334127
0.121458480442090552275935522175
0.121573362316318003828463645277
0.121688385629899878392912171421
0.121803550656013323538751080832
0.106219446060117322927496275042
0.200041272507328532492820727384
0.194665393080922011215250222449
0.189281387168977521806567665408
0.183889243021381071363506976013
0.178488948864360064128220528801
0.173080492911262401323213566684
0.167663863340347052410805872569
0.16223904832897378947009769945
0.156806036029007139775970358642
0.151364814572756967159250507393
0.145915372070529902881474981768
0.140457696625153560798793250797
0.134991776306106120442152018768
0.129517599176676767580573823579
0.124035153264980171905484951367
0.118544426601554814260097714396
0.113045407178675616499674561055
0.107538082983050398144797554778
0.102022441975294309024491212767
0.0964984720940640916531094717357
0.0909661612646381623203950539391
0.0854254973934483186059907211529
0.0798764683633815947283451919247
0.0743190620399288293107531444548
0.0687532662730932497829883232043
0.063179068885998945770410273326
0.057596457687276711445711896431
0.0520054204606231473828614753074
0.046405944983521317526165006484
0.0407980189983259133867932177964
0.0351816302376869935453207460796
0.0295567664127814981600561594632
0.0239234152043168064871725420062
0.0182815642940223795076537527393
0.0126312013306428012199278398953
0.00697231393440946901896015930333
0.00130488973541839983760759480447
-0.00437108368941504284860277707025
-0.0100556187603837252769745091996
-0.0157487279356188711321173911983
-0.0214504236711747613142176049905
-0.0271607184615219043877232252271
-0.0328796248090193962698712937254
-0.0386071552551317462298463567549
-0.0443433223322652683706657228413
-0.050088138611285519530280652134
-0.0558416166923493065277206426344
-0.0616037691720906915859856667339
-0.0673746086814464989478423717628
-0.073154147871747676745712851698
-0.0789423994148889390798373710822
-0.0847393759907538179909636255616
-0.0905450903108823978993058290143
-0.0963595551158684948678256887433
-0.102182783144781144657464722059
-0.108014787180531604549038604546
-0.113855580002556036611771617117
-0.119705174423146973317066965592
-0.125563583283797686185323527752
-0.131430819433486334446570253931
-0.137306895743929152642337498946
-0.143191825108020143186848827099
-0.149085620449395800379832621729
-0.154988294699238443596911452005
-0.160899860811547612549077257427
-0.166820331762953216747646933982
-0.172749720554111557691001621606
-0.178688040211018639435991417486
-0.18463530376584308401177736414
-0.190591524280980223471360091025
-0.196556714834791812496206375727
-0.20253088854396353313269685259
1.39555510005992186985724005973e-10
0.308733548961546588884630182292
0.258148097840924017898345255162
0.21312204891309421972422910585
0.168355774199141383640210278827
0.131566935284799485517126527157
0.0931533573144267407206697839683
0.0605205820136945002452044661823
0.0329556890525606674402503415422
0.000990534437898049147444567985588
-0.0237474400246329188368665796816
-0.045274368370164755348561413939
-0.0645019643924604757501128915465
-0.0815831682806085201065116052632
-0.0959217458050132393276854259057
-0.107596248189929896699190692289
-0.119367884664296750041323491587
-0.12961575705233271960103991205
-0.133971684055351147879520112838
-0.138158648075540374522418574088
-0.141505520740289658654376125924
-0.144130515075719667361653364424
-0.141876366910470619320250307283
-0.14187678905001130380547635923
-0.135190735788996485577939665745
-0.131649367493379965132760389679
-0.130844154519305339023915735197
-0.118594517846723854215262861089
-0.11159361073927671903494029948
-0.103530038842033836332667817715
-0.0951737721661788937943526889285
-0.0841738833456245755249014450783
-0.0690541095137413019067196273681
-0.0612334949738350953207799420852
-0.0477192386067559343176824881994
-0.0356948729669382680551592557094
-0.020284843962780726989159063578
-0.00961359671571573523585207965425
-0.000307114491001504578450431726111
0.0151860814052269359197833153985
0.0310991749346163255662833790893
0.0391708699743540944560038497002
0.0562921041862308665915115568623
0.0646185462482204153733533757986
0.0747646138387538516933972232437
0.0839857217448682635829726450538
0.0959750596716412579523236558998
0.107214294133649884477321734266
0.115172116976549887557013107653
0.118345842199380865689128938811
0.124097800089505452825200393363
0.128683858256773836492570239898
0.133496650568103392142660368336
0.134132269692159522556096362678
0.135294164230898655842949551698
0.132886991979151602993880487702
0.127993495448889993415519938935
0.124691635694341176887611766233
0.117567874356574050831447664223
0.105526531305717791164866525833
0.0950182298930631746847197405259
0.0818204106805365261045892566472
0.0610438532322281970921018512399
0.0453313334699571857111521921979
0.022796886198043656707179493992
7.03277653176433441197662466138e-05
-0.0314960110044679858498639646314
-0.0629294753028432768404698549602
-0.0953160893039097650847324416645
-0.13259863680824493514798234628
-0.173341745133576252690943420021
-0.216138183944375422695927113637
-0.264166913496574229380797760314
