3
295.106886883061122262006392702
0.113827838356206745284993075984
0.113937326930977120276189396009
0.114046946817831104659113350408
0.11415669827047468520841988493
0.11426658154316786386583970625
0.114376596890726739408350454141
0.114486744568659135068422472159
0.114597024832954100248549877961
0.114707437940235162932012258352
0.114817984147725732357869787847
0.114928663713253928491120348099
0.115039476895212627871600830076
0.115150423952608674249553644131
0.115261505145068346434022998892
0.115372720732773492713363339135
0.115484070976543756748000646439
0.115595556137806615426555367776
0.115707176478557147158987561397
0.115818932261453122478656041494
0.115930823749712488823782052805
0.116042851207187158735223420081
0.116155014898335920414673694268
0.116267315088214917562225991787
0.116379752042543027634735608444
0.116492326027602066673694025667
0.116605037310309647691219936405
0.116717886158228201232134324528
0.1168308728395226203655710151
0.116943997622946230241502973968
0.117057260777929217354653701477
0.117170662574513154141619963866
0.117284203283365515146918767186
0.117397883175767173136172516479
0.117511702523636851758226384845
0.117625661599544920066229281019
0.117739760676690452534387532069
0.11785400002887926051986511311
0.117968379930610739458884950182
0.118082900656960990137811506884
0.118197562483660201237967157795
0.118312365687143761228128369112
0.118427310544402197844959800932
0.118542397333127505487659902883
0.118657626331629281746238291362
0.118772997818909098466377827208
0.118888512074570629195591209282
0.119004169378892049602214342485
0.11911997001281242336556687178
0.119235914257901268187289645084
0.119352002396408890527723656305
0.11946823471125470050857586557
0.11958461148599199008746296613
0.119701133004829762818133076507
0.119817799552670009588517530119
0.119934611415076622376041370899
0.120051568878267025941575241177
0.120168672229125972350516349252
0.120285921755222915963123853089
0.12040331774479622051199356747
0.120520860486762346197586737162
0.120638550270706329525793876201
0.120756387386873678679855004248
0.120874372126230492097143098817
0.120992504780410056741679625247
0.121110785641706589221833212378
0.12122921500311602260868681924
0.121347793158323960516220552108
0.121466520401704816678467580005
0.121585397028302136246402653796
0.121704423333902966852804183873
0.121823599614915956124150397955
0.121942926168501303285651715669
0.0765279871536406891552317688365
0.200067957492581605105641529008
0.194696396683834843654992141637
0.189316593156174911571909547092
0.183928534947890326423092233199
0.178532210057825158067146276153
0.173127606500604630523909577278
0.167714712231030321776259484068
0.162293515229114060360871008015
0.156864003414241559575259543635
0.15142616470881611889787166092
0.145979987017834766938051416219
0.140525458216895243745980792482
0.135062566166782527243839240327
0.129591298707190549777124033426
0.124111643666870025137782818092
0.118623588847245428623544682978
0.113127122025438703323274580725
0.107622230972043125829529230941
0.102108903430134553835806343614
0.0965871271266142417122324559386
0.0910568897670359783669269404527
0.0855181790357958104831226364695
0.0799709825962566372981044082735
0.0744152881058406101555391387592
0.0688510831829784036850483630587
0.0632783554405294962341699260833
0.0576970924692038755754452949986
0.0521072818312306035304359852489
0.0465089110708431993645994850795
0.0409019677299716985507949118528
0.0352864393085892610879561459569
0.0296623133039482789197194279041
0.0240295771790177900562035517851
0.018388218380827468095839449802
0.0127382243451398154132636619806
0.00707958247591173629731375882557
0.00141228016571595107672698610202
-0.00426369521523979177340946122854
-0.0099483563182672565122777186275
-0.0156417158228448274770450154847
-0.0213437864084603592940148075741
-0.0270545807879859212530249124029
-0.0327741116975425392232601495834
-0.0385023918927478100981964814764
-0.0442394341399666504721643889297
-0.0499852512293187667413718600073
-0.0557398559807036411695158051316
-0.0615032612217097929274700618407
-0.0672754798161998152083995705652
-0.0730565246284719249647565675332
-0.0788464085571918132933078027236
-0.0846451445186374717977173531835
-0.0904527454475299169667223964098
-0.0962692243029873995219247717614
-0.102094594065131466509299684731
-0.107928867729564878508163872084
-0.113772058313630367032409651529
-0.119624178856852766972274082491
-0.125485242425358911599886369004
-0.131355262094954766682874947037
-0.137234250973064464407258356005
-0.143122222182208908014544590515
-0.1490191888645428230919520729
-0.154925164185028996222115438286
-0.160840161340638304610095588032
-0.166764193525251458449787378413
-0.172697273977613752204973707194
-0.178639415944479407194478426391
-0.184590632690348005473524040099
-0.190550937528485037075753893987
-0.196520343747396603051313945798
-0.202498864698300806708175514359
1.15161357968290136227876632233e-10
0.307539081603823705179934222542
0.257650670087114452844190282121
0.212977829823963543676157428308
0.169285383008373646607225282423
0.130047177777150996247357284119
0.094301032874181706100458200126
0.0609907886755112343957208054235
0.0326985455891728588051492465638
0.00224968000861403222626067055501
-0.0226671382401178386767348627018
-0.0446642716583162818766439272622
-0.0606730980247796661264381157253
-0.0807139500494999800883633156445
-0.0975510098447223972240038847303
-0.110379816508721445567076102634
-0.1204468611616778955797357753
-0.12826211078559265899023955626
-0.136059238514160130151253724762
-0.138743565233859111884839876438
-0.141663217394169232976608441277
-0.142383303123978594006970865848
-0.142607489680950910715395707484
-0.140914668976380469400666584079
-0.137934074526485428435762514709
-0.13380023025038548234455504371
-0.127773678331047746414839139106
-0.119946807142409558877282904632
-0.111273724841590343492825354588
-0.104060097946592156059608669239
-0.0902772053265655932685618267897
-0.0830232158212793336371504437921
-0.0724460965138551127306953958396
-0.0600706837288727049650738365472
-0.0485912694793123253744759892925
-0.0350217398415228892138983951554
-0.0228963068138649875060686156303
-0.0101910594360852136547324064964
0.00227567624268715804417007042559
0.0143123074734866663482169002464
0.0305444545373620215955590140311
0.0414535157585232891253035347745
0.052273991348514577126582736355
0.0633148445313949231882943990968
0.0753507486722422986646918730003
0.085251681232340448257644993646
0.0962536416023606899994291552503
0.105673283549574448247909685961
0.112946808111651392225738277375
0.120036959072239587942299010592
0.126381164833913428591216643326
0.132169509806088047998429146901
0.13245433170784323695379214314
0.134287301197668795804673891325
0.133845256859472988564263573608
0.13262617998353071202544128937
0.12886541466381828957565858218
0.123025475476892437454168316435
0.118020008817428398439908221462
0.104976305256614707572815348158
0.0943125894102940509622357012631
0.080905290570919066728272639466
0.0644062048112289398105190230126
0.0450592102711073472232072845145
0.0221500258433231095311910507917
-0.00264562263648703520357852170264
-0.0310239273218769553985829645626
-0.0599944861163357393007977691468
-0.0942337370489596953815336632942
-0.132386190295591427146248975077
-0.174181105575191119694267172235
-0.21663323610509038763538569583
-0.26472564146980809285381042173
