3
753.533563589546361072279978544
0.114671783669185650689215094644
0.114758772758381630274548967918
0.114845851484016187038506018325
0.114933019986666148937182185819
0.115020278407134177167669975006
0.115107626886601269178278528216
0.115195065566429374892543080477
0.115282594588302894633713435724
0.115370214094193332399207463368
0.115457924226286895441617730285
0.115545725127116791219883396025
0.115633616939488190200613360048
0.115721599806428307455341553123
0.115809673871298091096804228073
0.115897839277713771144462384655
0.115986096169606062167289906029
0.116074444691147804498143614182
0.116162884986790157504366050034
0.116251417201311407767505556876
0.116340041479737962837326392673
0.116428757967380516746835894537
0.116517566809862901933136924981
0.116606468153072892479649169672
0.11669546214318583798874584545
0.116784548926643999555707864602
0.116873728650245659044237811486
0.116963001460979140744278481634
0.117052367506205304281685641854
0.117141826933515422193288202379
0.117231379890850501146459805568
0.117321026526400432055119438246
0.117410766988621323436703391963
0.117500601426340722799324112202
0.117590529988600853150693126281
0.117680552824778905662839179058
0.117770670084541576039249832775
0.117860881917853266287465885398
0.117951188474936810579585255709
0.118041589906371688356578886214
0.118132086362981808536076755445
0.118222677995914307591540648446
0.118313364956613514822336696852
0.118404147396805839442812668949
0.118495025468552145353484661428
0.11858599932418112388177178218
0.11867706911630286625847219284
0.118768234997906202421447119377
0.118859497122180191031048934747
0.118950855642701455727738846235
0.119042310713341412120591655821
0.119133862488224204212450274554
0.119225511121796232116842872983
0.11931725676883471465306030268
0.119409099584413272432392716382
0.119501039723896099187250285922
0.119593077342996484402348755793
0.119685212597665235900734614916
0.11977744564424476492181526055
0.119869776639302927367936035807
0.119962205739796670678209977723
0.120054733102942998157480758437
0.12014735888629901605639815898
0.120240083247694029555674433141
0.120332906345331488995320512458
0.120425828337682380708706375572
0.120518849383541112874063117033
0.120611969642016425563468828841
0.120705189272560325930427893582
0.120798508434926357701932886357
0.12089192728915124086519483626
0.120985445995611826108806496904
0.121079064715075415681333481643
0.0766783538489222565859293467838
0.199940075341425826938035470448
0.194538555901118404012350993071
0.189129601744511322003461373242
0.183713202426633886998885714092
0.178289347505452167030881582832
0.172858026521072294379166578437
0.167419228957067928176272175733
0.161972944353953124396738871837
0.156519162168416825497985200855
0.151057871872250337741405701308
0.145589062914524780545377780072
0.140112724737573912658916697183
0.13462884674782812921556285346
0.129137418329357628321574225083
0.123638428896843899362778529394
0.118131867787835492800141423686
0.11261772436322406432118725661
0.10709598795259925307910009451
0.101566647855874561678923839736
0.0960296933792562368292777819079
0.0904851138054779124963999947795
0.0849328983975267265416064788042
0.0793730363922081350036563662798
0.0738055170206085436879206440608
0.0682303294913162161616781986595
0.0626474629977207542186334876533
0.057056906720407259137051170228
0.0514586498171224829278891377271
0.045852681427222458099279833732
0.0402389906795992471910672350077
0.0346175666729361605766790432881
0.0289883984806733052685956408823
0.0233514752025963945314401826181
0.0177067858948881315384049628392
0.0120543195645580851482758788507
0.00639406524698782341431524400832
0.00072601195433469475036536433521
-0.00494985135512945439301146777211
-0.0106335357034057480934974293518
-0.0163250521356003465422990217348
-0.022024411720153500016117220639
-0.0277316255617958418167035006263
-0.0334467047562685276806959677742
-0.0391696604256162664303708709213
-0.044900503706727407093879378408
-0.0506392457864597300698505932814
-0.0563858978099778182513368562923
-0.0621404709727962217824526192089
-0.0679029764994745765882555588178
-0.0736734256285231509098210267439
-0.0794518296009968094661957138669
-0.085238199678316500795816068603
-0.0910325471477328729275058094572
-0.0968348833202682252041526567155
-0.102645219521492331304912681844
-0.108463567081454062557277495671
-0.114289937357025694897316725474
-0.120124341728830866249388975575
-0.125966791598936173057765586236
-0.131817298360885126751185225658
-0.137675873485532840323486425405
-0.1435425283866474943650359819
-0.149417274546905481935610282562
-0.155300123446340476718319223437
-0.161191086606825656479813346778
-0.167090175517254468928740607225
-0.172997401765996261513436138557
-0.178912776910251342110669270369
-0.184836312499149890697935916251
-0.190768020162555951291238898193
-0.196707911490707515467235566575
-0.202655998137844850504052374163
4.0199506723719530425799345052e-11
0.306591002323825578823601745171
0.255783278433453997724456030483
0.21704444216479121254614881309
0.167891722834919931983677088283
0.1220138482131196550062313122
0.110180580586256016140112024004
0.047490827983911403087358138464
0.0378762857766286459293425536998
0.00459697549401632318127886023262
-0.0152288576714463448624758967753
-0.038420609321836614313827595879
-0.064839809908218817846581316644
-0.0831096722179128361007727221477
-0.101094255410641514769665150197
-0.11157901670789947823347887379
-0.135419906249107074858173405119
-0.131237330849709898927812901093
-0.142154720749495588894006914416
-0.145714980211844369328844095435
-0.147512389078009675813518697396
-0.142790611024278313312407817648
-0.151210263625568747114513712404
-0.123903318412674753878910394178
-0.136495544014233333163232941843
-0.130459250378965052608037922255
-0.124031001857731859594480283704
-0.111122345587810408829021469046
-0.10203303183535343545695894818
-0.0993914076190175604930132635673
-0.0786314714528742741972422436447
-0.084324048237302343111743141435
-0.0678276289122151793131720864949
-0.063503928297647296852268539169
-0.0563383090627248631077073071083
-0.0307796761983825210851062337269
-0.0293655342863455189050814198026
-0.0306287633107280160560392801017
-0.000584458541971620733346259868313
0.0210018302619970620437328534535
0.0494025443231143057687404507305
0.0455301523721797496424557039063
0.055251238707377678394117026528
0.0599761638450343539941123083281
0.0669157226657875608966108416098
0.0791120848915915636512252717694
0.0955128197816671326014770215806
0.107125215544183804983191521387
0.110385086396390288965285719769
0.121718369318131514056346986763
0.129988570736752823142623469721
0.122159307495701474621796478459
0.147515948030650018152343250222
0.134603816259309394531840098352
0.13633578964716386305866535622
0.139159614543536341857432603319
0.126266898426736912108836463631
0.128064808083325237797467366363
0.117439574201218879800912020528
0.10548398915878116899325078748
0.0981834365482053411655627428445
0.0639733854944720126134427573561
0.0633738737125729284516140182859
0.0463600834877113537890735983638
0.0025492814183749709817938811085
-0.00202441286005130248459860098365
-0.0372296130592939672476759938036
-0.0651134069860983683009081346427
-0.0680100831409626849222149758134
-0.147492151836678381249257085983
-0.171674398990338844539493834418
-0.216429678488183063755911916815
-0.255111725150567236752863209404
