3
12.1153258897549811479166237405
0.114356574471545457960530711716
0.114451989120115255049725533354
0.114547508371917891589752969139
0.114643132407075590273315413015
0.114738861406119274644055394674
0.114834695549889578836122439043
0.11493063501967511197410232171
0.115026679997093261853535750561
0.115122830664212943974078484644
0.115219087203424469523227458012
0.11531544979751501278641967474
0.115411918629700460670051143097
0.115508493883513668754048353549
0.115605175742951815642811652651
0.115701964392357109501219269987
0.115798860016437230036068228856
0.115895862800368912304271873381
0.115992972929643389790044238907
0.116090190590178263252418844331
0.116187515968304830304980157507
0.11628494925069782217619263065
0.116382490624473269869021407885
0.116480140277130855830378663995
0.116577898396547488535368586327
0.116675765171014592103126972233
0.116773740789251748162236310691
0.116871825440300863840903389246
0.116970019313722112253017826333
0.11706832259934371598397717662
0.117166735487516229796689515297
0.117265258168901403967865348932
0.117363890834625284043113424559
0.117462633676211153366253370223
0.117561486885571719884779895438
0.117660450655028045452432650109
0.117759525177338952861560983365
0.117858710645641850955911422716
0.117958007253481059195543423357
0.118057415194837617145040553623
0.118156934664123455802631212919
0.118256565856100906430903307864
0.118356308966007559013711158968
0.118456164189445531387256949074
0.118556131722488911073298822885
0.118656211761580657193526633364
0.118756404503633436475773521579
0.118856710145945163037417557916
0.118957128886214957841360728708
0.119057660922602226438726802371
0.119158306453688966897175305348
0.119259065678459508230702112996
0.119359938796332443189385230653
0.119460926007173728891075370484
0.119562027511227783604930152705
0.119663243509215047599703041215
0.119764574202239792999336032153
0.119866019791897440716077483103
0.119967580480144844767842471356
0.120069256469443996770962712617
0.120171047962623747662469497755
0.120272955162990774491404977198
0.120374978274258054300460685226
0.120477117500612115885694208828
0.12057937304661869859501166502
0.120681745117376240661322128744
0.120784233918320216272235256838
0.120886839655378872104840581869
0.120989562534908196012040093592
0.121092402763737713722314026654
0.121195360549097103097793137749
0.121298436098685097350724504395
0.121401629620661144492999028444
0.00192402286172126688393313465042
0.199975694601125936200602950521
0.194586390508882878247476355682
0.189189321781497971075580721845
0.183784477361837145226175493917
0.178371846163674685481481674287
0.172951417066365992214471702937
0.16752317893923726610516666824
0.162087120649825638940555450063
0.156643231019996415076533935462
0.151191498879238245267586648879
0.145731913023893433489774906775
0.140264462237898568375271679542
0.134789135283309741142332427444
0.129305920909270399832280418195
0.123814807848515451293991418424
0.118315784803721638085427514397
0.112808840477053362594261898266
0.107293963545163559270001485402
0.101771142657628016481297095197
0.0962403664464494545960349114466
0.0907016235486688138234256939541
0.0851549025491812883181808047084
0.0796001920469824320036877907114
0.0740374805959589793458164308504
0.0684667567554891609571399158085
0.0628880090408812375546432349438
0.0573012259691979622400204164023
0.0517063960414435794255005873765
0.0461035077167069040626756759593
0.0404925494550201908738884526429
0.034873509697615490132704962889
0.0292463768557382035317981916478
0.0236111393296824859100446758475
0.0179677855018506998918681460964
0.012316303738339752851804753675
0.00665668237143149203738357044813
0.000988909741417495378665303285004
-0.00468702585938907990981139306541
-0.0103711361403027342575899893973
-0.0160634328238292642399009935161
-0.0217639276747796754640784655521
-0.0274726324492082646377966170803
-0.0331895589474283242426011497628
-0.0389147189737098012085603215837
-0.044648124360668249577255295435
-0.0503897869317485175288950927097
-0.0561397185766769613035620523078
-0.0618979311639194992866741529269
-0.0676644365994541335806999882152
-0.0734392468138721082882014457027
-0.0792223737318112491978538969306
-0.0850138293241530923483040282918
-0.0908136255794840668853495913027
-0.0966217744830018682167249721715
-0.102438288055744300408811398029
-0.108263178345333749286183433469
-0.114096457395287537162076318964
-0.119938137286492496613732328115
-0.125788230130075284751711706122
-0.131646748017110432060761127104
-0.137513703095397676889888316509
-0.143389107529839882060329614433
-0.149272973484272458710719888586
-0.15516531314532716612220042407
-0.16106613873854669360952129864
-0.16697546250473863094221371739
-0.17289329667841502047309631962
-0.178819653552595270173952712867
-0.184754545396397962253587365922
-0.190697984553699934062720444672
-0.196649983327042393588257596093
-0.202610554092275657600552563053
1.64324015154185422047546124647e-12
0.307841328004719194666449766373
0.254569844267063805087758510126
0.207785192909371640990201512977
0.173708125502346710788970085559
0.128709010855534933259747276679
0.102966569586489115062377663889
0.0595667653928765167270498182006
0.0268496211178294655330667239923
0.00025437787625864417048043852887
-0.0166806652535845499618627485461
-0.0409192098447670876693038621852
-0.0679862670527846685297745921162
-0.0747528101745986439663482769902
-0.0988478469022088523932012549267
-0.108660478129388532453347693263
-0.118458632626287571620871119649
-0.130152791654196964277190318171
-0.136103137836854681808063105564
-0.143687095161587369274158731969
-0.143697760367019811145183894041
-0.144265497543715259798347005926
-0.143848834026148897358154954418
-0.143171672324240467633060802655
-0.135056822586437197397657428155
-0.132446783746425461592011174616
-0.133275007405344064759233901896
-0.117177081150947590137967324608
-0.101718236681597656856368416811
-0.104069800662849751282656995954
-0.0950455720571213719116698825928
-0.0763594340188254172563375732352
-0.0785870084679296670993053908205
-0.0565721004250369363663963895306
-0.0494265367506950756282257941621
-0.0381867071768842991641434991834
-0.0244078375347924932114995755228
-0.0155407512366162701977767568451
0.00490226826025783306989280774246
0.0150981251182019451939630982906
0.027598986320364522067949408779
0.0417642420224974900144765399546
0.0538076452306011365767091092494
0.0604061326406505616493092247765
0.0853655797268800115018549945489
0.095497540389702650909242720445
0.0975644456041169089166587014006
0.102558185993018594062142767598
0.116128479257558731019273068341
0.119812352668568239399959907132
0.130797502580830504737008368465
0.13111877404612701236708005581
0.133695340735198037185327279985
0.133029351582193949843357927421
0.13207885475736166891458367445
0.124728322797275206768041755367
0.126667636329098776126755865334
0.120597975035487275929924066986
0.110999500225064967606769528174
0.108188195667332606730859367872
0.0941242850164610012075883105354
0.07596833497117967681777628286
0.0670825224447103574121342717262
0.0384605427424888623999521541919
0.0335904919355243178347159016539
-0.0010912411920665206297581528716
-0.0305592282775992638010897906042
-0.0562699703260412936733914079923
-0.099632199507695223816838847597
-0.131649039221644004182820708593
-0.175963865665054314257886858286
-0.211979663027536541219930654734
-0.267589242732941712255012589594
