2
41.6818803341947017315760604106
0
0
0
0
0
0.706609892996134081322168185579
-1.20623732691129281942204935095e-16
0.707603320455742368366713890282
0
0
0
0
0
0
0
0
0
0
0
0
0
0
0
0
0
0
0
0
0
0
0
0
0
0
0
0
0
0
0
0
0
0
0
0
0
0
0
0
0
0
0
0
0
0
0
0
0
0
0
0
0
0
0
0
0
0
0
0
0
0
0
0
6.32315016539393325365045125941e-06
0
0
0
0
0
0.707603320455742479389016352798
7.94029105036567009144744953202e-10
-0.706609892996133970299865723064
0
0
0
0
0
0
0
0
0
0
0
0
0
0
0
0
0
0
0
0
0
0
0
0
0
0
0
0
0
0
0
0
0
0
0
0
0
0
0
0
0
0
0
0
0
0
0
0
0
0
0
0
0
0
0
0
0
0
0
0
0
0
0
0
