3
114.923587963666477662627585232
0.114218152613596427014108769527
0.114317258762423670792607310887
0.114416476319798093852497800071
0.11451580548428490213819230803
0.114615246454867800163235358468
0.114714799430967726023844477368
0.114814464612447958424823468704
0.114914242199599392346698323308
0.115014132393127396780663218578
0.115114135394186481442524438989
0.115214251404387874044843442789
0.115314480625772680655316548837
0.115414823260787086089962372171
0.115515279512366869640871414049
0.115615849583878230188993541105
0.115716533679057889671959458155
0.115817332002203468577228306913
0.115918244757983332493544992303
0.116019272151516139590654574931
0.116120414388390338911172250391
0.11622167167461239234427239353
0.116323044216663978867032369635
0.116424532221479359872517989061
0.11652613589640507807398961404
0.116627855449296297107864006648
0.116729691088405432286556617782
0.116831643022480849425370763583
0.116933711460691314165671883529
0.117035896612714088171891546608
0.117138198688628486499041514435
0.117240617898989887835092815749
0.117343154454816980813980364928
0.117445808567616716278081412383
0.117548580449296335981301808715
0.117651470312310907351260880205
0.117754478369483175925758189351
0.11785760483418439292790935724
0.117960849920177093808071333569
0.118064213841774054425393103429
0.118167696813692990609467869945
0.118271299051146375203025229439
0.118375020769828184774574708626
0.118478862185889030622654161107
0.118582823515934687730322139032
0.118686904977068213851154609983
0.118791106786909947401476017603
0.118895429163444019127204853703
0.118999872325275674045386153921
0.119104436491376253215435099264
0.119209121881250171282040639653
0.119313928714865596925065460709
0.119418857212671938872183829972
0.119523907595643755219505521836
0.119629080085166580871280928022
0.11973437490318511455811290034
0.119839792272083689450568044776
0.119945332414766209216949732763
0.120050995554583553315275423756
0.120156781915447763431359362585
0.120262691721685091583715632169
0.120368725198174680857121643385
0.120474882570266950132520378247
0.120581164063810516995367549953
0.120687569905134794989720603553
0.120794100321121450347661152591
0.120900755539062973453745541974
0.121007535786856718074133709706
0.121114441292811417238972637733
0.121221472285810413782591865584
0.121328628995181750371834539237
0.121435911650803821104638302586
0.121543320483046418667427701621
0.0212346052463390361220163526923
0.199996603578864007300097682673
0.194612220110717798471355877155
0.189219939289169608587215520856
0.183819749804968068929156288505
0.178411640300890877997019856593
0.172995599411311345994235466605
0.167571615760712250287056690468
0.162139677956532696212477162589
0.156699774570899119652267472702
0.151251894163352079702988817189
0.145796025294999964661002422872
0.140332156479741732013621913211
0.134860276236384607484453113102
0.129380373046749042043046529216
0.123892435393889083217189295283
0.118396451726582502272933083987
0.112892410477549456904178271088
0.107380300067495521032512328929
0.101860108897338236255691867882
0.0963318253405791302679261889352
0.0907954377671388312975864209875
0.0852509345135267215809449226072
0.0796983038987276876108367673623
0.0741375342414585802863769004034
0.0685686138204845002652731977832
0.0629915309086426511431255903517
0.0574062737444422377386388234299
0.051812830570985006495288160977
0.0462111895888654422570596125297
0.0406013390026386880582442984178
0.0349832669675988819357748127459
0.029356961659194057839838976065
0.0237224112108607096405243908066
0.0180796037220493401032062052991
0.0124285273038870647949183378955
0.00676917003009642592042949260644
0.00110151996639452497313282908209
-0.00457443485466297282415748526319
-0.0102587064109022456370734488473
-0.0159513066980478852852076698809
-0.0216522477306067828717317524934
-0.0273615415559887442675801594305
-0.0330792002157767051073733455269
-0.0388052357998075192480058603905
-0.0445396603979551983232276768376
-0.0502824861219764718267555281273
-0.0560337251010847997578778745265
-0.0617933895071670069576441619574
-0.0675614914872552929647753217068
-0.0733380432617486144319940422065
-0.0791230570242263120395165287846
-0.0849165450099859803190227580671
-0.0907185194711901399244879939943
-0.0965289926846572832186410551003
-0.102347976933694878587388643609
-0.108175484534234173095157416356
-0.114011527812767049505637828588
-0.119856119126779986361341912016
-0.125709270843844561627022926587
-0.131570995352678160594805945038
-0.137441305062544844028948887171
-0.143320212411057495982547038693
-0.149207729837997821187300928614
-0.155103869824676166011556688318
-0.161008644857302041231150724343
-0.166922067445398475404871874161
-0.17284415012351589391315087596
-0.178774905449666760004490129177
-0.184714345977085636629766440819
-0.190662484311004992720839368303
-0.196619333059713491396180984339
-0.2025849048650598671628131342
2.15792456175887925647235557975e-11
0.307884094399382080009530682219
0.257920711377928824070693281101
0.210327250687607575363458067841
0.171720638234954675604981844117
0.131245117224990798243666745293
0.0910267153009906709870691088327
0.064783363767987101056178289582
0.0296723270534342449533671270956
-0.000903151258564271488225860817778
-0.0250542195778948317830270298145
-0.0425213639101304566314531996341
-0.0628082347298996174211893617212
-0.0860168576368451481828358851089
-0.0946904506917451982417333056219
-0.109359935184962939191954944818
-0.118990860742900231294960633477
-0.12603785939592435094702693732
-0.13062831777735020577502211836
-0.135543321381939113612347114213
-0.13904744139267324887221377594
-0.140963181839574597242759068649
-0.147390348302482682152358961503
-0.138899421375760639962848586038
-0.135270564727604458710175094893
-0.131277604645720524789709315883
-0.126630297256168616870652954276
-0.11950193506119413666688444664
-0.11470833983693923263658120959
-0.107234474715326572047402464705
-0.0956301350642504155441514512859
-0.0849122898870089820588802353996
-0.0727154713928691021074257605505
-0.0583594490052810332958443950702
-0.0529567423696081646111721852321
-0.0414512037033809566111131061916
-0.0267249065988560199902401848249
-0.0117327570915713424309911872001
-0.00109461666491995793064340158907
0.0185209379246664661289312192594
0.0315472189359776583605921018716
0.0406238394299663352349227807281
0.0558038007458701648677568130097
0.0683780997174939370042423547602
0.0820936234973856093777300202419
0.090428356371975882055380679958
0.100803650288628005027291578699
0.10451787041612424500325317922
0.110590246792454396929095139512
0.122532122007382060502322929096
0.125525280989342374882156150306
0.129481418132799591669268579608
0.133152288473636526422438919326
0.134878979860416775560238988874
0.133323108040183629929842368256
0.134158325145355000751479224164
0.126047112312608178275041836969
0.122309156949570979611152665711
0.114906701023287205476464123421
0.107690945741432883564492328787
0.0938335948483708381928636299563
0.0785912467190725966270647973033
0.0657852255097130106387126602385
0.0428429230647598136005882452082
0.0194122379644906355167233158454
0.000549804064674674019229383414853
-0.0324083094301528817915425406682
-0.0619587245304765443787431422606
-0.0971905576957705352736383019874
-0.130394673276057193600507844167
-0.169484965342947990762922927388
-0.216502131936765207509409947306
-0.265865706204474194773723638718
