3
18.3395030908363949606609821785
0.114125061993332929666244979217
0.114226647901030972653835249275
0.114328349870123371911923015887
0.114430168111892147098096472746
0.114532102838156707447225812757
0.114634154261085557946486801484
0.114736322593414985515636317359
0.114838608048294266161803989235
0.114941010839380311492341490975
0.115043531180771582689281729017
0.115146169287063365738177367348
0.11524892537332022401930231581
0.115351799655039152781021982719
0.115454792348273480029341442332
0.115557903669469053120621993003
0.115661133835644136524933855981
0.115764483064180759286365685057
0.115867951573060637415757412327
0.115971539580662225121798769578
0.116075247305901407823824911247
0.116179074968132206580051501987
0.116283022787237427797535360696
0.116387090983547852873769556936
0.116491279777936482253686278909
0.116595589391696743963855453785
0.116700020046643607174452483832
0.116804571965139020184309970318
0.116909245369934230995845325651
0.117014040484354070459360741552
0.117118957532218209705021649825
0.117223996737743973994838597719
0.117329158325792409778287606059
0.117434442521597237618635745093
0.11753984955099235076847463688
0.117645379640241687368984457862
0.117751033016158870858625107303
0.117856809906045620350845126723
0.117962710537662607279685289541
0.118068735139359087815691395917
0.118174883939940897348286341639
0.118281157168742837026975678327
0.118387555055591495167810478506
0.118494077830862465372518954609
0.118600725725390598874753322889
0.118707498970564109819214593244
0.118814397798285842355880959076
0.11892142244096606806813554158
0.119028573131485654323924450182
0.119135850103354340445704906415
0.119243253590520750795356264007
0.11935078382746718006490738162
0.11945844104920952388759758378
0.119566225491286634574628067185
0.119674137389783011298227677344
0.119782176981266932913605671729
0.119890344502870116460968574756
0.119998640192221173172981707467
0.120107064287541406844006530719
0.120215617027518803516805689924
0.120324298651418110095434599316
0.120433109398989129923407404021
0.120542049510595369876675420073
0.120651119227066588868169105808
0.120760318789818146822945266194
0.12086964844078323944032149484
0.120979108422422043656041523718
0.12108869897779336866072696921
0.121198420350439234338679739267
0.121308272784467222060733604394
0.121418256524551376740461705594
0.121528371815919147835849400963
0.121638618904316389568442957625
0.00371227152742111075195419189754
0.20001209956194612726854131779
0.194630903848136777023469790038
0.189241724859750187759388495579
0.183844551105189685236140917368
0.178439371080716890904938054518
0.173026173259914012314553133365
0.167604946101872792629805530851
0.162175678044222504325944100856
0.156738357500751102069358466906
0.15129297287997836574113819097
0.14583951256152619113670709794
0.140377964911153674254506995567
0.13490831826709021035171076619
0.129430560964023028125424730206
0.123944681310921511752098922443
0.118450667596907727174837532402
0.112948508086615828638343828061
0.107438191036457270088888549253
0.101919704683679085421843524273
0.0963930372383686590032070284906
0.0908581768995385119502827819815
0.0853151118400480024117626953739
0.0797638302118108544203067822309
0.0742043201745660740975552016607
0.0686365698321431821904425873981
0.0630605672906090208851281886382
0.0574763006274333979050972232017
0.0518837579135166260257960857416
0.0462829271849938689298298299946
0.0406737964742755267466556290401
0.0350563537744786393735019203177
0.0294305870843168254635813241293
0.0237964843687048961673458080668
0.0181540335736885168060883444241
0.0125032226284246573977387839705
0.00684403943773841290376669377338
0.00117647189800914892671146461112
-0.00449949211608796292849454800944
-0.0101838647713815826784111706615
-0.015876658218878229866799500769
-0.0215778846596906409560645556667
-0.0272875562884555555864807274702
-0.0330056853435722816203501395194
-0.0387322840651655939114839100057
-0.044467364727482770747624130081
-0.0502109396004191618767542593105
-0.0559630210058394486627442176996
-0.0617236212657559513150573593521
-0.067492752722107904328474603517
-0.0732704277459197694799541977773
-0.0790566587163108319691318115474
-0.0848514580380590049957234555222
-0.0906548381490706461915962677267
-0.0964668114834197204521260005095
-0.10228739049874274735785206758
-0.108116587694179963619056650259
-0.113954415575673498328690413928
-0.11980088665764133948332670343
-0.125656013492739693226951658289
-0.13151980864065179743782607602
-0.137392284698784450380770749689
-0.143273454264336741470486913386
-0.149163329962284485485923823944
-0.155061924451137422842350588326
-0.160969250384088879979316288882
-0.166885320458267039089861327739
-0.172810147383352263883438126868
-0.178743743872943838812972217056
-0.18468612270112960693779768917
-0.190637296620164403693209465018
-0.196597278420220844541432825281
-0.202566080918490432072331941526
4.20102274347407950233516452689e-12
0.304322777873606009624296575566
0.258371523358197519026902000405
0.211556694036511783174603351654
0.166841558117075683398411456437
0.130508763056137233604658831609
0.0949188814218698412306096656721
0.0603120025951345700709893549174
0.0329019493430095441577343251538
0.00564760796265535366944554596103
-0.0205467844231509225161325105091
-0.0442206229577468828972897085805
-0.0594894153296949626530398802515
-0.0784814630322016176799948539156
-0.0978038743676152011463642566014
-0.109665245712841141756399565566
-0.116765640631466494081536211525
-0.130414498882275714519707321415
-0.132690748444595801869283491214
-0.143416510086439574767069871086
-0.140661032420753256966250432924
-0.142916717657172204214433008929
-0.143564422247829281964470737876
-0.142323958215920781666952166233
-0.137552351131182970522814912329
-0.136841341457736159759051020046
-0.128178535549581446018052588443
-0.11919975518586799212439331086
-0.112729393037026365265163008189
-0.103732132616943917291507659684
-0.0907693965300840066579013409864
-0.086226865939632427182637286478
-0.0709368807655889749286259871042
-0.0620745089690492857226189471476
-0.0495119955045817544680986088679
-0.0322814137182011740012654854581
-0.0224986572899368054978541664468
-0.00958064261268700909091045048172
0.00241509909824884003159972678532
0.0147992233970741255549841142169
0.0302970860322192836466825838215
0.0405683263440362110174852716682
0.0528455571242107610685501128955
0.0615519695390508228549641955851
0.0759101970269090986498383699654
0.0896309512299093003040439953111
0.0945664406862550821486479435407
0.106459150584902906278017553632
0.113032471857247920898892346031
0.118523011742834263881896106341
0.12888273015699966417280108999
0.128759840583672929836822618199
0.130559676904199312152954348676
0.13658089602921219540831998529
0.135356948746247457426861160457
0.134533362790411892273567673328
0.130798644144384829113292312286
0.124514660090013024040800360126
0.115438687160323585900734144616
0.109142949550186996177103537775
0.0931299940231068851259621510508
0.080670416111205484055446390812
0.0616442755108041542944086188527
0.043618033747553928980433823881
0.0223213724951777832405941381921
-0.00304255899427204783494471662664
-0.0290464048827707779776297059016
-0.0599840899295788695932962752977
-0.0976044394829941180935506395144
-0.133924027815028268140196132663
-0.171843367115195377881065041947
-0.216498278693702334019022259781
-0.264867017114194081006672831791
