3
251.432161767098961036026594229
0.114945359952757467092432364097
0.115025013169279738400874180115
0.115104743676446547029357247993
0.115184551583783351125234162282
0.115264437000904731989159301975
0.115344400037701494410313785011
0.115424440804190647780202993999
0.115504559410633311777871767845
0.115584755967481397909146778602
0.115665030585363454163072560732
0.115745383375116903112989064084
0.115825814447772831861094289252
0.115906323914563583188375162081
0.115986911886928611981062431369
0.11606757847646916037565034685
0.116148323795045804729397787014
0.116229147954680187004861124933
0.116310051067591499474040972473
0.116391033246200495399058638668
0.116472094603167264370569000675
0.116553235251263820337896959245
0.116634455303604750442403314992
0.116715754873353810827651955151
0.116797134073975988899363187556
0.11687859301911182607902617292
0.11696013182259890061942542161
0.117041750598517860226799314205
0.117123449461036935326241348321
0.117205228524709964554872954068
0.117287087904127951265564888672
0.117369027714228676972929577005
0.117451048070014024693463738913
0.117533149086773730518373781706
0.117615330880024043791465260256
0.117697593565451549824096844077
0.117779937258959035983885144105
0.117862362076656512765993056746
0.11794486813483723297579786049
0.118027455550077015056231743984
0.118110124439067862289753918503
0.118192874918771242964687928634
0.118275707106347577335370147011
0.118358621119150311806755837551
0.118441617074803703935081955478
0.118524695091057313822702212747
0.118607855285910099296664554913
0.118691097777621892839228223693
0.118774422684586725140754026597
0.118857830125438934665282886272
0.118941320219057067308909836356
0.119024893084503563533971259858
0.119108548841095021608715853745
0.11919228760829007895960529595
0.119276109505816158007363014804
0.119360014653623489055966899741
0.119444003171852886069359556132
0.119528075180864570836725135905
0.119612230801246610667476488743
0.119696470153808576242226990871
0.119780793359567400147014382128
0.11986520053976128241668419605
0.119949691815872311329016497439
0.120034267309543279944605842502
0.120118927142712161870719000945
0.120203671437470821503623596982
0.120288500316193175398993275849
0.120373413901409154203037132902
0.120458412315934335068412508463
0.120543495682770646082460075377
0.120628664125137785578800730946
0.120713917766493733507715546693
0.120799256730549503524585475134
0.0141962288716828040346928929694
0.199928464783578813124265138867
0.194514726748753363771982094477
0.189093884508522325216262061076
0.183665928268345546303663695653
0.178230848251888285282973356516
0.172788634649566980039381292045
0.167339277621079807190085375623
0.161882767373516062159310990864
0.156419094032967997964789219623
0.150948247719302430791543656596
0.145470218557373826007150796613
0.139984996643796294479855646387
0.134492572111374331100819290441
0.128992934988137269991526068225
0.123486075311837487089583476063
0.117971983152098863767420766635
0.112450648521035187488159579061
0.10692206142624810505381560688
0.101386211857009619907721287291
0.0958430897966265071818980914031
0.0902926851931790674932187812374
0.084734987972405695355604393626
0.0791699881256697907128128122167
0.0735976755199501814219686934848
0.0680180400264763923567912229373
0.0624310715817079017742052826634
0.0568367599649841417908113783142
0.0512350951310381608205801740041
0.0456260668301884594888484514286
0.0400096649127022405134646021452
0.0343858791778051051113429537054
0.0287546993677758148943990335056
0.0231161153009527275958845393689
0.0174701167053335597312280214055
0.0118166932815462217415403145537
0.00615583481175794450246385736136
0.000487530962498880580512777838109
-0.00518822858795109798785150090339
-0.0108714541685260863285167332037
-0.0165621561539907244386959916937
-0.0222603448276735491062616745239
-0.0279660306831857226328441612395
-0.0336792240365789349865188739841
-0.0393999353233837126819771867758
-0.0451281749693261471922944849666
-0.0508639534404265736267092279377
-0.056607281213633627026116101888
-0.0623581687266556300430764281373
-0.0681166265118244157461546706145
-0.0738826650789658756490752011814
-0.0796562949629350119939985575002
-0.0854375266960534507365565559667
-0.0912263708633519326829386386635
-0.0970228380528007361416342746452
-0.102826938826900526890995024587
-0.108638683832924534677921712955
-0.11445808370684122656779635463
-0.120285149089808793276823450924
-0.126119890646333970840586857776
-0.131962319077109341280973353605
-0.137812445067514971475119978095
-0.143670279331362504837699134441
-0.149535832653976713535470821625
-0.155409115733932901015634797659
-0.161290139332787074710751085149
-0.167178914279939860865198397732
-0.173075451391985879467938502785
-0.178979761445014845522294422153
-0.184891855324993525933052751498
-0.190811743847153492126267337881
-0.196739437905385589067108753625
-0.202674948411985744733954106778
3.93043076130170920892861121931e-12
-0.333726390173862519361591694178
-0.273819785480080735151631188273
-0.149776250847018399525722998078
-0.144797040891321476818731639469
-0.127700986929424692428725052196
-0.10067316177860076431560543142
-0.0641481387315854661990144336414
-0.0416615076824881150341362001654
0.0551147740040133019001622471933
0.077200492920292906884327521766
0.0409206857569918008854514823724
0.0733787817004250969565859463728
0.0801173082654233759125617098107
0.102636461443297508089322889191
0.0741448945601707321007012296832
0.0643504007803649136221224580368
0.0963155914794796702560475409882
0.163650996583967284214722326396
0.0762025254869004853297553836455
0.16114928088271515682627921251
0.165360071974876898792672363925
0.0979398569533523610797232095138
0.11455805419190853711164379547
0.103680471152047856686628790612
0.0963478534198686092926422475102
0.167358045929172694066267013113
0.0942151150039434864824627879898
0.11218959717592796865304194398
0.0711883264992547865057659350896
0.0866881914991720903262972797165
0.145592494668609323538177591217
0.0552310026650394483849204618764
0.040952483564318811759541461015
0.0241320278358557703535236527159
0.10097198773795136583775189365
0.0408947889674864256681630081403
0.0110072571092660279751251906077
0.0354652280179846707275359563027
-0.0743468176631981170210394793685
-0.052906527774302797295646882958
-0.120918365389033499734949828053
0.0121077927152429456331139689951
-0.0961619272571083150147330798063
-0.0512799871513042529458381579843
-0.0719538575932674728807825204058
-0.066928084813007659992223352674
-0.0561068393557994649079034843453
-0.0892221515676070997535873630113
-0.0704735513778995958933393239931
-0.145655741245946601658545205282
-0.0646880974632348809683080048671
-0.14212048361927145934124894211
-0.168848508352408999133587030883
-0.130627714068452249751572935565
-0.131661489876970266843514423272
-0.1150493103874726391611105214
-0.158837263700994574255886959691
-0.142741402590395111138477091117
-0.107995806354464915499669075416
-0.119344946151666145284231390633
-0.112481930295239368478021901865
-0.0116880317744564605347834529425
-0.0377518923745495948995909429868
-0.0137605082068676821266395293719
-0.0262873287742442750258842210087
0.0848557964748687665323956252905
0.119999094299120617757026252548
0.00974837456012626370205342851705
0.129062753305933558545248729388
0.113678235674170624580625599265
0.233933806527452714529857757952
0.283766143536211268294522369615
