3
2498.8265966664685038267634809
0.114269739476776571729388365384
0.114367470474742258246259041243
0.114465310329045694137661826062
0.11456325923129634380970287566
0.114661317373527041341141341491
0.114759484948193823949935676865
0.114857762148138739521918694209
0.114956149166629467694988875337
0.11505464619733922482236465612
0.115153253434381167008559998521
0.115251971072259221107181303978
0.115350799305910037273470436503
0.11544973833070568125513943869
0.115548788342407990348270629966
0.115647949537218797111393087107
0.115747222111738837235783705637
0.115846606263046283946671621834
0.115946102188568628266196469667
0.116045710086214823308914390054
0.116145430154308879067137638685
0.116245262591595663326238252466
0.11634520759723766814008882875
0.116445265370873643484550541416
0.116545436112495917613252061074
0.116645720022601345755575152907
0.116746117302076082844486393242
0.116846628152258324995216298703
0.116947252774934840058307372601
0.11704799137227014926843082776
0.117148844146941794042149354027
0.11724981130202284662633616108
0.11735089304102852558742142719
0.117452089567905607059294936789
0.11755340108708077495602850604
0.117654827803392744711707962324
0.117756369922095191493660593096
0.117858027648957905397786305457
0.117959801190142460347587416436
0.11806169075227161691099553309
0.118163696542420107449267163702
0.118265818768104880032154824221
0.118368057637301182793976295216
0.118470413358419443539126802989
0.118572886140357436346448594122
0.118675476192424814159132040459
0.118778183724388364250756922047
0.118881008946508159862531783801
0.118983952069462245448860926444
0.119087013304415970105232247533
0.119190192862958191377664718402
0.119293490957173814459579830327
0.119396907799595150545535204856
0.119500443603215808496820216078
0.119604098581472390039337483358
0.119707872948295504511584397278
0.119811766918100470746821883949
0.119915780705693655883159465247
0.120019914526408921773281690548
0.120124168596063937708429136819
0.120228543130880174971686358276
0.12033303834761262252062152811
0.120437654463456139675159306535
0.120542391696086700902945665348
0.120647250263665309355509691613
0.120752230384799402740370055653
0.120857332278624149402013188137
0.120962556164698586957939596687
0.121067902263090693137925768497
0.121173370794346410561637128467
0.121278961979502233892169726914
0.12138467604003484734409568091
0.12149051319795996228823042884
0.43742248041405484837440553747
0.199988496271713500629374493656
0.194602305617135207249646100536
0.189208266352713788682748941028
0.183806367242865975608623330118
0.178396597034477272236685507778
0.172978944456642552696123971145
0.167553398215536775150980020044
0.162119947018660309767668081804
0.156678579526126238175010030318
0.151229284397681074114672128417
0.145772050285714382944490807859
0.140306865802219765670955098358
0.134833719545150026997148984265
0.129352600101020481782043702879
0.12386349603936183672026061231
0.118366395906243426772164184513
0.112861288244147789372462398205
0.107348161539920425311400720148
0.101827004311171046002648665763
0.0962978050113061784243129181959
0.0907605521064780151885287295954
0.0852152340394750351659780562841
0.0796618392164201022387359785171
0.0741003560496891894304738457322
0.0685307729147792282775597527689
0.0629530781785627296942564612436
0.0573672601811944932181930312254
0.0517733072537759006492841251657
0.046171207701362237951769884603
0.040560949813526710194810931398
0.0349425218555582395296710274124
0.029315912081368546843185285411
0.0236811087268688803819660648742
0.0180380999980755234168849909793
0.0123868740949930125627709287528
0.00672741918599397380196247553386
0.00105972344043393784662754342207
-0.00461622501545671300865469888208
-0.0103004380621092329894938899315
-0.0159929276026649497266518551442
-0.0216937055532858379114369284935
-0.027402783850352548794537810295
-0.033120174458147078055958445475
-0.0388458893479129360737367449019
-0.0445799405259572970039450012791
-0.0503223399979243965485231626644
-0.0560730998094784993668326933403
-0.0618322320061767821686160573336
-0.0675997486717106188525150400892
-0.0733756618932642629138385359511
-0.0791599837833945052523176855175
-0.0849527264764322609380542417057
-0.0907539021318670563465147438365
-0.0965635229120794663648652544907
-0.102381601007741518394311697193
-0.108208148640241988425181318689
-0.114043178039601456053020456238
-0.119886701446019691696953657356
-0.125738731133320874588932269944
-0.131599279396817953058373973363
-0.137468358542588375836857039758
-0.143345980904448860870914472798
-0.14923215882651996722074727586
-0.155126904688152961186986544817
-0.161030230868952461964482836265
-0.166942149782234205979136731912
-0.172862673861738480596272893308
-0.178791815551669980299820394976
-0.184729587324834604311618591055
-0.19067600167406784095192051609
-0.196631071101698640113397686946
-0.202594808153344269063822480348
4.13900163394994003897424774798e-10
0.305063654395063665880627468141
0.256874026455706949700896757349
0.211209576371478024992001110149
0.168167284663373356456972373962
0.134524642302547292604941731042
0.0926020400279321809211552363195
0.0596096465806532777031989667194
0.0333557394639187529405965904061
0.00774548209063696119214270652265
-0.0187178358988830707831940713959
-0.045227559658494877192769223484
-0.06573614692221128874560776012
-0.0825734952833346580458595553864
-0.0971871057572186308748385386025
-0.107014881073435902392176899411
-0.117144971631719732596543792624
-0.131113093110225842341520774426
-0.137178487550010164142122448538
-0.139892791660157167488165441682
-0.143602274683571479174659657474
-0.140884137310668094977827990988
-0.141817599540261074508862293442
-0.139491610027332901822205712961
-0.137795482096780136371805269846
-0.134134827086859476086289078012
-0.129485563580258256077826217734
-0.120533553556548322927000072013
-0.111613086843433920170021167451
-0.104914394579563655107712349945
-0.0921154069080910159472708187423
-0.0853347387251208594483031788513
-0.0726084092266697511686146526699
-0.058520203605545419167643927949
-0.0486045105291912429845702092734
-0.0343789005817797532760238254923
-0.0226105639679535369568341707236
-0.0065141022463459947317021558888
0.00309917022898759759660936019543
0.0167281769398193273790109714128
0.0282574167892599183160573517171
0.0421140108119547676435168170883
0.0504028644808966128088023594955
0.066039006095940835927571299635
0.0753215626169934787670356968192
0.0879734005080793496356150740212
0.0967258148546644713761111233907
0.102601552456127884105363534673
0.114663794887547354495183071776
0.122078509161054712950367218127
0.123880685012145469459099444975
0.129131633289920944029915972351
0.130683145244696263809203173878
0.13144963026597930588756923953
0.132770388906681857665859070039
0.133584561671618529121730034603
0.129152447721025742666256519442
0.125891344478576666654490168185
0.116167296529540137184355330646
0.108852313963677352348646820701
0.093595462556458425273930856747
0.0789991438304750853705016311324
0.0674773007730835733264385112307
0.0457372724004675157427612930405
0.0242437693485367498913429784579
-0.00323182524592260586593361892938
-0.0279372484432352900796114880677
-0.0605833964126802973493290949136
-0.0990556188938375575814276885467
-0.132503728510692170283746804671
-0.174459920409358981707725888555
-0.2188401440140803622114162863
-0.263369334958365786114597995038
