3
199.828795006105536913310061209
0.114982348533576167470826590034
0.115061008154915392354133985009
0.115139743447406628362728042703
0.115218554516529056441775935582
0.115297441468047934254315123326
0.115376404407822916176051819548
0.115455443441958460759622084879
0.11553455867674093660024681185
0.115613750218613101083953154102
0.115693018174214332094429380504
0.115772362650402638184488068873
0.115851783754178747076757360901
0.115931281592793158918830442872
0.116010856273571924535126242972
0.116090507904156661767025582321
0.11617023659230031606970356961
0.116250042445984233530076323859
0.116329925573344872269387906272
0.116409886082741012569563565648
0.116489924082707779762202449092
0.116570039681962014932459226202
0.116650232989451999032759488273
0.116730504114256089520651471503
0.1168108531656853465996448449
0.116891280253259940979937425709
0.11697178548664315111960121385
0.117052368975725379351970900643
0.117133030830587209214499466725
0.117213771161518459651418311296
0.117294590078941982080884542938
0.117375487693535604516448245249
0.117456464116181408252614915
0.11753751945793011746133061024
0.117618653829973732194424940189
0.117699867343847852652061192202
0.117781160111128338496833123372
0.117862532243682247012905861538
0.117943983853540768080847556121
0.118025515052946908256537028592
0.118107125954337657813830730902
0.118188816670355800741987195579
0.118270587313821090580390205105
0.118352437997766152255607607913
0.118434368835449957413352706226
0.1185163799403056439363268737
0.118598471425962970204892599213
0.118680643406265190487047789247
0.118762895995238926261095002701
0.118845229307162708609624246492
0.118927643456436180069424324302
0.119010138557758465838176675788
0.119092714725986925650147441047
0.119175372076140720367654068923
0.119258110723505603156802123976
0.119340930783561699479733420048
0.119423832371984242617379834428
0.119506815604637953165401142996
0.119589880597624431679548706597
0.119673027467249143418470680444
0.119756256329979174357625026914
0.11983956730255888867286984123
0.119922960501871025962294936562
0.120006436045075229324119447938
0.120089994049515716434406442659
0.120173634632719114612164901246
0.120257357912434678648416763735
0.120341164006626991089810019275
0.120425053033487189368955228019
0.120509025111402351404521482436
0.120593080358990509259875523185
0.120677218895033411261152878069
0.12076144083854128963295693211
0.0101546556523462779692001944909
0.199928831868631945445358155666
0.19451328022663852412854623708
0.189090673484568011497586326186
0.183661001934810330649128218283
0.178224255896209798910589938714
0.172780425697003803264806265361
0.167329501544910497212725886129
0.1618714737789595237149598006
0.156406332573704259791824711101
0.150934068255211273346105826931
0.145454670953372028341377131255
0.139968130918862676548286572142
0.134474438315326183523978897938
0.128973583335071639854874092634
0.123465556147058119762505157269
0.117950346834068867107880862477
0.112427945577544610711306916073
0.106898342446413621709133678905
0.101361527560841227502130834637
0.0958174909747344649701972230105
0.0902662227953607565478222340971
0.0847077130242047948716077598874
0.0791419516970027075997151655429
0.0735689288411864178440779937773
0.06798863444731688410183068072
0.0624010584973633541938653479519
0.0568061909753439647774442278205
0.0512040217883188847336484172956
0.0455945409343800761581277924961
0.0399777382702570655004237210051
0.0343536037710956421165064966772
0.0287221272244940102613686150335
0.0230832986040383422721156136959
0.0174371076881872782982085823278
0.0117835443629009644500582609794
0.00612259840938732431692148594493
0.000454259696547684211926504405099
-0.00522148205258939502454440528822
-0.0109046370381172524205437568412
-0.0165952155090409274318385968172
-0.022293227702930379363621682387
-0.0279986839156136368966798499969
-0.0337115944087642976922936099982
-0.0394319695375022344352444747528
-0.0451598196380206262645629067265
-0.0508951549536605582502168942938
-0.056637985953066523336918436371
-0.0623883229628724583770704725794
-0.0681461763479606214000128261432
-0.0739115565340785207748552920748
-0.0796844739798204665381931022239
-0.0854649390739061209920635064918
-0.0912529623092089570146612231838
-0.0970485541453121325350394954512
-0.102851725051240183717027321109
-0.108662485603820996304946788769
-0.114480846271212077791545880245
-0.120306817587742406749917734032
-0.126140410137313113692059118875
-0.131981634516318308003590686894
-0.13783050125076129477363906517
-0.143687021026855543670563974956
-0.149551204408331972484091920705
-0.155423062041418785783619682661
-0.161302604610783356653413989079
-0.167189842811219790963406239825
-0.173084787299696479800914517
-0.178987448779213853544689527553
-0.184897838035608053086633617568
-0.190815965756791938723324619787
-0.196741842738874794793701994422
-0.202675479747254888573948505837
2.61352911664164886279757928471e-12
0.272624029631789999150726089283
0.251301542261426924529388315932
0.20043935789683969828089971088
0.239376943622055499139023027055
0.0987672004642083378733730114618
0.0914922308617069357516982108791
0.094691840291477466506897542331
0.0344738283334206987995607107678
-0.11169722023002039146266639591
-0.0635742661903128392086870235289
-0.03586311199451421016792806995
-0.143697534517477909510319022957
-0.111658987698044137593100799677
-0.0369147462391612932175455341621
-0.18375613438997084880810461982
-0.0358282647429631062596655510788
-0.098701921927960123426259997359
-0.139635318250013601426573472963
-0.117658886989936400935263804968
-0.225074984373160258410706546783
-0.133643163106470397316627440887
-0.116645636413900313788083451527
-0.1827124957646614755724101542
-0.0232646112547007510862329127121
-0.142346252054390526309290976315
0.0383239857262789723746365666557
-0.0237056576079359843101102001128
-0.108652590202023502374828467509
-0.0741530732262022096445974739254
0.0130686567846140400811494330924
-0.111410609950184827376951091082
-0.0416297963977244403488420232406
-0.0108034494783183221411348995389
-0.0814195733980496577641972066886
-0.0668305281801320066881189063679
-0.0401218692560314366124529783519
-0.0161711707691369784012369592574
-0.0550679784298678254295111855754
-0.0934477360203554568984785078101
0.0165833112856914634269944741618
0.0182573791990520810368803239498
0.106597680069952238657293719371
0.0260130363717381227206537630536
0.158990939786276652689878119418
0.062763774892057311305393341172
0.0196409159755665078950226387633
0.138136740566259741402888039374
0.122314984506895318983055176432
0.0915529793982932105222971586045
0.116236453462215075238539441216
0.132653655154934213555861788336
0.129790510634551020663352005613
0.10980329627983584361849977995
0.117466663712568905597599666635
0.18272644735830897988471122062
0.0768075579612733511103428440947
0.0851137801360715567922099467069
0.0261191399457164977193635024832
0.185259185597584585813990543102
0.0136658931410396436434417921646
0.074853220214631394080484483311
0.0176651661048318579794180749332
0.00330324481423817893632755016142
0.0136106259038303572389549955801
0.0698933370018256089339914183256
0.0307052666448583283509421448798
-0.0365366068977096974945695251336
-0.0442391704359509779775905258248
-0.150389033418425216437341873643
-0.158046222922844842306844270752
-0.237283847954251225775834654996
-0.228470217961945248896782345582
