2
6.6903011901643534287131842575
0
0
0
0
0
0.706575789904945072983366571862
-9.39431913032965977960790803997e-17
0.707637374027265009246434601664
0
0
0
0
0
0
0
0
0
0
0
0
0
0
0
0
0
0
0
0
0
0
0
0
0
0
0
0
0
0
0
0
0
0
0
0
0
0
0
0
0
0
0
0
0
0
0
0
0
0
0
0
0
0
0
0
0
0
0
0
0
0
0
0
1.57104585473726126026040167405e-06
0
0
0
0
0
0.70763737402726512026873706418
3.99457066344132191523949773542e-10
-0.706575789904944961961064109346
0
0
0
0
0
0
0
0
0
0
0
0
0
0
0
0
0
0
0
0
0
0
0
0
0
0
0
0
0
0
0
0
0
0
0
0
0
0
0
0
0
0
0
0
0
0
0
0
0
0
0
0
0
0
0
0
0
0
0
0
0
0
0
0
