3
16.7056767319353554057670407929
0.114698779553072671699709417226
0.114785045741960994858388289686
0.114871400321326047611059095743
0.114957843428564285281900936297
0.115044375201274653996996732985
0.115130995777352460041065285168
0.115217705294948805083699028273
0.11530450389250204712432434917
0.115391391708713528241325718682
0.115478368882541579387712715743
0.115565435553231038445787248747
0.115652591860252923483542986105
0.115739837943422088639700007207
0.115827173942752839619352300815
0.115914599998582085182974310555
0.116002116251487361053840174918
0.116089722842338233244063872007
0.116177419912265017520880405755
0.116265207602701481359730451004
0.11635308605531051451276169928
0.11644105541203884912615507119
0.116529115815134823308518718932
0.116617267407143385127277213087
0.116705510330824449582998170172
0.11679384472924239646296484807
0.116882270745756577934315600942
0.116970788523999030816824529211
0.117059398207876738662314153316
0.117148099941546637858813539879
0.117236893869518993271938711587
0.117325780136512181073271676723
0.117414758887584486091171243061
0.117503830268024106464608280476
0.117592994423454624830505110822
0.117682251499730133881271854079
0.117771601643057180486273693987
0.117861044999858888271404566694
0.117950581716872490711800480767
0.11804021194114673598551945588
0.118129935819980658173733445437
0.118219753500979671279047522603
0.118309665132038777102252424811
0.118399670861326716808648029655
0.118489770837328992070247579704
0.118579965208799875675538260111
0.118670254124788890348618508597
0.118760637734648386021341082142
0.118851116187995667350385531336
0.118941689634789099505596254858
0.119032358225227577475102691551
0.119123122109836776516544887272
0.119213981439464086764523642614
0.119304936365153518851300873393
0.119395987038372758393123262977
0.119487133610805665306919820523
0.119578376234461838945044576121
0.119669715061622217167069948118
0.119761150244899000627540885944
0.119852681937207064533090772329
0.119944310291730790729580746756
0.120036035461980203353782314935
0.12012785760174080063045209954
0.1202197768651673270845492425
0.120311793406613770640589677896
0.120403907380837199569967310708
0.12049611894284337210159208098
0.120588428247949519533932516424
0.120680835451807050295869316869
0.120773340710349869064899053228
0.12086594417981351423652114363
0.120958646016766702135925015682
0.121051446378071914100615913412
0.0016215767911308012847598769568
0.199937986456398320012084468544
0.194535340132685169445281303524
0.189125289559921583304458181374
0.183707824349567588884113433778
0.178282934123702552220436245989
0.172850608452327580977225807146
0.167410836927485096037315770445
0.161963609108458583829559529477
0.156508914550933853071512658062
0.151046742756990648448578440366
0.145577083251117012085984470104
0.14009992551322614229292184973
0.134615259034922080116913889469
0.129123073269807736584979807049
0.123623357661221316972088857256
0.118116101636114578798952834404
0.112601294606495525019163039815
0.107078925952574302571385089777
0.101548985065473829081383883022
0.0960114612852800142217546408574
0.0904663439746122982620946118004
0.0849136224240345377500815970961
0.0793532859889005404152584333133
0.0737853239247320130678176042238
0.0682097255031449967166423675735
0.0626264799928552273744486456053
0.0570355766346570536295956799222
0.0514370046299405109246904999054
0.0458307532094247085940885710897
0.0402168115256113303801477343313
0.0345951687884372346970529576993
0.0289658141260573168129788257374
0.0233287366709507004713941569207
0.0176839255453926889882776407603
0.0120313698549177599400605842561
0.00637105867912790124057975660321
0.000702981061205123309784670304623
-0.00497287391580052313966309185389
-0.0106565172515653977525218465416
-0.0163479599158766614186433230316
-0.0220472129264275770732517401029
-0.0277542873063025379021251382028
-0.0334691940762721351632080768468
-0.0391919443221586186187899158995
-0.0449225491208391086717099938141
-0.050661019545046287460010603354
-0.0564073667176821919033713470526
-0.0621616017679819388153106274331
-0.0679237358439442745483560770481
-0.0736937801262389780010408912858
-0.07947174578109919562685092842
-0.0852576440140534186351572998319
-0.0910514860501836359452099145528
-0.0968532831232395141629609724987
-0.102663046484078590570021560779
-0.108480787424506661120737760484
-0.114306517225605891452389073493
-0.120140247200659494586361120128
-0.125981988674590206223058430623
-0.13183175300266955498607046593
-0.137689551542076848988926940365
-0.143555395676383340530790633238
-0.149429296820944912393969161712
-0.155311266382115537032504448689
-0.161201315820065221862122939456
-0.167099456567640719528711201747
-0.173005700120443445255702386021
-0.178920057949101568572913834032
-0.184842541589512604494061065452
-0.190773162578932453659064094609
-0.196711932443416365190458350298
-0.202658862772780223870938698383
7.80393179261419223692283090131e-13
0.306389778856098471404578731381
0.253269378183018589734132319791
0.221507213392081597769234235784
0.174908301754281847451011344674
0.133110706523185046146195986694
0.0930489393033287481848958577757
0.0547600192467468244172934532799
0.0133996180728382964508771379997
-0.00586722254232900988779597639677
-0.0122180596337638919246515456507
-0.0385664073373936794331129362945
-0.0720803879151963033944383596463
-0.0866476911408821659499324141507
-0.0834592029540909413620752843599
-0.108936423875114998804924937303
-0.126217657138843891706514455109
-0.111364784966445626301911886458
-0.139175882268097572680431994741
-0.138955429179399098105207599474
-0.146552042872821725039145235314
-0.146015527630799668568073457209
-0.136570581521462841578795632813
-0.148750427197303525250760003473
-0.139204247516994256139710728348
-0.110009698764893054656610615893
-0.140174102706344672064631140529
-0.0944121153558186432253052089436
-0.118267630653999020196032176955
-0.115930936534012804517423944617
-0.0924189632937015004277014895706
-0.0871877754512997704683385791213
-0.0851295118833737818331286462126
-0.0561522931425816676509477076706
-0.0669631596233654091676612551964
-0.0217216717353210068963687007226
-0.0282495082351360837780163137722
-0.00741595912770475797215485869174
-0.0058847986444550979059919804115
0.0240799819151721154752987530401
0.0279488800467520004389143650769
0.0292256023138877073230812442262
0.0670691531045450456405276895566
0.0795871848864636854958831690965
0.0886410185961979263380428051278
0.106083918055385056922190756268
0.0867301002978916879548876295303
0.120029580325988746714038768459
0.103561163782628737339841507037
0.113596541748668428128965501855
0.128592106159629487871498554341
0.14390051018044894282077450498
0.121729980453457620193091770489
0.143064660728550147039683793082
0.134030303924752736133285679898
0.138018436649680775740733906787
0.119522501049388885085988931678
0.101972417942800153145554986622
0.113986630572569233588176018657
0.0917253600209769620610344986744
0.083025449652736130201624575875
0.0531256581618611695150278251276
0.0787976469903755027957004131167
0.0585200953694772346702634990834
0.0345185897041375491789416685151
-0.010786260580610506493171030229
-0.0323137310113666975652790824824
-0.0520640862931359485465954151096
-0.0924104674376197560148327170282
-0.137802265731520073854809993463
-0.161755235258719431978846614584
-0.224200127707281954281270941465
-0.259604707489439312517731650587
