3
4338.30085279555532906670123339
0.114732349975813094355991950124
0.114817716915260853438596200249
0.114903170704065901719381770363
0.114988711475604563072572261717
0.115074339363571198635582959469
0.115160054501886488509398986935
0.1152458570246921581992083361
0.115331747066418605074389347465
0.115417724761792434007290353293
0.115503790245741963516046268978
0.115589943653445006988000898218
0.115676185120415234153234962378
0.115762514782361505827346093156
0.115848932775253252169811446493
0.115935439235342829800146091657
0.116022034299134463308789122493
0.116108718103428446011271546467
0.116195490785236499320376424293
0.116282352481865830506890802098
0.116369303330860554557268926601
0.116456343470078382829058227799
0.116543473037576270079362927845
0.116630692171738714613127285702
0.116718001011188093896109307934
0.11680539969481225359704268385
0.116892888361776400851788082491
0.116980467151483497056929650171
0.117068136203654374338789523335
0.117155895658256653524276202916
0.117243745655516470871582157542
0.117331686335944637700201553798
0.117419717840320778079465924293
0.117507840309702835113192520566
0.117596053885404824845828386515
0.117684358709018221933462200468
0.117772754922423034118494911127
0.117861242667744406387164701755
0.117949822087432432127229731122
0.118038493324151450014625197582
0.118127256520914117321474634537
0.118216111820922009645329353589
0.118305059367709144990676861653
0.118394099305104194552740182189
0.118483231777158207198574757513
0.118572456928261849018468865324
0.118661774903049771490159969289
0.118751185846411311253234543983
0.118840689903597918064548366601
0.118930287220053707009093102442
0.119019977941565185952654815082
0.119109762214171951977270680345
0.119199640184232277806408717424
0.119289611998348338284259284592
0.119379677803413380976493840535
0.119469837746626783570036423043
0.119560091975466270541872404465
0.119650440637686900080538521252
0.119740883881350373973972978092
0.119831421854771830171060287284
0.119922054706587816186313943945
0.120012782585721802797174007083
0.120103605641379132529245055139
0.120194524023060467232681958194
0.120285537880549922573614196608
0.120376647363932387513330013462
0.120467852623542676093748582389
0.120559153810097172132564935509
0.120650551074555564823320708001
0.120742044568142317673142827061
0.120833634442422066523903367852
0.120925320849260622968479594874
0.121017103940753420476816870632
0.396046196843213849092535383534
0.199935642655192036265532351536
0.19453157378423319157079163233
0.189120139108609447431419425811
0.18370132833547819783959198503
0.1782751311545980599237992692
0.17284153722125583652058367079
0.167400536214096340437151866354
0.161952117732215100653903050443
0.156496271425759780893116612788
0.151032986889044595901765433155
0.145562253703760330347805052043
0.140084061451731162195599722509
0.134598399682711145075586500752
0.129105257931255157366479124903
0.123604625707265658451916578997
0.118096492538408787131842814233
0.1125808478934698236839651031
0.107057681239520377514118365525
0.101526982040772220661217772886
0.0959887397310435069863743251517
0.0904429437342965103496794654347
0.0848895834361964168879310932425
0.0793286482341801907347544897675
0.0737601275035447145889122566587
0.0681840105932140783107087145254
0.0626002868189346195482158918821
0.057008945536970050127489884062
0.0514099760030259853027523320179
0.0458033675133350109964780472183
0.0401891093674842658778345594328
0.034567190755643774358052411344
0.0289376009837076855757409532544
0.023300329200857478051389648499
0.0176553646221159245277565474908
0.0120026964370446749541532227568
0.00634231381587107428954297461132
0.000674205889247088603101476511625
-0.00500163822003658886661270344121
-0.0106852293824605277389183655146
-0.0163765785294997488763524273736
-0.0220756965667529246599709580323
-0.0277825944296647316111847914044
-0.0334972831060882311748905237891
-0.0392197735581248027592060623192
-0.0449500767836191542081714089818
-0.0506882037816231145743728347952
-0.0564341656023922347285015632679
-0.0621879732818147110129380905619
-0.0679496378689364022296359735265
-0.0737191705044687034531492031419
-0.0794965822312707071084503240854
-0.0852818841958384449286612039032
-0.0910750875310581547994459583606
-0.0968762033899071284270831938557
-0.10268524295328165796270525334
-0.108502217404703782399622014054
-0.114327137946933776735392029877
-0.120160015833072078561549744791
-0.126000862282704240158182074083
-0.131849688569541934057838261651
-0.137706505968242243209687103445
-0.143571325787287845665574081977
-0.14944415934606736229284251749
-0.155325017971941065075824894848
-0.161213913038660144882996405613
-0.167110855894775978125466053825
-0.173015857936393291360843704751
-0.178928930594434681955462451697
-0.184850085277479841971981500137
-0.190779333428885644607930771599
-0.196716686543313007407007830807
-0.202662156079507160821862044031
1.84751889748765654808394614633e-10
0.303164763298706563254825141485
0.252252947853182474258204592843
0.215525578460553479676065080639
0.162384438983874807016505315005
0.131525555787183168199305782764
0.0987945006885800752760573573141
0.0765660483323935547872451934381
0.0220674967757312177896178440051
0.000521389184700387828784451382802
-0.0182781095278007170434886319299
-0.0360612372190656713111245323944
-0.0729709251916301204765602506086
-0.0799340940018872930794557873924
-0.102018476541706606952608638039
-0.115711820168232226713200816448
-0.116514248088049526819176548997
-0.132673165852927987806708642893
-0.126570813539609361431104161966
-0.148674190954755425231326171343
-0.128983822798093811234920735842
-0.137009032911121625408767954468
-0.128589684920216218433353105866
-0.136097442765678061649126107113
-0.13117202782042725051070419795
-0.123869604526173460179450103169
-0.13078223764141802543115034041
-0.13806255785072810149394229029
-0.130199774648248972619413166285
-0.102103027090793524456202590045
-0.0947620769963809367331109001498
-0.114129371841705753998219563528
-0.0828291479372966765737373862066
-0.0493803906284036378537827260971
-0.0399821487971369904368401648753
-0.0247784840530818097070753225353
-0.047268983106755840806201263149
0.00357216252116956999376751191733
0.00678742191194218937727589135989
0.0191287822960634970592685988322
0.0232571435104878092292590707757
0.0428208012686352099129827308843
0.0504261387785651729598335180071
0.0691163966927785672345052603305
0.0781625937068911730287723571564
0.0988967446119483062361155134568
0.106925640467893365292972873704
0.12248226106787779565721052677
0.122723969563640747382216034111
0.11345111234183721804491540297
0.132548956529876138521473194487
0.13469354914713879689536213391
0.131141456764135660995052035105
0.153855624505094906728785986161
0.128062545500427366063078693514
0.108683404767803290513761282909
0.115486100270758312857921623618
0.132195972658818300393690492456
0.112326784166928358987824765336
0.0943263197691086435758833772525
0.0775190165320621821232194292861
0.105409882652764991251004289552
0.0644350476566168672842849218796
0.0395512356754016622395475621943
0.0196397105298639872150712193388
-0.0175682784028367809658899290071
-0.0331560581784646826730700297503
-0.0665466978593074742764912343773
-0.0919052566210967758486560796882
-0.147888990062838787675758567275
-0.168811216762080523734468329167
-0.211095993420421373931716857442
-0.244010157509522401797497082043
