3
22.3784917130876159774288680637
0.11467412490119466283999827283
0.114761051304840350217872924077
0.114848067236609480135101080123
0.114935172836814286645434890488
0.11502236824602397879946380499
0.115109653605071110549218360575
0.115197029055102317940395550977
0.115284494737476470027637276416
0.115372050793863506479297598162
0.115459697366215224834107289098
0.115547434596765113967720139954
0.115635262627998738893531083249
0.115723181602704547343840602025
0.115811191663930751483135850322
0.115899292955010557726325259864
0.115987485619563596150882744951
0.116075769801522024615714201445
0.116164145644993041517345488955
0.116252613294506174090869876636
0.116341172894767225232115492872
0.116429824590823224883529007911
0.116518568527976748572250187408
0.116607404851836418679944529231
0.116696333708272523277393872831
0.116785355243447214190766203501
0.116874469603831993014253498586
0.116963676936158542107868640869
0.11705297738746157920619594961
0.117142371105057208069410989992
0.11723185823654809489813288792
0.117321438929869667489036544339
0.117411113333129424329825951645
0.117500881594885100978054026655
0.117590743863888153031282968186
0.117680700289173184591717813419
0.117770751020135011621903231571
0.117860896206413573450433318612
0.117951135997934219989957682628
0.118041470544952967203222726766
0.118131899998027520282128932649
0.118222424507950188421467885291
0.118313044225891991767518618417
0.118403759303255307067104240559
0.118494569891782031145766040936
0.118585476143476115096220269152
0.118676478210696059734097218552
0.118767576246038286669204353529
0.118858770402452865178055674278
0.118950060833158940964970895493
0.119041447691693114130373487569
0.119132931131894548304472891687
0.119224511307886318900450817182
0.119316188374144066530746499666
0.119407962485395799379084280645
0.119499833796700954957614726482
0.119591802463424587421592093506
0.119683868641249024911132892157
0.119776032486126726706032741276
0.119868294154376053839428095671
0.11996065380256912269452129749
0.120053111587621483269394673243
0.120145667666773467430196831174
0.120238322197527267021222030507
0.120331075337741899566879055783
0.120423927245562750742990942854
0.120516878079467315565409535338
0.120609927998240412660990728
0.120703077160972407910755066496
0.120796325727102679681301822257
0.120889673856347315550330279166
0.120983121708762630941436100329
0.121076669444706117029220138193
0.00226806049616627746282060407168
0.199939887198761712117089928142
0.194538270614087682730541928322
0.18912922193399214765285876183
0.183712730734904655660599814837
0.178288786557928818909957158212
0.172857378950735995903897901371
0.167418497440982028123812597187
0.161972131524263346369352234433
0.156518270673362130951389303846
0.151056904393200575054123646623
0.145588022110603870773459789234
0.140111613283654706796355071674
0.134627667310461246463759721337
0.129136173618145611019514262807
0.123637121574033365112299520661
0.118130500557095521885209166157
0.112616299921790313787184345529
0.107094509001639942580297315544
0.101565117103829760658584291377
0.0960281135540669988914785903944
0.0904834876183039649166772733224
0.0849312285704938996211410540127
0.0793713256543546602506111753428
0.0738037681195536504619170159458
0.0682285451564930839341016621802
0.06264564600400572558225320563
0.0570550597871447434661362763109
0.0514567757124077054808886089177
0.0458507829129642663357202536645
0.0402370705244566445601961390821
0.0346156276512690000424221636877
0.0289864433841450948314832913866
0.0233495068164161490020802602885
0.0177048069765723542490221120715
0.0120523329506654723608516377453
0.00639207371790751540524544438426
0.000724018314055692360081684100237
-0.00495184427864587672213358970907
-0.0106355251003893806760469686878
-0.01632703519265829919526744618
-0.0220263856072070926539474555739
-0.0277335874392147935241226264225
-0.0334486517816818818005231150892
-0.0391715897531858675550964221657
-0.0449024124997252915836298825525
-0.0506411311550348658405695800866
-0.0563877569076226894950742973833
-0.0621423009455860306249341817875
-0.0679047744708675404812225906426
-0.0736751887228720564460004993634
-0.0794535549139034069643372504288
-0.0852398843318908222554952658356
-0.0910341882446667610695456573922
-0.0968364779687500704108416016425
-0.102646764802433301810857813052
-0.108465060085935371958498762979
-0.114291375174150999782796134241
-0.120125721428362627896113679071
-0.125968110255374465822342244792
-0.131818553037229585500611506177
-0.137677061229286690213768906688
-0.143543646259015333921382762128
-0.149418319600740784336423416789
-0.155301092709683036252599208638
-0.161191977127921048928982372672
-0.167090984353135546536250899408
-0.17299812590836349812661865144
-0.178913413368366802647102531409
-0.184836858300971879076612935933
-0.190768472316946963163175610134
-0.196708266991034386172998438269
-0.202656253988133472354604691645
1.1842623227495278895176475955e-12
0.308837958712471216671247020713
0.253719364071282094119652583686
0.206771834926732345216748854
0.177167119177265686147393353167
0.135148729588253385669460726604
0.0903071150221412266567710958043
0.0553978676644600528944373252216
0.0353675736505899770967253914478
0.00640929492108622839846576724199
-0.0217663410775935581287221509683
-0.0410651766904212150999242680882
-0.0720953468294102117752686353924
-0.0824348014118967131746984478013
-0.111151238365181204148512961183
-0.105704291412937578797937021591
-0.119119262182275462147451605688
-0.132263019064517678424763857947
-0.138941879644992272169190528075
-0.140799172725985938248172146814
-0.144313379587606815945832750003
-0.142488953221472786081491790355
-0.136638389173747737403985524907
-0.136377708828795629614205608959
-0.136786719726847610933972987368
-0.123472503049656248674814662536
-0.115054860083376994661641390394
-0.120741142925231165206056971329
-0.116581128973768988199566365438
-0.0964545872770486006908541298799
-0.0884431055885376710135048483608
-0.0730822555664938228181526369553
-0.0694844298859038644877728074789
-0.0536699006579281073792131451228
-0.0397964636632712545627477140897
-0.0341807788975649409768386988162
-0.0269377932119631430252226778066
-0.00901666921336466940795073554682
-0.0061696529345314369066621829063
0.0102306226613441773182211491644
0.0368185621916080133009252506326
0.0401090751713791757171456708875
0.0447639157560793601864368440602
0.0589648690429026081649688251218
0.0712120732318092114487839694448
0.0744963411884152909570033784803
0.0829816892994632293589774008069
0.0929649113505126994949634422483
0.102321930587609785656688643485
0.117991197375000841929271189201
0.11866919138361187169294908017
0.130386885835141408396253837054
0.134164305770411579343814878484
0.139478896449261036138977942755
0.143300861660656364549026875466
0.146558160510170815138408784151
0.134323782906271282922006093941
0.1211536220162631738439529272
0.11479579950503421281737814752
0.112104459018110197421336238222
0.0999871899892156024147737980456
0.0788262766085942867544389400791
0.0670857016842331954631362123109
0.0547067148854100196442296066834
0.0276467903447715976361642731263
-0.00208651021514657999261777021616
-0.0271193463596919662195183775566
-0.0592339862074388670554192515283
-0.0908084071626394234710843988978
-0.138972273669541013241257587651
-0.180023147863635518683977920773
-0.218187444160643534418753120008
-0.273667659297300303045119562739
