3
21133.5842628608479571994394064
0.114306605178178088966234327017
0.114403353017384024070679515717
0.114500207900653169779126017147
0.114597170014663532477960927736
0.114694239546560355913484841039
0.114791416683838007339879538904
0.114888701614361585234824758572
0.114986094526474458277220946911
0.115083595608857044978456940498
0.115181205050638224562931100081
0.115278923041307837515923040428
0.115376749770818673446193258769
0.115474685429443238438018681791
0.115572730207917889755364626581
0.115670884297421505682024189809
0.115769147889450876864891881723
0.115867521175974014235876552448
0.115966004349391402228341974023
0.116064597602413471788551646569
0.116163301128266394091070878858
0.116262115120543491064708518934
0.116361039773285601661712007626
0.116460075280886699022886432431
0.116559221838222634715087622226
0.116658479640540241328849901947
0.116757848883544762541575323667
0.116857329763315948012447620386
0.116956922476402255806071650568
0.117056627219726150368472872287
0.117156444190667702320851617515
0.117256373587030740535119832657
0.117356415607011946300453075764
0.117456570449266384237319016393
0.117556838312857153683310684755
0.117657219397286461060048168292
0.117757713902471639055846708288
0.117858322028771347889097853567
0.117959043976981536872017386486
0.118059879948297974383564223899
0.118160830144401443608792590112
0.118261894767346928403206618441
0.118363074019684280657749297916
0.118464368104350237231869868992
0.118565777224722390670308413974
0.118667301584681195159021172003
0.118768941388436299888553548953
0.11887069684074970388198977389
0.118972568146733542748805234623
0.119074555512012666969035024067
0.119176659142616117592616831189
0.119278879245023686217486158512
0.119381216026163430865558723326
0.119483669693400421096818320166
0.119586240454567421798159898572
0.119688928517943229956621564725
0.119791734092252133425660076682
0.119894657386645314689488373006
0.119997698610761135973312718761
0.12010085797468052215553058204
0.120204135688932192693734180011
0.120307531964500655230487780045
0.12041104701283518452203935567
0.120514681045847504847756681556
0.120618434275879038430900891399
0.1207223069157632860948226039
0.12082629917878597025637787965
0.120930411278689628473692607713
0.121034643429686963878033623132
0.121138995846416505641762739742
0.121243468744049870400303348106
0.121348062338206844068544398851
0.121452776844922782917279846515
3.55330909006489736867706596968
0.199982927225107798285819171724
0.194595426095734269633652502307
0.189200111697938738730684349321
0.183796972869806979344886599392
0.178385998428301911777893451472
0.172967177161092305892609033435
0.167540497854518188880490470183
0.162105949269081645036649774738
0.156663520148489221472942745095
0.15121319921775169814459616191
0.145754975182770585284686148952
0.140288836725555504658657923756
0.134814772527811627123028870301
0.129332771243460320498286364455
0.123842821497318136825249723643
0.118344911907744210211035351676
0.112839031089354530079660321462
0.107325167594107484525522977492
0.101803310004664956944786524673
0.096273446852679731011726005363
0.0907355666713778041820859243671
0.0851896579680766069531117068436
0.0796357092273604211252191475978
0.0740737089156356803831826596252
0.0685036454899448088440294668544
0.062925507379991252321360661881
0.0573392830014973209351580862858
0.0517449607475129677580660825242
0.0461425289985402109493861644296
0.0405319761140669060361929609826
0.0349132904261414273028307775348
0.0292864602635068832503506541798
0.0236514739320194782024042723378
0.0180083196998076164319080305631
0.012356985847664316360838832054
0.00669746061204897456808904365744
0.0010297322205263003454950299087
-0.00464621111002302619730208732562
-0.0103303812061210417011514195451
-0.016022789878895927345725525015
-0.0217234489969278660170814987396
-0.0274323704174699693758565643975
-0.0331495660209612935664935662317
-0.0388750477315617515294832173822
-0.0446088274596079317757535420697
-0.050350917153047361485285193794
-0.0561013287828748055674488171007
-0.0618600743247578535588537818057
-0.0676271657797783559695758981434
-0.0734026151765140577598600657439
-0.0791864345541540004536074093267
-0.0849786359655750056507628187319
-0.0907792315043101233351663381654
-0.0965882332595910525485649600341
-0.102405653355344905541812750016
-0.108231503928544706139014408564
-0.114065797131475576975390140433
-0.119908545150037779136731330709
-0.12575976017890583280589567039
-0.131619454431245258563265565499
-0.137487640158423601866033436636
-0.143364329602313933520463251625
-0.149249535038546904397449566204
-0.155143268775496806499702984183
-0.161045543115849509874237810436
-0.166956370402310622091945901957
-0.172875763000761323295861870974
-0.17880373326572007730561608696
-0.18474029360927157750182914242
-0.190685456437850175959169973794
-0.196639234198358603400436095399
-0.202601639339018702035133401296
3.17867866751875853015164880716e-09
0.305214448424069473286834863757
0.257751761219709163430735543443
0.210418389852487369706679487535
0.169282726633026237017531911988
0.132174641723538710547103391946
0.0914566932605885146712054734053
0.0631564746641678220751003891564
0.0354243808413234884113762745983
0.00185201286485219994079609584503
-0.0253017602125923911360327878128
-0.0427532087911585909068001853939
-0.0634049440689113535940535371083
-0.0810638667034727922189318860546
-0.095544681107732051805747630624
-0.109734898827371821217191438791
-0.117878181148315580584196027303
-0.131058882880522337144313382851
-0.133499323654656221194159115839
-0.138857667483599234170554836965
-0.144170148105286083373144379038
-0.144002152593262683355490594295
-0.138338879425437433212664473103
-0.135692449658327579653516181679
-0.13787717194641552209688484254
-0.136705721210638952989313565922
-0.124856786692239832281536848768
-0.12217985966442650169749839506
-0.110155709584370029019417813743
-0.0996394039158434441372236278767
-0.0940791789955260082667365395537
-0.0860126487400684203166179031541
-0.0689043987068539698359614931178
-0.0603937970275209151660433803954
-0.0508149753057577646675468940884
-0.0333872259565260037783573920933
-0.0220480410887963808319600644836
-0.0113493315353075489848588830455
0.000647143137649537581942982278349
0.0129240323076215898878693622009
0.0297792672844167764789613528364
0.0397905799386677541673584812543
0.046902050487385694987896300745
0.0612575602936150376276458473512
0.0756197889807020823260685915557
0.0856201190870492789830592528233
0.0936761104959108331646788769831
0.107682076640201837558485919999
0.118713885923213108286589090312
0.118528887981389052796998839767
0.128799033143138924595305638832
0.131920212520406476830459041594
0.132249062166250486161089838788
0.13322365616376030672540764499
0.13463326646276466136420424391
0.131212736948357333588432993565
0.128639083853966718073991160054
0.122622881538945960322450901003
0.116153929023072616244505184113
0.109984120958739967077733012957
0.0985929281462438605876386077398
0.0841035826747895953747757857855
0.0654911105765526302402435021577
0.0431130619630601535918756894716
0.0236613626571697474587629983489
-0.000826336759708865692397594671093
-0.0316903563407377464322678406461
-0.0651536182880469438849502239464
-0.0948820598762842720708121646567
-0.130531506169422856222794848691
-0.177492125115781357314048705121
-0.214959302309742861236685484982
-0.266986138356778091029752886243
