3
51.2748993841391396131257351954
0.114525693381753709831905041483
0.114616590898527909159199111855
0.114707584894168074240994315005
0.114798675527154406261765018371
0.114889862956227203905079647939
0.114981147340510583831907354124
0.115072528839418625201673762604
0.115164007612692478876859070169
0.115255583820422669028005202563
0.115347257622988197400815124638
0.115439029181140698221419427227
0.115530898655895414295358136769
0.115622866208630686868374937148
0.115714932001084680468494525485
0.115807096195268827143465273366
0.115899358953544140415914398545
0.115991720438625031674995113917
0.116084180813526546827141316953
0.116176740241586029522835588068
0.116269398886536659554202799427
0.116362156912362180172237913212
0.116455014483444710404747013399
0.116547971764477356626521498129
0.116641028920465336660150512671
0.116734186116800919830183147496
0.116827443519198839738670869792
0.116920801293670259535240063542
0.117014259606619014375539222783
0.117107818624765866455383900302
0.11720147851513314229965345703
0.117295239445175891734862716476
0.117389101582617991215151675988
0.117483065095553118606375164745
0.117577130152416456376762710079
0.117671296921960780168525673162
0.117765565573337435689715846365
0.117859936275984539255645699996
0.117954409199759427395726163468
0.118048984514784446875346191064
0.118143662391581763526637871564
0.118238443001046050762070649398
0.118333326514354186809185875973
0.118428313103065896427779080113
0.118523402939128871813601051599
0.118618596194775507979279893789
0.118713893042649551445855138354
0.118809293655719253046676442409
0.118904798207320361314032197697
0.11900040687113697113197474664
0.119096119821202328648013235579
0.119191937231921049611393925716
0.119287859278084842906686446895
0.119383886134740921369790100925
0.119480017977448227384229539894
0.119576254982000515503237636494
0.119672597324627719150846871798
0.119769045181870495420106692563
0.119865598730696826246244768299
0.119962258148344935726470339432
0.120059023612497747790506252841
0.120155895301218215709404546487
0.120252873392837661414844774299
0.12034995806615690627783266109
0.120447149500289354961957144496
0.120544447874727914116199656291
0.120641853369372831217276598181
0.120739366164432065930967041822
0.120836986440527857644688936034
0.120934714378649721400194039234
0.121032550160145135897948875936
0.121130493966774527292429297631
0.121228545980606380871869021121
0.00655017277073189317648793661419
0.199954221136847493101029726859
0.194558561692533049658493382594
0.189155309190916387507286344771
0.183744452904543720261898442914
0.178325982045383690799411624539
0.172899885862625168897466210183
0.167466153547081497698911789485
0.162024774298781565340377142093
0.156575737268669884505456479928
0.151119031610384341179909029051
0.145654646481037985950024449266
0.140182570985944776609244399879
0.134702794238074824439976850954
0.129215305286159737319096052488
0.12372009322542470988182117253
0.118217147096751129531355672952
0.11270645594049726045948744968
0.107188008759756286947251169295
0.10166179454781426594323079371
0.0961278022882249144620558922725
0.0905860209288887607836926463278
0.0850364394341895923901120113442
0.0794790467288635227305348962545
0.0739138316900778413742756356442
0.0683407832358732952870994381556
0.0627598902333613012372026673802
0.057171141524375655718070987632
0.0515745259500299119137523007339
0.0459700323402027627439636603413
0.0403576494710501526563817265014
0.0347373661537341560379132943126
0.0291091711302721017906591782776
0.0234730531622241028744113577886
0.0178290009588865372425203759121
0.0121770032462215471030786417828
0.00651704869859639612100776773218
0.000849126016695626395849871848043
-0.00482677617148880196140670051363
-0.0105106692168893262051554415848
-0.0162025644850521712003743601826
-0.0219024734181568099533610194385
-0.0276104073870888644393062349991
-0.0333263778561709925196687720472
-0.0390503962702998461131720375761
-0.0447824741134742465575868664018
-0.0505226228581763039948704374638
-0.0562708540339007107222712988914
-0.0620271791653445245251496942274
-0.0677916097834730668747482695835
-0.07356415747420017026136918048
-0.0793448338004318770577683039846
-0.085133650392582985166889386619
-0.0909306188522017999620317141307
-0.0967357508209003152943594727731
-0.102549057979103658277963972978
-0.108370551987984162223277451176
-0.114200244545232060255912642788
-0.120038147365289185608538957695
-0.125884272183878931361533659583
-0.131738630765459968641195587225
-0.137601234866905203224618503555
-0.143472096293953244039443006841
-0.149351226858800562036222459028
-0.155238638366109876765008834809
-0.161134342704563560122466014946
-0.167038351712426091921770421322
-0.172950677285396842153275542842
-0.178871331334309269234239536672
-0.184800325787574770686205738457
-0.190737672591168805347194847855
-0.196683383690389734788084297179
-0.202637471103789962301178206872
4.40731223172719678367509357078e-12
0.306533808006192953765634001684
0.257958601218575667157750785918
0.212943536346577699802651295613
0.166195146371504454130274552881
0.133215943568658345963484634922
0.0995208328846343137641383691516
0.0587002385823483588400684141106
0.0216286227762276343777880782682
0.000796000095505807196867575914467
-0.0269855571623458488639268892939
-0.0338367475805262385435412397783
-0.0611128013995743749053879412259
-0.0804988242282163035667963413289
-0.0971576935472853869812936977723
-0.105246279823732399871794029877
-0.114495610510101902823620889649
-0.133253350421220329025118189747
-0.126639534360887484609747843933
-0.145940814872014740233296947736
-0.148254869537196409812196407074
-0.148036568143237401429246347107
-0.149583471325317990396897016581
-0.140519228567731774282023593514
-0.127085365443226239179352887732
-0.124053172417870422039598565789
-0.129160238107803471141465934124
-0.117699043944414855067392977617
-0.118086465760248018885825160851
-0.107620431068226607429494379176
-0.095276114388697236146086311237
-0.0831814172459868772513402745972
-0.0708386396616951935500949844027
-0.0547161686395429558427139227206
-0.0472141697182914127361996747823
-0.0349733226272634645237502581949
-0.0321551213893283976963388681725
-0.0105527550887561175074758068604
0.00429705347012523074246015397648
0.0168197052262194571281561650267
0.0317826106947119990664418764936
0.0331502205407352146249166935377
0.0580689297354788080962606500179
0.0815548491933948127563525076766
0.0752583329178587445706938297008
0.08336543836104133575748420526
0.0878178064601073948836074123392
0.10375210947006346939858190126
0.110984868863006985728603126518
0.117792086294152525960399202631
0.14077440726240922352907602999
0.129806901883555370069700529712
0.124924152336441676713896242745
0.141418500041132433331370066298
0.133088072121028577754486832418
0.132758336187222353297343602208
0.134732087335581257603323024341
0.120421023270121510528873898238
0.109174676001561554716801083487
0.111861575386518849462014202345
0.0979803868615350542770059405484
0.0783370382641961904290894835867
0.0652556571199146839834526190316
0.0400026498488436771383547352343
0.0189040024767038704334165544196
-0.00427420139780623157405026191213
-0.023132419066021443071479168907
-0.0693498529370146776784622488776
-0.108293231768404732417998559413
-0.128756921225301940170382408724
-0.169889017031760208853441440624
-0.21610044241680489984780422219
-0.257563134342137900478775236479
