3
910.612443803807195763511117548
0.114888776943728523893817339285
0.114969949275148461409479239137
0.115051201398311139789676360579
0.115132533428858360724511555873
0.115213945482585677915210453648
0.115295437675569184543533651777
0.115377010124046316952295399005
0.115458662944471227018716774637
0.115540396253525495806613321292
0.11562221016806853435276991604
0.115704104805231813846155830561
0.11578608028230208404352197249
0.115868136716799186025639301079
0.11595027422649739623494724583
0.116032492929320080188304586954
0.116114792943431729965730880849
0.116197174387245721893791028378
0.116279637379329059410082436443
0.116362182038520903248901561255
0.116444808483840367419048789088
0.11652751683452318431921668207
0.116610307210097116636937641942
0.116693179730155457973772570313
0.116776134514697760291568329194
0.116859171683804705099696263915
0.116942291357805538964953484538
0.117025493657284498927317883954
0.117108778703011978672421378178
0.11719214661603119531640970763
0.117275597517528529234454026664
0.117359131528970345170748146302
0.117442748772032909410079071222
0.117526449368597366018640570928
0.117610233440799447079960771134
0.117694101110972865198434078593
0.117778052501660165929386892003
0.117862087735720932890615131328
0.117946206936090564054708806907
0.118030410226073995128004412436
0.118114697729113676816226075061
0.118199069568898793014533055157
0.118283525869381511697042697051
0.118368066754702808140997660757
0.118452692349209812161525690044
0.118537402777550135435369327297
0.118622198164560058164518352442
0.118707078635301610525232263171
0.118792044315035802415359000861
0.118877095329357848618734294632
0.118962231803978649158359814919
0.119047453864911070842147466919
0.119132761638364989553728889859
0.119218155250819871082690326602
0.119303634828935634093483031393
0.119389200499663714061249208953
0.119474852390162866733192004176
0.119560590627798293827943609813
0.119646415340225492629500081421
0.119732326655288406902499787066
0.119818324701120679232069221598
0.119904409606010189937030929741
0.119990581498578066654836504767
0.120076840507608376129589089487
0.120163186762167889520824815008
0.120249620391534417507273246883
0.12033614152524327312043794791
0.120422750293064553805955085863
0.120509446825000754444090489415
0.12059623125130988774422746701
0.120683103702482488750469258321
0.120770064309246777378703541217
0.120857113202589946943099619148
0.0595146537976988451723592277176
0.19992892062818373721810871757
0.194517872141083625336932527716
0.189099646652975572624910682862
0.183674234227950872178070085283
0.178241624949320137671904262788
0.172801808843934673332043416849
0.16735477593722536404641232366
0.161900516281052286871044998406
0.156439019863349459971146870885
0.150970276651844231841081978018
0.145494276624360929783819074146
0.140011009730120178362611227385
0.134520465930008520372140878862
0.129022635110230210475634748946
0.123517507183182190244608023022
0.118005072047645848121177891699
0.112485319577964967829863951465
0.106958239607591903963523805032
0.101423822006471611723021908347
0.0958820565704649463434350309399
0.0903329331503858329321943188006
0.0847764414969856550108318060666
0.0792125713877676607133082598011
0.0736413126039801024802500251099
0.0680626548852743817885624366681
0.0624765879445301486327934981091
0.0568831014756368824603072198443
0.0512821852131661384821548210766
0.0456738288193099181699885491525
0.0400580219449451283009189239692
0.0344347542493844624433840806432
0.0288040153274701400676338636231
0.023165794829396142012756243389
0.0175200823449971690437543259122
0.0118668674419421214805137054782
0.00620613966651552013270576324544
0.000537888589605614803393351941452
-0.00513789629434641906963188162649
-0.0108212254225792652712057062558
-0.0165121093287144173056280038736
-0.0222105585542109046359726676201
-0.0279165836326349184326467423034
-0.0336301950737031216109862441499
-0.0393514034991428729437501488064
-0.0450802194700432729002059772938
-0.0508166536374022245747816839412
-0.056560716571704888755434126324
-0.0623124189425336566516833158857
-0.0680717714111437194324238930676
-0.0738387846151032506414324529942
-0.0796134693067974269498066064443
-0.0853958361301590251901671990709
-0.0911858958751834841605088399774
-0.096983659254394519177999711701
-0.102789137001253250147669859871
-0.108602339952292209490636309965
-0.114423278853133927879248687987
-0.120251964534613828283760028626
-0.126088407830104054507813771124
-0.131932619586003746503521938394
-0.137784610670446089342178197512
-0.143644391952886057994831503493
-0.149511974347670051344039165997
-0.155387368782803930722380414409
-0.161270586162498119620067882352
-0.167161637443722699281067889387
-0.173060533613508593653307343629
-0.178967285651555479963903394491
-0.184881904573559963100848335671
-0.190804401389763178542580135399
-0.196734787146887829534236402651
-0.20267307289060360053767340105
2.02536315247715330320252541634e-11
-0.330668783166815138940819451818
-0.191392974069335919384826638634
-0.198305413390620466351776940428
-0.195833606423436112908831319146
-0.126160033135054000519303940564
-0.0847727955479433969987468344698
-0.117210681789823495391189567272
-0.0177887011472104804299387836863
0.0195300128408613868358223442101
-0.0253498258929757587509801197712
0.0559033524328585232354704714908
0.0737065370748131165612448967295
0.115296101117720317663639661987
0.0979258767366981697222172442707
0.116413725205712553778525375492
0.155344656708905626274486166949
0.103278503690761913613727074335
0.13450718660265439940992848733
0.12072477955002179628163361258
0.147456464339150189468696794393
0.177194614475166156708496600913
0.14452328673064682162952010458
0.113094885893091398609833220235
0.0981687445512016837456670259598
0.0846628429182081643222801403681
0.0858868321581650329132884280625
0.124744720786181373384238213475
0.142360616129934142159996213195
0.131138691681724650628382278228
0.0759013493885558609974850696744
0.12074884206152693144620258181
0.00584129566332507784570671205415
0.0748966970207846916007810023075
0.0326402479020048361113559565183
0.111643592184441489689739057667
0.0275205838741604189023881588128
-0.0287717011417113407989454287872
-0.00435285151384693508314072118992
-0.0184435476497042984134200338531
-0.0429854328525373849401169934481
-0.0682466877790049442076281138725
-0.0381713377884379534421555035806
-0.0599044994109874801013759793022
-0.0620610886648469695092700249006
-0.0825455013489449218599958157938
-0.0776544594673519023020347162856
-0.114550560928830882923001865947
-0.122402688349136798406924242499
-0.127731492873630780859883770972
-0.130758954726398951562416073102
-0.111394502977720952219264916039
-0.161357490777179590768497519093
-0.11659758486322263637546825521
-0.086767467102739095907715238809
-0.139129867573389659485272318307
-0.102327296966935946120891287592
-0.164391341075302649388234499384
-0.103787803620111598879027781095
-0.0750211103210501883964411717898
-0.0485919665306065798326962124065
-0.104010978661334824169060198074
-0.0803306090070054490404061198205
-0.0503517464292468491793286489155
-0.0473315447364638583471752042442
-0.00668596625999235728843306247882
0.057071844965101183044797750199
0.0416939946203862960016905958582
0.105342970990280629384194810427
0.145623270158776935145894526613
0.143561490363347477039468458315
0.229927573739969942634431276929
0.249828117253887177495741411803
