3
32.2084717915492149131750920787
0.114367452236780811625216358607
0.114462576575918767440853685002
0.114557804989367045811476941708
0.114653137655822537355199131071
0.114748574754344759285551447192
0.114844116464405454625108404798
0.114939762965813319084418253624
0.115035514438785110846730219691
0.115131371063912607555224099087
0.115227333022165590037388938072
0.115323400494876757149675938763
0.115419573663775212879478715422
0.115515852710995625685086451995
0.115612237819016194784182971489
0.115708729170740265423944492795
0.115805326949418418980286560327
0.115902031338735958532204506355
0.115998842522699527335383606896
0.11609576068576535345933109511
0.116192786012746115953397918474
0.116289918688879057029339492146
0.116387158899740550399570793161
0.116484506831324177711373124566
0.116581962670051691999262288846
0.11667952660268465781001623327
0.116777198816406579950921695854
0.116874979498801254140794014802
0.116972868837838708810927812465
0.117070867021896396487079528015
0.117168974239749881793848373945
0.117267190680553773374228399007
0.117365516533884647887298058322
0.117463951989721787638742966919
0.117562497238444682579050493132
0.117661152470833155203600028926
0.11775991787806974753216593399
0.117858793651764978682727758041
0.117957779983889440855726604696
0.118056877066856649727277783768
0.118156085093508875227819032716
0.118255404257028740033774738549
0.118354834751092222178137092214
0.118454376769723618290086619709
0.118554030507389315807209584364
0.118653796158953994677176524419
0.118753673919725813434844496896
0.11885366398538334264944893448
0.118953766552091527719525743123
0.119053981816346743372037053632
0.119154309975122413289838618766
0.119254751225796151725688787337
0.11935530576615960285380424466
0.11945597379443724517233960114
0.119556755509289278083251417684
0.119657651109746396289601477747
0.119758660795331969839416785817
0.119859784765935228900701758903
0.119961023221919996228912452807
0.120062376364053771671258630249
0.120163844393532087684306475239
0.120265427511994718590138120362
0.120367125921490791817802801233
0.120468939824528997739605529205
0.120570869424021342997122019369
0.120672914923327115332973846762
0.120775076526252550523921058812
0.120877354437031056533236039741
0.12097974886031080676840332444
0.121082260001234329194197414381
0.121184888065309540050584757864
0.121287633258553392834322437466
0.121390495787373139946474509543
0.00504985352435056208258989940418
0.199974170270624695966432682326
0.194584469443094015828066289941
0.189187014716100943001464429472
0.183781795015789950475948444364
0.178368799273260658644346676738
0.172948016393112552480104682218
0.167519435287562135084016290421
0.162083044818223442895543939812
0.156638833838056018565865201708
0.151186791205232096135802066783
0.145726905713956023102895187549
0.140259166183217182100051445559
0.134783561396474738103279378265
0.129300080131126426952192787212
0.123808711133183424468739985969
0.118309443118270671280178873985
0.112802264816638103672730153448
0.107287164915484470317785792304
0.101764132103420973374241498277
0.0962331550373581867674488421471
0.0906942223515920797893841154291
0.0851473226705580926720884349379
0.0795924446048349304438929152639
0.0740295767273640020755820501108
0.0684587076360294449761667578969
0.0628798258472940824193031517098
0.0572929199168700636901618850061
0.0516979783377172902314455882333
0.0460949896243752002544802337525
0.0404839422388506425809495681278
0.0348648246479394269270457584753
0.029237625280959893964149998169
0.0236023325725813297448762995145
0.0179589349230142858448999731991
0.0123074207029897266657547660884
0.00664777828835371679266907918304
0.000979996023689572344494980171703
-0.0046959377700279735304289552289
-0.010380034777707554394243771867
-0.0160723067108721612283872559601
-0.0217727652925786691051612820047
-0.0274814222933566984496955853956
-0.0331982894430496167093025405848
-0.0389233785578259189330552203501
-0.0446567014233652179178157837214
-0.0503982698796685210651524755576
-0.0561480957606466449250071093502
-0.0619061909289957412738658604212
-0.0676725672637861347391563526799
-0.0734472366633499712529342673406
-0.0792302110601341424978016902969
-0.0850215023753281839979933920404
-0.0908211225794909177144731415865
-0.0966290836385516743733958833218
-0.102445397568346960315288640686
-0.108270076349319482877930909126
-0.114103132054140313234036341328
-0.119944576721805265528963957422
-0.125794422424221008505185182003
-0.131652681253695863494712625652
-0.137519365325092873808543458836
-0.143394486776633717228790487752
-0.149278057755409782059174972346
-0.155170090435711754972558651389
-0.161070597004520810191507962372
-0.166979589676723716440420730578
-0.172897080686975374019809237325
-0.178823082276985734218044399313
-0.184757606727392859058412000195
-0.190700666319580686147716619416
-0.196652273367762947531289796643
-0.20261244021418772787157536186
4.18997951333452548153900884202e-12
0.304378048221874863976665892551
0.255991252546615533081109106206
0.208571786128591396547449221544
0.169278254847471026911520652902
0.126689025072694222417979403872
0.093198770034826003416661421852
0.0646866805821609963667029319367
0.033709843756443667872613190184
0.0085916602477930648085191478458
-0.0198507383711830250050400792361
-0.0463002064333375012994409303246
-0.0655687508702548355055128581625
-0.0716812222763520967561134966672
-0.0937920549688095045448577025127
-0.104303779442994168369374108352
-0.119705133030014926331929814296
-0.12814655159267682171808644398
-0.134311537495422628207819570889
-0.143855589692035990001528489302
-0.13645924842996093317992745142
-0.148865741101887660846614380716
-0.144166770800960547527225230624
-0.146701931120201051195195418586
-0.14075553822473224618860854207
-0.134381050127196227661485750104
-0.126438782983342823396100129685
-0.119368482532350023150868878474
-0.11376651899777867615881632446
-0.102926590556810720888947230378
-0.0955779058013310339747548027844
-0.0807763632848247370432659408834
-0.0695589272662262142477018755926
-0.061767575460597294589870642767
-0.0491004843903402252158763019452
-0.0361380060363884481056118147535
-0.02247110439268235407284102223
-0.00941329577225114011440609829151
0.00345548003794780931446917193739
0.0139264135242572421186091347067
0.0301921928917548154647221281266
0.037433375211750108402242176453
0.05387186877059316203464334194
0.0641212218039795972535088708355
0.0751017190585891170062637911542
0.0857688072924067956837035353601
0.0955396814995903426170897887459
0.105569072300636918049221435467
0.114298045971362949302374545368
0.120195111263162804360327129416
0.127552591802844533797056669755
0.128518417444810045813241572432
0.138232022187676023561309079923
0.129427547210861082493948970296
0.135244240683732142027650979799
0.137821897862793446565277122318
0.13643742260046909375859058855
0.127753269315137585326880298453
0.118164839719605049839223909203
0.101826605584332249843093620711
0.0925404285222959921419771944784
0.0795302177781840452519546147414
0.061587974212838007825876474044
0.0483760651793348345206524641071
0.017946122720257452753944704682
-0.0076968191571267878525741679141
-0.0276202933441241152423550886397
-0.059157207336682907095060102165
-0.0983392600289591939377586982118
-0.134022161250992588588104581504
-0.171520020570288589389917888184
-0.216565444251860111934959718383
-0.264411412880974638905939855249
