2
80.0106107180389898303474183194
0.115212421992935812320446586909
0.115284891250961932240848284437
0.115357426394666298663516101897
0.115430027506954510641001832028
0.115502694670855762804073663119
0.11557542796946915220068774488
0.115648227486087551429960740279
0.115721093304103614385347498228
0.115794025507042944167501730135
0.11586702417862511371726697007
0.115940089402564769360814977972
0.116013221262870391825572369271
0.116086419843571819754401985847
0.116159685228871087381286031359
0.116233017503089813837746646641
0.116306416750728128239877889882
0.116379883056357102955047366777
0.116453416504704754252941256709
0.116527017180673292395809426125
0.116600685169227225035371020567
0.116674420555534008592246664193
0.116748223424850458562751498448
0.116822093862579801104573107295
0.116896031954284121412435126786
0.116970037785646199801625755299
0.117044111442462364647276729102
0.1171182530106980312911701958
0.117192462576443029442785359606
0.117266740225923274398844853295
0.11734108604552152821387522863
0.117415500121690344337288536281
0.117489982541121737447120665365
0.117564533390563039083609453428
0.117639152756932749421814321522
0.117713840727318275192203600454
0.117788597388878382710153402968
0.117863422828953873233714944035
0.117938317135033596261273203254
0.118013280394697994690744735635
0.118088312695722216782989733019
0.118163414126002563886430607454
0.118238584773545998829469283464
0.118313824726549554622323512376
0.118389134073322771500968997316
0.118464512902326637999728120576
0.118539961302152940803011915705
0.118615479361527748070059828933
0.118691067169348130061479196229
0.118766724814630922346658792321
0.118842452386554761623038700691
0.118918249974406142754901338776
0.118994117667649959568798578857
0.119070055555894407928185785295
0.119146063728859344377219997568
0.119222142276430909113571487978
0.119298291288649813135513966245
0.119374510855675020071231529073
0.119450801067826503643054536496
0.11952716201556648489834344673
0.119603593789518666823390447007
0.119680096480404396519503507079
0.119756670179151730737387993031
0.119833314976791380224163674484
0.119910030964533551034456593243
0.11998681823368444188115944371
0.120063676875756517037352466559
0.120140606982377801115191573444
0.120217608645318482785135927315
0.120294681956511717579871856287
0.120371827008057805108443005793
0.120449043892140270073376484561
0.120526332701154800797205268736
0.00158263304400330486257364448477
0.19994632062138223416170035307
0.194518223182048366481922130333
0.189083410470457957686107874906
0.183641873556600998540488944855
0.178193603421187674040737647374
0.172738591086119552819866385107
0.1672768274684321154754940153
0.161808303587889779073805129883
0.15633301042319053264506578671
0.150850938853748645085417479095
0.145362079774410901666925610698
0.139866424156947388723892800044
0.134363962931435210190755924486
0.128854686888451780424347248299
0.123338586988567935898153393737
0.117815654007128983726815363298
0.112285878818951564972472567661
0.106749252251518864098578376343
0.101205765115361195904952751334
0.0956554082142710843106314655415
0.0900981722751978408858519742353
0.0845340480922561754439925607585
0.0789630264604769399605643798168
0.0733850981481127123684515822788
0.0678002537380343328621279397339
0.0622084841154251985684275894073
0.0566097798090836601403452732484
0.0510041315663390115719977302433
0.0453915301264724638241609966371
0.0397719660304424668662015562859
0.0341454299501549943252065588695
0.0285119125395479136586551760502
0.0228714043773638395218306129664
0.0172238960809000495044696066316
0.0115693781443927078134148445088
0.00590784125737778796627619470883
0.000239275881260585991747863454648
-0.00543632739284722471539978982946
-0.0111189781247036014594220532103
-0.0168086857184155773203837469509
-0.0225054597825733553040361556441
-0.0282093097649416188477111688826
-0.0339202452224123054969062707187
-0.0396382757507842756194982314355
-0.045363410856005093041432019163
-0.0510956602351476385504014388061
-0.0568350333726905521114503017088
-0.0625815399385400844556315291811
-0.0683351895460342639854189883408
-0.074095991895846716190909830857
-0.0798639565761236625007768452633
-0.0856390933007796228970676111203
-0.0914214117363807282634624584716
-0.0972109216440396328717810092712
-0.103007632683423486219531639563
-0.108811554676580157785537039672
-0.114622697291015915310730122201
-0.12044107031976220012481348931
-0.126266683539225738064359916279
-0.132099546834968828434853094222
-0.137939669892856553445881218067
-0.143787062693708306282402986653
-0.149641734924744723711498295415
-0.155503696528635854123834292295
-0.161372957424234630963155723293
-0.167249527398160235946988905198
-0.173133416450189397961523241065
-0.179024634427856099705422820989
-0.184923191359027822011640296296
-0.190829097190420737817362351052
-0.196742361792060643788104812302
-0.202662995283177327365820019622
