3
517.33706247663576505146920681
0.114829708255404935868249083342
0.114912465384899964426779206406
0.114995304946858015182620249561
0.115078227063509300198695939343
0.115161231857234147568647131266
0.115244319450721152686689663369
0.115327489966848786839825891093
0.115410743528758810705348025749
0.115494080259765583007514067049
0.115577500283440104400511927452
0.115661003723606090054509820675
0.115744590704285221782754433661
0.115828261349739794483504340405
0.115912015784460975531544590922
0.115995854133195505641928946261
0.116079776520866415068233834518
0.116163783072699561271790003047
0.116247873914104613013442701686
0.116332049170749157740445411946
0.116416308968511461596762046611
0.116500653433540227177367398781
0.116585082692150912575534960069
0.116669596870996455928448654049
0.116754196096893525513848999253
0.116838880496903996242252787852
0.116923650198352102602683544319
0.117008505328761142072480083698
0.117093446015939947613127003478
0.117178472387898552353746595145
0.117263584572914289494427464433
0.11734878269947125739580684467
0.11743406689631903649928545974
0.117519437292451511822832799226
0.117604894017088970614715037755
0.117690437199690259295614680468
0.117776066969979609222463068363
0.117861783457896551752241975919
0.1179475867936680133496452072
0.118033477107701234576353499506
0.118119454530696610383699862723
0.118205519193578911796294050873
0.11829167122753152241454444038
0.118377910763969321217281560621
0.118464237934571406385408920414
0.118550652871267467314275734225
0.118637155706173669234004819373
0.118723746571740618183099513772
0.118810425600638785992302359773
0.118897192925761979731547057781
0.118984048680277954002093565578
0.119070992997592620121771744834
0.119158026011375969832606358523
0.119245147855548780380097184661
0.119332358664253637692276299731
0.119419658571944642400097791324
0.119507047713267089417144006802
0.119594526223185643187818527622
0.119682094236821578991936121383
0.119769751889662601218589088603
0.119857499317388357940039611549
0.119945336655929851721325007929
0.120033264041502218955059788641
0.120121281610596680744507125382
0.120209389499892085884091841308
0.12029758784639202340294161786
0.12038587678732350083610214142
0.120474256460184461769991060009
0.120562727002740774362443687551
0.120651288553000252123936775206
0.120739941249241020115867684126
0.120828685230011112494707958831
0.120917520634109723620674969879
0.0387687683591621742862365351812
0.199930583010837409352333793322
0.194522243264032307363819995771
0.189106653217785219966984300299
0.183683802817216246250353606229
0.178253681949130216022325612357
0.172816280551389228614667104011
0.167371588481200483933264422376
0.161919595629622187216156703471
0.156460291826991670927071709229
0.150993666931985404122684713002
0.145519710728707174496321385959
0.140038413046016108065572325359
0.13454976367286211602625201067
0.129053752379452629783784800566
0.12355036891336897142412709627
0.118039602999288492646279280507
0.112521444387502111972310103738
0.106995882786447241152849585433
0.101462907852934353103435682897
0.0959225092844114834988999973575
0.0903746767201490941445740645577
0.0848193998238632035358008920412
0.0792566681950456625171952396158
0.0736864714614662297265113011235
0.0681087991991644187139698374267
0.0625236409828777428554502648694
0.056930986370560647535921106055
0.0513308249155427637200332924294
0.0457231461106310521635975874233
0.0401079394868261787654439842754
0.03448519453754741309614573197
0.0288549007273492148784033162201
0.0232170475122895035580139477815
0.0175716243244045597360347699123
0.0119186206036439468897158988625
0.00625802572941143095408556007442
0.000589829127569990317898895870741
-0.00508597985636727225461362067449
-0.0107694118704646669276714376906
-0.0164604775462987747147725059449
-0.0221591876076116627014567228571
-0.0278655527128893153177013886079
-0.0335795836000157069123339681482
-0.0393012909883622418849569157828
-0.0450306856166354033121912436854
-0.050767778278604624997427663402
-0.0565125797304202245885385025304
-0.0622651007766575059765301602965
-0.068025352240416489535412836176
-0.0737933449755188985985654426258
-0.0795690897873588820488066630787
-0.0853525975775464018635574348082
-0.0911438792367109951175763171705
-0.0969429456463298533375194665496
-0.102749807740201051786677055588
-0.108564476479383886786678203862
-0.114386962771042405284660503639
-0.12021727763887753159810500847
-0.12605543204399938250759305447
-0.131901437009306760073101827402
-0.137755303547269419839338411293
-0.143617042744068584836369950608
-0.149486665612261898639090418328
-0.155364183259641880363588484215
-0.161249606784242993651190545279
-0.167142947295882471347994169264
-0.173044215935791029226109571937
-0.178953423849541243262351031262
-0.184870582216942608289045324454
-0.190795702222400442860106295484
-0.196728795080046342524937585949
-0.202669871992644246017079012745
1.45557568899663435939457350373e-11
0.317436236009990435658068008706
0.254079371452601232572732214976
0.179577601062709479862178341136
0.1688922028583290380066017633
0.136496040016829522922847672817
0.102568192409078079441187014709
0.0641097635322977893457263576238
0.0292947412868937613616981963105
0.0193819759039072607442744100581
-0.0294436643889083929370720227325
-0.0339861654329578002919909351931
-0.0632588772374832325473548166883
-0.0877027339422525170631317337211
-0.123841942114305714195410246248
-0.101024666072970004115916253795
-0.134675671365144494773247174635
-0.113675561090870055891421941396
-0.131081199469499282139750562237
-0.130947206535353993794856819477
-0.124300158643723193674368587835
-0.16495784017992731751434121179
-0.135533228285990653416703821676
-0.138302239783784308713165955851
-0.156408005510959374761981166557
-0.151614211445259938759733131519
-0.125469203665037526418402080708
-0.0926775757743855399528598582037
-0.0943869406270924915514086706025
-0.12026406415448047393379482628
-0.0719538205031339389572409004359
-0.0880178418928583422564670968313
-0.0525300378940173617881015388775
-0.0665664536983053556351563884164
-0.0173673944784787405437587182178
-0.0451059376770809039580711896633
-0.0349065451953081140601398146828
0.0126054576338072450020222348144
-0.00886141538793177793720268198285
-0.0144616685873943974505184684176
0.018855862642011219504345476139
0.0495344098945836447400736801683
0.0392960023989402246202828905552
0.0740986725463345513587043456027
0.0606947634015049392042229214894
0.0927428079074009287241509014166
0.110920756232997713697230324215
0.0922644360944785413281010733044
0.101436917139976337520756999311
0.138144862877559199132448952696
0.127954254543769241347916931772
0.110936548445633970105816956675
0.142917701967067684032386409854
0.155710615577561106714910010851
0.138299915637258380440854921289
0.125439711607473691756808875652
0.113896591478013398113233733966
0.122466486971360477564729762889
0.112113803806608111623965839954
0.100272343747894218668470500688
0.0841558128072167066502373700132
0.0801660042078338325177710999014
0.0712438920509020634508345892755
0.0380465165634556318208225889066
0.00450521064598784215515792084261
0.00779794776990181803116852776725
0.0171582811230234916211045970158
-0.0536446706213300900101259571784
-0.102781886842145592231290152085
-0.143309321161647351683399165267
-0.187488287816818560704845708642
-0.206716323943442081834120926942
-0.268211723419589709305199676237
