3
610.533144131649464725342113525
0.113800409857336373709024712753
0.11391062659294523551345434953
0.114020976077541330573339450893
0.114131458568850333024080612176
0.114242074325155512637408605769
0.114352823605399597783893739233
0.114463706669067702414999132543
0.114574723776300263500260712135
0.114685875187814187436963209166
0.114797161164910982433795538782
0.114908581969536086053729206924
0.115020137864249222259260818646
0.115131829112175274043572414939
0.115243655977086661978958659347
0.115355618723343433806860502955
0.115467717615958032073564254461
0.115579952920523532089447371618
0.115692324903243118350282259144
0.115804833830994727272845068455
0.115917479971211379030648913613
0.116030263591999041605795639498
0.11614318496205502939666587281
0.116256244350720433500256945081
0.116369442027950464879637593185
0.116482778264343320162588213407
0.116596253331129287578171727091
0.116709867500144462426625580065
0.116823621043876210712220142796
0.11693751423545388490321528252
0.117051547348656942437727934703
0.117165720657856325948031894768
0.117280034438093067050701279186
0.117394488965069390684625716403
0.117509084515093079059688818688
0.117623821365109501591028617895
0.117738699792796289167462475689
0.11785372007637673341662321036
0.117968882494774746083621153048
0.118084187327541514922479848337
0.118199634854920354598561971216
0.118315225357792597193906658504
0.118430959117656761647729979359
0.118546836416745030029495922008
0.118662857537883331682238008398
0.118779022764604239026375864796
0.11889533238106408941092695386
0.119011786672111791185457718711
0.119128385923272947510831443196
0.119245130420708514429328772621
0.119362020451287603739487508392
0.119479056302498706787496018933
0.119596238262584572686897388394
0.119713566620373565441148855371
0.119831041665454871014695470421
0.1199486636880258000337207136
0.1200664329790009782206183786
0.120184349829980982593546912085
0.120302414533249885097987430527
0.12042062738175869640588899756
0.120538988669168747880355851976
0.120657498689829084659308477967
0.120776157738746725556211458752
0.120894966111661034124935554246
0.121013924105013645493578167134
0.121133032015894592792193407149
0.121252290142119273363974230051
0.121371698782260339921634795246
0.121491258235470175885772903257
0.121610968801717692078234733799
0.12173083078162021120061098145
0.121850844476512440439641693501
0.121971010188452799738456633349
0.161543688629486009711300198433
0.200073536653693928588637618304
0.194702828688588791550273526809
0.189323855061462958948581558616
0.183936603759230515864331323428
0.178541062761886526466525992873
0.173137220017338500088754926765
0.167725063458997153409413272129
0.16230458100388014952564219584
0.15687576054881938181218004047
0.151438589964543290911080930528
0.145993057114106317140311830372
0.140539149836339416488328879495
0.135076855941463680466085861553
0.129606163238632610124057009671
0.124127059503350914426711426586
0.118639532496931321414734838982
0.113143569960774681426585175359
0.107639159617630320031622659371
0.102126289168189610112591481084
0.0966049462982564860480394486331
0.091075118668952612099865007167
0.0855367939209779049036797005101
0.0799899596840676907483214108652
0.0744346035643460995911979694029
0.0688707131371683878295897329735
0.0632982759752207663206391430322
0.0577172796237076513037322911259
0.0521277116055691505658309381488
0.0465295594264040351939470951947
0.0409228105757852012036579480991
0.0353074525123872398624236268461
0.0296834726885713273691891345152
0.0240508585328530338776076291651
0.0184095974443026465239281463937
0.0127596768104284805783743550478
0.00710108400038606847604061300672
0.00143380636019232576144899482529
-0.00424216878745283052648540333962
-0.00992685413495867675914841044005
-0.0156202623993311646988235708022
-0.0213224063165966155886099642203
-0.027033298634048217451431028735
-0.0327529521339593246431753925663
-0.0384813796105403643776909916596
-0.0442185938788145632694082109992
-0.0499646077773140961930664616375
-0.0557194341595977568615261077412
-0.0614830859090752315787575810191
-0.0672555759212270648506049042226
-0.0730369171148438911522760008666
-0.0788271224243386192664928557861
-0.0846262048174951514445396583142
-0.0904341772688181388950567907159
-0.0962510527870545640194421821434
-0.102076844384471801530089862808
-0.107911565110417967394695892835
-0.113755228025633259303361910497
-0.119607846218139482474818180435
-0.125469432795487084719709969249
-0.131340000873248069490628608946
-0.137219563608442007840437781852
-0.143108134169127126922305137668
-0.149005725736139987835926490334
-0.154912351531528880155264005225
-0.160828024777572659020918877104
-0.166752758734478118141097979787
-0.172686566671143515439013071955
-0.178629461887814033893562282174
-0.184581457693338252257220233332
-0.190542567432056580978283477634
-0.196512804460162726627459051087
-0.202492182157729794234057862923
2.49457437060741136619763790732e-10
0.305952020685106129693764387412
0.25784325500605465020242945684
0.212454961253646795737992647446
0.169083846365254808485900639425
0.131549563398718760698358209993
0.0945980858527065704421943337366
0.0609637973177916889233607378173
0.0315704885149215852546689120572
0.00352255060246399204909595326285
-0.0232271186457890695120642732263
-0.0435084654169869133877313061021
-0.0625928966049248414194039469294
-0.0799849794350536436038368037771
-0.0967723048758224180243558976144
-0.108081549673970156444369195015
-0.11941995252977365138402632283
-0.12847626097403663791851613496
-0.133960933096412243559214516608
-0.138427077442483364988490279757
-0.14209140449589666155283396165
-0.143417268781975831837272039593
-0.143038862028507046675329661412
-0.142120207063705317196422583947
-0.137786752905466713947646439919
-0.134414455185881798193747727055
-0.128287944444673313038052242518
-0.12070134413514913007681172985
-0.11142645833486046480498288247
-0.104357039479128430037313535195
-0.0943626682139024758333434306223
-0.083265966565868834714514434836
-0.071357581524128035899146027532
-0.0602177078151893765967095362157
-0.048587323721983259605661231717
-0.0347053037356689145220833836447
-0.022987242613029725685214188502
-0.00978117140538825244333587249912
0.00408659380745813368557284306348
0.0141042542605311176096005709724
0.0265696664426736360586911445125
0.0413869126232078859972673967604
0.053295445856334673628840192805
0.0650912418547468368812403127777
0.0752067446614009815775148126704
0.0867486611583895284027789784886
0.0978495159883586151927659102512
0.105369252967235191298378538249
0.113376626056291188171520900596
0.12215280848299554794511578848
0.12538855471705381838809501005
0.129519122329132346793656438422
0.132928058455317937847084408531
0.134406107077589181963972464473
0.135528427706547160980221633508
0.132875971974277834464217562527
0.129880730715887543480491217451
0.122560390956397285977530486889
0.116710124333946271835138475126
0.107131325001780408623375251409
0.0941764654741032575246961755511
0.0793594657945888709571491403949
0.062744552829981620201138525772
0.0444366424824125874626368215559
0.0230690938028634447143350172382
-0.00297918800618325900139704565106
-0.0300175288605237407246750791501
-0.0616831066594399068936382946049
-0.0951299955383612116932567914773
-0.132208227404042616415225097626
-0.174086867410063794725516572726
-0.217092142142749494615472372061
-0.26288320248442659243792718371
