3
69.8800719631527726960484869778
0.114498317931458218343898636249
0.11458994717205343849553145219
0.114681674192074839480071091202
0.114773499153416183582443466094
0.11486542221828438536945782289
0.11495744354927660280107915014
0.115049563309262470323091065438
0.115141781661472111797372974706
0.115234098769441462017937283235
0.115326514797080600938095074071
0.115419029908626152858275304425
0.115511644268610380592576802883
0.115604358041965935011141652922
0.115697171393907227709973994934
0.115790084490019942742300429472
0.115883097496216225241738584373
0.115976210578771193882019474586
0.116069423904239660272352807624
0.11616273763959397702372200456
0.116256151952110725611433394988
0.116349667009403606732220737285
0.116443282979435569490789248448
0.11653700003052509803769254404
0.116630818331328545145453290388
0.116724738050854912052578526982
0.116818759358448931440221940647
0.116912882423827399480664723797
0.117007107416992772730424121619
0.117101434508382576393792362524
0.117195863868744934443988370276
0.11729039566917559556102901297
0.117385030081111146893491081755
0.11747976727638269334175191716
0.117574607427115743196743835597
0.117669550705853762084807101473
0.117764597285440017482294194906
0.117859747339101234020475317266
0.117955001040444429349918209482
0.118050358563399862554810226811
0.118145820082274144446898844762
0.118241385771673493398914445152
0.118337055806677290958894843698
0.118432830362644667121507779939
0.118528709615317195957828744213
0.118624693740775680184107443438
0.118720782915526637535386100808
0.118816977316397856534457844191
0.118913277120572383194208043733
0.119009682505627961690564120545
0.119106193649493805053474204669
0.119202810730479946688120662657
0.119299533927231346530639655157
0.119396363418801790268197748901
0.119493299384625842329832323685
0.119590342004450650437163972128
0.119687491458474626337959989542
0.119784747927168325198898912731
0.11988211159147245388201241667
0.119979582632661493923897921832
0.120077161232372803256751581102
0.120174847572662751860050889263
0.120272641835925522824091160601
0.120370544204937562904333958613
0.12046855486290304615426549617
0.120566673993321285540680776194
0.120664901780159636301981151973
0.120763238407692471976240256026
0.120861684060660931616659752308
0.120960238924122567838459474387
0.121058903183508509426857813196
0.121157677024708740343150736862
0.121256560633962548467756903392
0.00927397895179423586986544592037
0.199957355434703248908689943164
0.194562753490073903073209748982
0.18916052992714316172140343042
0.183750673951436654940394532787
0.178333174755516132847787957871
0.172908021497937020027890753227
0.167475203334213007533293193774
0.162034709380792646404856327536
0.156586528768480170992205557923
0.151130650583105458073518434503
0.145667063923383577339620842395
0.140195757823969979760647674993
0.134716721346743589782235517305
0.129229943521008749929279701973
0.123735413338528166260488205808
0.118233119801101793644448889609
0.112723051895282741496906453449
0.107205198566829820738810497005
0.10167954874373844043056180908
0.0961460913584653020791392918909
0.0906048153249804782971565941807
0.0850557095033206422840521554463
0.0794987627854759626444547393476
0.0739339640108454820843775223693
0.0683613020091466683236802737156
0.0627807655956464372160041875759
0.0571923435698059728915509936087
0.0515960247075889777423896020991
0.0459917977770649064050978438445
0.0403796515062659275296930161403
0.0347595746295143864790233578788
0.0291315558419570144743637740703
0.0234955838476596581831934429374
0.0178516473079933374323857719901
0.0121997348729135802331002835786
0.00653983517528523503048454301734
0.000871936832096957764939859636399
-0.00480397155884834062972155166449
-0.0104879014246338497784449828032
-0.0161798641944142541915230282257
-0.0218798713414055379100631171241
-0.0275879343233201394791631599901
-0.0333040646571295256839206899713
-0.0390282738377355706282934022511
-0.0447605734169663066479571966738
-0.0505009749328430637693720939296
-0.0562494899497771455587624700456
-0.0620061300706079981948093404753
-0.0677709068964134075940819457173
-0.0735438320478164764271156172981
-0.0793249171637154526504076557103
-0.0851141739346000653076984576728
-0.0909116140258914295912973102531
-0.0967172491295375247322141376571
-0.102531090974064389986786238751
-0.108353151293006169653132531039
-0.114183441846735345137631156831
-0.120021974415842627714745560752
-0.125868760801217893785519663652
-0.131723812801825795881782710239
-0.137587142262350026200579122815
-0.143458761034196247141636604283
-0.149338680991258548891309487772
-0.155226914017233430520548154163
-0.161123472025622160863633780536
-0.167028366951681689345221570875
-0.172941610743392731874834566952
-0.178863215363154831605285721707
-0.184793192809737161219629797415
-0.19073155507861724866636166098
-0.196678314204373261286917795587
-0.202633482223262412214026539914
6.53243711628303291351408155931e-12
0.307962073559112869958198643872
0.254161258717705951237775252594
0.213408893820693251752729224791
0.172710638535346766575528931753
0.130461271697437486416504270892
0.0956226874507307561534830142591
0.0646757138632313433035392336024
0.0344536631074675442354404708567
-0.00451131707058524331066529100553
-0.0263913245074630445352603658193
-0.044705021023085683706810300464
-0.0634838215002809097553537753811
-0.0857850901085831091252842384165
-0.101544319518164574689400581065
-0.110421048046245959262101621334
-0.115640961247304524528445313081
-0.126248772417760363184768834799
-0.129116539836440585853338802735
-0.135831681478126770068470818842
-0.143365348516968721392927932357
-0.147905447441111032036431538472
-0.139892109705858636026221120119
-0.142441969050879774227880147919
-0.137040894124724144109706003292
-0.133395434825308412118971546079
-0.125265064364304845589970227593
-0.121630163714680716857685638388
-0.111609161935283099365001646675
-0.106315606538002122016806083593
-0.0892451791640019309603815145238
-0.0769266876972731633577140542002
-0.0801967920927223326676980263983
-0.0548956124738381456840130567798
-0.0540898076231270188984900926243
-0.0375841575856127874111223263753
-0.023308871745931165897491865735
0.00130587062976410608894362042065
-0.00296741363199166160308228867848
0.0186362105168804831345497063921
0.0289316376694102039834888273617
0.0478773963108077432737630374504
0.0577351499978484561381719686324
0.0589124712707869910288671633225
0.0810045529917067380631934270241
0.0751350230929837270554827455271
0.10157720373833968585675080476
0.102556020172816633739820701976
0.113419595134917089440662607558
0.116950459792947214499037045243
0.117296239843441549299818404961
0.130862446940490928515288260314
0.125978018031005750687612021466
0.140054333588700508084201601378
0.134782240475428000126001393255
0.142062093377887360690081663961
0.125701688102670267044302931936
0.130645660610552855063204447106
0.118063653859191722284016634603
0.106604845870089656734158722884
0.0931974503202130238888045710155
0.0859677595307568043203616525716
0.0700299021760048961970923642184
0.0352557718666724542733170721931
0.0160126481322109097404915445395
-0.00536901165974606152386794377662
-0.0283599178176634908465914008957
-0.0646186553713401778953340226508
-0.0975614913507803216408120761116
-0.133285840519285825322981509089
-0.179075385958104627004416897762
-0.209792384760410677291275760581
-0.260150618877169281795147526282
