3
445.938984219278097498317947611
0.114850083388383400473387041529
0.114932293978143043600148587302
0.115014586086100781270324944217
0.115096959832168221904424854074
0.11517941533648078100693368242
0.115261952719391894128797559915
0.115344572101461539936906319781
0.115427273603522839717783199376
0.115510057346576489045730795624
0.115592923451887971686424805284
0.115675872040916102867491588313
0.115758903235346280458095691301
0.115842017157129120730196802924
0.115925213928382009331841118183
0.116008493671505175104385898521
0.116091856509037347211510393663
0.116175302563871651884142011113
0.116258831959027808533591041851
0.116342444817775114707103512046
0.116426141263627880295672412103
0.116509921420333006913949702721
0.116593785411848879784990629105
0.116677733362372013092844724724
0.11676176539632060480400355118
0.116845881638345208686224907524
0.116930082213351618780627916294
0.117014367246438572012223744423
0.117098736862971314343084827669
0.117183191188522023429285923157
0.1172677303489077504927706741
0.117352354470187339452458274991
0.11743706367862510875355042117
0.117521858100761864007743895399
0.117606737863337001970265305317
0.117691703093367100452226736707
0.117776753918032134338389482764
0.117861890464833904412778053938
0.117947112861454303511798968884
0.118032421235822596039533038947
0.118117815716129975767145765531
0.11820329643078238135434077094
0.118288863508449942907319041296
0.118374517077996080360868802472
0.118460257268589094770128156142
0.118546084209582111568259676915
0.11863199803058932513266654496
0.118717998861484458350545878602
0.11880408683234591760147225159
0.118890262073541932985598634787
0.118976524715640824547691067892
0.119062874889464015426554510668
0.119149312726136852313985059482
0.119235838356923154468525183347
0.119322451913407706625136484035
0.119409153527418404605597856971
0.119495943330992254738376345813
0.119582821456463206377662800151
0.119669788036354682314588160352
0.119756843203477028603209930679
0.119843987090896067493339671728
0.119931219831886010096511085976
0.120018541560028765835532738038
0.12010595240911513259529641573
0.120193452513189052988096250374
0.12028104200655194422342475491
0.120368721023751151788516722263
0.120456489699644550550594601646
0.1205443481692201196375791028
0.120632296567845215262693159275
0.120720335031073336407025919925
0.120808463694725851111932968251
0.120896682694891011156101967572
0.0319301841945500847197436655733
0.199929880834543799439373401583
0.194520617485113928024631491098
0.189104128825946765646293101781
0.183680404816774833776094055793
0.178249435486312474141712414166
0.172811210724756803003288041509
0.167365720478864887788006399205
0.161912954688888444110261843889
0.1564529032380563289272856764
0.150985556016650812605206510852
0.145510902935313046757670463194
0.140028933766061403076719216187
0.134539638391641819259447743207
0.129043006653091429924984367972
0.123539028329111552628738479598
0.118027693220816187746891046118
0.112508991098439148359489081486
0.106982911724800316966010882425
0.101449444829273080492804126607
0.0959085801334284560049070478271
0.0903603073527958489119527030198
0.0848046161773904627612097328893
0.0792414962876018813542344787493
0.0736709373475538525921635368832
0.0680929289943684734609519182413
0.0625074608164660899811693184347
0.0569145224804360402859337852988
0.0513141035548142984690223045163
0.0457061936165982993229839337346
0.040090782200986774252982058897
0.0344678589057140563611802974719
0.0288374131877927597500388401386
0.0231994345983594640880909309999
0.0175539126545357464237451239342
0.0119008367624842768123238911926
0.00624019646217490852463383177451
0.000571981127667619691952449745287
-0.00510381979295406081054142788389
-0.0107872169057845052053679069104
-0.0164782207725924188801425174233
-0.0221768420717007481990368233937
-0.0278830914206472033067818472318
-0.0335969794692989667805882447738
-0.0393185169417160709781633443072
-0.0450477144574880500327296317664
-0.0507845828054657374983626993981
-0.0565291326550577954979104333688
-0.062281374792267911455478923699
-0.0680413199401589396941858467471
-0.0738089789459083073230871718806
-0.0795843625198902476780560277803
-0.0853674815533931458100269651368
-0.0911583468163451871024705042146
-0.0969569692073500855045153912215
-0.102763359573257481716090921964
-0.108577528785821039725156822442
-0.114399487777941372135259712195
-0.12022924743305664352366335379
-0.126066818721377066347955064884
-0.131912212577439236227405672253
-0.137765439965947644740396071938
-0.143626511906722931222191164125
-0.149495439379889766273734608149
-0.155372233447148677676352690469
-0.161256905102329456402898699707
-0.167149465447346656787885876838
-0.173049925522706371516790113674
-0.17895829645285554754252643761
-0.184874589352926499419282890813
-0.190798815340589927869174857733
-0.196730985584124801190952780416
-0.202671111226264244464800867718
1.16707950530456001346528121735e-11
0.322514531020126338223263928739
0.249330673256804857818025311644
0.206118033165956365815318918067
0.160106668645293076513880237144
0.141373551811804887279322429094
0.103203560242201744512335892523
0.0676877287239026625975668594037
0.0371639017124957282689479143301
0.0149033728956950786703750111428
-0.0164931648720429424592737177591
-0.0641000804467838775080323898692
-0.0764084987816277816374821441059
-0.0925009063655181790197801205977
-0.12037916744778366651136281007
-0.117572907172516075147150615976
-0.150491116393436846765396808223
-0.126371551629471556843498092348
-0.169930059776500219648198708455
-0.160253883876121133722492118068
-0.121262983714226030285132651443
-0.126854183788096985807669625501
-0.116812834090134085029966115599
-0.100709717933107845144746761434
-0.133942531690440930214336390236
-0.10434333228411415972480824621
-0.136942119263033179610289380435
-0.0988871690283970317114636827682
-0.0912456506268033151751950526887
-0.128533660458183485175709392934
-0.0809649700189199045263777065884
-0.0885799681358600127234481647065
-0.102375731548282097871371831843
-0.0473002273127598113489078457405
-0.0662773823596706918026555399592
-0.0701133002200451105334622070586
-0.0443617402683330677715112244641
-0.00952886543725258057524474253341
0.0129135766256530167689353660876
0.0155658914019304664422271855528
0.0930900313250799943398661184801
0.0659799969649811079985823880634
0.0343497457059277616631121077262
0.0943733714927720845899727919459
0.0871606097441054716856712047957
0.0682846245035858417926633023853
0.11943057684991205402713632111
0.132652551362964665759847093796
0.103145121224100674850454595344
0.1071258349554371491763049562
0.133279968710631496753293845359
0.147633955191031646103638763634
0.0985734556678675155616531355918
0.148196985845552853255924219411
0.135619991089139080298053841034
0.103089245284218103404505484377
0.136942537527806024177934318686
0.0968957315007246272609009452026
0.0866383961598257423819546829691
0.116068957885328102874744615747
0.0964762117011062209082083995781
0.0509651054438787706746261108037
0.0535206703101130318311895450734
0.044176005663894318820084095023
0.00793344848460077363416775853011
-0.00629109452091478841412319766846
-0.0596941633025004775303656856522
-0.0441005594947201026712058080648
-0.0835000137673087977630004274943
-0.122510100046794301320574049896
-0.15646429123152286178033421038
-0.202827074822010122723270342249
-0.253521979315393275467016565017
