3
319.32735615055116795701906085
0.11439466402483783324939281556
0.114489061987361570582599767931
0.114583562704785327235335046225
0.114678166352295801688754295355
0.114772873105387598902105139587
0.11486768313996198465076759021
0.114962596632270569463329934479
0.115057613758959578764695663722
0.115152734696992942176052565628
0.115247959623766674241984730998
0.115343288717025316270081702896
0.115438722154860895496852890574
0.115534260115757972386951735189
0.115629902778581455935480448716
0.115725650322549486470613544498
0.11582150292730176988076351563
0.115917460772814631675409202671
0.116013524039445883873078457782
0.11610969290795243591407626127
0.116205967559447648218551307764
0.116302348175427477938725928652
0.116398834937802467259793104404
0.116495428028837610945345204527
0.116592127631149941602295427856
0.116688933927800442269528957695
0.116785847102228723670691579173
0.116882867338214915808869420744
0.116979994819947252793213010591
0.11707722973204427729942977976
0.117174572259425777143171387706
0.117272022587471991261764969749
0.117369580901981157561309032644
0.117467247389025100656745337346
0.117565022235169916453578764504
0.11766290562733841551512625756
0.11776089775287325311925457072
0.117858998799472688978617895827
0.117957208955241671377578427382
0.118055528408711765675498384098
0.118153957348800159321555725001
0.118252495964789261506666662171
0.118351144446403475085638490327
0.118449902983762178632076711438
0.118548771767339342075864294657
0.118647750988091868484808344419
0.118746840837318665129451744633
0.118846041506762589712309363676
0.118945353188523186838132517096
0.119044776075143146631951651671
0.119144310359592928150185286995
0.119243956235205991744940945409
0.119343713895739944597096382495
0.11944358353538636619006751971
0.119543565348713090590315744066
0.119643659530711987670770213299
0.11974386627682057082644462298
0.119844185782857853839189488099
0.119944618245039325010736774857
0.120045163860072925943178745456
0.120145822824979056631100604591
0.120246595337289555183168943131
0.120347481594916441705045428989
0.120448481796173068048005916353
0.120549596139833584129696930631
0.120650824825087821245972463657
0.120752168051511621360560866378
0.120853626019144483327849570742
0.120955198928462528962235467134
0.121056886980315525637053042374
0.121158690376026542678822295329
0.121260609317328585388118256105
0.121362644006391684481371839865
0.0484547921536564521471923683293
0.199970438389947907653620973178
0.194579738276250718831406061327
0.189181311222636455715573333691
0.183775146220528678986383397387
0.178361232246996875838718210616
0.172939558261736847644129966284
0.167510113215356387650345482143
0.162072886042883612667253601103
0.156627865635538848776420195463
0.151175040893207573988732406178
0.14571440069065455524821572908
0.140245933893135527048556809859
0.134769629324110684631676804202
0.129285475810422989528802872883
0.123793462151419786376749243573
0.118293577138381594826554987776
0.112785809529460864797378860658
0.107270148075267246490227535105
0.101746581522959705923270234962
0.0962150985569351219206524206129
0.0906756878925442239003373856576
0.0851283381940359934469952918334
0.0795730381312325929510365085662
0.0740097763348261522553528379831
0.0684385414332101815748643502957
0.0628593220270406705108001688131
0.0572721066958302993388230106575
0.0516768840119435773905465225653
0.046073642531550926260131006984
0.0404623707786041578171598587232
0.0348430572564694188142375708139
0.0292156904722289667564183446302
0.0235802588920222024049255793443
0.0179367509785432061031329453726
0.0122851551652833606426140633516
0.00662545986139784735813318405917
0.000957653491997918792678901045434
-0.00471827557806606991130937700518
-0.0104023389835751385590345563514
-0.0160945483746857652407324934529
-0.0217949154287490204362498502633
-0.0275034518458712289035172915419
-0.0332201693189552449414492230062
-0.0389450796009242344863920948228
-0.0446781944301073430381165962899
-0.0504195255690292956640696786508
-0.0561690848188442087840499539197
-0.0619268839732326215052893303437
-0.067692934867093421114070395106
-0.07346724933694556702867828335
-0.079249839253690709806043912522
-0.0850407164942258986251033547887
-0.0908398929577879377106341962644
-0.0966473805804354685333734664709
-0.102463191287392604844619370397
-0.108287337050527232573671199134
-0.114119829835473307610982374172
-0.119960681650320699631606657931
-0.125809904502417330141028628532
-0.131667510440198476384665582373
-0.137533511519575407655580079336
-0.143407919809203199257297001168
-0.149290747398068079920818718165
-0.155182006427724644703758372088
-0.161081709009009255151312345333
-0.166989867301320843440137764446
-0.172906493489395268747799150333
-0.178831599751574837897649672414
-0.184765198306270195249823018457
-0.190707301393459260907548014075
-0.196657921263535623301876853475
-0.202617070181677905171824249919
3.93139591618556539207442906787e-11
0.30958742390475513239778138086
0.259736817963319988056269949084
0.214396436602575651830804304154
0.164602321194112721780555830264
0.127341886885382060690119487845
0.0912546235595876331636588929541
0.0589999414343113856573630471303
0.0297782942754245064098661543994
0.00468649869971311285044013317247
-0.0186999683092256493988081444968
-0.0452046704728419554419893700015
-0.0597300202668661697757990225455
-0.0819781219057760246471389109502
-0.0950386359257313351189822014931
-0.112265401422693936184238339138
-0.119316539847943936525354047262
-0.125147980936398728335490204699
-0.131257014445263137103481199119
-0.140705404083433294193383744641
-0.142781234132642181888783738941
-0.146791864013651129905468906145
-0.139730863815675981909336655917
-0.139951515641295709535540936486
-0.138706909608370565489821046867
-0.133174516697401101872344497679
-0.126532734183171291508784861435
-0.119428886470357972782174726945
-0.111791999430178215502174055018
-0.107961193781716008333049217072
-0.0953859133834531192075445460432
-0.0865484191388385809551309080234
-0.0689201596909218838771238324625
-0.0650632453901767854320681294666
-0.042902699252682509334366756093
-0.0376170100753061009690725313703
-0.0205642639312743520652038142771
-0.00902913132893626117769780847766
0.000245091086265206744686934170474
0.0129746875606082910648009232091
0.0278431481068340952456097170398
0.0439133989953407119499750876912
0.0566321056590322752244404114208
0.0610151689672416563947621170882
0.0842726479114903059830510301254
0.0982280046847896076700479284227
0.0933385338417881127437425448079
0.102842733004809575025895185263
0.113393914202072884633842875246
0.118506515743366278026194038375
0.122756921770506635671615924821
0.122789425612997091241673786044
0.134921483858038593339756516798
0.135740995577927792137273854678
0.140085845246558315935203609115
0.133668197956901657619255274767
0.132053918155170146864207936233
0.123210640317733891024865044983
0.116401102474678927456430699294
0.103381723219857390994036450138
0.0919420451447823250390456450987
0.0806707388992572854702345352962
0.0584302032065703094709796516781
0.0505018997846064590651060655091
0.017076086583865689172423429909
0.00108983611845409490009872754968
-0.0319200183474468782152122514617
-0.0691163477115890739765902139879
-0.0950770123922673043859177255399
-0.135451343384209443865273669871
-0.166177563831597485677349368416
-0.212589096672135435817097004474
-0.265708469825984006096319944845
