3
65.8537557943142388694468536414
0.114040267414798834888500778106
0.114144110145482868823307853745
0.114248073227809887608685812665
0.114352156884957062432661700768
0.11445636134052980525943610246
0.114560686818631393690814945785
0.114665133543927585946242686532
0.114769701741556859331261364332
0.114874391637108483332774255814
0.11497920345677224707170438478
0.115084137427176547152640750937
0.115189193775490750226708769333
0.115294372729357025297858285739
0.115399674516984393490837135232
0.115505099367034458346381597948
0.115610647508700231655964785205
0.115716319171730919190821396114
0.115822114586345378817178186637
0.115928033983283981789291772202
0.116034077593799869743129704602
0.116140245649714604625479807964
0.116246538383295933138938949014
0.116352956027386614246132978678
0.116459498815360759649273347804
0.116566166981073984776351437631
0.116672960758915505996569095259
0.116779880383857323500329528088
0.116886926091278708916831874376
0.116994098117258832347786778882
0.117101396698273574337179070426
0.117208822071352330995708257433
0.117316374474115817094777014518
0.117424054144674938626735638536
0.117531861321692382427173129145
0.117639796244361272137268770166
0.117747859152385961345466114381
0.117856050286098038015758504571
0.117964369886269834775127662851
0.118072818194255482748822316807
0.118181395452012616420489621305
0.118290101901938032868955019694
0.118398937787058011750218611269
0.118507903350925772323343210246
0.118616998837617088069507076398
0.118726224491784049241971388255
0.118835580558649636651047387659
0.11894506728396286865390152343
0.119054684913999744844126382759
0.11916443369566977195095347497
0.119274313876411602874938466812
0.119384325704171095905437027795
0.119494469427515917492321761983
0.11960474529555564782157262016
0.119715153557983206011883225983
0.11982569446501924181891496346
0.119936368267471962778536465066
0.120047175216742393888402773428
0.120158115564744455427970137862
0.12026918956402120330917426827
0.120380397467656677368275097706
0.120491739529303698574835834734
0.120603216003202937112170900491
0.120714827144187325513868813687
0.120826573207642493090752111584
0.12093845444956427548355293311
0.121050471126497430351953710215
0.121162623495561505571060934017
0.121274911814503935647557852917
0.121387336341617080304189357776
0.121499897335830067679474097986
0.121612595056612649013771942919
0.121725429764024201118033374769
0.0143948339335053330373392910246
0.200027105741933025617740327107
0.194648738014971567356070636379
0.189262310818691437130922849974
0.183867812517311463027525064717
0.178465231474423891011582554711
0.173054556005942189456092705768
0.167635774443449792059368519404
0.162208875069919683520325293102
0.156773846163856006574732759873
0.151330675985645535241985726316
0.145879352772864068210623145205
0.140419864746121753062979564675
0.134952200114401982267153812245
0.129476347043047362861400984002
0.123992293716608553699742856224
0.118500028262630452413617376806
0.112999538821583006553694872309
0.107490813490580330857859792104
0.10197384036753572023048519668
0.0964486075111811724802635126252
0.0909151029811075678255249954418
0.0853733148041146278073298958589
0.0798232309872346501578022071044
0.074264839540022928310314398459
0.0686981284135357583853220830861
0.0631230855819506220250048045273
0.0575396989687854895634266938487
0.0519479565001713591843035544571
0.0463478460619505816531216169096
0.040739355539901871139374378572
0.0351224727903420921859556358413
0.0294971856429063032656312515201
0.0238634819332710912398454183858
0.018221349447222843359606159197
0.0125707759699792490093450680888
0.00691174926229812421063503080632
0.00124425706487362743545010967949
-0.00443171289706804569230591539508
-0.0101161729264172915027097943153
-0.0158091353393911837610374959695
-0.0215106124791430812492887270082
-0.0272206166929886243799341372096
-0.0329391603678461167281632526738
-0.0386662558961196681228678073694
-0.0444019156953670071641404604179
-0.0501461522004005566532924831336
-0.0558989778713553653322065883913
-0.0616604051864147947870087307365
-0.0674304466401941526854102448851
-0.0732091147402703368296528196879
-0.0789964220370653891212242569964
-0.0847923810821547413452137220702
-0.0905970044565102550215840437886
-0.0964103047592090867112801788608
-0.102232294599555212366581713468
-0.108062986620370268808777325376
-0.113902393473640561882831434559
-0.11975052785425743806513310119
-0.125607402438064535976636193482
-0.131473029965148729969470764445
-0.137347423167909044039447508112
-0.143230594802967903245161096493
-0.149122557654279314087730767824
-0.155023324524166145055303900335
-0.160932908232741700427226305692
-0.166851321631198007411356343255
-0.172778577570585262224156508637
-0.178714688939037635861950548133
-0.184659668644525404301859339284
-0.190613529611059401291939252587
-0.196576284787546934351709637667
-0.202547947135719552669286258606
1.77443591025943203388002346068e-11
0.305673839926530244159863514142
0.258093723082459258755250175454
0.211915968513940983219967506557
0.173005466541299585125912585681
0.131959140221851456420409931525
0.0911089260082729307521631767486
0.0600019866389367370618224128975
0.0296996796457038927941063377602
0.00545163438472199418649566382555
-0.022150074337785922995447407402
-0.0424255721645805938813111879426
-0.0637061916258601507179193390584
-0.0824965299058035839152580592781
-0.0964999040140632202700032848952
-0.109441007811488466572313882352
-0.118546533749112961708682689732
-0.126928278924131693328192227455
-0.133646630717137143706807478338
-0.140441355051084820759754734354
-0.143268021736697476198330036823
-0.141613373157418481751435024307
-0.142003059412548704454337666903
-0.141169530559079520193321855004
-0.139231468908576239140728603161
-0.134984006919457277806628781036
-0.125049633153689165876443212255
-0.120696010888455523835105509534
-0.112178396734633020748184151216
-0.10812463013539791445438709161
-0.0948861438682894187124361451424
-0.0821624162873198227163840101639
-0.0728752602311085601050066884454
-0.0604720928566908275114677451256
-0.0471498988734078069984256842417
-0.0336394956690038160473932293826
-0.0246784662781521398067230421702
-0.0112201158296357846738677821463
0.00671773822131033204740901965124
0.0145538978749432997700230529858
0.0275151598439057273881580556463
0.0449534667565105808262337916403
0.05225613687808017965297224805
0.0647371874742451447470870107281
0.0774060794306671295927912979096
0.0851784165498194051346914079659
0.0992931008538796427975725578108
0.104844387040469569361000878871
0.113684930079264640001568409389
0.120253180467457643221251828436
0.124079724760725332299848844286
0.132215894053828469933975497952
0.135866880665466122080076161183
0.135782270553293032966379882964
0.134440318895530513954028606349
0.131604814291080035593139996308
0.128154429576698869475137598783
0.121442114408571957828719689587
0.114897093928457219580430148653
0.1085156822638748685960763396
0.0918727891543603819579644209625
0.0811764824959128605819103086105
0.062461788020147172850737860017
0.045106338188718383963582425622
0.0227442644891648546034979005981
-0.00493354809495686209147580214562
-0.0298730369485615335212180809776
-0.0604131546329776669690403423374
-0.0978173482828330609351041857735
-0.133091130759495884783305541532
-0.174208483098370919828212777247
-0.214700129594875860350455809566
-0.261894166794332639014442065672
