3
390.581791249431887536047725007
0.114478814927926858535656151616
0.114570965341940653181573850361
0.11466321446538185746533144993
0.114755562462634450038301281438
0.114848009498384390214553718579
0.114940555737676364245203330938
0.115033201345882726829294995241
0.115125946488728619909736039517
0.115218791332267825322510645947
0.115311736042882584385438349273
0.115404780787341149084213043352
0.115497925732711309576572489277
0.115591171046417376389037201534
0.115684516896217989834205752686
0.115777963450251056287676476586
0.115871510876974490034108100645
0.115965159345198021156875256565
0.116058909024088760530979413943
0.11615276008311031796793599824
0.116246712692142054046406940415
0.116340767021412924697720825407
0.116434923241457280451705003088
0.11652918152315124011852986996
0.116623542037824073913654387979
0.116718004957016577294304227053
0.116812570452754643790527211422
0.11690723869732078110672546245
0.117002009863404643486006762032
0.117096884124057165621479725814
0.11719186165265155219472603676
0.117286942622956733006667207064
0.117382127209061173922499676792
0.11747741558544265438879250496
0.117572807926940289813266815599
0.117668304408735838184618671676
0.117763905206422547777833642613
0.117859610495858205259089857009
0.117955420453371484512672395795
0.118051335255587211414685100408
0.118147355079534735478041795886
0.118243480102601994374822425016
0.118339710502548184356541582929
0.118436046457416732646805712648
0.118532488145799197454266504792
0.11862903574649961979670109713
0.118725689438740691916684966145
0.118822449402134211471349090061
0.118919315816664039608951952687
0.119016288862673402793035393188
0.119113368720892093266527922424
0.119210555572397750023760920612
0.119307849598677032099125483455
0.119405250981596766646219975883
0.119502759903374528027697465404
0.119600376546639936004012838566
0.119698101094354067419622822399
0.119795933729898065878138879725
0.119893874637031175311996378241
0.119991923999897928676539038406
0.120090082003019363310336586892
0.120188348831277783124171776308
0.120286724669982594826400656984
0.120385209704787207729559384006
0.120483804121797807851201866924
0.120582508107435065758394898694
0.120681321848552638997809083321
0.120780245532364896576815738172
0.120879279346530060790243510382
0.120978423479014787766949723391
0.121077678118290218978181371767
0.121177043453094046565610142352
0.121276519672661953208603335952
0.0532234405102575136581322112761
0.199959673292587264414876813134
0.194565817581833888638698226714
0.189164320134156932473601386846
0.18375517006697908439782906953
0.178338356552108001640277734623
0.172913868706651763229587004389
0.167481695641567673860095055716
0.162041826457881260603599571368
0.156594250215594671393759540479
0.151138955991313606030956862014
0.145675932796170470862051615768
0.140205169684030822585540931868
0.134726655638010950344352067987
0.129240379664056770359081838251
0.123746330707192556119800030956
0.118244497743711138304512076047
0.112734869699889148075833134044
0.107217435473319147587467625726
0.101692184004286229059843549294
0.0961591041288119424690350456331
0.0906181847440859083997466427718
0.0850694146679223522911073018804
0.0795127827565054734471061692602
0.0739482777939974300629444314836
0.0683758885884030442880998634791
0.0627956039026421608539862972975
0.0572074125039919376134456285854
0.0516113031177389200432337190705
0.0460072644793777241201127026216
0.040395285263851291035486212877
0.0347753541960349604744706653037
0.0291474598906329117331548417269
0.0235115910345000747594390588802
0.01786773623884927580940384928
0.0122158841191866238823360291121
0.00655602326058323837953967228032
0.000888142246349246850846415046732
-0.00478777037586254009676745013735
-0.0104717260645304753585715928921
-0.0161637362922666220910183909609
-0.0218638125791553589172266924834
-0.0275719664276327658392062858184
-0.0332882093852879812345690879738
-0.0390125529991474304103427073187
-0.0447450088446988553103622621165
-0.0504855885236471443877626086305
-0.0562343036335596277441872814506
-0.0619911658330275436301626257318
-0.0677561867233207465455180340541
-0.0735293780256119633431666215984
-0.0793107513812715547718568132041
-0.0851003185119785371393064110634
-0.0908980911527216689504982127801
-0.0967040810221457408646372755356
-0.10251829992222674658997050301
-0.10834075959965690227893020392
-0.11417147186073502151959502271
-0.120010448540622191582194489001
-0.125857701452535886144090682137
-0.131713242468367713877697156022
-0.137577083471613431653324255421
-0.143449236356510051448864828672
-0.149329713021545545936774601614
-0.155218525425164260989063791385
-0.161115685491550336694288603212
-0.167021205216757312461695050843
-0.172935096594101195277559668284
-0.178857371624325856007686752491
-0.184788042331335639056888453524
-0.190727120788472703782900907754
-0.196674619052383925499327688158
-0.202630549207115012722013602797
3.86296453523804226757722621198e-11
0.300318731937506966378492734293
0.260931591505364490757301609847
0.210504562670928957457405772402
0.170903302461148709490146302414
0.138568808129318904454052585606
0.0922114755491846987967008431042
0.0681158252417434495473713695901
0.0325220070085473558774147306849
0.00209189501750882455091695710792
-0.0204863066042915847875249824028
-0.0416832969918011359000686866239
-0.0657307949421272741385990912022
-0.0838167886944435752694104735383
-0.103470589304705304356524209197
-0.11291945788791145355300926667
-0.125886021164506478609013129244
-0.13505472158058037801531270361
-0.131198772934115193145032662869
-0.145385094505895845484744199894
-0.143776806913234134199797153997
-0.141699982671998958583259309307
-0.145186557108425373652238477007
-0.136559559161577720454161521957
-0.134478679730461514463257799434
-0.138312309971109853590220950537
-0.129983297736960379253901010088
-0.10864562745540631838458978109
-0.10806614434532359203533502523
-0.0972889317940515557792124923253
-0.0778947664520949767386071016517
-0.0991816339357318305092192645134
-0.074486570637048415965963954477
-0.058744095634617798928900356259
-0.0460721088284709520688231521035
-0.0278307695050134425163168572226
-0.0247932455798124118384606617838
-0.00473954409543370785984350845865
0.00645538125395574060444436881312
0.00892721122287449750376531198981
0.0229404072959962374023135112111
0.0408093927668831193966703096976
0.0631085574294219381341619623527
0.0697817197577712267086980091335
0.0682630737831718681363213363511
0.0720558629050618015821072503968
0.100361725281023522748924392545
0.101432830280922384180719575397
0.118690772519722986810819520542
0.11755859431690182659302479351
0.132846630004767207733351597199
0.126194107544978617596598269301
0.130428300556556492351134579621
0.136806482619224373253885573831
0.142986537541034575138354512092
0.132570434593605956941075874056
0.131960878145063215116650212622
0.129177271853885111685400488568
0.108947170113348562603405866867
0.0924050352050356238464701164048
0.0983371380136469075416982832394
0.0770360623074599210058366338671
0.0581803830419926268358032928063
0.0502539894184224761319867980092
0.0269117984942577742613067925959
-0.00294294845751656274773777610676
-0.0303230541023342854700661774814
-0.076471125792579766611289926459
-0.0924043624487526776833945518774
-0.127982455059335031855027864367
-0.167021761970970045174667006904
-0.220713269864470318371019175174
-0.260320625374999947698739788393
