2
1.36111951176243461958392799716
0
0
0
0
0
0.706638842716115656017450419313
-1.15429305809959420103467813233e-16
0.707574410196431857755783312314
0
0
0
0
0
0
0
0
0
0
0
0
0
0
0
0
0
0
0
0
0
0
0
0
0
0
0
0
0
0
0
0
0
0
0
0
0
0
0
0
0
0
0
0
0
0
0
0
0
0
0
0
0
0
0
0
0
0
0
0
0
0
0
0
1.2098226797590139356589446825e-07
0
0
0
0
0
0.707574410196431968778085774829
1.29692842827872443716422076651e-09
-0.706638842716115544995147956797
0
0
0
0
0
0
0
0
0
0
0
0
0
0
0
0
0
0
0
0
0
0
0
0
0
0
0
0
0
0
0
0
0
0
0
0
0
0
0
0
0
0
0
0
0
0
0
0
0
0
0
0
0
0
0
0
0
0
0
0
0
0
0
0
