3
9725.97601707569447171408683062
0.113952027154450533097396203175
0.114058216471931497815184286537
0.11416453065742787620351350597
0.114270969946640404968363213811
0.114377534575752642931334435161
0.114484224781480126154065146693
0.11459104080110216195009797957
0.114697982872438181134455703614
0.114805051233835830881702122497
0.114912246124182645945488445705
0.115019567782922632614983626809
0.115127016450015329240841310821
0.11523459236600365473979223907
0.115342295771938371795606315118
0.115450126909444603096055459446
0.115558086020713657315894806743
0.115666173348425369016290176205
0.115774389135871513811792965498
0.115882733626875164545388940951
0.115991207065808343834589777543
0.116099809697619876791563342522
0.116208541767806164402010438153
0.116317403522408574501056932604
0.116426395208045249662909270683
0.116535517071896396745778190507
0.116644769361699721099689952553
0.116754152325751980878720814871
0.116863666212950356726452127987
0.116973311272705021712781103815
0.117083087755041823085910834834
0.117192995910525440961258425432
0.117303035990319798331782408241
0.117413208246160680192637926211
0.117523512930323884018157798437
0.11763395029571427352621526552
0.117744520595756768654993607015
0.11785522408450570253091171935
0.117966061016569465080827683323
0.118077031647137078995690728789
0.118188136232006149595186172974
0.118299375027535971782732815427
0.118410748290689496475813768939
0.118522256278999954526298665769
0.118633899250592145246940845027
0.118745677464197604833451293871
0.118857591179135510528475094816
0.118969640655314928823216291676
0.119081826153227585129990018231
0.119194147933996852373184083262
0.119306606259305100770085061868
0.119419201391500209852303271418
0.119531933593414074756822174095
0.119644803128597820851553024113
0.119757810261162903064935392194
0.119870955255841224462720617794
0.119984238377925239715793281903
0.120097659893386485285837750325
0.120211220068732929644461648877
0.120324919171181474175646997082
0.120438757468446261400529806451
0.120552735228961330204988655623
0.120666852721700440520535835276
0.12078111021632995103480823218
0.120895507983063227319675547733
0.121010046292789871791306666182
0.121124725417009443395599532778
0.121239545627818717798973580102
0.121354507197970584719826092623
0.121469610400837715880051348449
0.121584855510429190594834381045
0.121700242801380170698521965278
0.121815772548952941378708203501
2.290274038411515000746021542
0.200043542363910614723110370505
0.194668047654898063170136879307
0.189284416097533131351227098094
0.18389263593139210106741643358
0.178492695359721176284750754348
0.173084582568643036148969827082
0.16766828573384762179898643808
0.162243793003370745386959583811
0.156811092508581467752648563874
0.151370172365647870371674343914
0.145921020665536499416603533064
0.140463625489044036109831381509
0.13499797489420914398117190558
0.129524056912094537308277608645
0.124041859567786086349094887282
0.118551370858721527579149324083
0.113052578762815505997174625463
0.1075454712449801786267045145
0.102030036248358726980178801114
0.0965062616955234264803920041231
0.0909741354930557327707063564048
0.0854336455130987465489411647468
0.0798847796371842111540217956644
0.0743275257000580863442351642334
0.068761871539770369476940459208
0.0631878049497708316195598854392
0.0576053137253537475559461711327
0.0520143856404673907145586042589
0.0464150084344530922120242166784
0.0408071698375281344262077709573
0.0351908575602783435520848343003
0.0295660592964741737731504400699
0.0239327627139073878526076555318
0.0182909554685694759890157712334
0.0126406251823478910784048778737
0.0069817594705579603606149241557
0.00131434592228740873727510507507
-0.00436162788545635220216478700195
-0.0100461744058832243287060492776
-0.0157393061045722239266186903706
-0.0214410354682812408222414291004
-0.0271513750096851642912287871923
-0.032870337247860911822350260536
-0.0385979347449648263479460297276
-0.0443341800580783623741965016052
-0.0500790857799896307889220281595
-0.0558326645160118900657053586656
-0.0615949288970761427153277622892
-0.067365891573111222334624414998
-0.0731455652090079316840487422269
-0.0789339624965665204170406354933
-0.0847310961483573876762420695741
-0.0905369788939794778448444390051
-0.0963516234791065434572843173555
-0.10217504267945989870902678831
-0.108007249280527212187408281352
-0.113848256100035696847250221708
-0.119698075968356243414802975167
-0.125556721740086252303569835931
-0.131424206287159006656395376922
-0.137300542505845613039383579235
-0.143185743306443596933874573551
-0.149079821629028663743099514249
-0.154982790429750383331963803357
-0.160894662684254452500454135588
-0.16681545139549988632232668806
-0.172745169572478957098482510446
-0.17868383026730355611633171975
-0.184631446530314546894402383259
-0.190588031453499645584415134181
-0.196553598130981277414264241088
-0.202528159691712950074560239955
3.06435891940899940888774863768e-09
0.306461586738488278580661017259
0.257642457218458242884651099303
0.212388835841710810203863957213
0.167867027055927597878337564907
0.130089773503918426644787587065
0.0955522622957734185655809255877
0.0614784830461411468949251002414
0.0330786594328587035818145523081
0.00323450359711100485574086782492
-0.0221989616157970900967022487293
-0.0435721827423198246331814686982
-0.0629063143778496591806970172911
-0.0834843842861300311497529946791
-0.0973713066584977332551531503668
-0.108510914013678502754167709554
-0.118915727313376920482035359328
-0.127853375057533830139178121499
-0.132834637511981129565086234834
-0.13807213573048995880476752518
-0.141834295835775253680210994389
-0.142512381432572554640358930556
-0.141394332219134527539594614609
-0.141814389542389868159588672825
-0.137935110135191885127881050721
-0.134202650623466618329260313658
-0.127174729234037969805015677593
-0.122786031905154108256894573969
-0.11312990943679231137242169325
-0.104863745347995210299707480317
-0.0944747622435143652452893547888
-0.0816241555641287336309019906366
-0.0710114808974670885799440611663
-0.06006202064528981532376405994
-0.0487078840903350726576626072983
-0.0376145688919792622884052946119
-0.0223445640162231590197805530806
-0.00972358030887430710431651448289
0.00347921407274195829475993413382
0.0146008180435413439240965871591
0.0286425236192240396937425117585
0.0409260093051061341062890619469
0.0541617875395011411088219688281
0.0659410675074930535677353304891
0.0743957174627391942811627245646
0.0875881969041106961393339247479
0.0970008732698110776038191715998
0.105182842030096881935641306427
0.11319314916111256064112922104
0.11910931096525326222668184073
0.124973391011404463823986077387
0.130961982269153287550267350525
0.134359738177858872854031346833
0.133699290556346328529002676078
0.136532486769580296837034438795
0.130976990801904502603747459943
0.129282675464796131814537716309
0.12428612868525143464459858933
0.11807914066349584070181322204
0.106379837898962575915007278127
0.0953188432900794468949356996745
0.0794731829948529810980772936091
0.062761151366053313793713641644
0.0431654905577542810646285431631
0.0210072841307526320120402374414
-0.00144281883930391934163506295619
-0.0288336586262899555177519061999
-0.0612340980707679269356980000794
-0.0957152270896274165457029425852
-0.133473534829627565878595873983
-0.172184013728487211869477846449
-0.216720083971866706029629767727
-0.264687797448549533285699908447
