2
2.08020774927946083820984313206
0
0
0
0
0
0.706512084821518282495844687219
-1.51082202321910217718720448415e-16
0.70770097781559648808524798369
0
0
0
0
0
0
0
0
0
0
0
0
0
0
0
0
0
0
0
0
0
0
0
0
0
0
0
0
0
0
0
0
0
0
0
0
0
0
0
0
0
0
0
0
0
0
0
0
0
0
0
0
0
0
0
0
0
0
0
0
0
0
0
0
8.44054104968180101426097027006e-07
0
0
0
0
0
0.707700977815596599107550446206
3.71723082265842037763368788282e-10
-0.706512084821518171473542224703
0
0
0
0
0
0
0
0
0
0
0
0
0
0
0
0
0
0
0
0
0
0
0
0
0
0
0
0
0
0
0
0
0
0
0
0
0
0
0
0
0
0
0
0
0
0
0
0
0
0
0
0
0
0
0
0
0
0
0
0
0
0
0
0
