3
990.778225633044144160521682352
0.114677804383914519470444304261
0.114764632267652155750425890801
0.114851549509412523275564410596
0.11493855624909879442618887424
0.115025652626786545340564771323
0.115112838782930132497384079215
0.11520011485815638552221429336
0.11528748099343986976972331604
0.11537493732999143380979489848
0.115462484009320021094424646435
0.115550121173203262925355261359
0.115637848963679734648479779935
0.115725667523067926589774856438
0.115813576993998496034166123536
0.11590157751934004881633200057
0.11598966924227248342926799296
0.116077852306216477984435186954
0.116166126854903503651250673556
0.116254493032356409631944416105
0.116342950982844403617910700177
0.116431500850917052369837279002
0.116520142781463928449703360002
0.116608876919602852395563274968
0.116697703410756026265460150171
0.116786622400626080575669618611
0.116875634035190092974154651984
0.116964738460750311555003122521
0.117053935823838106689009919137
0.117143226271319900178013995173
0.117232609950338045878837078817
0.117322087008310163569468898004
0.117411657592969689845041614262
0.117501321852286677582810625609
0.117591079934591752342853965274
0.117680931988449338776447916644
0.117770878162759259910608022892
0.117860918606663950258806039528
0.117951053469671579554400864254
0.11804128290149533409003623774
0.118131607052213025155218417694
0.118222026072189401180168033534
0.11831254011205384613081292855
0.118403149322749687288869324675
0.118493853855504344130267213586
0.118584653861873459690379206677
0.118675549493689816427099970042
0.118766540903070830226262444285
0.11885762824248052860198754388
0.118948811664621262318419780968
0.119040091322570609766451354972
0.119131467369626001251425861938
0.119222939959451337821327854272
0.119314509246004021858489352326
0.119406175383520024579908636042
0.119497938526535077419232777629
0.119589798829943499969274967043
0.119681756448878989784745385805
0.119773811538844587865071389388
0.119865964255618517864121486127
0.119958214755258821271333147251
0.120050563194195381022666424542
0.120143009729128391605001979769
0.120235554517044901379207999526
0.120328197715312973370416216312
0.120420939481582001118198377299
0.120513779973763723862845154144
0.120606719350137822632795803202
0.120699757769315130229159649389
0.120792895390165799796022838564
0.120886132371884211234025485737
0.120979468874020196222929257601
0.12107290505641231381783740062
0.0997800989182496267382305177307
0.199939594153500765916220416329
0.194537824680351661976729360504
0.189128627232394486146205281329
0.183711991414911013364985592489
0.178287906776239457595778503674
0.172856362851632638921728357673
0.167417349195458031729799586174
0.161970855297914273496218129367
0.156516870664892893127984052626
0.151055384778633700060268552079
0.145586387095040792338807023043
0.140109867065645571360121834914
0.134625814120786446714816975145
0.129134217666768358334650201868
0.123635067080312036069678072181
0.118128351773185882866989970807
0.112614061088861183712594993267
0.107092184384986313649967826223
0.101562710975233075338941546306
0.0960256301736634870769293570447
0.0904809312786494235325562840444
0.0849286035534849576000837600986
0.0793686362636086828459269781888
0.0738010186505156651204373474684
0.0682257399419259613626564942024
0.0626427893403061486488070386258
0.0570521560266634697455856439774
0.0514538292028874702510599092875
0.0458477979972285176746282786553
0.0402340515457392869369535048918
0.0346125789798452238033021899355
0.028983369405012473357663438378
0.0233464119090532572220464402335
0.017701695534676008259022950142
0.012049209362768074221827774295
0.00638894241308562808867588245221
0.000720883693149595734112056177878
-0.00495497778218630460789206892969
-0.0106386530468606504279405200464
-0.0163301531447011538666913565976
-0.0220294891071872757370986306569
-0.0277366720381681322593614424932
-0.0334517130032775528158950351099
-0.0391746231212025466938975171161
-0.0449054135140213792065644327067
-0.0506440953420545861285440025767
-0.0563906797571053081119529792886
-0.0621451779359136202707247775834
-0.0679076010812056651833046316824
-0.0736779604121217679413291534729
-0.0794562671655665575531912736551
-0.085242532582334190616180080724
-0.0910367679360538778476907850745
-0.0968389845347367023142837183514
-0.102649193668331528694892540443
-0.108467406666434923456776573403
-0.11429363488902986867312705499
-0.120127889658088529700741275974
-0.125970182386095475024490042415
-0.131820524465551730530776808337
-0.137678927324503763696128544325
-0.143545402374192082595172337278
-0.149419961080591329194433569683
-0.155302614928841120622848848143
-0.161193375399648564094690073034
-0.167092253994376049863745947732
-0.172999262263500541703109547598
-0.178914411720979410480580895637
-0.184837713958619892506973769741
-0.190769180553418543633270587634
-0.196708823121769793562663153352
-0.2026566532716479185349811587
5.28904732341248704121611116481e-11
0.304445130391197971153616208539
0.247822000554502985814053772629
0.204075268061089248883277491586
0.164694024242732356411167415899
0.134549506764428394856025761328
0.103376579052991718343790239487
0.0603269337930349008880526184839
0.0339179346783320678770934364366
0.0010634837618971920876476122686
-0.0156345647830173628545225028574
-0.0327827408206223594455686054516
-0.0574199187508120031941949434895
-0.0914659857947172222347731462833
-0.0901243450839022824938595590538
-0.12207373587163659889309741402
-0.122605484678999912540042771525
-0.130355911729954254685281966886
-0.132983101742142145740288583511
-0.131481163239148490795571433409
-0.139755689801446980613519599501
-0.135295782337125747307737810843
-0.154910057248500571125404690065
-0.13706260836247899370654579343
-0.138152470110020381133253408734
-0.135015228467950415547349507506
-0.130791509769652897210434616682
-0.112122569214168646412055352357
-0.092892307823758332729902065239
-0.0942705448852592525765814457372
-0.0846806504257586606376762006221
-0.0680098931237417686501700586632
-0.0831495589279552249628579829732
-0.0860148693072920883517795687112
-0.0426662040310462828407445101675
-0.0361152191178058731835243122532
-0.0260685722068215545987879266931
-0.0249740932999280434989586296979
0.00190485574743740298901684138144
0.0320884247151182189217166751405
0.0115671520454943277389503464292
0.0403908026823490348689027484852
0.049943916618260510154048148479
0.0605249162725741973734017165043
0.0813605464343603035359819841688
0.0752494763516676906656144296903
0.101216213299473903330927271327
0.0969089375474926073561476869145
0.113627448066314071239979455186
0.111487918180379078081365662456
0.113037004401163002076380337257
0.120558397296021427291812244675
0.13626290483088182581283831496
0.126799234613827249695816590247
0.150751416899856882647412703591
0.139886676281078120576140122466
0.130674353103427204336739464452
0.133554620710524707405397748516
0.122770013390643958905990018593
0.114016416336897422056928519396
0.109707488839776323708008476387
0.0746784334121643883497299043484
0.0744270586846817738813086862137
0.032921739549312920014578764949
0.0280666080619612103019822058059
-0.00123486139511317619295305281213
-0.0244654938023034992933268938486
-0.0641708795881376498071446690119
-0.0982635142320089499667901122848
-0.126430809120703702141952362581
-0.177184705405620035456593086565
-0.230926590357738020786726451661
-0.267061375337083573011653925278
