3
115.954875184013801003857224714
0.114796049772732292049148838942
0.114879709478751743101376803224
0.114963453135275645022872481604
0.115047280868338805404071933935
0.115131192804191220813159191039
0.115215189069342929806261111025
0.11529926979054135049995721829
0.115383435094760053440943181613
0.115467685109225920436770707056
0.115552019961402255288085427765
0.115636439778965052771475541249
0.115720944689847324293729968758
0.11580553482225534878136130601
0.115890210304586058209785903728
0.115974971265525042540822653336
0.116059817833940787101809632986
0.116144750139006158740073715308
0.116229768310090852967420005371
0.116314872476838609971494520323
0.116400062769132686679718347023
0.116485339317081604271209016588
0.116570702251062599530406771464
0.116656151701690025124236171905
0.11674168779980634291781882439
0.116827310676556120339064648306
0.116913020463257258385603165607
0.116998817291525100681148785497
0.117084701293225179608015196209
0.117170672600444988886714270393
0.117256731345551368228541377903
0.117342877661094552310672156636
0.117429111679991329819650047739
0.117515433535325661273951425301
0.117601843360424090922933260117
0.117688341288920098048897955323
0.117774927454695213513424789653
0.117861601991831363434037882598
0.117948365034690916264281668191
0.118035216717930699359406787607
0.118122157176403064227088179905
0.118209186545272390556071684387
0.118296304959904993725494648515
0.11838351255595866429182194679
0.118470809469329169116846856014
0.118558195836189886329670173382
0.118645671792973167457674321668
0.118733237476361108697631152609
0.118820893023263249310694789074
0.118908638570924748978363538754
0.118996474256790843448960970363
0.119084400218598673859560221899
0.119172416594321331495542892753
0.119260523522217623537677866352
0.119348721140782182414952217187
0.119437009588810330584784935581
0.119525389005350049509424081862
0.1196138595297140255757639693
0.119702421301444414392101123212
0.119791074460418700553532289632
0.119879819146718705202836474655
0.119968655500713186623507056083
0.120057583663062364398577130942
0.120146603774670610031982675991
0.120235715976719129138849950778
0.120324920410651139968116751788
0.120414217218182809099324970248
0.120503606541305749444425998718
0.120593088522313415800191194194
0.120682663303691886658164378332
0.120772331028290366705668645864
0.120862091839170723850394040255
0.120951945879690575536002938861
0.00933660132327119272888094059226
0.199932023506950745650456724434
0.194525186068115529813837838446
0.189111057708060387172466221273
0.183689628257380471731963211823
0.178260887555919206315380165506
0.172824825439595042286811121812
0.167381431687897708204815216959
0.161930696104242904942438485705
0.156472608451704964238615502836
0.151007158485669285008512474633
0.145534335948546783567891793609
0.140054130546867910966923886917
0.134566531988375925887879702714
0.129071529968048354097831520448
0.123569114186313430692187864679
0.11805927424121871738282862907
0.112541999801579320483746471382
0.107017280509679901800978996107
0.10148510593187448636243175315
0.0959454656876762568273875331215
0.0903983493162173190604846695351
0.0848437464275816344283498438017
0.0792816465056331715066662013669
0.0737120391144406583716630620984
0.0681349137131081888929529100096
0.0625502598509865975762167522589
0.0569580669762883712303747074657
0.0513583245162310964015972558627
0.0457510219232108369946665504813
0.0401361486508878817502932179195
0.0345136940613738965599743835355
0.0288836475748620868930771621308
0.0232459985467120891500236723459
0.0176007363451267766218943933154
0.0119478502812786057524219174297
0.00628732969704496463814180629015
0.000619163884711691433516966842632
-0.00505665786082247926264132686924
-0.0107401462929430750736781163823
-0.0164313121362179431761418868518
-0.0221301661552915744646252704797
-0.0278367191621082879504633922352
-0.0335509819177424520320052181432
-0.0392729652685208027729224511404
-0.0450026800569134979856933398423
-0.0507401371009317120330806005768
-0.0564853472959926453111911825999
-0.0622383215238864542784291700173
-0.0679990706928497168348712875741
-0.0737676057065279611180130814319
-0.0795439375418292293762334566054
-0.0853280771188508341262846101927
-0.0911200354377768168001594517591
-0.096919823478748154399475822629
-0.102727452262778448655033969317
-0.108542932804564201676456036694
-0.114366276162188293397115046446
-0.120197493385219317252321502565
-0.126036595581551363887129468822
-0.131883593818136135578100720522
-0.137738499235848715906982420165
-0.143601322960009269991132896394
-0.149472076151789062814501107823
-0.155350769967335100574246098404
-0.161237415596492877911671826041
-0.167132024273261070579366105449
-0.173034607208853219439959048032
-0.178945175632956504641057904337
-0.184863740810761373323245493339
-0.190790314048525033729930555637
-0.196724906622354950291864383871
-0.20266752983181654523825443448
3.754241591133367084417110588e-12
0.304604522031023394745830046304
0.269983680893772892694926213153
0.197997087633742768764122388347
0.177348254468349647572367189241
0.110822705130688523023074765206
0.0999438123533609029669477763491
0.0568502481464491157825413836235
0.0456605907941453545428878157963
-0.00530531839233590492288517026509
-0.0113089834720265219186741134649
-0.0489070177110509859974563084961
-0.0948832460456248694136149879341
-0.0701118312802001542038965453685
-0.0954573427564812115875270137622
-0.0860341407204862490543106900986
-0.112334793566198534731093161554
-0.117386147935827689359200576291
-0.143360238435455950023467153187
-0.119608417923883103561877305765
-0.18054884073182772552534913757
-0.128885182282610727400040673274
-0.151701936887046529012224027611
-0.156521237532778967338487063898
-0.136648142742631178991885576579
-0.129306998662203742611609413871
-0.123922034681553161483691383182
-0.106785525404281586570043316442
-0.122917581735845077295365967984
-0.130054705959801009118592673985
-0.0734874674156001245206581984348
-0.0865199672782935857995312289859
-0.0548366566900103311055225674409
-0.0694639129154781959085696030343
-0.0502998618275456235715559216715
-0.0257569291425762299241331021449
-0.0203489240200511213585432557238
0.00477424015479367604836147265246
-0.013414004953123859556485264477
0.0350251901506747759240667505765
0.0481252090538606402958521357505
0.040328718349779461849191619649
0.0423778892075916471804397644974
0.0612682276324886809781844476674
0.0818996637094697582659463819255
0.0813091748068391628745388288735
0.0814327350635856705984849668312
0.0992313128701058227987275017767
0.116360206750976372114259049795
0.135654788907977497114387688271
0.113820988694793498452462188197
0.134222556148317101465394785009
0.123997835475512185876567627929
0.132199155049571914766204372427
0.132345408168050959751838036027
0.147808013545990823978115713544
0.120213180074352041226681819808
0.121149869005970037272312822552
0.12210435155726841183199127272
0.0964809639584670031275948076654
0.0832708894083086237358770631545
0.0826914018057352678825466796297
0.055866011442092723682240062999
0.0487260121837434362346286320644
0.0370906160392070888276450091325
-0.0152406032650707918413290897774
-0.0261263317708890704937907401018
-0.0683295557155162852636109960258
-0.0881417099545477172872764981548
-0.127557341568283605370837108239
-0.162829069796710301787356911518
-0.21898350713550054913447695526
-0.269621123635933601647707291704
