3
104734.895639334485167637467384
0.114549911735898554687729244961
0.114640161742086091334336117598
0.114730507081336932651005611206
0.114820947909104853490447339937
0.114911484381128428666762886223
0.115002116653485447761440241266
0.115092844882532019390453115193
0.115183669224987239587676413066
0.115274589837844249062825952024
0.115365606878452750527763726041
0.115456720504437698737731921028
0.115547930873760154590890181225
0.115639238144742653724428294026
0.11573064247596255571526313588
0.115822144026325068999483391963
0.115913742955121162880871565903
0.116005439421891468065872743409
0.116097233586533912785832001191
0.116189125609252125181924952813
0.11628111565059544296740767777
0.116373203871436819989426680877
0.116465390432951718113763206475
0.11655767549667644944477729041
0.116650059224434235471967724607
0.116742541778408176478265545484
0.116835123321090639247898934627
0.116927804015334743659160210427
0.117020584024290275060309340915
0.117113463511450327514396008155
0.117206442640623395567978093368
0.117299521576008675127766878177
0.1173927004820634889536989931
0.117485979523617667386048424305
0.117579358865860517102674975831
0.11767283867424711829574590638
0.117766419114629233844127043085
0.117860100353188543276239386159
0.11795388255643378394577069912
0.118047765891189773701519527549
0.118141750524663260990543278695
0.118235836624389314963856634222
0.118330024358235752490742243026
0.118424313894387581158618161226
0.118518705401436136304127444419
0.118613199048254916445621631738
0.118707795004106900216278575044
0.118802493438583248175355322473
0.118897294521584345750042643886
0.118992198423412354202355345478
0.119087205314720653848148401721
0.119182315366460345185117830624
0.119277528749966624244116530917
0.119372845636912153222120025475
0.11946826619935106694736504096
0.119563790609639397644059499726
0.119659419040504880205055826536
0.119755151665068032551531018726
0.119850988656737864057610920554
0.119946930189313322179245346888
0.120042976436971773890327597201
0.120139127574205389903383434103
0.120235383775887397228565589558
0.120331745217236288358897411399
0.120428212073850182672885011925
0.120524784521654160229786612035
0.120621462736969067841563685306
0.120718246896456465888647358042
0.12081513717715354483406287045
0.120912133756453529787044942623
0.121009236812109718939289848549
0.121106446522256661069150140975
0.121203763065387784547688454495
12.9217134223340437415572523605
0.199951568189136313913323306224
0.19455496313168019195671831767
0.189150790562931131466584133705
0.183739039787123525915291111232
0.178319700082643001204374400004
0.172892760758183716696123610745
0.167458211027973397078127959503
0.162016040155858909166397552326
0.156566237346953351927680841982
0.151108791811253473369447419827
0.145643692731372148552182466119
0.14017092928114266436878665445
0.134690490608433355301798428627
0.129202365839063304520095698535
0.123706544099298182404211843277
0.118203014473758721836205154432
0.112691766068042958925943253234
0.107172787946406541936816836369
0.101646069133950134322219582828
0.0961115986654934167932040622873
0.0905693655603501124318199799745
0.0850193588075806860882011051217
0.0794615673800802280180022307832
0.0738959802508262764142443757009
0.0683225863428821300615823020053
0.0627413745861014754412465777023
0.0571523338891872512146363760621
0.0515554531332923712816374006707
0.0459507211913768934263835319598
0.0403381269341351253454597269865
0.0347176591620567062679292291705
0.0290893067153200311769634112125
0.0234530583766023661973498803945
0.0178089029351695890546203315807
0.0121568291480707857399323756908
0.00649682576513253059319330517951
0.000828881507094848596003955343292
-0.00484701491423608372272058275598
-0.0105308748071948812125020467079
-0.0162227095007531733894534653473
-0.0219225303495614136373159652749
-0.027630348716697075706072439516
-0.0333461759743310590109466318154
-0.0390700235421923211531769482008
-0.0448019028238285585419298229226
-0.0505418252585975308344146128547
-0.0562898023228675103979412597255
-0.0620458454691954694459887775793
-0.0678099661938922071424684645535
-0.0735821760316998224604745360011
-0.079362486501576109954037008265
-0.0851509091313256416544419380443
-0.090947455506907151634443664534
-0.0967521372160084769387111691685
-0.102564965869619315053107300173
-0.108385953077620403317560260348
-0.114215110490876639581792062472
-0.120052449780947229074357096579
-0.125897982605886971096964543904
-0.13175172067729551406145560577
-0.137613675731742546304303687066
-0.143483859471297270360423681268
-0.149362283674544044087539873544
-0.155248960105760946959208013141
-0.161143900564293840460550200078
-0.167047116879351281726329148114
-0.172958620854127193000593365468
-0.178878424351572085093664554734
-0.184806539265361530199882622583
-0.190742977455455292590258409291
-0.196687750843435510406109756332
-0.202640871350886708768257449265
8.45089070446968758202996210415e-09
0.297069751408361004685332318331
0.254233186606172889554500216036
0.202224429203535449595108275389
0.182802295914452045400011570564
0.135031197580387951617808539595
0.084425999464199263933039674157
0.0670771259362801242076557173277
0.0435047932677174592486224469212
-0.00490363811019626800319359816172
-0.00728956429283807074565038064407
-0.0362611785872618205828210591335
-0.0614889263160043053613179608874
-0.0829701681683035208170196028732
-0.0845659498065936127142450118299
-0.111660607028811295626802291281
-0.123529707089864521085686988044
-0.143484009910336607340752834716
-0.133943470702818673290224182892
-0.144434229040029588064797394509
-0.151963446164208315636301449558
-0.138740588493824479332516830254
-0.136486301985347724397001911711
-0.150592026993525335276657983741
-0.139120065459815867026094338144
-0.125691787416380595931997277148
-0.131943201512810776021566994132
-0.123889407870637555109105676365
-0.117794046870270410765080271176
-0.108668198346892216910042350264
-0.0974283282109854875674415097819
-0.0822873343818116137482476801779
-0.0623240371045060484456179494828
-0.0606100470297012347553611277817
-0.0460652921447788493702901746474
-0.035613729738813278136166928789
-0.0296820790897923750262243913767
-0.0174213143654689227302068132985
0.00462022741914748340252838687547
0.0143237933240156350978011801089
0.0309275198463065670306804122447
0.0483490856139940916591513087042
0.0625023157227571624083850565512
0.0750515229795113147925889052203
0.0813137199019743905914481274522
0.0999211200381343728205152388
0.0912956067959913852849496151975
0.105659555394494147906314651664
0.11504767713080223112687150433
0.115299699677315806156663313686
0.128248576001597780482654798107
0.127016778993023465860190412968
0.139155144176929784771701292811
0.136963817496330908518586966238
0.127657269904360354262351506804
0.137117599216980801113408006131
0.134481634694416291031515697796
0.11850766597383827205547390804
0.100776871045615029620634572893
0.106779581499023903945477798061
0.0876273361925348909240440775648
0.085663489352789862207870896782
0.0604149525085726363249349901707
0.0443739744168714783656426448033
0.0150493090820655404243888497717
-0.00689465608711432257488249675248
-0.033318524095969498377556305968
-0.0572867175802876313350786574574
-0.100452204988973059496260020751
-0.130391795587538994460885533044
-0.16742689311644340377505102424
-0.212233434119556696462183253971
-0.261614891713043917764736079334
