3
443.559292550374550501146586612
0.114687963866887093766777638848
0.114774519705318489570800011279
0.114861164432715573413545939729
0.114947898187736555208893207691
0.115034721109251392157091231638
0.115121633336481010712049055655
0.115208635008858958914679249119
0.115295726266111744906517344589
0.115382907248243349318528316871
0.115470178095528605566322255527
0.11555753894850648300085538267
0.115644989947974924371365545994
0.11573253123504141648414389465
0.115820162951053642896859230405
0.115907885237671939848702606923
0.115995698236806776826313125639
0.116083602090612650337142497392
0.116171596941612151332456903674
0.116259682932508240371660690471
0.116347860206351155776260952734
0.116436128906437660890382801426
0.116524489176335330209433038817
0.11661294115992322517616486266
0.116701485001347221581724511452
0.116790120845026559881496552862
0.116878848835655163584945626098
0.116967669118245923276511177846
0.117056581838062598310834516724
0.117145587140671969539340580013
0.117234685171897543010111064632
0.117323876077879488133426377772
0.117413160005030908772383213545
0.117502537100043311091290831882
0.117592007509917606533633716026
0.11768157138192025801259887885
0.117771228863608273806917736692
0.11786098010285604720248642252
0.117950825247780610727232897261
0.118040764446834881007397655139
0.118130797848740046185334051643
0.11822092560249343462519533432
0.118311147857421125606514067385
0.11840146476313236079125346123
0.118491876469506179914148447097
0.118582383126728668765181851086
0.11867298488530045319500061396
0.118763681896005890425982443048
0.118854474309917745866727045723
0.118945362278383565124428855597
0.119036345953111993845041638451
0.119127425486071483740069254509
0.119218601029504600585795515144
0.119309872736000438520065358716
0.119401240758417973020222291325
0.119492705249948732992848476897
0.119584266364050201270075035609
0.11967592425450919446650033251
0.119767679075382729725340880123
0.119859530981079848155346212479
0.119951480126277487681107913886
0.120043526665956329368967203663
0.120135670755433104917031528203
0.120227912550312121542361865068
0.120320252206498501390541377987
0.120412689880204967773913438123
0.120505225727992174022951132883
0.120597859906669449547855776927
0.120690592573399965714564530117
0.120783423885645072037853253732
0.120876354001168251350861737592
0.120969383078062278635833592944
0.121062511274723796916852336381
0.0438866892114425644066955101152
0.199938802019529099363026602987
0.19453660896311977812622728834
0.189126999393093964130230233422
0.183709962921820402215189460549
0.178285489105445865698484908535
0.172853567545887210066268835362
0.167414187784193702057677910489
0.161967339349721961561101579719
0.156513011757013292823970118661
0.15105119452016463332810758402
0.14558187711733566738203649038
0.140105049026127720379619745472
0.134620699699336904275881465765
0.129128818556788371729737718852
0.123629395017489901453799916453
0.118122418509139751052750000326
0.112607878380326972833636034466
0.10708576402340110045319221399
0.101556064769380602341719566084
0.0960187699804787714308318413714
0.0904738689422990016719694494896
0.0849213509678218708698338446084
0.0793612053341037071430008609241
0.0737934213238355535269263896225
0.0682179881549136446494685515063
0.0626348950786744657071025699224
0.0570441313027575461203078077688
0.051445686025805757723983191454
0.0458395484315214166159968556258
0.0402257076541690100635051408062
0.0346041528705181636316190463276
0.0289748731899545329537826177102
0.0233378577217572998059313960084
0.0176930955613124260561441758455
0.0120405757968712057159876849255
0.00638028745127688489552353345857
0.000712219583946370146144977386626
-0.00496363878038308652812515830988
-0.0106472986310154546507611428297
-0.0163387709995420661590603828017
-0.022038066924418620029513249392
-0.0277451974344148886986172186653
-0.0334601736018792436655466815409
-0.0391830065134689056738359624887
-0.0449137072777918422428200528884
-0.0506522870042390507827612111669
-0.0563987568432979188837173012416
-0.0621531279380735865447427102026
-0.0679154114767580030509463995259
-0.0736856186354189063303365969659
-0.0794637606506183036270130060075
-0.0852498487142220179313412131705
-0.0910438941100599613553967515145
-0.0968459080824681378674156917441
-0.102655901911696489925418518396
-0.108473886905679148262571231953
-0.11429987438177960368257402024
-0.120133875681749838215672809838
-0.125975902151530372297116855407
-0.131825965181376070223251417701
-0.137684076144608397163082713632
-0.143550246461274705334076884355
-0.149424487573461162170929128479
-0.155306810905006087430990646681
-0.161197227936136916470744040453
-0.167095750136368459415336928942
-0.173002389040585180524089992105
-0.178917156134507815412604259109
-0.184840062987701919672289818664
-0.190771121146904282239731287518
-0.196710342181675545969454788064
-0.20265773770582257151673388762
2.24216279916915859929183182329e-11
0.30616797707077819667986773311
0.248598660796443660103705042275
0.229766937808219690042577099121
0.18628918691437820753797893758
0.131766389449144344370168369096
0.0736849641404080796247555440459
0.0582530240902480872522417598702
0.0279721188966050686441899841839
0.0110553696368471104233277557682
-0.0154647080480419009396175766824
-0.0521817504221555802934595647002
-0.0793392341798977163147554847455
-0.0883080175051401544683571387395
-0.110967772848500012550232440844
-0.102972621523944693477936596082
-0.122846983866571113352961219789
-0.12242917058572548583139649736
-0.149269714574917611304982756337
-0.129865711551722967653788032294
-0.141778223607997189148477445997
-0.134427982771907567061120403196
-0.152710678927145876437876381715
-0.128879804589470653430893776203
-0.13741736429242629169422684754
-0.131277225176821749075273260132
-0.122490173816128283812432187005
-0.120161800641167784697849185704
-0.101386523874334763539728498927
-0.10078896388359760705188961083
-0.0890322212553548847369100371907
-0.0951722189237083071589040628169
-0.0507307547714316159348513224359
-0.0532131718523394386943792255806
-0.054737675373910631149154681907
-0.0286854950449728328398801835419
0.00162414497901310788709194898871
0.00413964311080011748700258067402
-0.0102500073288487106304422979974
0.0055599148528903711771742557346
0.0206464882621641351856389690056
0.0375280345103337770185092381325
0.0429646233785316439268697763509
0.0482954253753436618668004598476
0.080695000403150460299706026035
0.0664692729925717706862542399904
0.107985752168878013090846934574
0.0926072062189832040379755540016
0.119057329167268591274542188785
0.113937525954897950208888346424
0.13153504169904120524314805607
0.130366635842330574890368666274
0.133860614037676822762890083141
0.133227664032905646074311789562
0.119764953807530702412087464381
0.147244918417397979704119848066
0.136375677634957781503288742897
0.127417305592584295670377514398
0.128747210213748630724950317017
0.113816712728689123368397417835
0.0935028853137868376510510870503
0.0737386618622449946380825736014
0.0675250566202785229563687607879
0.0363361957093126450302200680653
0.0130899272436363865723674138053
0.000322325996599767488313970087432
-0.0411661035440485031933199877585
-0.0714652132242954013507940658201
-0.074983771746279972991722218012
-0.134489972505338839514621440685
-0.183209378765279234935192675948
-0.214203435616625664783541083125
-0.255592288395306899140280165739
