3
55.777745663592000369135348592
0.11479098820149268023182997922
0.114874783607866209900194576221
0.114958663193856128192926746578
0.115042627086042195672099808235
0.115126675411328704967672820203
0.115210808296747416190619617282
0.115295025869658548933749386833
0.115379328257603316898460832363
0.115463715588414617130297301628
0.115548187990099651689668291965
0.115632745590980828831462190465
0.115717388519583019856895589328
0.115802116904657109719423146998
0.11588693087522081159868037048
0.115971830560530453357870328546
0.116056816090131992291745177681
0.116141887593684323132237068421
0.116227045201258427642443393779
0.11631228904305093707627349886
0.116397619249529474250159921667
0.116483035951453997580706811732
0.11656853927978857998759565362
0.116654129365753048142018144517
0.116739806340818486063426462351
0.116825570336714534835920176192
0.116911421485373659412410063396
0.116997359919054466637078348867
0.117083385770199444042560799062
0.117169499171553878613671884068
0.117255700256061093367243586272
0.117341989156948434125382618731
0.117428366007700249462608610429
0.117514830942047024398000587553
0.11760138409394316205691666255
0.117688025597681433787045079953
0.117774755587688087499209643738
0.117861574198744004093875048511
0.117948481565852844599184834351
0.118035477824262671764365961735
0.118122563109481173992953983998
0.118209737557305349930913962453
0.118297001303732912669275378903
0.118384354485084691832597059147
0.11847179723787652771971323773
0.118559329698952983789261850234
0.118646952005364042515012101831
0.11873466429443843561664095887
0.11882246670374964347960400346
0.118910359371203935840988208383
0.118998342434866677397309331354
0.119086416033140060632966594767
0.119174580304671470787347686837
0.119262835388361035371396212668
0.119351181423369562262237764116
0.119439618549151763127191827607
0.119528146905400603494662448156
0.119616766632090115729525336974
0.11970547786948171342658042704
0.119794280758053234281490517787
0.119883175438596167872162823187
0.119972162052156758327292607191
0.120061240740019628536749962677
0.120150411643814875040092715608
0.120239674905361720869123587363
0.120329030666819797312783180132
0.120418479070552780774150392062
0.120508020259244494343242593004
0.120597654375884849597966308465
0.120687381563624462899042555364
0.120777201965995215071636437187
0.120867115726748131088186255511
0.120957122989962473358360739439
0.00453837736915502134443789472584
0.199932269313984084524449258424
0.194525655357891374963585917612
0.189111744429085709695570471922
0.183690526347265709050660120738
0.178261990984127594028763041933
0.17282612808370453882922390676
0.167382927466001696359398920322
0.161932378937011983710547724513
0.156474472183916746281795440154
0.151009197005146394987562530332
0.14553654308741342804367491226
0.140056500200826133939457918132
0.134569057969155025933361002899
0.129074206108717781660288892454
0.123571934270176000958407769303
0.1180622320894648968891971208
0.112545089196378012008636915198
0.107020495199208906522692075214
0.101488439699709040442421326134
0.0959489122612425943126268634842
0.0904019024702668733128874123395
0.0848473998567384063429486218411
0.0792853939179666428183068660474
0.0737158741999167227421096981743
0.0681388302056130795714139480879
0.0625542513736934840951064984438
0.0569621271870163065065284513366
0.0513624470962472517987507103499
0.0457552005007668891045646830662
0.0401403768328485524574666953868
0.0345179654781668926455395762787
0.0288879558162103665386322148834
0.0232503371862088220600739418842
0.0176050989540897789842333054366
0.0119522304355746469828325473372
0.00629172093347291332826598520001
0.000623559733882836537965932421912
-0.00505226387845178655233713271855
-0.0107357606623523556960142499861
-0.0164269413499736061101685891117
-0.0221258167566531840919630269582
-0.0278323976564415521972595257694
-0.0335466948633894243569919524361
-0.0392687192212983204875342835294
-0.0449984815767505846872964525573
-0.0507359927748583516837754814333
-0.0564812637349710877643360618094
-0.0622343053085633660104214470721
-0.0679951284533241301355488417357
-0.073763744091603064556572633137
-0.07954016319009195312705884362
-0.0853243966862130276407327755805
-0.0911164556027272559690644015973
-0.096916350933995129568465642933
-0.102724093683543099553290289805
-0.108539694924531693320801650771
-0.114363165682810435930250037018
-0.120194517089277086441256869875
-0.126033760188080184994063870363
-0.131880906118821583650202455829
-0.137735965976753471640137149734
-0.143598950955152904196410190707
-0.149469872215044735641598094844
-0.155348740889046321722588572811
-0.161235568254741584715006297301
-0.167130365472841324603336943255
-0.173033143820288198844181692948
-0.17894391453838254246733185937
-0.184862688902942634561199497512
-0.190789478205637769159253025464
-0.196724293766267377403522687018
-0.202667146894661004408177973346
1.97117740510948353796230451611e-12
0.296159708831637946691017759804
0.259275562049736341130312666792
0.189117118290788116530265483561
0.166362579900060619797486083371
0.144759514231772773440454216143
0.0933255475615079183038247379045
0.0451766555489739457529552169035
0.043544969274334877074039695799
-0.000239288777079792863971413607871
-0.0259882914177673902955678642002
-0.0570656813335707682743880297949
-0.0350138547443141420756340664866
-0.0374228013032529630010891708025
-0.0949158049820344323910248363063
-0.0910112090243231502961762657833
-0.130518159181225390508274131207
-0.124678525735608405899945694273
-0.155482889709801619382290027715
-0.120133924381257028990432900173
-0.153904096757621400293203350884
-0.123848713948066152523708183253
-0.14677011285513733018781579176
-0.161196882539711955351080518994
-0.160345580078011085145561764875
-0.151162268508437835912161517626
-0.121950782653862402349353999398
-0.123535041050278696084241403241
-0.121495663254123392738037523486
-0.109678666690781731474224613976
-0.0669968396809940830438634407074
-0.0656165767168887248406150547453
-0.0628165979380492511818800949186
-0.0485171073800449159652004027521
-0.0756102455061418432524789068339
-0.0441790876000761612019118729222
-0.0344936833935682862772864609724
0.00522892872388215895068652727673
-0.00199499186576248795435550853483
0.0274021864924344112079968027729
0.0190785480670726086127597653785
0.018904550454478034199334857135
0.0633119685041117069568272768265
0.0779605046364710424500188423735
0.0732483296244594572765862494634
0.0753527407468222165665139300472
0.130638316897418671480579632771
0.0901212884497165911401594939889
0.107424025869860731430271982845
0.100990618742562807130802582378
0.140781847114595709546946977753
0.141182197462954739375362578357
0.167316468801755074968795611312
0.12095908357883027040013956821
0.15570960393465188564832146767
0.131683058788103157787929831102
0.100871737479810569260152419702
0.118929012101965131398273456398
0.121650712376005526449418425727
0.110860478216858501787633883851
0.0848922157124282483753319183961
0.0995699568780342297857899325209
0.0473085767850095137432298031399
0.0373740473396584962917366112833
0.0292432708889328596413292871148
-0.0389290348904887326120238810745
-0.0278918980067338652395481091162
-0.0524558663889073753527902965743
-0.0843086693909717715955665084948
-0.166193831133853525683363727694
-0.167966095526493996992201118701
-0.208210347239515647377317009159
-0.243138032549707977514330536906
