3
811.087522732350294063508044928
0.114452568004212593133495090569
0.11454541964264565445663635046
0.114638371246661791014176401404
0.114731422983949615801435584217
0.114824575022562186399355255162
0.114917827530877980635182211699
0.115011180677660862503586258754
0.11510463463201890677023442322
0.115198189563335787188869119291
0.115291845641466522698337371367
0.1153856030365380397340047125
0.11547946191902834500719876587
0.115573422459785427052203488074
0.115667484830035097176370584293
0.115761649201298680300631360751
0.115855915745550541728903226613
0.115950284634987257903482316124
0.116044756042278568441972197434
0.116139330140359570142649658919
0.116234007102652955878419049895
0.116328787102791542107382838367
0.11642367031485259531997655813
0.116518656913288692900110277151
0.116613747072834381124373237526
0.116708940968661953330176572763
0.116804238776284208256583951879
0.116899640671574892025752490099
0.116995146830800811343920031504
0.117090757430513961456775007264
0.11718647264773399130355358011
0.117282292659781253729711636424
0.11737821764438337301950099345
0.117474247779620899478913997882
0.117570383243920745242050429624
0.11766662421614224043331375924
0.117762970875457284591902862303
0.117859423401454360691431588748
0.117955981974051701821615267818
0.118052646773594102636018021713
0.118149417980756607504666533259
0.118246295776626611506721076239
0.118343280342655343684299396045
0.118440371860638243850516460043
0.118537570512826331836642168582
0.11863487648177602207244518695
0.118732289950468652972581651284
0.118829811102280386014840019016
0.11892744012089030702927772154
0.1190251771904636685084355463
0.119123022495487063121544224487
0.11922097622085180146367378029
0.11931903855183299822950715452
0.119417209674090377125033057837
0.11951548977369137738424598183
0.119613879037071726973984198139
0.11971237765103924510778909962
0.119810985802865838101283202377
0.119909703680139312353958302992
0.120008531470865001389292103795
0.120107469363468707945763469525
0.120206517546725261125217798508
0.120305676209849166102827666691
0.120404945542406813241420593386
0.12050432573442360073556756106
0.120603816976268138350114611512
0.120703419458726410318227806329
0.120803133373005161521618333609
0.120902958910661773028749621517
0.121002896263739931348446532411
0.121102945624583388517514492833
0.121203107186039035769731242453
0.12130338114130527482625865332
0.114420261889882510231153389668
0.199962900502790835721711459882
0.194570040020811324543714704305
0.189169510908310994912184810346
0.183761302284908834003829269932
0.178345403226772003524303045197
0.172921802810616476175908928781
0.167490490094324179226603632742
0.162051454126022287383079856227
0.156604683920704673694146435992
0.151150168496208409107950387806
0.145687896816503681396426372885
0.140217857873672968604950028748
0.134740040615841660809337554383
0.129254433954503616943654265015
0.123761026840896834477767640692
0.118259808149284773026721495626
0.112750766781057831789070178274
0.107233891578289025625636554651
0.101709171403693413027191638776
0.0961765950720682577523845679934
0.090636151398098580012074876322
0.0850878291826386717877639398466
0.0795316171819180489643841269753
0.0739675041822569906413420426361
0.0683954788802119406643242882637
0.0628155300271643624032691377579
0.0572276463137900703870286633901
0.0516318164148185515527345046394
0.0460280290249542589631204236866
0.0404162727550116188113271675775
0.0347965362600363842249251433714
0.0291688081385937554579346198125
0.02353307698866526770364870913
0.0178893313826551936251973984326
0.0122375598704657223558811551811
0.00657775099924475924878519705885
0.000909893295754000009517570290996
-0.00476602476179956331681086822982
-0.0104500146880089142542580304962
-0.0161420880108945861974856228471
-0.021842256276998470165828791778
-0.0275505310721129229034609409155
-0.0332669239907832300917611689783
-0.0389914466369739032280961055221
-0.0447241106382771924643293459667
-0.0504649276550304254351786426014
-0.0562139093351112090202192916877
-0.0619710673941967146727272108819
-0.0677364135087753643782448875754
-0.0735099594097016473259742497248
-0.0792917168449659148787844742401
-0.0850816975841100359145841025565
-0.0908799133879372444955180299075
-0.0966863760657670073817016032081
-0.102501097431644108692871952826
-0.108324089342098570099004462008
-0.114155363623583999688193557631
-0.119994932177450525090378619097
-0.125842806880846341810453736798
-0.131698999670844973941541411477
-0.137563522454707237718807277815
-0.143436387195350900647383696196
-0.149317605872522657373124843616
-0.155207190468770961366828942118
-0.161105153006844192820068428773
-0.167011505493102369035440801781
-0.172926260002800147308477107799
-0.178849428593788217778381977041
-0.184781023357495577386089280481
-0.190721056398177463142573628829
-0.196669539848931068659609877614
-0.202626485866682332082078232816
8.61950186245361516172712955568e-11
0.304754215361895008928883044064
0.258318291704962788024602104997
0.208493988649080114194944712835
0.163964061944111699764548006897
0.131259277817360880957764379673
0.0918280533790132996729838055217
0.063282852840104653058261874321
0.0309814485684494836381652760338
0.000803384485413124603721268801593
-0.0304952438445139084599588841229
-0.0310674256447155093530110292477
-0.0604023734276649681973481165187
-0.0815150196900221446494327892651
-0.0764144263397611850363588814616
-0.105249934124268848534278220086
-0.118667125165818315712940034246
-0.133458990195083226915073737473
-0.134962608223616720160009663232
-0.137799856701235873268629461563
-0.135194699857843492196707302355
-0.147965542725296522741373905774
-0.13960700215766813636619758654
-0.138226150424887034295906573789
-0.14276913159682824705498660478
-0.13264583788383760287743484696
-0.124694106163323853442292943328
-0.129235769146544554608624366665
-0.125143465849398172196060841088
-0.110440272308485520902365806251
-0.0980385431748167501808666202123
-0.0960329799393055266731877850361
-0.0742353019489360582694459367303
-0.0521247227651259886771484275414
-0.0531768989705463865358403552364
-0.0393133654402161233920587335433
-0.026418386668517122167765265317
-0.000856487292994396174662663501209
0.00107238921014317064098197995747
0.0177071615225311146391007355305
0.0302226568939770873223338298885
0.0383901557154163602936236543428
0.0534668110434237328632001151618
0.0784955512712478681303096550437
0.083302366040205313990618662956
0.0994217820845233885007630192376
0.108334565439229466021764380912
0.109528288244054972100371969645
0.115841451050702912151102452754
0.125745008766451948911679892262
0.133242255620450944508803559074
0.1186502992057533734104879386
0.137132855747801957191356336807
0.126711670111934959770394470979
0.126729686790396645079681547941
0.116277666195651330216520591421
0.129903513730930758596215923717
0.114514719067533674023984247015
0.118156386015629027985696097858
0.102947195820124071108381258455
0.0915357957065105337646215843961
0.0769868055391419864319502153194
0.0654783210271217691600398325136
0.0416022531227150244026447012402
0.0289709375374602590147432579215
-0.00632735484111309441634940498034
-0.0307216149365626342571111706548
-0.0516081586110325174487911681354
-0.0916649448150849144312246608024
-0.128114877973081436879354555458
-0.168512880729616232322598534665
-0.219221870209335922830007348239
-0.271686524106948268375560928689
