3
827.988419576284286449663341045
0.114442289650102349551907821024
0.114535415838257922938048238848
0.114628642485290935248976040839
0.114721969760207376243243970748
0.114815397832390669874413902107
0.114908926871562108718016759212
0.115002557047802933531954749924
0.115096288531492549345180975706
0.115190121493432148791491442807
0.115284056104762944183761419481
0.115378092536942700174762421739
0.115472230961807115212636176693
0.115566471551566685160850056491
0.115660814478782153491565054537
0.115755259916346220361305086044
0.115849808037535417781782598468
0.115944459015981701788255975316
0.116039213025671730794563529798
0.116134070240963949149914924419
0.116229030836567895357269719625
0.116324094987542217549680856337
0.116419262869363701606850725057
0.116514534657832638520069679089
0.116609910529072019480523181301
0.116705390659687130439081670374
0.11680097522655667752200514542
0.11689666440692778048848765593
0.11699245837849263363050766884
0.11708835731921911349484588527
0.117184361407544151978399327163
0.11728047082215671548244273481
0.117376685742251379851452952607
0.117473006347294406381820408569
0.117569432817166724669633026679
0.117665965332142311017271651963
0.117762604072825904921728579211
0.117859349220228351584616177661
0.117956200955761023041468149586
0.118053159461144169251056723624
0.118150224918555993292024197672
0.118247397510513788110309008061
0.118344677419901136983249045898
0.118442064830052110058211667365
0.118539559924586646033617398643
0.118637162887571631642025238307
0.118734873903472953893256658375
0.118832693157110813597654441764
0.118930620833683026171812002758
0.119028657118804351289220733179
0.119126802198492573459098764488
0.119225056259086456544871168717
0.119323419487367937685817764759
0.119421892070538937513646260413
0.11952047419610557776881165637
0.119619166052053277349287441211
0.119717967826684396071001970085
0.119816879708791720893223953226
0.119915901887514317336602687192
0.120015034552326024797075376682
0.120114277893205737002269017921
0.120213632100508630018431688313
0.120313097364900631336404046579
0.120412673877566850366704898079
0.120512361830023687070401194887
0.120612161414221236155341898666
0.12071207282246290692917511933
0.120812096247550251892910466722
0.120912231882619361500452725977
0.121012479921224908041565981875
0.121112840557335441071806769742
0.121213313985338771994193507453
0.121313900400000368451358667699
0.11836673098604559573043815135
0.19996419718439761847861291244
0.194571723667294360637924910407
0.189171571071149513532105856939
0.183763728487546768031180022263
0.17834818499086790843932703865
0.172924929625431517132838621364
0.167493951447638927954031373702
0.162055239446931648172878226433
0.156608782665238227549409089079
0.151154570056101583697127921369
0.145692590595804166708759908033
0.140222833231193499958777692882
0.134745286910638556454600234247
0.129259940524747179990683321194
0.123766782973141545309836430988
0.118265803152352105831468520591
0.112756989905631099802008066035
0.107240332089452106156812760673
0.101715818508844299539184419245
0.0961834379982720033552823224454
0.0906431793181040057483244254399
0.0850950312625000093724736416334
0.0795389825743679085290338548475
0.0739750219845770745630275655458
0.0684031382223880685122807676635
0.0628233199803254205306757285143
0.0572355559406667394051204666994
0.0516398347569436283466259851593
0.046036145083114793363776584556
0.0404244755518052070741852332958
0.0348048147589040748894895216381
0.0291771513068435246751608502791
0.0235414737468935507391787353981
0.0178977706465528775547912943011
0.0122460305405363949204922136005
0.00658624192356699854344892486324
0.000918393337458320172320136443034
-0.00475752676135502219900708098521
-0.0104415299385229101702954324082
-0.0161336277210688064376320483007
-0.0218338316849832347887883088333
-0.0275421534313973724594770686736
-0.0332586045844367184098899770106
-0.0389831967599204298746684571597
-0.0447159416275979895716297107811
-0.0504568508331817711098921108714
-0.0562059360836449639631240415838
-0.0619632090887841172066607953184
-0.0677286815557975735435647379745
-0.0735023652491286899612887850708
-0.079284271926965826926547720177
-0.0850744133673496660819068893034
-0.0908728013874861711984820544785
-0.0966794477829264475854387228537
-0.102494364416570074571843917965
-0.10831756315893588393794999547
-0.114149055850215563889804570863
-0.119988854411558862333997410587
-0.12583697075931574160811976526
-0.131693416833729287640508687218
-0.137558204581424342594075937996
-0.143431345977637098032531071112
-0.149312853020424796124387967211
-0.155202737719364075585914974909
-0.161101012121398601273369877163
-0.167007688259094344562782907815
-0.172922778222903583689173956373
-0.178846294085820395336483557003
-0.184778247977966103565705680012
-0.190718652023342594148402895371
-0.196667518371095473295184774543
-0.20262485918905934201283969287
9.05730166509574601534532031946e-11
0.308744150896776925474540576033
0.25615290458045403276798879233
0.212938078127028668218301277193
0.162305851889954222411205364551
0.121557782809392889156185901811
0.0909914295414308432752292787882
0.0654944571299461569813260553019
0.0345819112020347083080729078119
0.00972306529250656879914682662047
-0.0171694719390428907068724129203
-0.0511997003966798910901125907458
-0.0641309017841210637911331104988
-0.0699564369605678165742190799392
-0.093625814582652969186860048012
-0.103798660408542339772530738173
-0.115641272337533795866448826928
-0.131840479295313145469137339205
-0.143061032363292484070882437663
-0.13382901526896190391724417168
-0.135900946495577629180573353551
-0.151992427691027970348969233783
-0.14249006284753359952155449264
-0.149528360318433473086230378613
-0.135073527928727871172398522503
-0.127266137805925799719730662218
-0.123443065793096981574983317387
-0.11802102395233633747029244887
-0.116859486328003872590564071743
-0.111191990099003504277597187411
-0.0988213685750555237419234799745
-0.0861392135527576791043102844014
-0.0748130005738291969930031655167
-0.062982993474229267971686851979
-0.0534705001897877521543911427671
-0.0405751144960359855229370396046
-0.0183208283753122196102491869851
-0.0027721405887613892286835959311
0.00584299322615720786305848477582
0.0130283006711684624240321639377
0.0311811862006530424173966764556
0.0418478455159105172667111105511
0.0567052857117036832046430561149
0.0676723734098134410697156226888
0.0783899066576420333607444490553
0.0919630991995329521992985633005
0.0885099836930085537289869535016
0.11255233596955620256618857411
0.119663334742748886374563710433
0.120817454786884520556711208883
0.121949344197391715272082990396
0.130897619055297204093690766058
0.140023583454537053905042398583
0.127456580209694358973848693495
0.139962944596841054600844245215
0.130435909413827294534016232319
0.116472864124446087719100262348
0.126450979097981391907623560655
0.112879902836889076112036889299
0.103072086682734972984398780227
0.0953490596845081306298652634723
0.0773294878883950403958280617189
0.0727783637408623285125486290781
0.0468498209953874811262153343705
0.0206023860019057120096519497565
0.00279057121111934720164571288592
-0.0266840548021647847032333800144
-0.0752108102989503396473836005498
-0.0994801048239659924110611655124
-0.136451487622356315565497197895
-0.167663428176683365622423593777
-0.215473523953158552224351751647
-0.261042464827234588220505884237
