2
3.60813773317406161211806647771
0
0
0
0
0
0.706562079165985790218940110208
-8.70976179600651075747416776798e-17
0.707651063932386859001155698934
0
0
0
0
0
0
0
0
0
0
0
0
0
0
0
0
0
0
0
0
0
0
0
0
0
0
0
0
0
0
0
0
0
0
0
0
0
0
0
0
0
0
0
0
0
0
0
0
0
0
0
0
0
0
0
0
0
0
0
0
0
0
0
0
9.74995969051710803274604123791e-07
0
0
0
0
0
0.70765106393238697002345816145
3.21823479692968986275940129261e-10
-0.706562079165985679196637647692
0
0
0
0
0
0
0
0
0
0
0
0
0
0
0
0
0
0
0
0
0
0
0
0
0
0
0
0
0
0
0
0
0
0
0
0
0
0
0
0
0
0
0
0
0
0
0
0
0
0
0
0
0
0
0
0
0
0
0
0
0
0
0
0
