3
9.44661595994913483309574075975
0.114574391055917657045171154095
0.114663986407792947708195185896
0.114753675939212679280032602946
0.114843459802549605064392324039
0.114933338150501190844110510625
0.115023311136120631736901032127
0.115113378912723898772618724706
0.115203541633936493160383918166
0.115293799453701675816752469927
0.115384152526258609849918457257
0.115474601006196248009771920806
0.115565145048346848422049504279
0.115655784807920367085465329637
0.115746520440388994677149980816
0.115837352101569507345502074713
0.115928279947575596509068418527
0.116019304134840628428548825468
0.116110424820098506737409138623
0.116201642160430967942730262621
0.116292956313206116703007353408
0.116384367436123847827644794961
0.116475875687176169681613657758
0.116567481224715094323407527099
0.116659184207383581632910818371
0.116750984794145196143944076539
0.116842883144293613328912329052
0.116934879417431414339034745353
0.117026973773503600861900508789
0.117119166372767979922286940564
0.117211457375779995460085558534
0.117303846943456691054308294042
0.117396335237026097630952392592
0.117488922418046051743267810252
0.117581608648379395964944649222
0.117674394090257733447302257446
0.117767278906189071241428223402
0.117860263259044237282857636728
0.117953347312021381010360698838
0.118046531228649137501562904617
0.118139815172764159334484190822
0.118233199308561159890373915005
0.118326683800565199411458650047
0.118420268813612172831284397034
0.118513954512887362269246693813
0.118607741063936664160927136891
0.118701628632573330524024868282
0.118795617385021909373499227058
0.118889707487809359598429637117
0.118983899107787727267293576006
0.119078192412170852376718244159
0.119172587568495663701284570379
0.119267084744662965611894378526
0.119361684108877694199257746277
0.119456385829734904047150223505
0.119551190076118321603537708597
0.119646097017312866284122208071
0.119741106822886300697916794888
0.119836219662785334327814723565
0.119931435707309366756057045222
0.120026755127090781205545511057
0.120122178093139700405522773963
0.120217704776732770000080563477
0.120313335349605809998507766068
0.120409069983751726429233031013
0.120504908851567810179616913047
0.120600852125780241830277361714
0.120696899979479271847182531019
0.120793052586087662492175809348
0.120889310119432241696912910811
0.120985672753634004861211792559
0.121082140663203607910958226057
0.121178714022986855347596701904
0.00112396743761217546807296141509
0.199949005165000609496317451885
0.19455143435215158098650078955
0.189146322117913850968662359264
0.183733657817116730059936458019
0.17831343078432496107588178802
0.172885630357664993317357016167
0.167450245820471604885071315039
0.162007266495465401812126060577
0.156556681623239324352425683173
0.151098480460429701599522900324
0.145632652263438244766291518317
0.140159186235557564614850889484
0.134678071589774545069317923662
0.129189297506720535135826821715
0.123692853160159293990361106808
0.118188727683567140758214009111
0.112676910237215557875067872828
0.107157389910454786674520732959
0.101630155820756393203474488018
0.0960951970497394974968230485501
0.090552502647974666971641966029
0.0850020616693411973363581068952
0.0794438631473779605096652289831
0.0738778960825468566930851466168
0.0683041494802388293727801737987
0.0627226123071465829772463962399
0.0571332735207725067594353163258
0.051536122070787858395757297103
0.0459311468710378034696617532973
0.0403183368332379679643828751523
0.0346976808421038257490565115404
0.0290691677659502961672544074645
0.0234327864611824816798435477949
0.0177885257538016698652949543202
0.0121363744565530454894153322698
0.00647632138026478683390241286588
0.000808355299091638142619520301935
-0.00486753502725351550745047646274
-0.0105513608566137149363806102542
-0.0162431334586868765523792745853
-0.0219428641274464139576672039311
-0.0276505641758406396635283641672
-0.0333662449393789042884073126061
-0.0390899177470775266440838890958
-0.044821593985327742859503530326
-0.0505612850183048204155689120398
-0.056309002268572175275984648124
-0.0620647571332232361740466330957
-0.0678285610737948962967180932537
-0.0736004255309245236649218213643
-0.0793803619924091513615493909128
-0.0851683819513875950413250848214
-0.0909644969066014108527440384933
-0.0967687184092582558525563740659
-0.102581057996278438015913536674
-0.108401527237822981053483317737
-0.114230137724965014056621726013
-0.120066901063264355742354894119
-0.125911828881023979409548019248
-0.131764932809836421423455021795
-0.137626224521158885272242855535
-0.143495715705382442806126164214
-0.149373418035550792337673442489
-0.155259343264041477228332155391
-0.161153503101393119623097049953
-0.167055909319602319262898504348
-0.172966573688095509586659659362
-0.178885508014091365591724525075
-0.184812724096819647190415025761
-0.190748233770426406374909333863
-0.19669204890466665536230550515
-0.202644181352995667033667359647
7.17990899035545339412167381529e-13
0.304407974675092563021649993971
0.250375968518076252866677577913
0.206948756535783456866894880477
0.165487652936674140002892841039
0.135329327041953217936054443271
0.094112871981254231368296814253
0.0661973741919913982734158253152
0.0333088024205846489067539550888
0.0082745582056037540741311175907
-0.0196380155667088655835339494615
-0.0407985706445899293237644656074
-0.0660790042450178638500091210517
-0.0749889706389642030082143264735
-0.0900626409009456785348390894796
-0.106994402456650580801600369796
-0.110711872627916499411959705412
-0.13338004180289050881746959476
-0.134635632088022677566030438356
-0.140747232014349077378057017995
-0.134367136871926307062352634603
-0.143048108507712296022518216887
-0.152241700677303914979177079658
-0.141403510705483154152872771192
-0.133372154841076950848588467125
-0.138612911877044747699372351235
-0.134755478598283157110060415107
-0.133025611801053683658224713326
-0.116181072609237545645299860553
-0.11013630393818006625306082924
-0.0958318031880989462667486122882
-0.0843641581573094379020716360174
-0.0763124373113571868865179226304
-0.0674969969001436992384057589334
-0.0475241332476706995757709250938
-0.0319391719376806368368981736694
-0.0301810905769515809560221697438
-0.0120158443607789634788307608915
0.00743690360432506646776174008551
0.0142576393743434649830081895061
0.0331308000696769536230767982943
0.0417617251871871819624004729121
0.0617843503166547181049139680908
0.0743107496787749483013740814386
0.0814990025945609153357196419165
0.0921577452526124302201182558747
0.102972709014267582716684046318
0.106712977153876814595534483487
0.122626897582062341363062785149
0.125061088929901115252008025891
0.131633957132344409091118109245
0.13939462481247821834529077023
0.141426699377978998262150867049
0.131838793616400218322581849861
0.120546069064862690356498831079
0.125685540549515750718967410648
0.133256033669175572020648701255
0.114259867054323172030905197971
0.117093267015635452144017847331
0.10072004944871205955880810734
0.0866890093605653111463738014209
0.0842743010944928677696807994835
0.059604800167038562985766247948
0.035628000656614262908750134784
0.0214706095744415306758590133995
-0.00236397906644410628687613673549
-0.0295488979264011374092913086997
-0.0683390205486139185042659960345
-0.105284310156648644452026530871
-0.136758633420456882090476824487
-0.163418466902245623773026750314
-0.205522427107399791035291514163
-0.259553289344779170022547987173
