3
688.289704391936652427830267698
0.113722124017025277842307673382
0.113834418033244288981364888969
0.113946848926378949129478712621
0.114059416965736723503788141443
0.114172122421366817324184239624
0.114284965563828527779222099525
0.114397946664403657446307249757
0.114511065994951158342196606554
0.114624323828018681581397686386
0.114737720436763515619027486991
0.114851256094984921496404695063
0.11496493107711962256001214655
0.115078745658274791963116001625
0.115192700114182478010604882002
0.115306794721227220956727421708
0.115421029756427193091461447239
0.115535405497481410974636162337
0.115649922222724618747768943194
0.115764580211137960152889547771
0.115879379742365992700392496317
0.115994321096731925480050051647
0.116109404555192446961697783081
0.116224630399359013521731753826
0.116339998911521760871501385282
0.116455510374641163506836960551
0.116571165072349519631345060589
0.116686963288895800827660309551
0.116802905309266111255617204279
0.116918991419071124915340931238
0.117035221904609701426558387993
0.117151597052848333024854809992
0.117268117151489353888749178623
0.117384782488798175559274739044
0.117501593353804570374343541062
0.117618550036208663334136304002
0.117735652826396905434869211149
0.117852902015400787250065661738
0.11797029789499358098936454553
0.118087840757586950979352025115
0.118205530896320520906073170408
0.1183233686050340766060529063
0.11844135417820740585614913698
0.118559487911066602228160604682
0.118677770099512067125679948276
0.118796201040163112994108018938
0.118914781030318814081248035563
0.119033510368010173041675159311
0.119152389351924042903974054752
0.119271418281527347149406637072
0.119390597456915784069231278863
0.119509927178937519487433860377
0.119629407749164043406331359165
0.119749039469887783027068905994
0.119868822644037587021870194803
0.119988757575375998287725565206
0.12010884456830790700809785676
0.120229083927966370892725933572
0.120349475960230836713016344675
0.120470020971718716484843980652
0.120590719269737189911495534034
0.120711571162334746487587722186
0.120832576958314619197665251704
0.120953736967186309403388122519
0.121075051499191982395942090989
0.121196520865347545647949800696
0.121318145377364752790505519897
0.121439925347726018767247069263
0.121561861089629713594817417288
0.121683952917046547814727830428
0.121806201144685516402077496423
0.121928606087984267580814901066
0.122051168063147530418177666434
0.19247491666711508129239405207
0.200089806150983040566870840848
0.194721502658449535649864969855
0.189344868835614521529464582272
0.183959892557428617010373272933
0.178566561677788837592117943132
0.17316486403313277597781905115
0.167754787437493613211358933768
0.162336319689492747375680892219
0.156909448570370840814192092694
0.151474161837324206025812145526
0.146030447227994769621162163276
0.140578292463335530193546674127
0.135117685245321500486781474137
0.129648613253457029026449731646
0.124171064149816490207456354256
0.118685025577257116657925450909
0.113190485157296585883024420127
0.107687430494382938017672302067
0.102175849169723456655312077146
0.0966557287507281565064332085058
0.0911270567778655338209148339956
0.0855898207772410324345457866002
0.0800440082535864433355143887638
0.074489606688809203993706375968
0.0689266035548671829324973714392
0.0633549862907570593417716509066
0.0577747423216339248130957173544
0.0521858590576420727780160291331
0.0465883238773803776133775045309
0.0409821241552345769121323826312
0.035367247223840270198280677505
0.0297436804206638767678061441302
0.0241114110466518483111286741405
0.0184704263804699765627592711326
0.0128207136973947696118036887469
0.0071622602381172292135280699199
0.00149505322065707517073529508878
-0.00418092014277048583392737413078
-0.00986567267251228265101392622682
-0.0155592172039342620248891790879
-0.0212615665949925300437506336948
-0.0269727337217216395215402258145
-0.0326927314839980942551278531027
-0.0384215727976407045440865317687
-0.0441592705992596423758556056782
-0.0499058378556330242692418153183
-0.0556612875425657391281752950363
-0.061425632663655561904736401857
-0.0671988862354346433436447227905
-0.0729810613041950717594374964392
-0.0787721709308136092131391592375
-0.084572228199755197786124938375
-0.0903812462153932155706215212376
-0.0961992381031378379629970254427
-0.102026217005129149484332629072
-0.107862196096298684766523479084
-0.113707188559499045021894403362
-0.119561207605612535020966902266
-0.125424266466073269787884214566
-0.131296378389333029401697672256
-0.137177556649606097183280439822
-0.143067814540529386624356789071
-0.148967165372428017589001569831
-0.154875622490231817929284829916
-0.160793199246622137144058228841
-0.166719909017080530899690415936
-0.172655765204214439734187180875
-0.178600781229290850316004934939
-0.184554970532418899376025933634
-0.190518346582487535512129284143
-0.19649092286390595907263900699
-0.202472712884746136596803012253
3.17823310371072142305071492278e-10
0.306165433672113962426664102168
0.257122111805523800853734428529
0.212257210553520897500234809741
0.169498058117022259994044475206
0.130753958116686774815207172651
0.0946318122312674037122093295693
0.0611588286518983531570015088619
0.0315817382821498709999374909785
0.00353497799496494844936900214805
-0.0217718286545494979500325882782
-0.0424708756958096997347062995232
-0.0638768378481876925034654846058
-0.0810945577723801991343322015382
-0.0948335817366719874277336543855
-0.108477357430869961185671002113
-0.118759752292377437909998150189
-0.125857821039974143717543597631
-0.134886855167599017946145067981
-0.140323923023091934325634611014
-0.143391035899235408379581713234
-0.142516624393533547499046676421
-0.14199182106300506367446701006
-0.14184931760804100897566115691
-0.137987279548934582695807193886
-0.13466405796776084735633105538
-0.128252428877221991143642298994
-0.121162747055834227327686392073
-0.112528754043079728952569951161
-0.103464492772435009970699582027
-0.0947146537505875601992144652286
-0.0837963052018708687285197811434
-0.0724070211291326509828181201556
-0.0620797908692516664519445157566
-0.0484186117654776052021681209681
-0.0358207491171446887334717246176
-0.0229278512527797788400629741545
-0.0105515820871722940110792876567
0.00301005312411388665019829069536
0.0165007785583417727892641124754
0.0290634611802838907501644882814
0.0413821311302531719134023546758
0.0536624136420503772271217712841
0.0650414736563219297860172218861
0.0760571570988884948505415195541
0.087366056999628557977466414286
0.0963278224497795265701682865256
0.104934867902528289329566746346
0.114418879280578936197265704777
0.121038021386596042483496660225
0.12698114308040769904195599338
0.131328748491420704835874744276
0.132642302136658979394567836607
0.134966164726745913027272649742
0.13491232995299781705078601135
0.13186219889492889478788129054
0.129205968745572830069789915797
0.123637913103583255147732700152
0.115397285075717101476833192919
0.105778431881340784226352980113
0.0942031906668007040783763272884
0.0809347578914722531884251566225
0.0633451316259457525292830837316
0.0428852646346495752771588172436
0.0222680618686179367105015813877
-0.00285749275457129357433383454179
-0.030377558116709370283903268728
-0.0614723491958499568266205415057
-0.0960346332268293689793381417985
-0.131226087825561332778079304262
-0.172699072505576645131242230491
-0.216323263746827976206077437382
-0.263933392408197742273756603026
