3
37.6695688357416003100297530182
0.11449879269719911989433569488
0.114590409249458402562993342144
0.114682123558529885931633884866
0.114773935786253708513093840793
0.114865846094818063738429714249
0.114957854646685911359504927987
0.115049961604701295181385489741
0.115142167132042505528488618438
0.115234471392187648453031556528
0.115326874548975860657051839553
0.115419376766570880299411783199
0.115511978209465168698777404188
0.115604679042510954944944501221
0.115697479430899141661370777001
0.1157903795400998525622071611
0.11588337953599053831155174521
0.11597647958478328467091245102
0.116069679852990395585443650361
0.116162980507480556591204390315
0.116256381715484982675157255017
0.116349883644576004848580907947
0.116443486462625853117280882998
0.116537190337897597625094192608
0.116630995439006859837327567675
0.116724901934865857300316349665
0.11681890999477537174122687702
0.116913019788373276353077301337
0.117007231485638726886655547332
0.117101545256885944401581411967
0.117195961272845525225072549347
0.117290479704516406589398513916
0.117385100723299398706167551154
0.117479824500912918838757548201
0.117574651209484584701847609267
0.117669581021452598901255726105
0.117764614109604329184044502199
0.117859750647115263388897687946
0.117954990807498077964865501599
0.118050334764615738603055206113
0.118145782692703857352789498236
0.11824133476635702300061581127
0.118336991160542553958023859195
0.118432752050571771240683460746
0.118528617612088396637837206526
0.118624588021160617956617500113
0.118720663454186525775924110349
0.118816844087931666740232117263
0.118913130099521674454265962595
0.119009521666440645781825935501
0.119106018966603569020357156205
0.119202622178195286051227697044
0.119299331479834291869224216498
0.119396147050496351238457748423
0.119493069069523880076921784621
0.119590097716624613188862724655
0.119687233171878210091776395529
0.119784475615784383184525552224
0.119881825229110963726419925024
0.119979282193107036902368633946
0.120076846689372754295455081319
0.120174518899842416863599225962
0.120272299006846092317424279372
0.120370187193112987422694004636
0.120468183641757833890473250449
0.120566288536249899276953101435
0.120664502060421341411711182445
0.120762824398550155935438965571
0.120861255735215833428952691975
0.120959796255470153347744144412
0.121058446144684722645123997609
0.121157205588635158433064020755
0.121256074773490096774253288459
0.00499598020113025450411603500811
0.199957299882883215991213887719
0.19456267969541898854579642375
0.189160438385789525517211018268
0.183750565156568596014707850372
0.178333049200441962067742451836
0.172907879684216947424602039973
0.167475045750293760615790006341
0.162034536532693340671329451652
0.156586341143514967688687988812
0.151130448694871966086594738954
0.145666848252517161510510845801
0.140195528888570480896547110206
0.13471647963914742951452296893
0.129229689546762088747655639054
0.123735147602665115917908167376
0.118232842819287586877408102737
0.112722764150454957121638699391
0.107204900578971001889883041258
0.101679241027736275149173650334
0.0961457744170097494684767980289
0.0906044896641449576391025289013
0.0850553756400050375852117667819
0.0794984212212900137606297334969
0.0739336152714852729017636079334
0.0683609465986848297003319885334
0.0627804040428461967993101211505
0.0571919763747230427974876931785
0.0515956523910601899673977754901
0.0459914208600461435483275351999
0.0403792705060249668136407308339
0.0347591900660548028256791042168
0.0291311682459317808358001400393
0.0234951937217181515415997949958
0.0178512551896040823351530235641
0.0121993412802916204734637872775
0.00653944063631813499865019778667
0.000871541870693060601732460312974
-0.00480436641728210125229514559919
-0.0104882956464250887140821077992
-0.0161802572548296989818350510859
-0.0218802627075896372055296978942
-0.027588323472855523499358554318
-0.0333044510427198819924043959873
-0.0390286569490215923261544617162
-0.0447609526998305543021849928209
-0.0505013498567189467181037798582
-0.0562498599846574659499864878853
-0.062006494678507606543860219972
-0.0677712655281206277635419610306
-0.0735441841740921281589393743161
-0.0793252622515182442830550257895
-0.0851145114294917515262994811565
-0.0909119433791061443139724929097
-0.0967175698084665885767563509035
-0.102531402433973309329395817713
-0.108353452995086377286249046392
-0.114183733241350560128068991617
-0.120022254956863513863929426861
-0.125869029932160342299951594214
-0.131724069979637231631031113466
-0.137587386928623045534436641901
-0.14345899264355491120603858235
-0.149338898994755997495786914442
-0.155227117859547042444390285709
-0.161123661147154123574054551682
-0.1670285407982007586102923824
-0.172941768759136887956273653799
-0.178863356985575122637399658743
-0.184793317485180796921895307605
-0.190731662243612182239260732786
-0.196678403293680720276270790237
-0.202633552682141587775177526964
3.52961355424623632647649921088e-12
0.304926961545854358082152657516
0.258285938239669665694719924431
0.21258077203096861773623516001
0.160847257175661950689971035899
0.132320013975020217555922386055
0.102680327816225644421699314535
0.0675442362625104236739659313571
0.0317263962455870962564574710996
0.00341004486469989815181080849982
-0.0258072217723393504407169984916
-0.0467121127600891583586673050377
-0.0686580073301995136292319443783
-0.0863647030618432814952356579852
-0.0980470693799146281177669948192
-0.103635268889869944231030274295
-0.119957449362367074563451296854
-0.129929779698869041215658626243
-0.136340796478719716855465549088
-0.134487077930545095849623749018
-0.140776390086439190385547703954
-0.139189877244294851754702335711
-0.139369389943405225240624645267
-0.140546314014111134449436235627
-0.143045187860355027531511495908
-0.13596805384026966478927533899
-0.125424541787710092100027736706
-0.12110946944718598006218712726
-0.115707284251615291625903125805
-0.100587949604694165683937967515
-0.0922359929592571625711627802957
-0.0759218463361712864179153825717
-0.0733504766793763862686716947792
-0.0529043758048302337204660261705
-0.0454854861402870860875857772498
-0.0378259780425271238679663099447
-0.0227174815393794450602005241535
-0.00700535430556463792339805252141
-0.00242363175557150194172617574395
0.0130436940089078464571903381852
0.0220844864979783499225884924044
0.0360449657484847862942700658095
0.0535710990215670854186491567361
0.0599532332300935083546633563856
0.0772233697751365383288302268738
0.0869185973429705133197487043617
0.0924653401138058606001379757799
0.106555968762609448718947646739
0.116529564782747563356224418385
0.120538281589347803790523983025
0.125213342931404736368961039261
0.128888743530230803768787950503
0.137640022526293398508201448749
0.136881332610574779629075692355
0.143015480104879577627485787161
0.132416371393118681432099492667
0.133848662144389340955541456424
0.119335585144518280253933539825
0.117181293434776845341360740349
0.105378657011146181776695129884
0.0899407667510974534463841223442
0.0771644472079542620424064125473
0.0689530191033852352111566119675
0.0413544737617271493390624925723
0.0249439993323013059489667853086
-0.000917127015164568930825905734849
-0.0383880605424913520784535592156
-0.0576122453552135316279247945204
-0.0973042949204320772871312783536
-0.130286779298158850171063249945
-0.175510336222862300958880155122
-0.213796727448443413255319001109
-0.26601299533613737002823995681
