3
68.2798395105434536844768445008
0.114194021421081357003934897421
0.114293770595705876380598908781
0.114393632379211754312997584293
0.114493606973402328730315957728
0.114593694580576790920112273398
0.114693895403432388757636317678
0.1147942096451496640785450154
0.114894637509315986068081372196
0.114995179199968655670005546199
0.115095834921608144996163503038
0.115196604879173006286130487297
0.115297489278042425420167660377
0.115398488324046366582109612864
0.115499602223477076945457042711
0.115600831183061261708822087257
0.115702175409969132413579018248
0.115803635111843133964626417765
0.115905210496783844797974438734
0.116006901773323845006302690308
0.116108709150467323545363740323
0.116210632837682154017144853242
0.116312673044861078497369533125
0.11641482998238998625151197075
0.116517103861130885689156855278
0.116619494892336889035888702892
0.11672200328779587519267835205
0.11682462925972630918280970036
0.116927373020823857641126153339
0.117030234784222378352502857979
0.117133214763582266249031249572
0.117236313172951162053792018014
0.11733953022692683587635542608
0.117442866140518561990369050818
0.1175463211292535337104681048
0.117649895409060706308324029123
0.11775358919645081967608746254
0.117857402708313060979428144037
0.117961336162061503074482970987
0.118065389775574902664345700032
0.118169563767204971460600404498
0.118273858355833594302453093405
0.118378273760708904727145807101
0.118482810201700455854378901677
0.118587467899070528321026074536
0.11869224707356622328102702113
0.118797147946479372815353769965
0.118902170739570378632521396867
0.119007315675036307034417859541
0.119112582975608227719988008175
0.11921797286451010777774683902
0.119323485565443629385917745367
0.119429121302619650757392832929
0.119534880300710522060825269364
0.119640762784931131701426920699
0.119746768980930839987308900163
0.119852899114944150271711009736
0.119959153413646324448649238548
0.120065532104185038186905387647
0.12017203541428812807456694145
0.120278663572112559654314623003
0.120385416806388950705652973738
0.120492295346295658076130052905
0.120599299421515815389227554988
0.120706429262328093776623916256
0.120813685099382228660402915921
0.120921067163984152781353031969
0.121028575687829306750664670744
0.121136210903207766631517472433
0.12124397304289082077932704351
0.121351862340151189778580942402
0.121459879028801870370912752151
0.121568023343185296902824177323
0.0129276980553618310587626893948
0.200000516534395683665437104537
0.194616968222316583103648213182
0.189225500039509053618047573764
0.183826100629085914528459966277
0.178418758599655502550263008743
0.17300346254175003046782421734
0.167580201036966691674479079666
0.162148962653264366862160272831
0.156709735898726082448106922129
0.15126250932035908980388683176
0.145807271412620870210119505828
0.140344010667744711895466025453
0.134872715545101024003926681871
0.129393374496308444232539613949
0.123905975944357815698992908438
0.118410508308912948427504829851
0.112906959973838802446799434165
0.107395319320101212401397106078
0.101875574694632500816204867533
0.0963477144440382654577703647192
0.0908117268770120278364998966936
0.0852676002946232414192451187773
0.0797153229874216495698391327096
0.0741548832001538843483601226581
0.0685862691917245581585405034275
0.0630094691768698783596036605559
0.0574244713592587593953275870717
0.0518312639325848728555357070036
0.046229835058095650190956860115
0.0406201728885698665205694624092
0.0350022655587515912900542502939
0.0293761011655500163530785329158
0.0237416678045568839416912254592
0.0180989535627671255246795567473
0.0124479464671675595088817800615
0.00678863457000660700663141611244
0.00112100588819991574783541121718
-0.00455495159718564794626427527646
-0.010239249900643150950618753825
-0.0159319010703271798923275071047
-0.0216329171570386960543608267926
-0.0273423102558198773126552083568
-0.0330600924566035528351370942346
-0.0387862758920734795875517875174
-0.0445208726971849100273459498567
-0.0502638950250393554131100870563
-0.0560153550625905188864450678921
-0.0617752650125514765622192214778
-0.0675436370789651990831359285039
-0.0733204835127906351388560324267
-0.0791058165647652716812032736016
-0.0848996485257347693886842421307
-0.0907019916694431632686601574278
-0.0965128583332458545029908236756
-0.102332260842791497590376081916
-0.108160211562170885390976593499
-0.113996722861952726191248075338
-0.119841807144956763453436110467
-0.125695476822492907542638818086
-0.131557744337828297354064943647
-0.137428622138463990554058113958
-0.14330812270960871512848200382
-0.149196258540453985386164958982
-0.155093042152603083350115298344
-0.160998486088017256356863526889
-0.166912602895119194235107329405
-0.172835405153229315633467422231
-0.178766905469064790734634584624
-0.184707116459690373622137826715
-0.190656050752025407746259588748
-0.196613721017933673618216516843
-0.20258013992857815122050624268
1.35000932869145301686267777832e-11
0.304503594480796613286344154403
0.257340204156078500297155642329
0.209668841232631408821873719717
0.167815250899693180208771536854
0.130969693441306461734185973
0.093872072461642960816696756865
0.0642300024057585600134601122591
0.0323342513667501316176888792597
0.00568329777378050095965056343061
-0.0179465921814438433834482111706
-0.0438513518965468057642098642646
-0.0625012670857953561709408063507
-0.0819124482095543587911734562113
-0.0974460864590390440920231185373
-0.103965419320608418174423093205
-0.118197153315964795239345619393
-0.128406406069828088467588145249
-0.133396149442804062834611045218
-0.141423900453331863324990536057
-0.145945638126310395232820837919
-0.145217751904862829581688288272
-0.144399131498064214884635703129
-0.143965503075542511357554076312
-0.137240430279783665046267060461
-0.132338918625757612224091985809
-0.131541017099514684352001836487
-0.117907443315173054987354817058
-0.109672880393353641692577582489
-0.103342588341384877814732590195
-0.0946863766515217142316629406196
-0.0855210633902898781366630487355
-0.0678034677566291960060240739949
-0.0632969785887491781517510958111
-0.0511055487334131364196565527891
-0.0366265693720758192530873031956
-0.0253786463638283818489149723518
-0.011218052981794280481553371942
0.00650945748766343021407543290024
0.0172481320822813893878233670875
0.0295890514325199902034846388688
0.0426657876207217345854161294483
0.0527879612587166952009098963572
0.0645030026565330399934694582953
0.0744406012678417439154543444602
0.0898312304617232826320361027683
0.0992617826764192190402980031649
0.106051747782483440918355199756
0.112430680098432614344439173237
0.120845232075012784522805020515
0.12849661402635614848577461089
0.130442988094899264828185891929
0.134526309662339638162364963136
0.131335977007551840678445387312
0.135576551124283656291069632971
0.130902193130515348551412557754
0.130892766300470725360227675083
0.123626145556343922105035915138
0.119211630333751358867822034426
0.10580359796053429022322234232
0.0875269844910022548623018678882
0.0811959811381556539888748602607
0.0610651655863459832951356531794
0.0476547085711790593953729455734
0.0220821732790979670391084965786
3.10118797175417312806354475097e-05
-0.0294856291184289187601308412923
-0.0618049300088171563172245726037
-0.0965651958733408088964011994904
-0.137838238697136405974674744357
-0.177849380510355731255245359534
-0.213540772727181554779818384304
-0.259565915098081356759962545766
