2
0.300281784966286546811886637443
0
0
0
0
0
0.706393383622484827277787644562
-1.30850005031059298134612749814e-16
0.707819459731347744302354385582
0
0
0
0
0
0
0
0
0
0
0
0
0
0
0
0
0
0
0
0
0
0
0
0
0
0
0
0
0
0
0
0
0
0
0
0
0
0
0
0
0
0
0
0
0
0
0
0
0
0
0
0
0
0
0
0
0
0
0
0
0
0
0
0
2.24477319511256564840180486101e-07
0
0
0
0
0
0.707819459731347855324656848097
1.74684507247340582463490290891e-10
-0.706393383622484716255485182046
0
0
0
0
0
0
0
0
0
0
0
0
0
0
0
0
0
0
0
0
0
0
0
0
0
0
0
0
0
0
0
0
0
0
0
0
0
0
0
0
0
0
0
0
0
0
0
0
0
0
0
0
0
0
0
0
0
0
0
0
0
0
0
0
