3
715.429304464102187921525910497
0.113520504781910308578218860021
0.113638141789602700737482621207
0.113755926485243200052543954826
0.113873859168929891794164177554
0.113991940141451864043631303502
0.114110169704313424432484680437
0.114228548159768017455917288316
0.114347075810768861181543343264
0.114465752961025249434534600823
0.114584579914923392895964582294
0.114703556977652082471408334641
0.114822684455095677669156373213
0.114941962653860141330142141669
0.115061391881318794694344376239
0.115180972445575499629732973972
0.11530070465547750946377902892
0.115420588820603867152847499256
0.115540625251288678332350912115
0.115660814258619626393453927449
0.115781156154392550483578361309
0.115901651251236859074822405091
0.116022299862482441978883684897
0.116143102302169842765522389527
0.116264058885190438297208004315
0.11638516992714566244959684127
0.116506435744393829767595605063
0.116627856654061640151454071201
0.1167494329740630526481837137
0.11687116502304711884718813053
0.116993053120464499117225898317
0.117115097586497352022405493699
0.117237298742136869522667552701
0.117359656909138007629955779976
0.11748217241003180988379028804
0.117604845568138133282687363135
0.117727676707526332511299926864
0.117850666153090713472728623401
0.117973814230493023735846236377
0.11809712126618436556224622791
0.118220587587405931428996552768
0.118344213522172544972299590427
0.118467999399327394982606165286
0.118591945548493976625437085204
0.118716052300105387451445437819
0.11884031998534545782053584162
0.118964748936261591194529785298
0.119089339485702855325754967453
0.119214091967276919481477648333
0.119339006715436402039642871387
0.119464084065449768767841476347
0.119589324353358492092347376001
0.119714727916059859857966785057
0.119840295091271614724703908905
0.119966026217501700590339908103
0.120091921634085732617513997411
0.120217981681222899070782261788
0.120344206699873487731444754445
0.12047059703187579238203852583
0.120597153019889838376776936002
0.120723875007390249458616438005
0.120850763338686759129636527632
0.120977818358973004952972019055
0.121105040414211259647281337948
0.121232429851265657849701540272
0.121359987017800902142639074555
0.121487712262373898086664780749
0.121615605934330059390013900611
0.121743668383928180243280792183
0.121871899962237142944765366792
0.122000301021192511519153356403
0.122128871913593686771015711656
0.12225761299307663643176624646
0.227748400812226220457645808892
0.200133855788431652689141060364
0.194771559521002113335441663367
0.189400771486118113529073525569
0.184021479266752774339721554497
0.178633670431000562972556622299
0.173237332524591031157612519564
0.167832453082809640587669264278
0.162419019601893505067025103017
0.156997019583094837846815039484
0.151566440487588660612772173408
0.146127269768097478586099668973
0.140679494852018277528671319487
0.13522310315626540067057703709
0.129758082060687451875224951436
0.124284418944468177947726417187
0.118802101153064554317495549185
0.113311116021467733760985652225
0.107811450857066101760572962576
0.102303092950478527467517153582
0.0967860295788565694330429778347
0.091260247984611492233497642701
0.0857257354043877983773569440018
0.0801824790476307752706830456191
0.0746304661037729410999475021526
0.0690696837436094862594515575438
0.0635001191177408663701697832948
0.0579217593571817526698630729243
0.0523345915732307473411388798468
0.0467386028508767897848841244013
0.0411337802642749092441043501367
0.0355201108613787744361367515467
0.0298975816641754883751236349099
0.0242661796912607662102256966818
0.0186258919222992112840753264891
0.0129767053258796078579750954418
0.00731860685150882098876090608996
0.0016515834245121579354487195701
-0.00402437805149246340119528753121
-0.00970929068840662573558475401114
-0.0154031676271710153691696376654
-0.021106022020831890356751259219
-0.0268178670481830049021620965277
-0.0325387159069224080054638648107
-0.0382685818142382214168684129163
-0.0440074780115659522361504230048
-0.0497554177639378883424292610016
-0.0555124143441191528203226823734
-0.0612784810602778617916186476577
-0.0670536312365567765958473955834
-0.0728378782167336813468949685557
-0.0786312353623816323588968657532
-0.0844337160649410861656960491928
-0.0902453337308103398228809055581
-0.0960661017908978898116600930734
-0.101896033692301740680719035481
-0.107735142909075709560795530706
-0.113583442933460163071224258147
-0.119440947279487744148163130831
-0.125307669483885303352010964772
-0.131183623101212343264876380999
-0.137068821713126953731887169852
-0.142963278913723068619390232925
-0.148867008329826910895121727663
-0.154780023603122457442893278312
-0.160702338397452071383497695933
-0.166633966399171468131257256573
-0.172574921315304025126735609774
-0.178525216878243048190810782216
-0.184484866833877048097889428391
-0.19045388496074983075700970403
-0.196432285050478633303683295708
-0.202420080921884792957143872627
4.41045164225922429987965570596e-10
0.306844489262403763429887249004
0.258376640275340130337156097085
0.212611510339595993768213588737
0.169457913518699543331536006008
0.130261045270513853289173766825
0.0949350238065873874848676905458
0.0615364248613970710177767386995
0.0312824303758628061156166211276
0.00364426432004940356948474722287
-0.0223182871486228770474546934111
-0.0437877044641065346630703913888
-0.0642569359868311873462687344727
-0.0814831229119460653809170480599
-0.0957529854714007228055905329711
-0.108501169029892513551160959651
-0.119211938305243500546559687336
-0.128101953347265040683566894586
-0.135473205121404288719944020158
-0.139058245318047613015011165771
-0.14287093121784127935924857411
-0.143053939040667682514040848218
-0.142375468564937851523310996527
-0.140449226247648467635897873151
-0.137962288208498817798641766785
-0.133092368302760138965012970402
-0.126864634964821448859240149432
-0.120209004988482984210840243122
-0.112612446027396673198239795965
-0.103791139127163895006233929053
-0.0945302333295563734782973597248
-0.0832778989348360310085439550676
-0.0733476142916164863816419483555
-0.0599183140197107472202375788584
-0.0485483396636227637621630037756
-0.0357346771241378036165770026855
-0.0222917681051598842723038274016
-0.00972183867601801934843486208138
0.00262029803935315665566752052484
0.0159085570321802968751789819635
0.0289120529516403920733402799215
0.0403296415580960757041317776839
0.0532977503380057116011414564127
0.0654673481128901224579408335558
0.0756911076054101877863544700631
0.0866091310933399527449694232928
0.0958208936111070025409830464014
0.105505037971292542353651811027
0.113124945550278327432991432033
0.119783574249256619115300281919
0.1257968885458787544617820231
0.130138946293192780956360365963
0.133019411098721535013922334656
0.133312011969361127183830717513
0.135944585333289680306734226178
0.132860812481227497094948830636
0.12975347137327727931044307752
0.123463909531963234034179777154
0.11607623853471477071153117322
0.106726221767462117751001926536
0.0937997417796372773279856005502
0.0800553844278836246317609948164
0.0632554367078237284038877419334
0.044388538811284773688559113225
0.0226734863447285821258514459942
-0.00248107723818556408917901379141
-0.0300437304096912854989298580222
-0.061486298733267816252201498628
-0.0956769221521234086713647570832
-0.13118156724811835811550508879
-0.172294926701822476156067409647
-0.21718175018241286933218248123
-0.264285053617764609246165719014
