2
11.8943497380165936760931799654
0
0
0
0
0
0.706555393388942354349069319142
-1.05684858184804826104462885448e-16
0.707657739357803516888623107661
0
0
0
0
0
0
0
0
0
0
0
0
0
0
0
0
0
0
0
0
0
0
0
0
0
0
0
0
0
0
0
0
0
0
0
0
0
0
0
0
0
0
0
0
0
0
0
0
0
0
0
0
0
0
0
0
0
0
0
0
0
0
0
0
3.42328925134383309970983154391e-06
0
0
0
0
0
0.707657739357803627910925570177
3.66634080064629929498361099767e-10
-0.706555393388942243326766856626
0
0
0
0
0
0
0
0
0
0
0
0
0
0
0
0
0
0
0
0
0
0
0
0
0
0
0
0
0
0
0
0
0
0
0
0
0
0
0
0
0
0
0
0
0
0
0
0
0
0
0
0
0
0
0
0
0
0
0
0
0
0
0
0
