3
340.04527908816714898421196267
0.114950876874936644411739905536
0.115030381922137062145061747742
0.115109964017664462287982019006
0.115189623270408714184043219575
0.115269359789439043706416043733
0.115349173683996344963453850596
0.115429065063559890824684828203
0.115509034037760638380376576606
0.115589080716450257058092176976
0.115669205209658190747212813676
0.115749407627631348272068123606
0.115829688080778564485129322748
0.115910046679761999377511472176
0.115990483535392013836329283549
0.116070998758664958860897797877
0.116151592460837047027233381868
0.11623226475329263840396976093
0.11631301574767462236881243598
0.116393845555781014211582657936
0.116474754289629195413979800833
0.116555742061433709189088858693
0.116636808983609951972937324172
0.116717955168763432016731940166
0.116799180729725754490644362704
0.11688048577951572204458585702
0.116961870431323791685862545364
0.117043334798603779201009444932
0.117124878994965431200370176157
0.117206503134235209828695190026
0.11728820733044266477751449429
0.117369991697834866184457780491
0.117451856350845360021928343031
0.117533801404111293287257922202
0.117615826972484044388167490069
0.117697933171028404353286589412
0.117780120114992239988005451323
0.117862387919861130725074360726
0.117944736701280417090487162568
0.118027166575168512840932066865
0.118109677657583164722687740777
0.118192270064855928235481030697
0.118274943913463950750930564482
0.118357699320142811805212090803
0.118440536401821353007512982458
0.118523455275628644689511759225
0.118606456058909140449664221251
0.118689538869226743345031138688
0.118772703824359032731550200879
0.11885595104226806539848837474
0.118939280641150113559945111774
0.119022692739427157770926157809
0.119106187455721740375835793202
0.119189764908838077839270397362
0.119273425217848144663790321829
0.119357168501999247323119845987
0.119440994880807171973913227703
0.11952490447392249972580202666
0.119608897401275157679201299743
0.119692973782971751051107389685
0.119777133739370517107047930949
0.119861377391014503612787223119
0.119945704858718027452368914965
0.120030116263438638157801108264
0.120114611726409317715713598318
0.120199191369060862100148767695
0.120283855313039284018472585558
0.120368603680226421426269212134
0.12045343659271050273940062425
0.120538354172808281905560079394
0.120623356543028178999854560516
0.120708443826206490712138474919
0.120793616145250387594600738339
0.0189101101087944638290405663383
0.199928484733285893870657901061
0.194514479100662884825112541876
0.189093376489484960023546022967
0.18366516716017755594947402642
0.178229841309807485183469566437
0.172787389160047766267780389171
0.167337800910354633776577770732
0.161881066731540040892767251535
0.156417176782675665380750729128
0.150946121239662056634500686414
0.145467890213940437282857942591
0.139982473818975133861286508363
0.134489862159533429819546768158
0.128990045314872320281196493852
0.123483013366140759181632802211
0.117968756351561759876389601231
0.11244726432654465753113726123
0.106918527290726039780111022992
0.101382535297593917578140576552
0.0958392782701231182862500190822
0.0902887462153213471438562010007
0.084730929114208444752343041273
0.0791658168901648306992058223841
0.0735933994323664936176854212135
0.0680136667047953752396338700237
0.062426608585365334080918842119
0.0568322149551610811268886891412
0.0512304756650338380397080584316
0.0456213805510895450967545627918
0.0400049194942853972301044507276
0.0343810822386425712915425378924
0.0287498586286839101500145687851
0.0231112384469921994245567020698
0.0174652114490414546443819432398
0.0118117673563210446446847257107
0.00615089592431117878484903016556
0.000482586898427792791027579610841
-0.00519317006639496460407290356898
-0.010876385277458693739971451464
-0.0165670690406371640124305599784
-0.0222652317353638044827857100927
-0.0279708837397326069706959827954
-0.033684035393679832848246036292
-0.0394046971285944847007698399466
-0.0451328793600123887030939329179
-0.0508685924913964693239165626437
-0.0566118470062495771077948347738
-0.0623626533518187517457498358908
-0.0681210220110911451874002864315
-0.0738869634951968556890733452747
-0.0796604883122921242355474191754
-0.0854416069936728556077909502164
-0.0912303300827478208523402258834
-0.0970266681559649596389149905917
-0.102830631801162225569257202551
-0.108642231633225519460417274331
-0.114461478231077329326126346132
-0.120288382253634848484402652957
-0.126122954361864575423268775012
-0.131965205190846451843711406582
-0.137815145455444543198808560192
-0.143672785853922818644079484329
-0.149538137101211776602838199324
-0.155411209931757998692347655378
-0.161292015097817070801156091875
-0.167180563399212778197266970892
-0.173076865587182021632983719428
-0.178980932498782968620432143325
-0.184892774940006943129588989905
-0.190812403762300852871902634433
-0.196739829805772009629905028305
-0.202675063966365615053533133505
5.15365294031182160282250350966e-12
0.322509271254486251656601325521
0.274120773686176266714653593226
0.181997987211793471606924299522
0.153642250888536474606738124749
0.129991078024908973675977108542
0.0676022497483940304485727779138
0.0609699320405932623789801994008
-0.0081712146876285179225574140105
0.0310229012457423625193086991203
-0.0267007315801503324059762434217
-0.0256451048505252285347744134469
-0.0726004031101978586359990686105
-0.0506168518771431263925109078627
-0.0957802937867001658034382671758
-0.0831523958816375308167323510133
-0.13114564334462514016976797393
-0.125158034264476580865732557868
-0.158974991312540225862903753296
-0.150750888318913672803134318201
-0.122936741645980618375944004583
-0.153392301737555941665291925347
-0.114373559905232027866794908277
-0.117950248027779203141562902601
-0.163837117884853750160445429174
-0.152370278524267072084441565494
-0.121167304801531816593751500477
-0.124345826122863489793246571935
-0.0696891373777342171269566506453
-0.0836094512418391472285961185662
-0.0792053525303615252317612771549
-0.0520429662209273349859905977155
-0.114897113431422226437206290939
-0.0759241874766703600529993423152
-0.0579683981441962842273696310258
-0.0425620469641369222890681101035
-0.0252225130244498052523027809002
0.0202372716750753474379553864537
-0.0112800454322682826291401880781
0.0458069453798790465759438461646
0.0672927448485109991338504187297
0.0262142787359468144858798410723
0.0678738432959224147200671950486
0.084375241311915871733617677819
0.036831268280642114054668212475
0.0476590563086071034026858228572
0.0430899595783404143478634296116
0.0937147232612043773469778784602
0.120000027785383808764940738456
0.113866625535912174838060195725
0.1134286954387522805554056049
0.158645460070185567724720954175
0.11560661851302722613610285407
0.138154439656392569180098917059
0.120985168657711916750940872589
0.112214035463976707918121178409
0.135929744252876155696796445227
0.124274573446404232313078352945
0.118397265007894755828310451307
0.112756402041974859717932133663
0.083718511030509770720620110751
0.0688034119841408470241717054705
0.10217246630010044794456547379
0.0504738351452984346234842405465
0.0499317600104668413152353423357
-0.0123365055153460516368379984442
-0.0177067087497696645792544245523
-0.0587137207061292909493488423323
-0.0599185730047581688317848147562
-0.138454140664029057283812562673
-0.173525634742809076183078786926
-0.246895398512034264237868796954
-0.275253109654020000629515152468
