3
252.165581234674760935376980342
0.114772132889423755797153603453
0.114856433738259988697194557972
0.114940819622042583736387655335
0.115025290669575078195130402037
0.115109847009867274914007850839
0.115194488772195749448634671808
0.115279216086068114766050030084
0.115364029081247113084351951784
0.115448927887718558182861272599
0.115533912635745139585452534448
0.115618983455811619176500926187
0.115704140478685685300419550003
0.115789383835331854966099740523
0.115874713656977462727937222553
0.115960130075160025575620181826
0.116045633221558933123596091264
0.116131223228210636588819681947
0.116216900227317260219095373941
0.116302664351387030627904550784
0.11638851573316454091067129184
0.116474454505616692445713056259
0.116560480802026286695216583666
0.116646594755863725056954649517
0.116732796500900529168553987347
0.116819086171140312790939219667
0.116905463900838030300022296615
0.116991929824534962589765996199
0.117078484076982347605877521346
0.117165126793214738332160607115
0.117251858108543841052728851082
0.117338678158473722068499967008
0.117425587078841348054325521844
0.117512585005732819731782967665
0.117599672075425681905258556981
0.117686848424525522527339660428
0.117774114189873241320682950573
0.117861469508587279886313581301
0.117948914518005931739708103123
0.118036449355804401450953378117
0.118124074159842232245587467787
0.118211789068289802040467861843
0.118299594219565415431638655264
0.118387489752368985085340113983
0.118475475805647850746638027886
0.118563552518590228923578422382
0.118651720030725479904099017858
0.11873997848178938219199096693
0.118828328011797393348736306962
0.118916768761031771406422308246
0.119005300870047639461013488926
0.119093924479700699614603820464
0.119182639731065784238772664594
0.119271446765494185116018854842
0.119360345724659491772889907679
0.119449336750459558786907621197
0.119538419985080052176940057507
0.119627595570973965788397208598
0.119716863650864355217429135791
0.119806224367758534787853363923
0.119895677864953642544065814945
0.119985224285993563597685351851
0.120074863774720486109259809382
0.120164596475208051984395751788
0.120254422531888990888226942388
0.12034434208942461352886965642
0.120434355292705075335391029512
0.120524462286997258164689128535
0.120614663217811932116596551623
0.12070495823091370590773863114
0.120795347472347935902092785909
0.12088583108849203229251401126
0.120976409225982017847655924925
0.0213162186728066277430215791355
0.199933249890695385886374424445
0.194527463013694640325823570493
0.189114356804434530223701926843
0.183693921037248963923360633999
0.178266145502684242307722684018
0.172831019950140774010804989302
0.167388534137398459211709678129
0.161938677795219559962802691189
0.156481440621509065858063536325
0.151016812325682536766180419363
0.145544782590015436829489203774
0.140065341079087551934279076704
0.134578477410661007107606224054
0.129084181253292601398996453099
0.123582442211955689792546309036
0.118073249866225832294119868493
0.112556593821439454572441718483
0.107032463630388485764655115418
0.101500848842855456721778750762
0.0959617389757352473589335772886
0.0904151235716794815511221372617
0.0848609921249755261296598973786
0.0792993340794250350933580762103
0.0737301389360921904936319037915
0.0681533961329318788147091368046
0.0625690951108901355359748208684
0.0569772252510156729243817608221
0.0513777759724537153029899627654
0.0457707366494296899461780014917
0.040156096661203483089153110086
0.0345338453400246617186475361905
0.0289039720159780973152141569926
0.0232664659839099535743045521485
0.0176213165619029492325875452252
0.0119685130228107446809238112451
0.00630804461893223755719617429349
0.000639900594405639721977407941012
-0.00503592981674444092887732438157
-0.0107194574171241858301373284235
-0.0164106930124781127955380100047
-0.022109647423540618876858232511
-0.0278163314941804046265261263216
-0.033530756101056283235983812574
-0.0392529321046252224758354998357
-0.0449828704092593498198304757807
-0.0507205819243885247527003912182
-0.0564660775829965849714753289845
-0.062219368327643957694572662831
-0.0679804651344683985580985563502
-0.0737493789897725321447197188718
-0.0795261208860833651579369529827
-0.0853107018504736386299569517178
-0.0911031329113372728700781522093
-0.0969034251216469993961410978045
-0.102711589568144773254587676092
-0.108527637333546436715359106984
-0.114351579502305650271054560108
-0.120183427241045262534591131498
-0.126023191685409069462409092921
-0.131870883972178998266855387556
-0.137726515300655688589515079912
-0.143590096870256894723283380699
-0.149461639882814800728283444187
-0.155341155567006977689104019191
-0.161228655218130373372176222801
-0.167124150063613335914780577696
-0.173027651413066807517537881722
-0.178939170555840659782020907187
-0.184858718842382585556549656758
-0.190786307596689741483686475476
-0.196721948174493732608425489161
-0.202665651963065157614707345601
9.20018395691741978890174202076e-12
0.292264096723101329811100868028
0.260116516628548677392274157683
0.223202204354481903436635548132
0.159530855398308302195431451764
0.129693396694584545114636853214
0.0964826428554050180563805838574
0.0550241836688376770303499085912
0.0210379706138735349252311124246
0.0307785063355181902344792632675
-0.0157248878174716250066822453846
-0.0407108797503490382752033838187
-0.0694960071986812644162512242474
-0.0805951745618279369320902105756
-0.114318670779484085620048006149
-0.105863441630286506112135214153
-0.111473617871100647014337425844
-0.10695133776110687939819854364
-0.144178463148253388492747717464
-0.150069737223949756232954655388
-0.172369793510482760545698965871
-0.134986211902484859459505628365
-0.126309199921710219038928357804
-0.132790364963956603050476701355
-0.129974179086411067984840883582
-0.126817068443221797613418289075
-0.128273696666562297963309902116
-0.112369344075215746303619823721
-0.104524966346824274565641132995
-0.129621682333818044607909314436
-0.102788941222212770743027476783
-0.0926707228316765302400526138626
-0.0747000325094314965301833808553
-0.0651091272055955433417651079253
-0.0442699790488994687764900959337
-0.0295671555602306894428021877275
-0.0462399887377864388104953263792
-0.00817131030712642085489516574626
0.0258844486674359303135517507144
0.00626105020110555732931745254177
0.0399023734782899333617400827734
0.053986155166886470868625735875
0.0255730023286680034633189251281
0.0936764091443693797112146626205
0.0948686243928170414019263034788
0.0866843281127255976814538485087
0.0876051198985512841188594279629
0.0948838384405314150260579708629
0.126489625067062905205972356271
0.111213054463511734626379734436
0.139892968129085831785474169919
0.112863999347360369207571295647
0.13049473387288046399845597989
0.149587069666662603184548174795
0.13310709818546934135596870874
0.133401059216204043167408599402
0.145244731755048622767745314377
0.115599355476347032123385361047
0.115129427599392084036189487506
0.113101407963137043366508294184
0.0767159950235009741037472963399
0.0735767705292636603475742163027
0.0849396844600491113252971331349
0.0328846035331635533349725619701
0.0279931743444603413351057241698
-0.0273846870585846800805196465944
-0.0597769467771478504869442360814
-0.0664652536793307602280833634723
-0.0961002682045293959989251675324
-0.120743786799285685029659020984
-0.189869986359561204736223771761
-0.186768440668764718060046448045
-0.251605914732041857639899262722
