3
12.6367640466181612168838910293
0.114590956765466323030722151088
0.114680109002595481682007516611
0.11476935464119715490927120527
0.114858693831691213715906485504
0.114948126724759971950540204944
0.115037653471340692301616570603
0.115127274222711101225868901565
0.115216989130448518863225615405
0.115306798346420602552342415947
0.115396702022833488876507601617
0.115486700312135773249799797213
0.115576793367132626966231612187
0.115666981340901392494302513114
0.115757264386847413817349661258
0.115847642658695793027590070778
0.115938116310459568558677290184
0.116028685496434330604031970324
0.116119350371250665276967595219
0.116210111089898857072988391792
0.11630096780755898311365825748
0.116391920679856528120232894707
0.116482969862639409996951656012
0.116574115512071016520501132163
0.116665357784693987652779867403
0.116756696837296461422006643716
0.116848132826998366007309471115
0.116939665911272291931588540592
0.117031296247873284332996490775
0.117123023994868069586061665177
0.1172148493106459077317538231
0.117306772353930111041364625635
0.117398793283742558513083054095
0.117490912259457139232843303489
0.117583129440730613235466250899
0.117675444987550628650474493497
0.11776785906023765071459763476
0.117860371819461615117141661813
0.117952983426122079424480659782
0.118045694041571863630579741766
0.118138503827372759458214090955
0.118231412945488653654102506607
0.118324421558171105628431973855
0.118417529828015816173447660731
0.118510737917934580454293325147
0.118604045991203235765887313846
0.118697454211362254938855187447
0.118790962742325478807003946713
0.118884571748366640875360644714
0.118978281394014756555677081451
0.119072091844191499387939359167
0.119166003264154690688414461874
0.119260015819407497184023725367
0.119354129675921308284536337396
0.11944834499990475418229607385
0.119542661957941803718696860415
0.119637080716974888994208470194
0.11973160144422151374143936664
0.119826224307284609493784444112
0.119920949474084784225347277697
0.120015777112927587988444599887
0.120110707392385329672634952658
0.120205740481422934662347756785
0.120300876549359739287048398637
0.120396115765824651688831181673
0.12049145830077814811609471235
0.120586904324604282656707709975
0.120682454007925960004499188472
0.12077810752179093944924659354
0.120873865037554498180760731429
0.120969726726978255015865215682
0.121065692762085772016256157713
0.121161763315279905062205045851
0.00146613183429167813487392635352
0.1999473404459940206745471869
0.194549110230891331152491829926
0.189143356406777513045724958829
0.183730068362153359240451777623
0.178309235490640372034931715461
0.172880847128616593755268127097
0.167444892617547025359669987665
0.162001361282997469182021177403
0.156550242458694810476771408503
0.151091525395737308334886961347
0.145625199383734443836502236991
0.140151253675277559507250657589
0.134669677510732666014803271537
0.129180460117864048807945209774
0.12368359068151232871279887604
0.118179058400876196843753973553
0.112666852456034749518920534683
0.107146961973534904366545106313
0.101619376103757333429378206802
0.0960840839703331339727299109654
0.0905410746605455757363145607997
0.0849903372478464091965832949427
0.0794318608254150348990663133009
0.0738656344096194211745753932519
0.0682916470554028182116113043776
0.062709887759191562661698071679
0.0571203455170605500779146268542
0.0515230093134846842128915511694
0.0459178680945239794941592492705
0.0403049108314226314786488103437
0.0346841264021177028697984212613
0.0290555037457504855558099166046
0.0234190317355542840238591395519
0.017774699252513147251786307379
0.0121224951509521280262893228041
0.00646240825005044757650685127714
0.000794427387310999572056502415762
-0.00488145867064239229182742718649
-0.0105652611165863753728277885102
-0.0162569911905125936979477074829
-0.0219566601591325259723586071914
-0.0276642792883985758067844074048
-0.0333798598756427158940063293358
-0.0391034132193745359584724496926
-0.0448349506534580083405572281663
-0.0505744835371794293488179050655
-0.0563220232223378414193604157845
-0.0620775810928660617959984335812
-0.0678411685521556895306360956965
-0.0736127970234052991793660680742
-0.0793924779352341847271645747242
-0.0851802227572430459279217984658
-0.0909760429410748916456697088506
-0.0967799500220606484512941847242
-0.102591955467546069868944869086
-0.108412070830645759778043668575
-0.114240307666309173773022678233
-0.120076677521147326399564292387
-0.125921191995366499316588715374
-0.131773862709101546863976750501
-0.137634701265711062445618040329
-0.143503719302907145616288175916
-0.149380928497911874552883659817
-0.155266340547626113810508741153
-0.161159967103441076341496795976
-0.167061819919524429112200891723
-0.172971910735698564121065601284
-0.178890251280287848612005063842
-0.18481685336325295865300688547
-0.190751728750928717381896149163
-0.196694889275082079871381779412
-0.202646346745780442377693475464
9.05236648009642566817605332306e-13
0.301110749833320479051934626114
0.257303985689662784164255526775
0.206799408710944265799014374352
0.169535218873371723580234515794
0.14000596271485543642398852171
0.0841296531728524532578461503363
0.0663391131484687562869240196051
0.0369742791320961869394601251315
0.0114142512181023923073519554805
-0.0302029706656279962884159573377
-0.0362017030607389989071975833212
-0.0603594190756754842008824368804
-0.0824535886325940964303171654137
-0.0889531652842587700069643119605
-0.112175885677741241086557977269
-0.120374673725356179376788645641
-0.134107795735383339419399817416
-0.132453624851109702520446376184
-0.145548676974884577672852969954
-0.154263567439169024808620633848
-0.142949216623244973467521390376
-0.137486324612287574842284243459
-0.164420104970790514897771572578
-0.142723146605532508202074382098
-0.122105247816891165912878136623
-0.121011218172324325204058936833
-0.120198777266145903630523150696
-0.103106704704932009009077376049
-0.0986178992191332065564424169679
-0.0788736954721950545010855648798
-0.0818407423956277330079345233571
-0.0629398595005972033566976620023
-0.0753255785004257466530575015895
-0.0629009778537414354637746782828
-0.0360490392908836138063932708064
-0.0327044568332403931543161945683
-0.00976056219639830774381650257965
0.0166907746799895978506711458067
0.0228928351941796587309951860334
0.0356602738193553467360707998068
0.0322666178847758750025676022233
0.0623631756954310667584451266521
0.0582423607596029985211671942125
0.0737180449409578636421613850871
0.0899177826177407768515337238568
0.0938451990808892438922228507181
0.115178857392985473095947668298
0.112851552739892876942029431575
0.119034298323962936527742328963
0.118770752498531279028881613158
0.12003409292097468041848884468
0.149241212407745627022137568929
0.133426874282232071911025172994
0.142165939693222498352298543978
0.127726021924359334214216232795
0.121856188308848548129681432783
0.118051517395662441956005750399
0.118438096490756802903199229604
0.111816004249985626040064801145
0.0840401687886458831355795950913
0.0884098951777839009436021910915
0.0451592472284684520733577528517
0.0550565026501821652704649068255
0.0157248778805878473840973441611
2.34550238561457218911324162924e-05
-0.0283182870468873144897958837873
-0.0546817595111974211197214401636
-0.0942920048582059772135366415569
-0.130855088763512678040612513541
-0.175589704399790186295504668124
-0.228389848158765673691306119508
-0.253937742765449336879157726798
