2
944.24175117039101223781472072
0.115171146352330791562401657302
0.115244727497979940200600879052
0.115318376246853163125116736865
0.115392092685622296710512557638
0.11546587690110726720504885634
0.115539728980283223913616552636
0.115613649010236713143839892837
0.115687637078225977194101403711
0.115761693271640708768899230563
0.115835817677980706941198718596
0.11591001038493539687657118975
0.115984271480307210566706999089
0.116058601052046489465752188153
0.116132999188255633948863021487
0.116207465977144180913072091244
0.116282001507110654969778806844
0.116356605866647686009507367544
0.116431279144472793474207605868
0.116506021429352749074759287851
0.116580832810242937536138185806
0.116655713376265623981709040891
0.11673066321661110245067050073
0.116805682420711973157345653362
0.116880771078064285561914914524
0.116955929278372700030885766864
0.11703115711143478872013901082
0.117106454667227771748727604972
0.117181822035852464813920903453
0.117257259307570804729436986236
0.117332766572802102422734549236
0.117408343922076024989920028929
0.117483991446122038038168966523
0.11755970923572825470593272712
0.117635497381963022300865873149
0.117711355975922998817750908529
0.11778728510890948411038436916
0.117863284872376489209599981223
0.117939355357893155273885099632
0.118015496657205953834335332431
0.118091708862203090268927496709
0.118167992064911159255657935319
0.118244346357503166133895433632
0.118320771832363350051231520865
0.118397268581931183750732827775
0.118473836698888723706346581821
0.118550476275984834062526829257
0.118627187406197223684678476729
0.11870397018259248866911548248
0.118780824698421036411666307231
0.118857751047091161900048916777
0.118934749322149507788637379235
0.119011819617320491193623865911
0.119088962026416417261387437065
0.119166176643484139630047025094
0.119243463562644438913373790001
0.119320822878293097968338543069
0.119398254684828633576110235026
0.119475759076918458534422029516
0.119553336149345879046990148709
0.119630985997020294897552616931
0.119708708715052028481728996212
0.119786504398702503548790332388
0.119864373143366842455748155771
0.119942315044621244934930359705
0.120020330198181507386223643152
0.120098418699927364516888417256
0.120176580645860703322469476007
0.120254816132208744439147096728
0.12033312525533458592352786809
0.12041150811170615864131860917
0.120489964798022694547618982597
0.120568495411114431914434419468
0.0233333371754580326529193712304
0.199940862413966635724449361078
0.194515208592447835789229770853
0.189082773300769668711751592127
0.183643547432324444335094426606
0.178197521780222800646953373871
0.172744687353469317248055858727
0.167285034846940405817150576695
0.161818555118707158024804471097
0.156345239068281016692196772055
0.150865077394114172060213263649
0.145378060997896740857981967565
0.139884180498468985165416711425
0.134383426761050972508826362173
0.128875790495774300570275272548
0.123361262421644968245715290323
0.117839833246850780867909236349
0.11231149377867982730450080453
0.106776234521242713304545191022
0.101234046272616465267368823788
0.09568491964366683533160795605
0.0901288452618506791269581412962
0.0845658137591058789439557585865
0.0789958158190547932164804478816
0.0734188419242413209397923878896
0.0678348827282658495274603183134
0.0622439287495362217339511801129
0.0566459706116259967267900776733
0.0510409987782509122489216224494
0.0454290037781192937438312640097
0.0398099761971082849454361962671
0.0341839064431736644467108021672
0.0285507849952717669694823854343
0.0229106024066266546201919851455
0.0172633489943817552969562711951
0.0116090152616957712622403064984
0.00594759164648086223470269118252
0.000279068555908098029326447342413
-0.00539656370730088024573189997568
-0.0110793146533598486913607672477
-0.0167691940771774947172012559804
-0.0224662115409001647559072978311
-0.0281703766975636114844316892913
-0.0338816992462709770661533070779
-0.0396001889559298922427466038698
-0.0453258555039917562790030558517
-0.0510587085724714534462620463273
-0.0567987579990778188032685136477
-0.0625460134875921724972869242265
-0.0683004848877477588331430524704
-0.074062181938174737050317730791
-0.0798311144404496575432972349518
-0.085607292283230315699249501904
-0.0913907252428306643432520672832
-0.0971814232948425976710282725435
-0.102979396161694422562327133619
-0.108784653745992165863043510399
-0.114597206075800400748576635124
-0.120417063025139201015711876153
-0.126244234486127177019554324033
-0.132078730406150646192742215135
-0.137920560819071114089240381873
-0.143769735655610075841792649953
-0.149626264921441737287821638347
-0.155490158678897899546811345317
-0.161361426954234554731471007472
-0.167240079705882532801197726258
-0.173126127102272903135471437963
-0.179019579133610023946587830324
-0.184920445979659897606239837842
-0.190828737704674261665971357615
-0.196744464461153428791462260961
-0.202667636322098665413449225525
