3
63.4950179619551704490731935948
0.114675582281102958481788789413
0.11476246966315004072178851402
0.114849446505968649789863889055
0.114936512949670652239397838912
0.115023669134622807952439416113
0.115110915201516617045740531466
0.115198251291291894893298319857
0.115285677545149789491318870205
0.115373194104604351317711063984
0.115460801111406913266321794254
0.115548498707612440350445126569
0.115636287035538076750640357204
0.115724166237771569631931356525
0.115812136457221104279824430705
0.11590019783702555644655518563
0.115988350520623867412339791372
0.116076594651726844320549503209
0.116164930374332495133238296603
0.116253357832725542908569593692
0.116341877171477481311967494548
0.116430488535450890608125007475
0.116519192069733268368736389675
0.116607987919764552464663154296
0.116696876231222643194307408976
0.116785857150116620384316945547
0.116874930822692624232672642393
0.116964097395542240831467495354
0.117053357015491771297988066181
0.117142709829660532361295111059
0.117232155985483976756711399503
0.117321695630669117771383014315
0.117411328913225324055424891867
0.117501055981423116469919420979
0.117590876983901873598092890916
0.117680792069461442883593349507
0.117770801387295939721688853297
0.117860905086907816197161480432
0.11795110331800648384437124605
0.118041396230640763254093883461
0.118131783975198578762189072222
0.118222266702277464811565721448
0.118312844562818875182585998118
0.118403517708096636673609225454
0.118494286289621136853966731906
0.118585150459218122143134621638
0.118676110369010878731188540769
0.118767166171465987645206041634
0.118858318019292766298811159231
0.11894956606553565292561103206
0.119040910463522844886519180818
0.119132351366886685140045187836
0.119223888929603852315786127747
0.119315523305879522819594740213
0.119407254650270536200373783231
0.119499083117680510168767682444
0.119591008863214526281026905963
0.119683032042363607372337241941
0.119775152810938978475974181492
0.119867371324969940182825212105
0.119959687740916462472817727303
0.120052102215445502531032673232
0.120144614905551852523934996952
0.1202372259686203120887526552
0.120329935562240128432698327288
0.120422743844385074507563615498
0.120515650973334526030456004264
0.120608657107625458215771629966
0.120701762406216370204781185294
0.120794967028256525209961580458
0.120888271133299404769267937354
0.120981674881175227387331005957
0.121075178432073937706547894777
0.00641908989101619160272393926903
0.199939770743462613689089835134
0.194538093628251695932362963504
0.189128986066696064272107946636
0.183712437606510542442705968824
0.178288437828603263390903066465
0.172856976262016570622392919176
0.167418042428661650866672516713
0.161971625847571770728805518047
0.156517715999944517779596253604
0.151056302371370465564837104466
0.145587374406679709304412995152
0.140110921556161671652773748065
0.134626933236360019074950855611
0.129135398855971361697925203771
0.123636307805004272419857613841
0.118129649461295255230552925241
0.112615413188697083279876665074
0.107093588298551520288093286126
0.101564164139071905212929891604
0.0960271300059277188587714135792
0.0904824751815767880369634212911
0.0849301889438898449657955325165
0.0793702605588357396060317228148
0.0738026792379516405340211804287
0.0682274342107269116119994123437
0.0626445146809645331265059553516
0.0570539098145507739268111890851
0.0514556088255057192393238096884
0.0458496008328059395653397700698
0.0402358749485156805270058555379
0.0346144203226054353317309164595
0.028985226037278825211851440713
0.0233482811759144030794299595755
0.0177035747923744539444879109169
0.0120510959594552196499916973949
0.00639083367100194092019771474611
0.000722776949586511913842246102035
-0.00495308520264126951604399806683
-0.0106367638282856957071542680637
-0.0163282699580086405888312839352
-0.0220276146499080588414543058207
-0.027734808992551478190602409768
-0.0334498640981130759830541876454
-0.0391727910351638008989993977593
-0.0449036009759922472017734662586
-0.0506423050511800240669479933331
-0.0563889144466678746137056066345
-0.0621434403261958492881156246312
-0.0679058939110426806884390771302
-0.0736762864249320414966604175788
-0.0794546290825460105322619597246
-0.0852409331673968373443983637117
-0.0910352099488972166252409579101
-0.096837470719951967979000073683
-0.102647726791454840800099646003
-0.108465989499885451241567579928
-0.114292270197787912411335753404
-0.120126580254714343531929898745
-0.125968931026315345000909928785
-0.131819333957084644515234117534
-0.1376778004394048904313052617
-0.143544341938268399383460405261
-0.149418969897578801653281743711
-0.155301695799236888495542530109
-0.161192531148353662695527077631
-0.167091487454992942973674985296
-0.172998576240420059990654522153
-0.178913809070742446660773339318
-0.184837197518712137433993802915
-0.190768753177573358037477646576
-0.196708487643188573157360110599
-0.202656412547514153121852586992
3.25428772915459395142240428063e-12
0.301818059792139048447268123709
0.263435833921680795377540107438
0.223263169363028451952501995947
0.170044589145495056436985237269
0.125742129091219151382219365587
0.0900927628206853320369518201005
0.0527443223688133025484070515176
0.0345480262534770751758905760198
0.000378540639738012040307890693214
-0.0250145649947776105292973625183
-0.0419841691215347909138522197736
-0.0812210575207806123598786030016
-0.0737654397237908071582879188099
-0.0876803207225499980914662501164
-0.120840876660695761835029315989
-0.121360933896636546958092139903
-0.123955427471009210771413222574
-0.139519197865534017033439795341
-0.141260614685929458689273019445
-0.140793849932957376713815733638
-0.143141263538040880431978507659
-0.129709779527881097216379657766
-0.140723800014313255024589466302
-0.127122398654440110776775441082
-0.136928932200600150803637689023
-0.11007389882871204678238541419
-0.128774806185201928787620317962
-0.103245613981878855969220865063
-0.10544317909636138907991664837
-0.100731767307634292873963488546
-0.0790140052836294515259396575857
-0.0774385041929559481133082954329
-0.0610399391720944720085562096301
-0.0628858550439429925260625964256
-0.0250392877442890716965795405713
-0.0142864013802207860670545613857
0.0140100196579676060382180224906
-0.0026553261811376061701794881742
0.019741258458385039370464042463
0.0354650222160543815430600034233
0.0294576385053482332765373286065
0.0516954269662970658516520927606
0.0507148726071393260439457151278
0.085303845692323160276870908092
0.0812310846218155524489645813446
0.0923302550137342914471361154938
0.110748731800082919618510857163
0.0986567211020903250817681851004
0.096565523292014121548021421404
0.133514758102834779629475292495
0.134670391153907192949290561046
0.120788862413577322008073622328
0.132591698727849038874637699337
0.123359253648416863913261920516
0.13715292477269111492965691923
0.137373968462396078837883806045
0.13936207396470681740829888895
0.12468131321723724402872335304
0.106294477144486657071986712708
0.102983243443562008656577688726
0.071471917679291008251851735622
0.0671422103369232609049177540328
0.0349666222733256842891691462683
0.0133767880903871982933850404152
0.0249791473520855379641947280334
-0.0327499175003915649062591342044
-0.0480050950341374960128604243437
-0.116918174315659026407665521674
-0.139203118482267518274397843925
-0.166668080498793308441562999178
-0.218448321176155230149973363041
-0.26501270059981979487773173787
