3
174.757716648788232305378187448
0.114656217856069275740082957782
0.114743623673772221494004952547
0.114831119848994772647543527455
0.114918706524126015833253688925
0.115006383841912446230892896892
0.11509415194535115023466431694
0.115182010977718352062737494634
0.115269961082573604849166315489
0.115358002403763246213053150768
0.11544613508542421465019600646
0.115534359271939418567498591983
0.115622675108017700096318947089
0.115711082738625792298847727579
0.115799582309040180461146007929
0.115888173964777532742864707416
0.115976857851697909285171306237
0.116065634115905147449865353337
0.116154502903816722603203004383
0.116243464362107529197487565398
0.116332518637768694835799010434
0.116421665878076313616062975598
0.116510906230596830712720191059
0.116600239843163699937633737136
0.116689666863944149777232439646
0.11677918744135698525532518488
0.116868801724138673958641732042
0.116958509861303780463792634237
0.117048312002175289303629313054
0.117138208296353810156098518291
0.117228198893757143417282406972
0.117318283944587126166325674603
0.117408463599335252669497720035
0.117498738008783826236580694058
0.117589107324038877333549635296
0.11767957169651430127110813828
0.117770131277865230945423036246
0.117860786220093854970158986362
0.11795153667550190013102451303
0.1180423827966741306960685165
0.118133324736507089314230256605
0.118224362648205807979628900739
0.118315496685253748743171797742
0.11840672700146599727322183071
0.118498053750971471531627798868
0.118589477088156050599287993919
0.118680997167778343182042988246
0.118772614144817253989394600922
0.118864328174655489722688628262
0.118956139412921130249500833997
0.119048048015551785616672475498
0.119140054138840045805380896127
0.119232157939342553465422724912
0.119324359573942467838136849423
0.119416659199839403360243750285
0.11950905697455101173165559203
0.119601553055903059297193635757
0.119694147602024639209794543149
0.1197868407713427313376897132
0.119879632722660056654007121324
0.119972523615066675728435541259
0.120065513607923321504067359911
0.120158602860966773340223312516
0.120251791534248586579280981823
0.120345079788094208583792976697
0.120438467783199956717687939545
0.120531955680554178633734352388
0.120625543641468421784956888132
0.120719231827586814809194493137
0.120813020400855147817864576609
0.120906909523595534894369052381
0.121000899358384553239353920162
0.121094990068157201679177603637
0.0182587874913855661984651845842
0.199941359217194108977011524075
0.194540482888705651420835351928
0.189132154446862127405992737295
0.18371636343861605378258161636
0.178293099375319813448825811975
0.172862351751444015546255172922
0.16742411005449631122843356934
0.161978363739408354193827221934
0.156525102266231036507448948214
0.151064315058591275287014354944
0.145595991532718710415039709005
0.140120121094727545507652166634
0.13463669311321904697997808853
0.129145696951463190282893833682
0.123647121976408466692554100064
0.118140957483470337985309583928
0.112627192817139551439531430788
0.1071058172495233662413482989
0.101576820073737986160899993138
0.0960401905480370715606497356021
0.0904959179092688081880169193028
0.084943991395952531120450146318
0.0793844002121790598414108330871
0.0738171335434321951307623521643
0.068242180570267887973479048469
0.0626595304548909909359011294328
0.0570691723325387756382554016454
0.051471095326446059114999798112
0.0458652885447922500916639876323
0.0402517410710875600532432372347
0.0346304419742984384567030531343
0.0290013803202499483024912052542
0.0233645451244388242806326871914
0.0177199254247523280136888956804
0.0120675102000257841727837160306
0.006407288452965316863374489742
0.000739249143491833848873540091517
-0.00493661879331729926134730845888
-0.0106203264199378737825396612493
-0.0163118848189775823842584401291
-0.0220113050991009757961780479718
-0.027718598397424770718444619888
-0.0334337758381643146421424717118
-0.0391568485945179012297501230933
-0.0448878278428824425971832567939
-0.0506267247745481180354332195748
-0.0563735505979903184226031953585
-0.0621283165598808806429076412314
-0.0678910338947190106217988159187
-0.0736617138851616143346845433371
-0.0794403678094903892281664070651
-0.0852270069720924561273989183974
-0.0910216426970565511966881899752
-0.0968242863225129285487113861564
-0.102634949216278512085231966466
-0.108453642751147619205376315676
-0.114280378311311991978982405271
-0.120115167337897676969049598483
-0.125958021239440776106732755579
-0.131808951478414426716767593462
-0.137667969521758359885410527568
-0.143535086860635235916916485621
-0.149410314994835508040083027481
-0.155293665462105018315597249057
-0.161185149786834513996325313201
-0.167084779553950457664512896372
-0.172992566335188058257443799448
-0.17890852172081106452594667644
-0.184832657346585577107234144023
-0.190764984840175871871892354648
-0.196705515862078877953322830763
-0.202654262094627085621922901737
9.9974303914265096054541972814e-12
0.304429980338972283604448421102
0.260329864503817509646665939727
0.213389801499154124764245921142
0.171335880810828788956001744737
0.12808946065205070730108616317
0.0985289051079930311427546030245
0.0678069668217711196689378994051
0.0343438679536851795837115730592
0.000174775316373070624094768210632
-0.0258249928538123452170793825644
-0.054808823752952019747741729816
-0.0617868294626924899337616636785
-0.0798899556622826162444184205924
-0.0961488344307703385327457112908
-0.117952537989792327621785261726
-0.119777593341271276772275200528
-0.135478426888592046184456307856
-0.137239422304881841796486696694
-0.140333213507418536059034863683
-0.156414582062657292471641312659
-0.146093188020461395293381201554
-0.151108454353341192799575765093
-0.135489867586497225726560600378
-0.131208047923121934319468095964
-0.119116501883016090435063460973
-0.121119328932102782170332488931
-0.110425830162146257351629685672
-0.106230828013585604230328840458
-0.0984419475941617633241165208347
-0.0916581820956535314737223529846
-0.0781752788990515562472793931192
-0.0822684652240498887065811572938
-0.0541343293221588986452452729736
-0.036326050246460746262489038827
-0.032446465020362302844603163976
-0.0249298542661752151050613690586
-0.00806900836180449512746726270507
0.00913767855713827105434976516563
0.0116997859218471063347255523013
0.0336989089419011539350279349492
0.0410484807896101602797678253864
0.0521949055433347380850150898368
0.0609006171050917935461121999197
0.0720646946005012584146598442203
0.084038834768546955000800835478
0.0880631837415294521642650238391
0.0940700205998538235840911170271
0.108316885531762094330154866384
0.111068435670166720807827687167
0.117101825670982095939365308368
0.12389929340400511470487998622
0.13013574823306645056320007825
0.138378383334667398596451448611
0.135461032951504412036314306533
0.138976099378831791097965719928
0.123617718395616874027531650881
0.135522263034704881778935714465
0.11604682969726180796765646619
0.114997421537681859815549501036
0.0974735498339923123189976195135
0.0768326126987767255016592571337
0.072167665753435680797700513267
0.055208972685001411750960187419
0.0228321782541165002600180855552
-0.000326367832271309582948398686497
-0.0258902094249520743629577879119
-0.072686842835512993632463007998
-0.0991336451322919476325523646665
-0.133360869996003023052466573972
-0.181171309502519944922838135426
-0.220391424427600707280916481068
-0.257484775115589870075893941248
