3
802.482081788639675323793198913
0.114317105914258587695542246365
0.114413573646984942366877646691
0.114510147909347992367656843271
0.114606828886668218880906522372
0.114703616764643440140147845341
0.114800511729372098357337961261
0.114897513967395697997986303562
0.114994623665557002545334341903
0.11509184101119808441016090228
0.115189166191981259834697937094
0.115286599396000916106785894044
0.115384140811772367696264041115
0.115481790628170391532769656351
0.115579549034513978655880350743
0.115677416220483261777296490891
0.115775392376207583722269589543
0.11587347769219041859756202939
0.11597167235934181805934173326
0.116069976568999255750469501436
0.116168390512902508504566867487
0.116266914383184358228184862583
0.116365548372406313326621329907
0.116464292673531158439637067659
0.116563147479963630237520533228
0.116662112985437271817090731929
0.116761189384229274734749992604
0.116860376870907875512806128881
0.116959675640551249986565096606
0.117059085888588015889055782282
0.11715860781092064801800489704
0.117258241603823115672966537204
0.117357987464010132816483178431
0.117457845588642514900179492088
0.117557816175244814194122966455
0.117657899421814982066081256562
0.11775809552678094538347153275
0.117858404688942305926779852143
0.117958827107591868177394189843
0.118059362982392043739388043377
0.118160012513472162387628827673
0.118260775901357140238445708746
0.118361653347047110496070843055
0.118462645051946036112155979936
0.118563751217904578272310800457
0.118664972047163919111056884503
0.118766307742456875273795446901
0.118867758506949139363229051014
0.118969324544176580094045903024
0.119071006058198675114923048568
0.119172803253468795325886731007
0.119274716334889813174058303957
0.119376745507780310240342203087
0.119478890977964366526542505653
0.119581152951644134607711578155
0.119683531635484313726536242939
0.11978602723661155304846204217
0.119888639962627704949049700645
0.119991370021478069296527735332
0.120094217621667595508050396802
0.1201971829721097673182583776
0.120300266282144380225460622569
0.120403467761592788964897238202
0.120506787620727487397864763352
0.120610226070289400235324706046
0.120713783321427639561029820925
0.120817459585771003194309969331
0.120921255075446668070249245375
0.121025170002972928817719378003
0.121129204581379892879944293327
0.121233359024140480153519661144
0.121337633545174142235545389212
0.121442028358882972427501556467
0.133349288428579293430686902866
0.199981376591465975778305619315
0.194593499160133520664572870373
0.189197818644686877043170625257
0.183794323848566920620584141943
0.178383003625933511671064479742
0.172963846792434705612606649083
0.167536842156143089832553982887
0.162101978477863062355623924304
0.156659244541516973203698626094
0.151208629069310679371440642171
0.145750120808236099945176533765
0.140283708461053646665561700502
0.134809380696818303935202720822
0.129327126223899135926131975793
0.123836933667725038188400787931
0.118338791678329002809988423905
0.112832688882387371931415032122
0.107318613858180464393221598129
0.101796555204431940500064968091
0.0962665014593860751679343934484
0.0907284412059573414088831100344
0.0851823629412835903185197139464
0.0796282551833612239899906626306
0.0740661064119950696138516832434
0.0684959051314501798923828346233
0.0629176397512314633519991957655
0.0573312987324888223561458744371
0.0517368704863980510832988102266
0.0461343433993579507546023421583
0.040523705874478434252328185039
0.0349049462365302667898880883968
0.0292780528536480157131283164063
0.0236430140474548147744293657979
0.0179998181010903000875966739613
0.0123484533244762276910089227044
0.00668890796738495774231836321633
0.00102117027497819739395579219376
-0.0046547715097638572498417453005
-0.0103389291813653777518666743163
-0.0160313145610599325219247646146
-0.0217319394586600010688126616287
-0.0274408157467186560041216836225
-0.0331579552680194844516137209212
-0.038883369922262767115483939051
-0.0446170716038387718538338333474
-0.0503590722533363843727016728735
-0.0561093837908074530296254067707
-0.0618680181912695664747658952365
-0.0676349874467377654152500099372
-0.0734103035499997919055559236767
-0.0791939785008509422592481996617
-0.0849860243699251116655801752131
-0.0907864532055256967524314859475
-0.0965952770829143769759639326367
-0.102412508096591553519161266195
-0.108238158376156565210202131766
-0.114072240049653023108433558264
-0.119914765276085313883136507229
-0.125765746228392150118935433056
-0.131625195105585901522715630563
-0.137493124132091804057154149632
-0.143369545524430264116233502136
-0.149254471555349044198379715453
-0.155147914492688415721843853134
-0.16104988663137290161309067571
-0.166960400291525395966019118532
-0.172879467798814578927135698905
-0.178807101506592375228521518693
-0.184743313803840597531191747294
-0.190688117064799406152886263044
-0.196641523725021721835659604949
-0.202603546209736973260362447036
1.19375112215913424914846642666e-10
0.305375488806128969621056512551
0.26113652167242407120539837706
0.209316265198187745344426957672
0.170296567166345669264160278544
0.133645457670472506128689360594
0.0907900749935345863228519647237
0.0642875478138986294895929063387
0.0285901190324236026407689337248
0.00408035352958290107455718853657
-0.0240391435234009014088041311652
-0.0435454234899483177967383085161
-0.0675098484960683642430723239158
-0.081801757761343116270857933614
-0.100944085531532556920808474388
-0.101430006526137067579540484985
-0.118878347833896197416336804054
-0.125094673184923566022774821249
-0.133183845922940274908441438129
-0.142970471891201045266939217981
-0.14289677704236877775478831154
-0.143165747146079685991892915808
-0.143924448929105219807667026544
-0.138233678761087469544222017248
-0.132688097669588445093324935442
-0.138066685695115348719852477188
-0.125751219619682691464035428908
-0.120431520922816462371152113064
-0.115412484021780364917830752347
-0.104592806754996561768855656283
-0.0913210016664859902668638369505
-0.0861165364478782835444548027226
-0.0744870602838529488609609074956
-0.0637721370050024632947227587465
-0.0405985772285010759752310605109
-0.0307225517347707484383523279803
-0.0221160008797378279665757361272
-0.00746662896526274159209046743513
-0.00257811868274821420418674300379
0.0199311974964040058977410296848
0.0211492191404413047706167816386
0.0419730142425255442484299805983
0.0568031592525643780344779543157
0.0581407523980014828701712303882
0.0859621135124335744581713925072
0.0843101993417742640035683621136
0.0948454261370186846313856676716
0.103795358752732408413876896702
0.117333858527048126574321429416
0.114610311877048787199129264991
0.127269240816397288806882670542
0.129069616901246353446452985736
0.135711090929164862606270958167
0.136795546516318977658954736398
0.12751778787088863253984527546
0.133257835198390739428475626482
0.129641756746175285108790831146
0.123143727104676012351625047359
0.124293226039236731628179200015
0.107055042195794217207982512718
0.0969020932052306604997937711232
0.0880361751078712340135012937026
0.0640797918696999202481379143137
0.0404114898108174011581716911223
0.0141297462968090654922281856898
-0.00793171142877007254168297833985
-0.0363058269225171315053302123488
-0.0600066762512790341510537928116
-0.0967037255961086111843982848768
-0.130412015932447500343727142535
-0.172489107841661382103382038622
-0.212974552581678050477975716603
-0.263077717230627616817884018019
