3
50.9868221242463732778560370207
0.115068688855704162610216201301
0.115145027475417022211345852156
0.115221438034598319677392908034
0.11529792062988254708333357712
0.115374475358106687306047888342
0.115451102316190767904657832332
0.115527801601302451683928040893
0.115604573310716579603862896874
0.115681417541918088454089286188
0.115758334392500147891347239693
0.11583532396027405864114001588
0.115912386343209675154675153408
0.115989521639386694573659042362
0.116066729947143565393474773373
0.116144011364893898208272560169
0.116221365991277608697984646824
0.116298793925075513722156017593
0.116376295265283175028869777634
0.116453870110970164608588106603
0.116531518561468705463823880564
0.116609240716208151233956868964
0.116687036674858968243739809623
0.116764906537178622669692629188
0.116842850403194614683499708008
0.11692086837298987234134983737
0.116998960546885785727333484374
0.117077127025380894886907867658
0.117155367909134763837464277003
0.117233683298943527906210704259
0.117312073295816152174175783784
0.117390538000910718552383116275
0.117469077515579889414709668927
0.117547691941331966525297048065
0.117626381379870026400169535918
0.117705145932989585499939266811
0.117783985702813231988272946182
0.117862900791466301830823226737
0.117941891301377443923570353945
0.118020957335094836548883279193
0.118100098995355298758802575776
0.1181793163850353295396544695
0.118258609607250070316908363566
0.118337978765229126509872514816
0.1184174239624541935533841297
0.118496945302493800200593909722
0.118576542889152911075534291285
0.11865621682641608325425863768
0.118735967218400365053021516815
0.118815794169437938254674236305
0.118895697784048598455441947408
0.118975678166913581557118106957
0.119055735422840508475061938043
0.119135869656951956518931012852
0.119216080974407112602619918107
0.119296369480668337792472755154
0.119376735281264134691525669041
0.119457178481968268046742309707
0.119537699188746820988527019836
0.119618297507737933460525425744
0.119698973545200482160311139523
0.119779727407677241690642233607
0.119860559201848293486847296663
0.119941469034529499260166574004
0.120022457012803646092535814205
0.120103523243885471072367465695
0.120184667835186539952552209343
0.120265890894305477187842257081
0.120347192529036750574533698455
0.120428572847368103859722054949
0.120510031957411681280412096839
0.120591569967521641815189070712
0.120673186986232722217593504865
0.00195036214111852981151207231392
0.199932017160287522905548485141
0.194512038273768311791300789082
0.189085124189225517454815417295
0.183651265422348775047112212633
0.178210452545437325611032974848
0.172762676108560858656559844349
0.167307926615231916667170253277
0.1618461946243006377432749332
0.156377470587948708136138975533
0.150901744972878532058402356597
0.145419008275915112582410415598
0.13992925095149408298844662113
0.134432463362724102795553449141
0.128928636058400492014897054105
0.123417759334144366833996286914
0.117899823623888719281715964371
0.112374819302293552092386619279
0.106842736719382006005396590353
0.101303566220259322339103391641
0.0957572981237648224173142352811
0.0902039228098493184315742610124
0.0846434304665163450565046332486
0.0790758114587884336499357118555
0.0735010560292464060205830378436
0.0679191544459182144910514011826
0.062330096901158857369829036088
0.0567338737045465987818282371791
0.0511304749431961205741181686335
0.0455198908932437293350936613479
0.039902111710452103920943045523
0.0342771275421587112708365907565
0.0286449285376840431793787900006
0.0230055048384951617290727909904
0.0173588465209944774192418748271
0.0117049437564892677005046195404
0.00604378657918589433373224295565
0.000375364989991152254045908565061
-0.00530033083920891223000948500044
-0.0109833109656087193201079443838
-0.016673585329517716380198777415
-0.0223711639336920259379937192534
-0.0280760567729515624069147605724
-0.033788273908102760267890829482
-0.0395078253837695889116865544111
-0.0452347212688390676316174676685
-0.050968971595191002454949824596
-0.0567105864895974809414269657282
-0.0624595760404557248657297918726
-0.0682159504471359784405493087434
-0.0739797197422680935519068157191
-0.079750894146778106286177489892
-0.0855294838020575487469443487498
-0.0913154989067776062805492642838
-0.0971089496989932937642819865687
-0.102909846392877923904052295256
-0.108718199205709117882712178016
-0.114534018395408720980555017377
-0.120357314241160126555563181228
-0.126188097003032323462079489218
-0.132026377043495818375262729205
-0.137872164627577342699282780814
-0.143725470094473090076903076806
-0.149586303820950616838558744348
-0.155454676219803411552078387103
-0.161330597584619234163838541463
-0.167214078369712887406350887431
-0.173105129001879409766928574754
-0.179003759888677227429809590831
-0.184909981500167741597095982797
-0.190823804329201179852404379744
-0.196745238812088218960383301237
-0.202674295480284566428608172828
5.24947511075700480660845269381e-13
-0.201547389374883340051880509236
-0.0294452375603600283171523699366
-0.271238411027815262688278608039
-0.0276963709856865615555054915831
-0.0770923509880592910947783025222
-0.244432576821903141395253555856
-0.0846207000204306641899520968764
-0.0359203736584787630681248060682
-0.00290484351758616777053334523373
0.0498318272875447679237659315277
0.00525521006348817626419034354512
-0.0135453514299396730186098025683
0.0282807975825211457832075723218
-0.0124842000136242709668055184125
0.207424994272153606633679601146
0.0442037955267096382971914181326
0.186209806773625918818737545735
0.146687627785025892501735711448
-0.0111825911594594061548857411026
0.189104650244953459425900632596
0.198055414110899608015614603573
-0.0270001575186320230681502607695
0.123627554963940303189851022125
0.104422558986043204076743506903
0.170435281146637557236900306634
0.0997684384983729272144969968394
0.123959725847202203996566538535
0.0801093663167180697337599326602
0.0782949015852751478705684462511
0.00532102855473120216200921817062
0.264211110369149293486401575137
-0.0629835217724528106941761507187
0.0370842913964636797241603005659
0.00204368189050956440902528932213
0.00892660348629364421013665520377
-0.0201174902114650173967635993222
0.00230570112999203954626259438498
0.0548983527011719582566762198894
0.00253874119376245677495718133798
-0.0321857911434291904528848249356
-0.00463354478536513302716626228062
-0.0923108769761445957513501525682
-0.181903953187832950755264960208
-0.0657064365893071794522128925564
-0.071501191790894591537863789199
-0.117440684095015318577637231101
-0.164150505000528024179828889828
-0.0752941919619083271930648493253
0.0295763205858079782084590902969
-0.140060219208621050679397512795
0.0341723802127660014615884165323
-0.0692305632171173745970094159929
-0.111919532779863065141690015025
-0.124083191788457669613165990086
-0.130307596857126534173332288447
-0.130350203357920163549366066036
0.0447089244638365704287430446584
-0.0587390506479142440743324016239
0.113624563338952766500256075233
-0.0982951672367752132819518351425
-0.172133189214842469150212878048
0.10531845449219823240838422862
-0.0576263050488329889309291331756
-0.205706796336418168413828766461
-0.040289616741227753105025755076
0.0428215393736967250837288645471
0.0100334905013808820678500310919
-0.0295264853416349025427845020886
0.214042205399656543240993755717
0.0653452444685647115818483143812
0.13277227430638235960991266893
0.290165142762485284144702291087
