2
0.463263759637680350156330177924
0
0
0
0
0
0.706500983015401318176884615241
-8.48024703375067096165370150026e-17
0.707712060797519249000231411628
0
0
0
0
0
0
0
0
0
0
0
0
0
0
0
0
0
0
0
0
0
0
0
0
0
0
0
0
0
0
0
0
0
0
0
0
0
0
0
0
0
0
0
0
0
0
0
0
0
0
0
0
0
0
0
0
0
0
0
0
0
0
0
0
2.02383379231315292678689693462e-07
0
0
0
0
0
0.707712060797519360022533874144
1.93784109494362181754601873769e-10
-0.706500983015401207154582152725
0
0
0
0
0
0
0
0
0
0
0
0
0
0
0
0
0
0
0
0
0
0
0
0
0
0
0
0
0
0
0
0
0
0
0
0
0
0
0
0
0
0
0
0
0
0
0
0
0
0
0
0
0
0
0
0
0
0
0
0
0
0
0
0
