3
252.005307122044968082263949327
0.114678976028165624523325050177
0.114765772539735980140029880658
0.114852658355230063946805785235
0.114939633614324285271202086278
0.115026698457034393108244785253
0.11511385302361261395720504197
0.115201097454574824530126875288
0.11528843189077096764716401367
0.115375856473252172418320071756
0.115463371343367371402166554617
0.115550976642776678793289590885
0.115638672513371648653546230889
0.115726459097313369439596897337
0.11581433653709759246108745856
0.115902304975464803815654590835
0.115990364555428090986843869814
0.116078515420279512748713557357
0.116166757713602838975042175207
0.116255091579248862054818403067
0.116343517161379778057650469236
0.116432034604389306187144370597
0.116520644053001970474880977235
0.116609345652203322263318341356
0.116698139547260132387052067315
0.116787025883710579576835186799
0.116876004807451416844799041428
0.11696507646455277240615799883
0.117054241001465456073482584998
0.117143498564859380173253100565
0.117232849301737857006244780678
0.117322293359403390100581532351
0.1174118308853551728709874169
0.117501462027516892505651924239
0.11759118693399961408374565508
0.117681005753224585119731671057
0.11777091863396070559044659376
0.117860925725199197633408232377
0.117951027176275202723587653963
0.118041223136769929391576283706
0.118131513756593711783615674449
0.118221899185937825982328774899
0.118312379575295639755339038857
0.118402955075466512213644421081
0.118493625837519267474107209637
0.118584392012848940933800179209
0.118675253753111054066948781838
0.118766211210316191548841402437
0.11885726453672672275896360361
0.118948413884918932637013710973
0.119039659407760539666654153734
0.11913100125844637566796535566
0.119222439590488088478892336752
0.119313974557640839480043837284
0.119405606313997228462575606045
0.119497335013946229254067077363
0.119589160812192771277118197304
0.119681083863755796659056329645
0.119773104323926016245849268671
0.119865222348342848057711762522
0.119957438092925972039637372291
0.120049751713890678894713914815
0.120142163367833010312324404367
0.120234673211545767257391048588
0.120327281402249519626224127933
0.120419988097378485858435226419
0.1205127934547361168160506395
0.120605697632425665211108878339
0.120698700788872639866333713599
0.120791803082799270585567796843
0.120885004673236526318014227854
0.120978305719563541953398555506
0.121071706381458393808614459886
0.0253277395879558386848628970256
0.199939501527378660217237893448
0.194537683308876774290752109664
0.189128438445296337411249965044
0.183711756520774538437024148152
0.17828762709079973292070064872
0.172856039727389609872432174598
0.167416983926124030013227184099
0.161970449232118979265848679461
0.156516425131965369876851923436
0.151054901116004891559185807637
0.145585866643573091927521545585
0.140109311157699756300587523583
0.134625224107269153561716734657
0.12913359488719033940640201763
0.123634412899057494206189744546
0.118127667534356745049350934096
0.112613348152171222071871170556
0.107091444095069501796224642476
0.101561944693834851904945537626
0.0960248392620014767917524523
0.090480117107667942799587024183
0.0849277674830051093612937052058
0.0793677796803178431384040436569
0.0738001429093080585364106127599
0.0682248464321505154739355702986
0.0626418794364006631392172153028
0.057051231107352114169106727104
0.0514528906453990131364406579451
0.0458468471996961099423906205175
0.0402330898935627720436336574039
0.0346116078694605755483593156896
0.0289823902299907801283218589106
0.0233454260599025922862104209798
0.0177007044121239784373322834199
0.0120482143699211785570213351093
0.00638794496168202784874834421203
0.000719885185604958021537980172866
-0.00495597593778300711531148436961
-0.0106396494346173240558295347569
-0.016331146332753940231263811711
-0.0220304776989039621803989632554
-0.0277376546044455843387233073827
-0.0334526881087767666289600754226
-0.0391755893378226555112675555392
-0.0449063694255009415723378651819
-0.0506450395175823755988808727579
-0.0563916107301507749105518030319
-0.0621460942894401444092089548121
-0.0679085013676655052661246259049
-0.073678843195789142650475866958
-0.079457130993045826938825371144
-0.0852433760098877391087057731056
-0.0910375895149923008986547756649
-0.0968397827914549980121705630154
-0.102649967158688737445260130698
-0.108468153923621649092901009226
-0.114294354435325873353690440126
-0.120128580048382990752564580816
-0.125970842146152423035587730737
-0.131821152120535023399838792102
-0.137679521386043196562454227205
-0.143545961375711156327028561464
-0.149420483549055238547964563622
-0.155303099359952095914749747863
-0.16119382031560089418853465304
-0.16709265790045121913287573534
-0.17299962366907009614358514682
-0.178914729140481953972852124934
-0.184837985882401939496944009989
-0.190769405484218806945406754494
-0.196708999550201796280290977847
-0.202656779676738868500862622568
1.35195389217955509281242143928e-11
0.300333821271234646665959644452
0.255819548998878654177957514548
0.208833134571310169436131332077
0.172750532527154998518881257041
0.121476112924060852815699718121
0.0839103515557018675430356324796
0.0663249530795365221935711019796
0.0355147688716165796374291119264
0.00995098461120032598548057478638
-0.0259826201661945629939332036429
-0.0494762935502156414591112820744
-0.0446774414208950879090487262602
-0.0757115686739422144579947371312
-0.096996123099589645621954048238
-0.0916206668136841928529179313045
-0.106491099359505153598703941498
-0.126094991006930390309292988604
-0.135645137432039569747033169733
-0.139542510232311206541666592784
-0.147917844205398718582245010111
-0.158547298119899177093472530942
-0.150102325136720365916787045535
-0.140687201378177445532102751713
-0.152127733042925372686227092345
-0.137322876825972883807480684482
-0.112351269152347596480545632858
-0.11735769480156175992302536315
-0.105321592147027714991835978253
-0.0953582127382817806848791519769
-0.101958757251564835488721882939
-0.0843741417238590418747889998485
-0.0827404192823528450428938185723
-0.0659749451978246664873850590993
-0.0543489261834281603413820960213
-0.0287548533861896396524038266307
-0.0176835392873978085315211927764
-0.0175368052124974319050387805419
0.00334567696912793427141408209025
0.0012666679281607446262009064597
0.0275634892904754527642730010939
0.0361088744109227186007693433112
0.0491148526546550528992796103012
0.0765388048614974586536519041147
0.0790908852772723852675440525672
0.0829439677216544518634222526998
0.0898519577292283960767704797945
0.121085224066049337854344969401
0.116109953016936245928647508663
0.133002404922839045919857881017
0.121236015646190853356500838345
0.148544259261318201126300664328
0.1305553780491971460619993195
0.143799271501182962529341580193
0.124145451852819055371668355292
0.143751611199377876681992916019
0.134147347177909742610424359555
0.113294308965069215333620888941
0.103860542326960236803046200293
0.104038040427919503683185098453
0.0906251410653222677638041204773
0.0822596990966920765808723103873
0.0846618332762557879167530927589
0.0373884896543860839601691736789
0.0169320374709643096944322593345
-0.0121822579242172514962794238613
-0.0315450828938070026996598471669
-0.062581887909349626086807916181
-0.107327241499585140926953386042
-0.133408736186369197840306810576
-0.175612374706150015102323891369
-0.208998921015350225260931438243
-0.255774135154649862045062036486
