3
236.790876824792746901948703453
0.114247453696868311867618217548
0.114345778852585469587133104596
0.114444213964903646063575592962
0.114542759228426757611707387241
0.114641414838152433386397888171
0.114740180989566689651049102849
0.114839057878500086506967647892
0.11493804570125989994444637432
0.115037144654550865796593939194
0.115136354935549259370652919188
0.115235676741786502441655670737
0.115335110271229279721438842898
0.115434655722339615802063406136
0.115534313293954429835430630646
0.115634083185353453426813530314
0.115733965596225243932515525103
0.115833960726713133815302114726
0.115934068777420518081555655954
0.116034289949339883274426199478
0.116134624443882200628408440934
0.116235072462985936092572103462
0.116335634208906288367124659544
0.116436309884447503071314145018
0.116537099692790663274521989479
0.116638003837545953245147245525
0.116739022522821214722377192174
0.116840155953134003374849214651
0.116941404333424328609858378059
0.117042767869105057698675409483
0.11714424676603978070499323394
0.117245841230526615106555254897
0.11734755146932364378020707818
0.11744937768958907398086921603
0.117551320099012493458623396236
0.11765337890569392553796745915
0.117755554318152350079529355753
0.117857846545418309958108693536
0.117960255796934657124275247497
0.118062782282637029895866476181
0.118165426212856194965183931345
0.118268187798470494898062099765
0.118371067250779504753666060424
0.118474064781469781704181798432
0.11857718060278742144841856998
0.118680414927415697756707402277
0.118783767968483902621734671357
0.118887239939586955572714543905
0.118990831054792647880624656409
0.119094541528630276649991515114
0.119198371576135553340236583608
0.119302321412739109618428301474
0.119406391254414767644220773946
0.11951058131754545288405466863
0.119614891819055560451268149791
0.119719322976265085678448940598
0.119823875007056365737945213823
0.11992854812968616051715997628
0.120033342562999967295667147482
0.120138258526231431200237409485
0.120243296239141150838491967079
0.120348455921947553037831823985
0.120453737795353732487058096012
0.120559142080590292467334734283
0.120664668999299340423903004194
0.120770318773676083035084616313
0.120876091626353807106930560167
0.120981987780448163594115840169
0.121088007459636437523897711799
0.121194150887997204035784193366
0.121300418290170186619292280739
0.121406809891247663424351799222
0.121513325916832420903190836725
0.0424434710930284217478281050262
0.199991954699808377471370590683
0.194606548487685354631437917305
0.189213272494195033912589565261
0.18381211546925407818164899254
0.178403066101475771265683079037
0.172986113094636101417123086321
0.167561245111036372090751456199
0.162128450812843216688463598985
0.156687718821972382654550415282
0.151239037767604278528210670629
0.145782396234614225472014936713
0.140317782810600977239090525472
0.134845186060999350230460436251
0.129364594527539372714741716663
0.123875996733530654991817243626
0.118379381195941629778545234331
0.112874736391162883153427287652
0.10736205079246617655197582053
0.101841312846347967213667118358
0.0963125110089591424111787887341
0.0907756336628511711905886727436
0.0852306692314380720532085433661
0.0796776060760254617454378944785
0.0741164325709093990690590203485
0.0685471370399712148779869380633
0.062969707818677861377310023272
0.0573841331926408099173286814221
0.0517904014660879874476506756764
0.0461885008970447513698687203032
0.0405784197360861340064808189254
0.0349601462058757167516986896771
0.0293336685057671679721646995631
0.0236989748402212027644786473957
0.018056053381928928447397453283
0.0124048922758468946336840588174
0.00674547966289541257867146129001
0.00107780364390209723070290781521
-0.00459814767541394820576927671141
-0.0102823862251849567489569992063
-0.0159749239407044156535686596499
-0.0216757727968229958748214158959
-0.0273849447676966298304002123132
-0.033102451846775272914502608046
-0.0388283060703956128811853432126
-0.0445625194503407318080689947237
-0.0503051040900200016614540743376
-0.0560560720297855336058390207654
-0.0618154353883009488601629755067
-0.0675832062595573129781811871908
-0.0733593968030483434272781551044
-0.0791440191769220841022658419206
-0.0849370855361036708464084199477
-0.0907386080930113053666374867134
-0.096548599058486880841734034675
-0.102367070664865708606861005592
-0.108194035173759167678397830059
-0.114029504851663840425679552482
-0.119873491995967640377784846351
-0.125726008915150788691761363225
-0.131587067952645409008027854725
-0.137456681456486734527189241817
-0.143334861802314139644920487626
-0.14922162138068026382420327991
-0.155116972613841747064000742284
-0.161020927927681356539579837772
-0.166933499776450583462761301234
-0.172854700635215935422550614931
-0.178784543004051665882059296564
-0.1847230393871750475653925605
-0.190670202326182564034340316539
-0.196626044368926972127908925358
-0.202590578099292401015318887403
4.15628148361446256416621548452e-11
0.306288243687755201705158469849
0.262396353588315089933047374871
0.20991283215458614308523976888
0.168273699604183230027487638836
0.137989952000319271441242108267
0.0945816024396261140205766082545
0.0547350156121012565435535179859
0.0267453825471407335978568653445
0.0014364560943149785876560287079
-0.0170542542649025977152810185089
-0.0481333486162671964070369767796
-0.0650029726986443290304151787495
-0.0829071364659812043429454320176
-0.0921962231575807339423178632387
-0.109279559002300574732657878485
-0.117647823897819858718349905757
-0.12780142827604110133954407047
-0.132367682137504105721603764323
-0.137699229445281040584703191598
-0.14691677256946214513710913252
-0.1429893287008917324154566586
-0.143696594128273541501883414639
-0.143602268402867994101512749694
-0.135380352858175206920421373979
-0.128812683641658043409705669546
-0.126450811168153598451624475274
-0.123014048544209678159866427904
-0.11535496496472125160792643328
-0.105709381748209985119046905311
-0.0947489440465888177467235209406
-0.085728512502520115567961056513
-0.0732124039568342460659877701801
-0.0581638441988410817562460408681
-0.0436437355770491544615374834848
-0.0383319767841688099907493381124
-0.0188802797152101096977983019087
-0.00704708819066675665188093091729
0.000909781169104396524212330366055
0.0172701104009718858778299477308
0.0298415897741462973757897714222
0.0462514375869172503219495240501
0.0514478360849562887935348953761
0.0631538495789318587991800768577
0.0783042084579480823780528453426
0.0861433576549168605884787552895
0.0976721738435415709478348844641
0.105273776206870103844259745074
0.114404051952037066897105432872
0.120775940599079520398895226663
0.124167999853345742411470098432
0.129931899325280625356882069354
0.134421548920397426751804914602
0.135011744953133949742607455846
0.135573159320941494243584202195
0.128632048492924339067045025331
0.125059830630716323218720731347
0.124565915676899979791514283534
0.112750979304223869492673770765
0.109986262599728615296790223965
0.0927105081092271521292502711731
0.0800341481982164287822811843398
0.060271819186049228889157092226
0.0453231816546706273163280798144
0.0237151653269351003761045149076
-0.000664249023138088236228870897548
-0.0320677415709553839673340291938
-0.0619515604674659922657120603162
-0.094022933206921857629545513646
-0.134106947753330985051434254274
-0.171185574021209596651260653744
-0.218203073042176565188299264264
-0.261941022421994573754489010753
