3
258.321659381322660919977352023
0.11494939724901902244891260807
0.115028942035824990886005991797
0.11510856393594881552644437761
0.115188263058381215597769653414
0.115268039512412143188235802427
0.115347893407402771193126511662
0.115427824852998975324602781711
0.115507833959021199987660111219
0.115587920835435148392278392748
0.115668085592443140030560755349
0.115748328340485748255694886666
0.11582864919011461035669441344
0.115909048252141461121667020961
0.11598952563753298083959464293
0.116070081457475007824520218946
0.11615071582336723710060510939
0.116231428846766363105480479589
0.116312220639498864471761407913
0.116393091313476790271685956668
0.116474040980931267674769458154
0.116555069754227413891811693247
0.116636177745926897242334518978
0.116717365068834622032767356359
0.116798631835911395637772614009
0.116879978160370212592056304857
0.116961404155560763640231414229
0.117042909935097222406952255369
0.117124495612770204711061694525
0.117206161302566225224097706814
0.117287907118702267039722642039
0.117369733175570103989038273085
0.117451639587768719152904850489
0.117533626470118779394624652923
0.117615693937665966029015862659
0.11769784210560377268883769375
0.117780071089380253268608100825
0.11786238100463730660294459085
0.117944771967207054363946383546
0.118027244093163022342629631112
0.118109797498752541744515554001
0.11819243230046110049169527656
0.1182751486149753589183220015
0.118357946559162610644655444503
0.1184408262501539937927574897
0.118523787805248942417435387142
0.11860683134195362797846939884
0.118689956978033944734463034365
0.118773164831430882992790998287
0.118856455020258863775062252444
0.118939827662951913556099725611
0.119023282878059147305016551854
0.119106820784369044075035048991
0.119190441500946001096572501865
0.119274145146967644470770153475
0.11935793184186999082996294419
0.119441801705345726491991342755
0.119525754857254556950962864903
0.11960979141769867428735096837
0.119693911506977931913375812201
0.119778115245595423443702998156
0.11986240275431291057994798166
0.119946774154091606590100127505
0.120031229566104929995518091346
0.120115769111761097609480941628
0.120200392912659839717015586302
0.120285101090656237898812719322
0.120369893767780691828939154675
0.120454771066368010457026116455
0.120539733108872906819364345665
0.120624780018011870663663387404
0.120709911916754619731761977164
0.120795128928294012715660699087
0.0144242874148820254820435593501
0.19992847822430268034388234355
0.194514544450710119560810085204
0.189093511763147370530191437865
0.183665370383186643543638183473
0.178230110543156378133389239338
0.172787722476913541136411822663
0.16733819633980179242271901785
0.161881522301956681797463488692
0.156417690521460900354711043292
0.150946691159808438209566361365
0.145468514348857075324517040826
0.139983150193138311534468698483
0.13449058879890346540619816551
0.12899082020892652100663156034
0.123483834516802129521728659256
0.117969621802107599295439399611
0.112448172021528985942140366205
0.106919475270393138366387120186
0.101383521519825575696316377616
0.0958403007413548141402159785684
0.0902898029147034958397100012917
0.0847320180112682841411242407048
0.0791669359504354741563503239377
0.0735945466514518059630844959429
0.0680148400301320704697261021465
0.0624278060039882704002067725924
0.0568334343850725523528133464879
0.0512317151019487243557293254526
0.0456226379552571240094671622956
0.0400061927578209131084463479056
0.034382369339510956973704480788
0.0287511575005681939420920656403
0.0231125470156459365822509965938
0.0174665276177484868336264867139
0.0118130891093244996814526359685
0.00615222114939915909470613541998
0.000483913505588537710619401188694
-0.00519184414170201571914198268587
-0.0108750621388897551755636783355
-0.0165657508159145760995301088769
-0.0222639204994985184793421240101
-0.0279695815665378481884584260797
-0.03368274445369858621779357577
-0.0394034194960736078305885143891
-0.0451316171393579892989755819599
-0.0508673478236988385603467577312
-0.0566106219983008654428324746277
-0.0623614501578732480235878199437
-0.0681198427499993680589440714357
-0.0738858102930492061100054002054
-0.0796593633305098802743771102541
-0.0854405123813445771530084016376
-0.0912292680082242707362283340444
-0.0970256407417546679061715053649
-0.102829641230894608394663691797
-0.108641280050134445001042138301
-0.114460567805578616873418695832
-0.120287515166791189602513156842
-0.126122132788459156982341369257
-0.131964431304316814896893106379
-0.137814421454419577806049801438
-0.143672113934471989971086713922
-0.149537519445907041149013139147
-0.155410648738458473383516889044
-0.161291512589265828570006533482
-0.167180121754666760613972087413
-0.17307648702947556196285461283
-0.178980619251282613291209599993
-0.184892529217671769403708026402
-0.190812227786787830252634989847
-0.196739725812491106360369030881
-0.202675034217509902889631234757
4.33356025869735552036783971713e-12
-0.252560992525052818713504620973
-0.299207266963946283411246440664
-0.212159411020090893362777251241
-0.144064057688435220860867502779
-0.11041026256813048223026640926
-0.0828877775890743129227899999023
-0.0894701890137530597701953638534
-0.0445309693411745019520076027675
0.0229235990614673409981882912234
0.00867649567860961576371003900476
0.0302852011480331043125069356847
0.0384621260965454792035700393171
0.137349125162450846904249601721
0.077563132530957923371772722021
0.0321418076440526043202616790495
0.10097182904376333922868980153
0.112539942317916294434176904815
0.165234592454878287393071900624
0.151404939698801699332619818961
0.137245001028814733734506603469
0.152594508795468486450630507534
0.127441113562543811843497110203
0.122722883497080298420556232486
0.160725601393122113913491944004
0.159781861810807418455837591864
0.15232456821009035530245512291
0.159382410948816721774079496754
0.114612207584163877660543562342
0.0456554452395343118853432429205
0.103201580631269745902400813975
0.0797821159272964625097657176411
0.111477598847551345739859129935
0.0469606799359620838418827304395
0.0356179932661285642003790030685
0.0662304325586943742898426989996
-0.0112155181882836879614373515324
0.00133559887112527598748701329612
0.026895147893771134683937873433
-0.0146151392330383031459284381981
-0.0872733606180911836158742289626
-0.0592784188078550808298494700921
-0.0353007587717218337952651552314
-0.111204016874412753290712885246
-0.0787353531160070313488219539977
-0.0975219004168447478608783285381
-0.092849595651481667268889452771
-0.124763245571502895403526167684
-0.0719131432923102581478147499183
-0.122337303997134189126327896702
-0.155754068455704358653335361851
-0.115979728839714205101962818389
-0.151768290661787708106800209862
-0.132292114132537719228821515571
-0.150395528772576753118173087387
-0.0918834986677307952174231786557
-0.0929027448005706191214159161973
-0.0974252465363736330772326255101
-0.075287095483965144060434226958
-0.0602413634191758737279620561367
-0.0865998722127780534707497395175
-0.108581672000070031391949498811
-0.0357711180088961105960621011945
-0.0610326940728082023568390468427
-0.0262856052915571777872649761321
0.000527385472258367401371392801934
0.00830334218503479305761860729262
0.0244381069185083087125232026438
0.0763884880520164649686520874639
0.109208085719230282850666924332
0.192980076091519042735811240163
0.236667725881520046860018169355
0.254411050954731432494071441397
