3
13.0448454919109853022973766201
0.114784152419790022592316347527
0.114868131080854488090814413681
0.114952194231290910630960411254
0.115036341998484795134949365547
0.115120574510082729347004715237
0.115204891893938440872169337581
0.115289294278183213071642398972
0.115373781791178325883961974796
0.115458354561504591972997957328
0.115543012718049800668929094627
0.115627756389824851157577256799
0.115712585706231024795798134619
0.115797500796797125932613425903
0.115882501791362627074910562897
0.115967588820001271665560693691
0.11605276201297193283679121123
0.116138021500910931793626446051
0.116223367414557035570688015014
0.116308799884973015914546579097
0.116394319043480160003056766982
0.116479925021590255407311076397
0.116565617951120012452115304313
0.116651397964136149809633025143
0.11673726519292063064092701552
0.116823219769987801663901905158
0.116909261828174862452023319292
0.116995391500526235706303168627
0.117081608920330301759626934199
0.117167914221163765864375250203
0.117254307536800397859799716116
0.117340789001342371555836052721
0.117427358749075727573085714539
0.117514016914600366581211687844
0.117600763632723148699454895905
0.117687599038536913620411894499
0.117774523267416858507417032342
0.117861536454909016091718854113
0.117948638736902200463418921572
0.118035830249484982590324477769
0.118123111129067023816752168841
0.11821048151228341627216877896
0.118297941535998082929204144875
0.118385491337396397959480509599
0.118473131053876787333045683681
0.118560860823106642425450729661
0.118648680783094109814079786247
0.118736591071984892709068049044
0.118824591828249156999497415654
0.118912683190639495434126615692
0.119000865298169472561440329628
0.119089138290067023118190547848
0.119177502305885543720798125378
0.119265957485412465999274900241
0.119354503968725558782359996712
0.11944314189615433396962629331
0.119531871408294049219378507587
0.119620692646017032223504372723
0.119709605750471542728874396744
0.119798610863057111708407376227
0.11988770812547322464070020942
0.119976897679632862891985212173
0.120066179667803182851137933085
0.120155554232437525308263559509
0.120245021516373201686533889188
0.120334581662593823048190699865
0.120424234814446293184708736135
0.120513981115512605613027119489
0.120603820709681341938335208397
0.120693753741064460638376942825
0.120783780354145428570511455746
0.120873900693574384823669731759
0.120964114904338643219361415504
0.00107634146845554884777684812036
0.199932613067855202704237171929
0.194526299947125891343091552699
0.189112681706979091078579813257
0.183691748177493008320482203999
0.178263489174472294918061265889
0.172827894463094933197311320328
0.16738495384902471463384188155
0.16193465706924736746685766775
0.15647699385892668844100228398
0.151011953977514712388341422411
0.145539527077999497617355473267
0.14005970292336353266726689526
0.134572471130601639677237812975
0.129077821391315100685304173567
0.123575743338947330318688955231
0.118066226581303224119068318032
0.112549260776754769808327694136
0.107024835472486271048531136785
0.101492940258866973235463149194
0.0959535647095867971767546578121
0.0904066983681026670183200621977
0.0848523307283375605170050448578
0.0792904513324563520182408637993
0.0737210496732008807585501131143
0.0681441151889476542935497604958
0.0625596374067495658577442441128
0.0569676057257903212249772195719
0.0513680095611264014854313586511
0.0457608383574269750315721694278
0.0401460815064147574782182914532
0.0345237283283054488536301107615
0.0288937682321063586676768153438
0.0232561905622240862323568677539
0.0176109846048677944063687306198
0.011958139715187061924428491011
0.00629764513720971683130578355758
0.00062949017834007634127069241714
-0.00504633592977187916267522993508
-0.0107298439317146544064174307209
-0.0164210445923747387630964311711
-0.0221199487673694947242886144068
-0.0278265672101341392241646843786
-0.0335409107738316725200178325395
-0.0392629903183330589144794942058
-0.0449928166746321189783941463247
-0.0507304007693690287017496132194
-0.0564757534737924601908609645307
-0.0622288857039968307249822032645
-0.067989808414960106741631307159
-0.0737585325453605361589737299255
-0.0795350690747172600625347627101
-0.0853194289772491176737645446337
-0.091111623276748043842587776453
-0.0969116629768231874209050147329
-0.102719559147144146038499457063
-0.108535322842963771750035562036
-0.114358965098735415599762177408
-0.120190497065057619319183856987
-0.126029929807964846677492687377
-0.131877274486980639034428008927
-0.137732542253002715471055239504
-0.143595744248316059543668643528
-0.14946689169347238124174737095
-0.155345995740968301213058566645
-0.161233067671804092269027819384
-0.167128118684145593464407397732
-0.173031160034144509962672486836
-0.178942203025225399226627587268
-0.184861258918231241565877098765
-0.190788339035017656675208286288
-0.196723454719488682895800479855
-0.202666617316820035776814279416
4.44057169329097928099193727849e-13
0.306201638638912365664168646617
0.263370830020353607903160764181
0.175291500878763634174717367387
0.17882344920993839543221781696
0.151646270172392960695617603051
0.0962871072629056107272660369745
0.0534014268421840257450305955444
0.0215310959651516323209996528476
-0.00448077653315874339934321568535
-0.0146256218172017785766891861954
-0.0327119438907486140277747210803
-0.063291473188761937507251786883
-0.107151892712934918017175789373
-0.0908132462535720941243511106222
-0.118586823747776209936333202677
-0.131606721659477649000180576877
-0.13934795461999163745936414216
-0.128557388441062014905469368387
-0.139082795968797773289438168831
-0.114307898879490929533453424938
-0.141992353800007048425513289658
-0.135220872660763935524386170073
-0.131491710074207068803531228696
-0.153841748258837146545729979152
-0.13215515579347872354709636511
-0.0818323680547704407350906308238
-0.0902671752547700712021594426915
-0.0953526810088527049247275613197
-0.09306527561157172667716253045
-0.0798382732861662725021290043514
-0.0951590344189867237689739454254
-0.0559039889958746136211509281111
-0.0564620747177270662642278864496
-0.0676657379165369748941216698768
-0.0613048647009941591323745058162
-0.0479314440150777551497007777925
-0.0130491993342315010240284323118
0.0222071170036451555340750729783
-0.0136215763061877884881889499979
0.0178433746466237046213176853371
0.0288907382614701085943309522008
0.0689449784148319783083636025367
0.0757927558743627383108787398669
0.0664712574353438778729241676047
0.0808569790508161939657227890166
0.0655641966762178229899404868775
0.0707291380392260776721613524387
0.106407808595106484483849840217
0.0899247315319656737031550619577
0.140961162224466141079659564639
0.137941961520004013896922856475
0.125949075816239375313898563036
0.158603463639580000155149264174
0.147622926313305286027954821293
0.163767734140571608048020380011
0.152917950703268357148800760115
0.110777431860201516777841845851
0.102822080668872273268021899639
0.136431257723937493508969964751
0.102928624246177796708323626262
0.097656820347558681572053274067
0.0590855930628382611247140232535
0.0158518864443731068158971453386
0.0436470138074498345548413169581
-0.0238289867477056993561035369567
-0.0434312793375073169510613979583
-0.0390758264038282288055370372604
-0.101117799263461788372708838324
-0.136973769710696913204373004191
-0.195771873102881410755315982897
-0.214518928248375040368500776822
-0.251673990694750049357253374183
