3
27.4765880606995551715954206884
0.114344491894078414961910539205
0.114440228969309026885170510468
0.114536071236319661470481889864
0.114632018876810432006507767255
0.114728072072872930298181870512
0.114824231006970048363236003297
0.114920495861971463935624626629
0.115016866821131880094242205814
0.115113344068061201896924217181
0.115209927786808608018986888055
0.115306618161778812181594844333
0.115403415377780343975544496971
0.115500319619993532804791414037
0.115597331074020898133980495004
0.115694449925859491057344996534
0.115791676361868656197628979498
0.115889010568823780378266974367
0.115986452733880210375083663621
0.116084003044632025347659975978
0.116181661689015114369283310225
0.116279428855428176858843869468
0.116377304732600855841084808162
0.116475289509699306278456276686
0.11657338337630734903527240931
0.116671586522408735064892937316
0.116769899138342431177406410825
0.116868321414904594024442019418
0.116966853543262944148395376942
0.117065495715052189651395053716
0.117164248122225769788151694684
0.117263110957205068940467640459
0.117362084412827347157382007481
0.117461168682320538092511696959
0.117560363959297128899628148702
0.117659670437839730672280325052
0.117759088312400839182458867072
0.117858617777858568076432277394
0.117958259029532705475240561555
0.118058012263106970607395851403
0.118157877674742825546694291461
0.118257855460993696605775937769
0.118357945818805668225515148606
0.118458148945590535650040919791
0.118558465039158913989503219
0.118658894297746453361241947277
0.118759436920018779382246520981
0.118860093105045278027986910274
0.118960863052379337001518422312
0.119061746961895850716040001771
0.119162745034016762102346831398
0.119263857469509446107558403583
0.119365084469610166495456837765
0.119466426235981110215433886879
0.119567882970709998824432318543
0.119669454876314376723378529732
0.119771142155736753931449811716
0.119872945012409110043805071655
0.119974863650114102475718880214
0.1200768982731475198466597476
0.12017904908620616333259079056
0.120281316294432394364832816791
0.120383700103396606984063055279
0.120486200719147271143150135231
0.120588818348146886716421022356
0.120691553197295506349995264372
0.120794405473966609543268191373
0.120897375385954478077543683412
0.121000463141515787746094190425
0.121103668949348597383419701146
0.121206993018590100663622877164
0.121310435558839510572504138963
0.12141399678016229213284304933
0.00442534914384811513959894213599
0.199977409106405906724646115435
0.194588543862541679674293959579
0.189191902166282149844178661624
0.183787472901757537036004919173
0.178375244956050060807228874182
0.17295520721405591157981973538
0.167527348513997670353958824307
0.162091657694096391573168602918
0.156648123548305151508941435168
0.151196734897310974821138529478
0.14573748050312373969461532397
0.140270349136946942403270099931
0.134795329530272761653364455015
0.129312410419599732591677820892
0.12382158049789285247932468792
0.1183228284623828036048465151
0.11281614298075143265620567945
0.107301512698927042910312934509
0.101778926249512707835620517471
0.0962483722599241503514733153679
0.0907098393200422431492668806641
0.0851633160154016966014722811451
0.0796087908974065366907169050137
0.0740462525073016381016444142915
0.0684756893725798204686228132232
0.0628970900068518273817730346309
0.057310442884334907021059990484
0.0517157364721437806664994241146
0.0461129592391326323386202545862
0.0405020995902100194863137971879
0.0348831459668932572504296274474
0.0292560867417064503215318183038
0.0236209103026931016566791754485
0.01797760499161902073006480407
0.0123261591678825478679559779494
0.0066665611392317343161795228923
0.00099879920748686566375762474479
-0.00467713834776366851192497264833
-0.0103612632610704368668619324012
-0.0160535872809684544704200703791
-0.0217541221974621862278453932049
-0.0274628797974987327867868458497
-0.033179871886134019998149113917
-0.0389051103027833883318820085151
-0.0446386068975397620750555915947
-0.0503803735376010392021939310325
-0.056130422112298641867944581918
-0.0618887645309164416418390430863
-0.0676554127145792966180337657534
-0.0734303786186961404691686539081
-0.079213674211425499915861792033
-0.0850053114632893236368715861317
-0.0908053023898984235096065731341
-0.0966136590156005392593385749933
-0.102430393365938204874865391503
-0.108255517528606473587338143716
-0.11408904357703676668567283059
-0.119930983601578111663599202075
-0.12578134973055429823851625315
-0.131640154113257579204798730643
-0.137507408894167376667283519964
-0.143383126264681304284920315695
-0.149267318426860889912788366019
-0.155159997578781738702957682108
-0.161061175983310295167783010584
-0.166970865894556314001917485257
-0.172889079578529086811400361512
-0.178815829346301247149142454873
-0.184751127515202423490237038095
-0.190694986413743994280167726174
-0.196647418409059748789502464206
-0.202608435881819759494248955889
3.85961609818472774745995364287e-12
0.309308464849574638044771290879
0.258773622779876588673175774602
0.213233032238692693516313170221
0.169571798607724949503605671453
0.123838864494213080069684451701
0.0938960692383590533882653517139
0.056848948745603339327558956029
0.0304369731364788551064570754079
0.00231368704365116431564963761502
-0.016774177746235893748938394765
-0.0419381241822150419018555567163
-0.067800124482237780765281343065
-0.0757587895691421986388291998082
-0.0930694826540061082020827143424
-0.110050405997010769532096219336
-0.117788641456709058941143553056
-0.127100261479591608582140338513
-0.138198109258802603882543280633
-0.142158326499628007155706654885
-0.140681032870580036142627022855
-0.144727299116041568938229033847
-0.140299958172415001333988016086
-0.139808280748835750406655620282
-0.143741897801377638277386949994
-0.13244225464886605347913928199
-0.128052022910995016991009265439
-0.120886213373355894118432729556
-0.108114208035877817914993670456
-0.106873653483045977230503353894
-0.0914513241752375333204483354166
-0.0811675018231697853465789194161
-0.0713549021771102826017241227419
-0.061882089954165574174904662641
-0.0490250739943882477001046993337
-0.0411198849073047198454666784073
-0.0258959847272014209718093979973
-0.00918408151990422402799474355106
-0.000301293866069854995946158959796
0.0215699405810335712030401111861
0.0271600591575938132837819694032
0.0481811841492182785229303476626
0.0600099466706299350393649660873
0.0728913013239820273270197503734
0.0776557578378829216347867259174
0.086251808586667158551541945144
0.0952693474415933355681218586142
0.099977542420614420870528249452
0.109663157852763870625523168201
0.115988787103038823445011473723
0.122876139638559658817662523234
0.136104415603071488005681999311
0.133098135163745717735039875151
0.132290620623196020222422930601
0.136727898368774497539490653253
0.135751144926021638514868072889
0.129336143463096464589767720099
0.122931347792606254776259788741
0.113857092332930856515282869168
0.094442221266951037472736629752
0.09675903779762728973423691059
0.07875856473145312341976875814
0.0638863256403688073437052707959
0.0462541031171747815675665549406
0.0252627249787284076376625563398
0.00106875697614193065736187815418
-0.0285276729547267703102075842025
-0.0612591665079517816439036437259
-0.0962364995093351605071063659125
-0.135273169320124675429894978151
-0.171235381786595253217342360585
-0.217181949113349093138936041214
-0.264839946181401719726977717073
