3
187.198622005288171976644662209
0.114405498157309423734595554834
0.114499606863811428936195113693
0.114593817801423372704228142993
0.114688131143925023391894058022
0.114782547065427134591608648861
0.114877065740377024005702821796
0.114971687343676381987123136241
0.115066412050472674510892545641
0.115161240036376968931541853181
0.115256171477321534002413727649
0.115351206549614143659354681404
0.115446345429945043670194593233
0.115541588295319519463788537905
0.115636935323203002279335294133
0.115732386691356228802796124455
0.115827942577965248283078381064
0.115923603161531649230475693457
0.116019368620988702622831567624
0.116115239135609435439100423082
0.116211214885049457512522508296
0.11630729604935172161184198103
0.116403482808927719038827319764
0.116499775344568165524883340822
0.116596173837421490659949085966
0.116692678469068167323996476625
0.116789289421439151928083788334
0.116886006876822573508079017301
0.116982831017939770124058895817
0.117079762027850822758701099247
0.117176800090026664302733649947
0.117273945388345166018773113592
0.117371198106996671439716806162
0.117468558430636485501175059198
0.11756602654427451837282347924
0.117663602633294728239121695879
0.117761286883511354095510625939
0.117859079481093836916372197265
0.117956980612632017502150461041
0.118054990465083345374530665595
0.118153109225815247662616513935
0.118251337082568991343478614908
0.118349674223534831463133798479
0.118448120837230719271104817381
0.118546677112609563642386945048
0.118645343239029837922871024603
0.118744119406233500368941236047
0.118843005804358456400926513652
0.11894200262396505130002566375
0.11904111005601082651228495024
0.119140328291825692286209914528
0.119239657523183370524400004342
0.119339097942253974382609271743
0.119438649741597333053810814363
0.119538313114201655285029346487
0.119638088253447946729401962784
0.119737975353107081732950689457
0.119837974607426331341564207378
0.119938086211006017522961997201
0.120038310358895020102387718453
0.120138647246499877252468024835
0.120239097069685774155090030035
0.12033966002473693579499780526
0.120440336308367312856404396371
0.12054112611762762830025508265
0.120642029650086454739543739834
0.120743047103649470130903864629
0.120844178676711405673316335196
0.120945424568042775304022029559
0.121046784976851964921173987477
0.121148260102773658308805693196
0.121249850145869156325950655173
0.121351555306598149486241311479
0.0280304677202735247343312607882
0.199968985618611039267733531233
0.194577884865253986079736137071
0.18917906797058881007700392729
0.183772523974018525683149505312
0.178358241858765337317649368742
0.172936210610225210571044840435
0.167506419189883043463495937431
0.162068856563336693987764647318
0.156623511638537271650761795172
0.151170373345202946335774640829
0.145709430572779741197564362665
0.140240672196467269783326514698
0.134764087081166883397287392654
0.129279664059972404510645560549
0.123787391961997547684681819646
0.118287259581303191846579636604
0.112779255732363817288366192315
0.107263369164437669112110995684
0.1017395886294479023792547423
0.0962079028707563121969315034221
0.090668300597566406362481927772
0.0851207705071835019072779005
0.0795653012850832119795541075291
0.074001881584318543461087358537
0.0684305000580734540394090004156
0.0628511453243987827654848388192
0.0572638059970064505765918738689
0.0516684706513725888754606785369
0.0460651278717103887516692850568
0.0404537662071579109945851371322
0.0348343741842977450140494966035
0.029206940320733756205617837054
0.023571453118373827256837316213
0.0179279010563160243196811904909
0.0122762725830520610242890811037
0.0066165561477554762567776514004
0.000948740177318241686976740822956
-0.00472718694169290548634521087479
-0.0104112367950616631351312690867
-0.0161034210490506486668227381642
-0.0218037513324791133728641767675
-0.0275122393241458672308308308629
-0.0332288967071942276110263492228
-0.0389537352100900596818533472288
-0.0446867665376542017030558895385
-0.050428002439281569002638150323
-0.0561774546940387309312825436791
-0.0619351350741850076309091832627
-0.0677010553894439592870213573406
-0.0734752274534207217016046342906
-0.0792576631137593690112908006995
-0.0850483742300346956533019238123
-0.0908473726901399686317617465647
-0.0966546703729197625998281750981
-0.102470279215430087882410248312
-0.10829421114033649375940626669
-0.114126478108155682278379572381
-0.119967092093341776148918143008
-0.125816065103183993834079501539
-0.131673409142869346499793437033
-0.13753913624424060624384935636
-0.143413258466343285224553483204
-0.149295787860307838101903143979
-0.155186736551730736222154405368
-0.161086116637246784533132881734
-0.16699394024639235833973316403
-0.17291021952852150822543819686
-0.178834966661041955271471692868
-0.184768193828076771056956317807
-0.190709913235114852936291640617
-0.196660137130984041808900997239
-0.202618877750595227649199614461
2.24618179910101576470550097484e-11
0.305751528866606447909504140625
0.255281293842134715532665723003
0.216106773644318211902159987403
0.174619193671184280702846081113
0.130291166228142935024081339179
0.0948651338601605859102150475337
0.0592806949320480169873803788505
0.0353526738573236645746256101575
0.000899837699991977045185786998616
-0.0219563804478555661681138388985
-0.0470834896804233071776479846449
-0.0665206841382574437515629028894
-0.0821259788653866951158022402524
-0.0961175848797076320950694139356
-0.109841776572308424952950645093
-0.11795250766254153362844192543
-0.132310413685915506665224938843
-0.137236360879218227681874964219
-0.144423770864763545418441026413
-0.138753065318832219388056614662
-0.144671906084986673368675269558
-0.144936228271854594673584415432
-0.136987058367711828088530978675
-0.139152623371944866859095668588
-0.139198484150496820666020880708
-0.124823119725248399269901256048
-0.118561410082131224452695050786
-0.112354353845532398126216833134
-0.103173557490300243921765854793
-0.0900084946211928971226967632902
-0.0797618982262108672243172691196
-0.0706465138048845836538092157753
-0.0575927476914276717523399895526
-0.0457788486197027236213052958647
-0.0337205970438846647230235475945
-0.0247732706927452465961447813925
-0.00762991245576515996623667703602
0.00353797627661957009986837263682
0.0214422767488855574302686335386
0.0302716077475164400956142429777
0.0424958532473545813612503252443
0.0521656588121282224768116009272
0.0639817052779617090330077644467
0.078047969722701199257741677684
0.0823740267794346725516163587599
0.0959286067905441713898895272905
0.100892523149448562480579028033
0.116935661654876663084756671651
0.124390078125926811791757131687
0.125173098796955289957466561646
0.124600094428088392639608628087
0.132212945335901221888263989968
0.125245119343800087596818571001
0.134802611446258741034753825261
0.138620795185410233818501524183
0.128762671032935593906643134687
0.11775344305016618995374244605
0.112367327353804821732374819021
0.112478847844570836733701924004
0.0948280045306077873368266750731
0.0736397125480981878942188245674
0.0629293804189454270003878377793
0.0477153855531556037039564444058
0.0253407493895378178871968799513
0.00130761579827124991941278420171
-0.027818664962643249727314298525
-0.0592692666038936652461721621421
-0.103200100940647673808392426054
-0.132029928426190407142470917279
-0.172357262876769973258817003625
-0.212961986134691888539194337682
-0.266914850710876450090580647156
