3
437.687992454377649664820637554
0.114243881486232712330064487105
0.114342301867951787186505896443
0.11444083238296594295935193486
0.114539473226336466216146448005
0.11463822459358849470412167193
0.114737086680639185920504985461
0.114836059683844596279733707433
0.114935143800005218350790414661
0.115034339226269932687785058079
0.115133646160301306160533840739
0.115233064800137952055081314029
0.11533259534428075276935032889
0.115432237991631422846516841219
0.115531992941517475115276170072
0.11563186039374234725940482349
0.115731840548488812414618109869
0.115831933606404383074739428139
0.115932139768551337177804327894
0.11603245923643876191810875298
0.116132892212037486245890249847
0.116233438897711621740072018838
0.116334099496269563478456632311
0.116434874210999114718667613033
0.116535763245583109948277922285
0.116636766804186317592062493986
0.116737885091359239186914464881
0.116839118312176359903986622157
0.116940466672077025833687002887
0.117041930377002931229490911846
0.117143509633329770402987435318
0.1172452046478749260183249703
0.117347015627889961209007196885
0.117448942781098325527366910137
0.11755098631565075173455170443
0.117653146440205830236536144184
0.117755423363840011630188087111
0.117857817296068506651707252786
0.117960328446864465279375622231
0.1180629570266941014144990163
0.11816570324644957989956850497
0.118268567317509967762312328432
0.118371549451672761210652140562
0.118474649861258080063564079865
0.118577868758986404440491924106
0.118681206358073540463315964644
0.118784662872199381355997616083
0.118888238515500649361555929318
0.11899193350259369694743583068
0.119095748048550137410117599757
0.119199682368931178522153402355
0.119303736679744171178541023437
0.119407911197488197929672537612
0.119512206139126983539533455314
0.119616621722095903268545669107
0.119721158164326033079838396134
0.119825815684168390795605318999
0.119930594500523610146380804053
0.120035494832733388714807176711
0.12014051690062475807874164957
0.120245660924496455823629048609
0.120350927125158407848815045327
0.120456315723863144340199937687
0.120561826942396616013652987931
0.120667461002980466733269793167
0.120773218128353995726165237556
0.12087909854174609669552609148
0.120985102466872565529776295534
0.121091230127918503267636651799
0.121197481749594646038836742719
0.121303857557069835748642105955
0.121410357776063307366776200524
0.121516982632690700993904897587
0.0787477505909626174229742900934
0.199992515342826970847767142914
0.194607234323530553510295248998
0.189214080167948467403604695392
0.1838130415863156730260641325
0.178404107280964757675789655877
0.172987265933582323729211793761
0.167562506210592959687843972461
0.162129816759114475654968146046
0.15668918620541744113339177602
0.151240603163788289720059765386
0.145784056219611185545304010702
0.140319533951376446134773345875
0.134847024913787860711522625934
0.129366517647315382166794961449
0.123878000664349521842133583505
0.118381462475026733027760883488
0.112876891555942590605887687616
0.107364276368954861262672295652
0.101843605355343022611513958964
0.0963148669570186855004578774242
0.0907780495701458189916621677185
0.0852331415830642896702684652155
0.0796801313781277803505176393628
0.0741190072998486187971778349493
0.0685497576836726907334451652787
0.0629723708446374430547365363964
0.0573868350831425871882984779404
0.0517931386705865054453923335132
0.0461912698740271077113561659644
0.0405812169187082724675086353727
0.0349629680446802079685220121519
0.0293365114518799145748584322746
0.0237018353061633144096553849067
0.0180589277865199210326707657259
0.012407777034354758663448059508
0.00674837118109339242216782039918
0.00108069831999150307508261725786
-0.00459525344278972815853512301487
-0.0102794960474992605470312412308
-0.0159720414367647139952666179852
-0.0216729015884570518080121104276
-0.0273820884898167762888654408471
-0.0330996141492969214725761162299
-0.0388254905874992894965203049651
-0.0445597298570713298837553395515
-0.0503023440154576340077596796618
-0.056053345162197204532006367117
-0.0618127453850327995832358851658
-0.0675805568209983942296048553544
-0.0733567916108755352366799229458
-0.0791414619148706061091402830243
-0.0849345799194759359940221088436
-0.0907361578208008279222696046418
-0.0965462078458320382967627892867
-0.102364742240868833444977781255
-0.10819177325459121419282126908
-0.114027313178876446575493730506
-0.119871374320677709368609953344
-0.125723968975439859274700893366
-0.131585109515223841469833132578
-0.137454808279126594605656919157
-0.143333077650821150150761695841
-0.149219930040488168998535911669
-0.155115377866872350409721548203
-0.16101943355755313214139334832
-0.166932109596894806546885092757
-0.172853418439445544185772973833
-0.178783372607798057840611249958
-0.184721984612348733012510137996
-0.190669266998174435912005719729
-0.196625232325961546431258852863
-0.20258989317779785288564653456
7.71922494998831382152601703012e-11
0.306836910388382788639205500658
0.255229975789161234178692438945
0.216949280238958513988833942676
0.169290305459860374037717178908
0.122944943726719616017284408827
0.0961228365223847081022512384152
0.063425837715721272713764733453
0.0321347772331672665302448876901
0.00991626250646872667293685310597
-0.0228316323617909072707377049483
-0.0450720849287700661700561965972
-0.0610193171282584281844840745634
-0.0811215463328235630857676596861
-0.10122121391697144754395765176
-0.108182779299897599556423699596
-0.116726140128903699277884697949
-0.13309849175888105454745868883
-0.132836495196962389719885777595
-0.143259278877304191412989098353
-0.144957876046625688815083776717
-0.146717102724567061144966828579
-0.139125308511272555156423891276
-0.144438657777522044822759994531
-0.137805733681710979032786212883
-0.13050807669126629484424029215
-0.129673437955457077075394067833
-0.11626328878708656888729677803
-0.118103185196807944357111352929
-0.10058627330131332533458277112
-0.097007265107449419661023171102
-0.0826020515738091903878981270282
-0.0736318519952896266556052751184
-0.0574804907624856392667211935077
-0.0453131736692628100948709857221
-0.0326561661765955024705476716917
-0.0223239258943518995015331540799
-0.00851800846484733649444098801951
0.00691668595990692879060812714442
0.0147520831793392440123291464715
0.0289996425718832551154946486349
0.0409759747204004390330744911353
0.0551683312864127833874405837378
0.0696019681181385130308569841873
0.0766800981575875839624245600135
0.0867867399111841575365389189756
0.0998192015553199113453430868503
0.0984706069401721090228463140193
0.113214727637797912818129475454
0.118940589981825453613772936023
0.126509628733829204705330084835
0.126343779939822403735050215801
0.137542768478204124882324776991
0.130536993095850817336867066842
0.134607785941270874374708910182
0.137108090564173418224314104918
0.127026456847711438635784020335
0.1189718669813665946621838998
0.115420829555919909892303110155
0.105869265094422612683011664103
0.0932455201912563841348813298282
0.0805618962564984414376212384923
0.0609046962499466895679667288732
0.0404073639382982741086181022183
0.0232541789515996535908648468194
0.00275419874508170707191889725607
-0.0283598293365210155081435061675
-0.059439778978422105892853721798
-0.0995673358499540028798691082557
-0.134084259640838199256762663936
-0.166685187304121212870100521286
-0.216650177322063763885040543755
-0.266328524539726663178385024366
