3
383.020555450849769840715453029
0.114578802809197910494987127095
0.114668280159012106467208980121
0.114757851480926806320148614304
0.114847516926826501149072612407
0.114937276648877248486080304701
0.115027130799525492688140104747
0.115117079531576849138474472056
0.115207122998076297304415049894
0.115297261352471591688839680501
0.1153874947484163776545429414
0.115477823339934532187456284191
0.115568247281312153074139814635
0.115658766727196993251425283233
0.115749381832538883463357137771
0.11584009275255002791027436615
0.115930899642791296333399486684
0.116021802659153489001297998584
0.116112801957786115902848678161
0.116203897695220312313857391473
0.116295090028241690505161898272
0.116386379113987983857647634522
0.116477765109890024630701077513
0.116569248173717526784187725752
0.116660828463547402988886858566
0.116752506137735426183787978971
0.116844281355056506255252202209
0.116936154274505918482240929279
0.117028125055435416879134891133
0.117120193857525575764633174458
0.117212360840778670456607812866
0.117304626165501912904431947027
0.117396989992337497099583742965
0.117489452482270995137270119812
0.117582013796564077701134465315
0.117674674096841208603692052748
0.117767433545069036271435436447
0.117860292303476110742366245177
0.117953250534691217454863476632
0.118046308401622418449150586639
0.118139466067541429317167001045
0.118232723696028746429576017363
0.118326081450998168986821212911
0.118419539496680839563147458193
0.118513097997698380048348099081
0.118606757118911207427025544803
0.118700517025608479060316824416
0.118794377883343779678249063636
0.118888339858062699883056723138
0.118982403116015059141297172118
0.119076567823763551645654956701
0.1191708341482664579302763741
0.11926520225678716169426252236
0.119359672316911386014126605914
0.119454244496631584171453255294
0.119548918964168512935053456658
0.119643695888207737820785325766
0.119738575437707023274569451132
0.119833557781972632749756257908
0.119928643090684419747482536422
0.120023831533827618489596034124
0.120119123281737918973455236937
0.120214518505173562079590965368
0.120310017375107658477162431154
0.120405620062966178807073447388
0.120501326740505093626509847127
0.120597137579803725948579540272
0.120693052753283694422670180302
0.120789072433770267034347511981
0.120885196794385765817203548522
0.120981426008649237124892295014
0.121077760250396071484146887087
0.121174199693841938563210192115
0.0452698030401830417424058339293
0.199948556251023062957372644632
0.194550810288827563665492448308
0.189145527633617915874708614865
0.183732697664434202478034308115
0.178312309718338224406863901095
0.172884353133940599223095091475
0.167448817207278888297139474162
0.162005691256940004274511579752
0.156554964556977954659444662866
0.151096626372400122395589505686
0.145630665940781917067070594385
0.140157072513537928060145532072
0.13467583527933299492040930545
0.129186943445163737731462560987
0.123690386186150538816441724066
0.118186152658824705774520680279
0.112674232018082062789510189305
0.107154613378278099067308914982
0.101627285854063983960848815968
0.0960922385269406820196280705204
0.0905494604814501835576834309904
0.0849989407713971634183991454847
0.0794406684160373632863638704293
0.0738746324752801719615291631271
0.0683008219160298468697334328681
0.0627192257426146398957556016285
0.0571298329130677726150899786717
0.0515326323776374994878324287129
0.0459276130742240218385319394656
0.0403147639291556239560243568576
0.0346940738153860006587336783923
0.0290655316292129511923647555705
0.0234291262266947235282099626374
0.0177848464444245735194272128865
0.0121326811164882784194185560978
0.00647261904060203365623982207921
0.000804649025321071248960380639659
-0.00487124017881263200735464380386
-0.0105550597963200258611049520141
-0.0162468211207154565600685458548
-0.021946535414150380310926991001
-0.0276542139762367862598768653015
-0.0333698681410350000975384432422
-0.0390935092358677058199667442295
-0.0448251486133962873115166303251
-0.0505647976602531246115290741727
-0.0563124677582075156001550908513
-0.0620681703105201362791198960167
-0.067831916773647055185492149576
-0.0736037185650221664756642780958
-0.0793835871540512355570839986285
-0.0851715340455728719959438421938
-0.0909675707297885882685051228691
-0.0967717087323393815312400079165
-0.102583959586270576092026374226
-0.108404334859455872552835842271
-0.11423284611105279096054943011
-0.120069504961740985971019313183
-0.125914323002633471437761158995
-0.131767311883888987855684149508
-0.137628483258430717173226298655
-0.143497848786833775980298355535
-0.149375420167987799091591227807
-0.155261209093440488704374047302
-0.161155227318204447017890856841
-0.167057486570520830060360140124
-0.172967998625399577150574259576
-0.178886775269760878170899331963
-0.184813828276873315381578777306
-0.190749169515533556484854216251
-0.196692810793324901474932175915
-0.202644763998940852234298404255
2.76005576712480734815380608832e-11
0.308948809473777952216977382704
0.264525920424392879670705269746
0.20480756467367616791008799737
0.173674310777140211703439831581
0.119805802882133549669418925987
0.0979192271075438047667205410107
0.0587889842265345644034546523926
0.0366899270758283130300370089572
0.00132035268886156382552032884092
-0.0274516108347468597294938064124
-0.0530513479737321144713568799034
-0.0582839621915779981797811615252
-0.0879792134213962656597018963112
-0.0955006021935173310399846968721
-0.110114701601459696878038130308
-0.121224269632702150167880006393
-0.114699818170118164606385846582
-0.129668431610200363124363320821
-0.143856587688902748389807584317
-0.138125203328371165545362941884
-0.136453824689839048334150106712
-0.14589826814496417717315068785
-0.141059824472401229566997926668
-0.142947629054497121758871003294
-0.126333046679017874103223562088
-0.131926183155465504004411059213
-0.115687324565496268968800563925
-0.118436284248062240198606787089
-0.103122939211475181386923338778
-0.0982957488076608987270788020396
-0.0759344716511739376008094382087
-0.0721136679934710200789993450599
-0.0705697432973057398042371346492
-0.0405602708969479211487119130197
-0.025637832634551438459880046139
-0.0161666226069459607883604945755
-0.00217064598781731721982568572571
0.00762083504503127066170842240922
0.0145521648639337069369714683376
0.0143817902741619693673946756007
0.0376542790649835104610509972645
0.0425280597798731244130188144936
0.0610789535274633005323963175215
0.0619904163363828933364096940295
0.101047203699760793083051169106
0.0947120432767462883116849070575
0.108860251236004262898049432806
0.114537125836937994649566974203
0.113346517617288755630511332129
0.135200171629721088706332920992
0.126984127875671815033342682
0.132903398026375407781074500235
0.130649988995504146016557456278
0.139145448943714139522498385304
0.133635972993771945382945887104
0.127461582376089815893394074919
0.123331294729885673766567322218
0.121154787863000601433327574341
0.114988352868461901623575727172
0.101153256749364650612932337026
0.0781418539755470847874008200051
0.0529436231458190534326924137076
0.0429606859196235701947585994276
0.0114386152280472833814295441357
-0.0086130264994136573192262673615
-0.0177504989586780501098495221868
-0.0490919506777421840726383095443
-0.101107751655391417400231546253
-0.135604115700974414693291691947
-0.173021786135286653740550377734
-0.222374532073693842448847135529
-0.260007584869424601681231479233
