3
85.9504180161582951313903322443
0.115028240126840292090193429431
0.115105666391251248992233513491
0.115183166334693262711219574612
0.115260740057983576689615290434
0.115338387661997165967164846734
0.11541610924785605796216714225
0.115493904916827067053120003948
0.115571774770356822115147110708
0.115649718910086615752952354796
0.115727737437785888063856987173
0.115805830455441169379859900346
0.115883998065214169348458028708
0.115962240369408192686151437556
0.116040557470506108805885503443
0.116118949471235077819386560805
0.116197416474437695277366344726
0.116275958583141714175468450776
0.116354575900543821820320999905
0.116433268530039851773594250517
0.1165120365751911163387788406
0.116590880139759614508854213
0.116669799327677070621689381369
0.116748794243028850003973673211
0.116827864990099603015316631627
0.116907011673383964822647840265
0.116986234397497265713461445102
0.117065533267289051400084076704
0.117144908387756513379329703639
0.117224359864075658443915983753
0.117303887801667935941729581373
0.117383492306069633914766825455
0.117463173482994356899844490272
0.117542931438395933940732618339
0.117622766278373883097607688342
0.117702678109203637268898035018
0.117782667037379190633217262985
0.117862733169567954205625426312
0.117942876612597447039121334456
0.118023097473496152431948758021
0.118103395859499624154231867124
0.118183771878007826128254009745
0.118264225636603825808634837813
0.118344757243080037079074884332
0.118425366805411949600035370622
0.118506054431711499441703949742
0.1185868202303462098923247936
0.118667664309842171843634162087
0.118748586778948769793196049704
0.118829587746531420422435587625
0.118910667321708088395304514506
0.118991825613779120263124866597
0.119073062732223650117546753791
0.119154378786696185654747637273
0.119235773887081286659395118477
0.11931724814341058971134401645
0.119398801665959883311352029978
0.119480434565151408254912723805
0.119562146951636444347499832475
0.119643938936208837908736768441
0.119725810629917633898244844204
0.119807762143976384572319204835
0.119889793589783980043428357476
0.1199719050789599394946094435
0.120054096723286443659794997529
0.120136368634754020501276272626
0.120218720925601582627528784997
0.120301153708174943246511645611
0.120383667095055310602980114254
0.120466261199075372334554856479
0.120548936133164294459696463946
0.120631692010526300751216410845
0.120714528944539989385731360017
0.00378387834726640493593352587709
0.199930093451389900849335390376
0.194512224575039749385751974842
0.189087363307792633015935734875
0.183655500118689612998323923421
0.178216625443065712630641428404
0.172770729720694071751552201022
0.167317803330650077819896637266
0.161857836685931566478302556789
0.15639082013697019890585693247
0.150916744080027337426841427259
0.145435598828691392547796112922
0.139947374761380610719285755295
0.134452062145853701302655736072
0.128949651310263424530688780578
0.123440132516745598723062471436
0.117923496100092534133452204514
0.11239973221952567761228181098
0.106868831191602300934029301516
0.10133078320180800846461721676
0.0957855784769148232982161061955
0.0902332072006749169590378301109
0.0846736595460020058379058127684
0.0791069256930141823103141973661
0.0735329957990404070589107732303
0.0679518599394375311106841763831
0.062363508293122184300560917336
0.0567679309191920430932576380201
0.051165117913676678995660296323
0.0455550593598662428851397976359
0.0399377452638854588129468936586
0.0343131657209928692120470827831
0.0286813107290616736699817579392
0.0230421702809306579162740291622
0.0173957343941868770864633830797
0.011741993028897893674988850421
0.0060809361178539057812830748162
0.000412553632455182265996451729251
-0.00526316450582952569808847798072
-0.0109462284100159575050970062193
-0.0166366481552761950879482100163
-0.0223344338746184686850249079271
-0.0280395957086468083918617821837
-0.0337521438192344563899993659106
-0.0394720883641297357047328375756
-0.0451994395382345134914992001995
-0.0509342075625203657973649740143
-0.056676402618599401594945419447
-0.0624260349744776982250371588634
-0.0681831148370256323598681547082
-0.0739476525295233444445841541892
-0.0797196583274157738463472355761
-0.0854991425090436685252370807575
-0.0912861153855439866333654208574
-0.0970805873199215990654309393904
-0.102882568642648650203419435911
-0.108692069710777675095592087473
-0.114509100948229469718597783867
-0.120333672728401286367017064549
-0.126165795480174147691343478073
-0.132005479615115162150829064558
-0.137852735597417369595163449958
-0.143707573914420239091782605101
-0.149570005009677070573204105131
-0.15544003940507603034326677971
-0.16131768762801712568943912629
-0.167202960191896315977899689642
-0.173095867624435795217863187645
-0.178996420551172541468787358099
-0.184904629536794151700718202846
-0.190820505169580129090078912668
-0.196744058066655375105469261143
-0.202675298867910830269423172467
9.03615211331559829762618434262e-13
-0.303030408556410557618931989055
-0.243083534039921750347090778632
-0.201044623489262996862692034483
-0.170587673754835300599097536178
-0.126871067132361181606370337249
-0.12247665420458869744990693107
-0.0131174693878115949940976747712
-0.036812819529778301186340172535
0.00326042441359803390754645846528
0.0160607960052934622963149990937
0.026381889223001036420823695039
0.0922328113663651721898517621412
0.137460628162130893414882848447
0.0962990724846775059120318474015
0.121603087997710676559925957463
0.130565803965390664354018213089
0.105305159459106789654470048845
0.152729213050263934459138681632
0.170182329790754038878475284946
0.131372761159738254965745340996
0.104235027220411891057949560491
0.07727140647373351156623755287
0.0641753334466704378202805969522
0.116796798343583071999596256774
0.117478099054657822430947078374
0.0883446772920609135759661967313
0.112481648483296323148827866589
0.151625655683816973340327649566
0.0859266119743071765668673833716
0.0165241407760254831182944457169
0.129819131893426531476620766625
0.0579446948886434415326718294637
0.112765511724556746764314141274
0.0942611046676742336813958900166
0.091842090087003599996329228361
0.0406953366706412147935090217743
-0.0249278315025438547414271539537
-0.0450082079875431806392782618786
-0.0911041918307280984556939529284
-0.0965901867468264424543278323654
-0.032806152863002167874295622596
-0.00622315300094037314460049259424
-0.0813440401505089311084972791832
-0.107091778629949355150507983581
-0.0652714889459261732307382430918
-0.0207169160287423367861059375628
-0.11488434012744061507582671311
-0.0661454694614623250892293526704
-0.201245350196238487194833055582
-0.109039676222042886122309823804
-0.136691768995453710733301022628
-0.0880782939018640020911732335662
-0.108450587348534369103170149629
-0.0414468293984627672577047974301
-0.0975948530032919869814378444062
-0.160484451260748200995820411663
-0.0811948542413060136979652270384
-0.161860823714811058460227854994
0.0029685422651320194330215596068
-0.131673949867275347225259451989
-0.0989374334053827741985998045493
-0.0364400915143175546662135388942
-0.111519820735218433416235939148
-0.03432327443320327270415148746
-0.0314383625340377281798254216483
0.00408626935412118030832573367661
0.0572948876817316946064018168272
0.111750411103079455577002931932
0.212434323576298961233632667245
0.106328540755617387270071105831
0.193017571616335786854889988717
0.266003727891093333379757268631
