3
225.576545578042669148999266326
0.114779109864828102183231806066
0.114863223698585370513569614559
0.114947422250450959069212331087
0.115031705648413376530392326913
0.115116074020683550882537815596
0.115200527495716839587736046724
0.115285066202210240149383935204
0.115369690269094549162076646098
0.115454399825595979689474290808
0.115539195001114550209742048992
0.115624075925348318572005723581
0.115709042728184996473572709874
0.115794095539827779361985449214
0.11587923449066117598249547882
0.115964459711383360840386558266
0.116049771332882925567453469284
0.116135169486297040730704566158
0.116220654303035186849513138441
0.116306225914790450914892971923
0.116391884453421523559768502309
0.116477630051093405949558245993
0.116563462840205758763723054017
0.116649382953444263888442833377
0.116735390523680399033068511017
0.116821485684078019140486048855
0.116907668568063727310146759919
0.116993939309303865425881951978
0.117080298041699337741050612749
0.11716674489942280334986435264
0.117253280016936689555961947917
0.11733990352889749064768665221
0.117426615570246417608046840542
0.117513416276200391430428737749
0.117600305782199113235897414143
0.117687284223979352071332016294
0.1177743517374757464821755093
0.117861508458929634124423557751
0.117948754524853760550229253568
0.118036090071963625791617857885
0.118123515237316026316172212773
0.118211030158145616320020110379
0.11829863497201070776654319161
0.118386329816674032433532204323
0.118474114830249083185620406766
0.118561990151046015018465595858
0.118649955917611585332060997189
0.118738012268847628605250577039
0.118826159343860898731648489957
0.118914397282011585765815198101
0.119002726222980234616066752551
0.119091146306677012067787302385
0.119179657673275873897011933877
0.119268260463255240666491374668
0.119356954817323640538617723905
0.119445740876486836135050850771
0.11953461878200780099668065759
0.119623588675411035575635310124
0.119712650698491296363812352865
0.119801804993377170038826307064
0.119891051702354894947788466197
0.119980390968119299266447796981
0.120069822933507139306463784578
0.120159347741688002364490728269
0.120248965536165985934502486998
0.120338676460629956377346161389
0.120428480659078185333044075378
0.120518378275808912825084462384
0.120608369455347433363279208152
0.120698454342534539085463052288
0.120788633082494864523503963483
0.120878905820606036281006367972
0.120969272702544969333438018566
0.0188035828334671417660928227633
0.199932875243958668720622995352
0.194526783309669604182801094794
0.189113380302011524491945237969
0.183692655987974157172359923607
0.178264600196507749796381858687
0.172829202686124033805370459049
0.167386453231468862457020918555
0.161936341564110908297635660347
0.156478857427322676221237429672
0.151013990527401553709552217697
0.145541730583396089482306479113
0.140062067256753991495443756321
0.13457499019936089434956727473
0.129080489082665256228565908714
0.123578553507701749403224766866
0.118069173131038068769171900385
0.112552337511140271297804815731
0.107028036249819477609968032539
0.101496258902534663981498397334
0.0959569950283058470397179462452
0.0904102341447286655951032230405
0.0848559657814202950021353899501
0.0792941794234758162707166206928
0.0737248645638656080469885978346
0.0681480106509303185102766065029
0.0625636071427702888936295266831
0.0569716434852552064405095677557
0.051372109061694433418399086122
0.0457649932993769020805885361369
0.0401502855423859633665628621202
0.0345279751726170688885808601754
0.0288980515551055874845509663373
0.0232605039882966789510643224048
0.0176153217942121090300311436749
0.0119624942573840955389874451953
0.00630201068929182872668803838678
0.000633860332562741863801636377218
-0.00504196758991562986318424322008
-0.0107254838422137978998227580973
-0.0164166992063717459560123757001
-0.0221156245052292685371320146714
-0.0278222705467223788144970342273
-0.0335366481765907789580616338299
-0.0392587682569934051657334350693
-0.0449886416812019240829556565586
-0.0507262793409882992157200476413
-0.0564716921529166901438934189628
-0.0622248910386041520492739209658
-0.0679858869201386828429178876831
-0.0737546908016444291433799662627
-0.0795313136625306615901109807965
-0.0853157665014011440396402008446
-0.0911080603026265950505901969336
-0.0969082061667953936767716527356
-0.102716215122026721662251702583
-0.108532098215897862547585361881
-0.114355866554396098933032988043
-0.120187531251571930179800062888
-0.126027103438405951862932852237
-0.131874594246224496885133703472
-0.137730014830023644867296184202
-0.143593376393347127439881205646
-0.149464690098991492828162108708
-0.155343967206396260660739017112
-0.161231218930581704507076779009
-0.167126456502042636254046215072
-0.173029691225236953444621690323
-0.178940934360752396115046281011
-0.184860197243111201714782509953
-0.190787491175090584416551564573
-0.196722827497973984378631939762
-0.20266621758347186377235971122
8.18648299460303281501922631021e-12
0.292237690503390268315087041628
0.269305041979927994866272911167
0.203255169891330661480211006165
0.16768562796747152332521579865
0.14181267159262600507929619198
0.0938151318461716426932994750132
0.0787586054250511286012326195305
0.0539579828758878221606209990568
-0.00404572931006795186159585853147
-0.0320442340325046010063303469906
-0.0430918928039518145389763503772
-0.0779656791524406533877566971569
-0.0822295936156957618656804243074
-0.105833635890378599531125303201
-0.118549370398076808763576650563
-0.136533522014131714072959766781
-0.135343123555044908545852422321
-0.108541305278481117757571894344
-0.138143672606022477333809206357
-0.164881086836544787921354782156
-0.169426617504199544805842947426
-0.147878022303187001140756251516
-0.138621205523278723248381538724
-0.130658729908729565050151677497
-0.14059105442679534214711623008
-0.0812703324764718904038574009974
-0.112191278476544642472845225711
-0.101511132425976119408872477834
-0.112746200974941077066482364444
-0.0810693760118142842108213130814
-0.0922916875544848580581458463712
-0.0708335656173846445193831300458
-0.0273095905809431181709978631034
-0.0420544200715348079344657605816
-0.0314346778169785900924892985131
-0.0251884747545874712604252465553
-0.00360294206093325630746448950958
-0.0193746812186763699148439599185
0.0246372275806770457684535813314
0.0309575768390841880861596990826
0.0323068725571746678815188147382
0.0581600406469589548130727507669
0.0692547803053685517848947483799
0.0707504095405499799920079340154
0.0772244230983862300909947862237
0.0990032590970656989348697152309
0.0752572810521185131538146606545
0.096604002421690093882489236421
0.14817420514303261680488787988
0.153059281251934020673388658906
0.105499710887606137910132986235
0.13597135613479910398737615651
0.156624350194945194392204257383
0.131072318694620382206750264231
0.120598564630844520828567567605
0.12399706306173920167257307412
0.110095149804684655503450585456
0.105529838596112840454210868302
0.100467231805025036806000571232
0.0949610191470734721352897622637
0.0918572426264366304060615675553
0.0496144638484097913466719376174
0.0408097988479048587318054330808
0.0355057093306736654136912534341
0.00600914055540998325033452687194
-0.0350162776100944525548008812166
-0.0657031854950572424822752282125
-0.0924084643482009637782681465978
-0.120686083282177711306637490907
-0.183068255971397586545634794675
-0.205798951547796205030493865706
-0.266853088514064973324479979055
