3
16.2016830919780439046462561237
0.115004270878838729674775720468
0.115082341411984562240533591648
0.115160486662221284159812739745
0.115238706732820800349159640064
0.115317001727156517865147122848
0.115395371748826788826924882869
0.115473816901641920806831365098
0.115552337289531126263142368771
0.115630933016613438035768979262
0.115709604187215944759437036282
0.115788350905855777495112590714
0.115867173277197907377278340846
0.115946071406073908383049797521
0.116025045397561227256133520314
0.116104095356887024315106771155
0.116183221389451030169936984748
0.11626242360084408644649300868
0.116341702096870114324644873705
0.116421056983450330046814258367
0.11650048836675926111627887849
0.116579996353114667684280902904
0.116659581049047847423061341487
0.116739242561257755559367410569
0.116818980996652221904241741868
0.116898796462283585673169739039
0.116978689065432739369043702027
0.117058658913534480161544593102
0.117138706114257695745095588791
0.117218830775410204347863896146
0.117299033005024117004566619471
0.117379312911294927945782262668
0.117459670602622912038981439764
0.117540106187598747400357979132
0.117620619774968432347250768544
0.117701211473733372003813713036
0.117781881393072815344957859907
0.117862629642286401154827046867
0.117943456330958637567896118981
0.118024361568791924526067305123
0.118105345465723973741312136099
0.118186408131891115824707583215
0.11826754967757073522260924392
0.118348770213323739586286365011
0.118430069849797897640897303972
0.118511448697921559225498810974
0.118592906868766986838714672103
0.118674444473659837506751557612
0.118756061624032585588572885626
0.118837758431590653773746169009
0.118919535008229826367198711523
0.119001391465983694106789414491
0.119083327917138867557689252408
0.11916534447418274111907265933
0.119247441249747204716769033439
0.119329618356727840122744055407
0.119411875908184764161212854106
0.119494214017366817692789027205
0.119576632797760804005626766866
0.119659132363034853563377168939
0.119741712827003132790792960805
0.119824374303820618825611177272
0.119907116907668920280372049092
0.119989940753076382295994051219
0.120072845954699608528315479816
0.120155832627410488755437256714
0.120238900886282695790185925944
0.120322050846636954823942744497
0.120405282623917087025944283596
0.120488596333850256359099262227
0.120571992092294882903402708507
0.120655470015403748496041202998
0.120739030219455950598828053444
0.000770248622286724606705865525669
0.199929318276360928896551172329
0.1945126693854577204501055121
0.189088995067497211977070037392
0.183658285735227272406078213862
0.178220531744709975718876648898
0.172775723451467494440336736261
0.167323851198582340682463609483
0.161864905299508698988120158901
0.156398876062937702835498043896
0.150925753831715692143689011573
0.145445528821402353392144846111
0.139958191335174564340348979385
0.134463731603547881343629910589
0.12896213986185905975290211245
0.123453406344284213891349111236
0.117937521217004445683862456917
0.11241447469280063664598401374
0.106884256913832090263305474309
0.101346858096209274657795162966
0.095802268341584395638932392103
0.0902504777722856199595469206542
0.0846914764727850349901316917567
0.0791252545786304550823331283027
0.073551802144834380059457146217
0.0679711092431651009437842958505
0.0623831659152744300023130108457
0.0567879621924288202627906230191
0.0511854880747646748262447147226
0.0455757335888436199144990723653
0.039958688673543039937552379115
0.0343343433255652030755555870201
0.0287026875061511255182722379686
0.0230637111443545046729486358572
0.0174174041439759327842828895427
0.0117637563803832338044097483021
0.00610275780518928275680812234327
0.000434398245504879294744821072172
-0.00524133246077103289589649293134
-0.0109244444234147530803369363639
-0.0166149478804574687873518712422
-0.0223128529368772296481715500249
-0.0280181699204186292206930630755
-0.0337309089622732302671259674298
-0.0394510803420480560266270231295
-0.0451786943439707114333891979641
-0.0509137611916352650354156139656
-0.0566562911947983416371954490387
-0.0624062946977645069401852140345
-0.0681637819948577167172842905529
-0.0739287634227941969911057640275
-0.079701249360282472311567403267
-0.0854812501549409992085415410656
-0.0912687762182617240425130944459
-0.0970638379639058024306308425366
-0.102866445790007865479509518991
-0.108676610181107510810782912358
-0.114494341577312613855710310418
-0.120319650394514379709853812983
-0.126152547202916437418807049653
-0.131993042460374770952213907549
-0.137841146741407766240783416833
-0.143696870521307890067319590344
-0.149560224424866494707941910747
-0.155431219000424780674052271934
-0.161309864830741805930003351932
-0.16719617254824334362517390673
-0.173090152718383877283869765051
-0.178991816072711557028540596548
-0.184901173229361531769043835993
-0.190818234840920947226194925861
-0.196743011647683263554142740759
-0.202675514317802507591181893076
2.2049456580153092753937177478e-13
0.25529631322095380774328532425
0.264483172404021971146903524641
0.202492815910082307739870088881
0.170429192390390893407925432257
0.181864138451843321275802622949
0.0380140348739459385529748658428
0.0628182803591545158017339645085
0.030534571406928594922147723878
0.0126832150017752911391744063963
-0.137291311927831727324189614592
-0.0624111131547101793959342330709
-0.0409253406841457653686511264368
-0.0266464120388078158641054216105
-0.00804853021002027019248359351877
-0.166949741337269780272478669758
-0.0786693117468447999929281877485
-0.189811404520455057065575488195
-0.0946542281826277392964286150345
-0.133884188011031218801250020078
-0.178311902211521489114431915368
-0.0976820259464110940417214123954
-0.158022850007655174531251418557
-0.153242552285287630953192206107
-0.132928865214170632835788410375
-0.0205652149196018790844320278666
-0.0553191145209747242583731008381
-0.0489527431994204106913137763968
-0.143870075438747774265735301924
-0.0809835379956353740293906184888
-0.0944788466165089740878002544378
-0.0570318205261539160066952547368
-0.131650525386614702938459231518
-0.00553345328632818492936573662178
-0.0778392449015136017598237572201
-0.00964034425192962680928321361762
-0.0581490782556597501917750037137
-0.0387635881675487820041681175098
-0.0148731947957375220531472947982
0.0146706594366337057105953434188
0.00401410813151204404897187671963
0.0429793067788777696791591154124
0.025447872528684925552688866901
0.0617660135039737323570108173953
0.0761250706047418429500694969647
-0.0341785438024901772058328219828
0.09448063964718818319443727205
0.110408828456899046899231109364
0.104538436362055620065802941099
0.117119903854483606298053643968
0.100705578208606941204017459768
0.165481367104243326515700118762
0.117688462790640907540407056331
0.14327066077503441965390607038
0.120635695847750787357277602041
0.149393384140517226921218707503
0.130433503074396273113677580113
0.0719111881336200325920415821201
0.127054300664314057112136424621
0.0931144646829300676182938900638
0.131264024518697175469839066864
0.0950210729707203494154299505681
0.140127532822404837764551643886
0.0457206254765055442046417510937
0.0518685033407154175155717723555
-0.00994294113034802952422186450576
-0.0219150491755444355723714267015
-0.0869457172736196465256952592426
-0.133729089271921591786096428223
-0.0987990962085463358954839918624
-0.21926384870861287401666572805
-0.228341977539516516326756345734
-0.22357662966381430802442764616
