2
1.52960183206434252589644984255
0
0
0
0
0
0.7064458563309072847147263019
-1.02742988619913051020758129974e-16
0.707767088859669546430097852863
0
0
0
0
0
0
0
0
0
0
0
0
0
0
0
0
0
0
0
0
0
0
0
0
0
0
0
0
0
0
0
0
0
0
0
0
0
0
0
0
0
0
0
0
0
0
0
0
0
0
0
0
0
0
0
0
0
0
0
0
0
0
0
0
9.09543731212917466133981679588e-07
0
0
0
0
0
0.707767088859669657452400315378
1.72462835690966228244459879813e-10
-0.706445856330907173692423839384
0
0
0
0
0
0
0
0
0
0
0
0
0
0
0
0
0
0
0
0
0
0
0
0
0
0
0
0
0
0
0
0
0
0
0
0
0
0
0
0
0
0
0
0
0
0
0
0
0
0
0
0
0
0
0
0
0
0
0
0
0
0
0
0
