3
39.9398592364774032148488913663
0.115030632068308769078157638432
0.115107994029570490090996770505
0.11518542956658746334586140847
0.115262938779880766415608661646
0.115340521770125839506881959551
0.115418178638176702199835688134
0.115495909485064732202808102102
0.115573714411970937532281311633
0.115651593520300188799865281908
0.115729546911562217181845824143
0.115807574687516692812927487921
0.115885676950023816522694630748
0.11596385380119637875662164106
0.116042105343245660620254966489
0.116120431678638225125865801601
0.116198832909950505731799808018
0.116277309139965728812526890579
0.116355860471638275499550729819
0.11643448700810529738980392267
0.116513188852681678908673745809
0.116591966108842690075242387593
0.116670818880280954821238026398
0.116749747270823892031366142419
0.116828751384527695922344037172
0.11690783132556838153082168219
0.116986987198355096850832524069
0.117066219107433949764285330275
0.117145527157580947585913122566
0.117224911453699773278280815703
0.11730437210092567457131451647
0.117383909204534106485162681111
0.117463522870027523015146186935
0.117543213203048960147079071703
0.117622980309430469336717806073
0.117702824295213587246777819928
0.117782745266608104839356485627
0.117862743329995120489250837181
0.117942818591974057929050445637
0.11802297115930078519330237441
0.118103201138917784929205367916
0.118183508637959122644645049149
0.118263893763774205480920898026
0.118344356623825641694480736987
0.118424897325842951034680083922
0.118505515977703548835542335382
0.118586212687462624892908991114
0.118666987563393597215899433195
0.11874784071394375861707715103
0.118828772247728628452811960869
0.118909782273598607638120938645
0.118990870900562706324876671715
0.119072038237822086514938746404
0.119153284394757197350855904006
0.119234609480974224071658795765
0.119316013606242138367363736506
0.119397496880526296503255423431
0.119479059413992755311895166415
0.119560701316996850773755056707
0.119642422700094536169856951346
0.119724223673981486348871783321
0.119806104349656925012190811231
0.119888064838178112769817573735
0.119970105250916003747363447474
0.120052225699374112699580052777
0.120134426295255877792378385038
0.120216707150465840214792478946
0.120299068377134860119426207348
0.120381510087528995067707171529
0.120464032394143896742555455148
0.120546635409703645214207767822
0.120629319247060745601274334149
0.120712084019337195783805327665
0.00174444514049693576683564000263
0.199930185261836562693460450646
0.194512193437562652675865138008
0.18908721256632432528022036422
0.183655233091777170262304252901
0.17821624547562350815432807849
0.172770240162883587098363591394
0.167317207516444077519679467514
0.161857137996454375494792543577
0.15639002197398901850000640934
0.150915849782010336177506815147
0.145434611817442993597637723724
0.139946298384354933519446717582
0.134450899826231456968272937047
0.128948406446760227561654232886
0.12343880852330833819419098063
0.117922096379203075744435125216
0.112398260217737230859391672766
0.106867290327693209572856858358
0.101329176936243006701410251935
0.0957839102327987246265905696418
0.0902314804560575139946720923945
0.0846718777418425383451960897219
0.0791050922936981926181232438466
0.0735311142756654850805020373627
0.0679499337999989183600746400771
0.0623615409920084337591639211951
0.0567659259867005425159725007234
0.0511630788390674065557739425003
0.0455529896453718344262462380811
0.0399356484566578268102787774296
0.0343110453194833894818849273634
0.0286791702551387542308169997796
0.0230400132953258417189967843797
0.0173935644282499322910151562382
0.0117398136281343587472569822694
0.00607875085160002222306463437462
0.000410366074267012360954343108688
-0.00526535078767307110347850596099
-0.0109484098419686190495347943852
-0.0166388211191188691018272294286
-0.0223365948069001694908930488737
-0.0280417409889490987229265783753
-0.0337542698421368914107887349019
-0.0394741915004101009967207858153
-0.0452015161923489811046650288517
-0.050936254051388650532228297152
-0.0566784153315160882380396856206
-0.0624280102558413957369864988323
-0.068185049053563040466485745128
-0.0739495420068539965896547982993
-0.0797214993629237617112082148196
-0.0855009314792207902877763103788
-0.0912878485762183417007165076029
-0.0970822610489263659871994605055
-0.102884179218591054194575917791
-0.108693613441334588354258983145
-0.114510574089336611414147171217
-0.120335071533671206234217265774
-0.126167116249557398344194325546
-0.132006718606437228880068346371
-0.137853889085855135787639369482
-0.143708638116615189384006612272
-0.149570976170987607334339486442
-0.155440913776292710668514018835
-0.161318461434166282586488705419
-0.167203629623924182601157895078
-0.173096428935472640420201173583
-0.178996869933182645162617063761
-0.184904963147728945704884040424
-0.190820719234384233997658952831
-0.196744148756800324440163763029
-0.2026752623552749710267306682
4.2041459093761045317205534632e-13
0.285875541464720883677586016347
0.291706109297913851463590617641
0.257022420208929458507185472627
0.133090181682352343139896788671
0.0629703045070277717121243199472
0.0158381760894475004386450223137
0.0667153899417521623060878255274
0.0216814688714718761808342151198
-0.0240341220772203496836016967109
-0.0112596684171816611985672551555
-0.0673883046029438020907420536787
-0.0297434750683673899962489173276
-0.00537086481414643813342424394364
-0.0794162690031791212996736817331
-0.0390385729781164078633359793002
-0.110019870500955227465844643575
-0.129285517841755515089374739546
-0.104806103632308980633247585956
-0.131653986970320685534474591805
-0.15224229233475197742286866287
-0.157698159895691192300404281923
-0.162363427795924442076369587085
-0.172591206962412591074951251358
-0.0959473305887081351350786917465
-0.159681538974005193809446723208
-0.125988807738108693490275413751
-0.118922659766961910654536893617
-0.090030987133889378570827943804
-0.11157407058544453748449853947
-0.053092496820714894789627891214
-0.0599003583802829239757237189679
-0.127793893484237836011274680459
-0.0556242739614030215489215436264
-0.039416965957344257676098209231
-0.0577906458529073574492684883808
-0.0238467195093170110375968562266
-0.0313094000369266572958437677698
0.0628783145627142547873233979772
0.0200794617343998497982493489644
0.00381189676228147313399863271854
0.0716728331007393248963666110285
0.00663622244034053031247477605348
0.112897022189470397357524689141
0.0670886916649531955814111938707
0.0387523977257762386461337200672
0.109676492172278497450044199013
0.0890954248046861019272313342299
0.136220710983607634636527450311
0.111536167964080459857889593422
0.118435338834640704885892148468
0.109019919167621465172501871166
0.133421936197944013269278684675
0.0994521128729069781027050112243
0.129633769425047951084906117103
0.163118738009883551542955615332
0.128565629827501026749558832307
0.16354474524625406406386218805
0.0667033740754701121034031530144
0.0466952548598886310604605398566
0.0693208516272816877012985514739
0.0744556310308725488589232099912
0.128670789216614817052075636639
0.00923914770948434417585648503746
0.0235371650738832767502106690927
0.0353168071554290571856249414395
-0.0209288688177786362520915730556
-0.0363515894602042602401503756937
-0.0174198450610355722034672254495
-0.198856629215740710048265782461
-0.172902183117111973853496920128
-0.224474618952102494828793055603
-0.265577173155717716213075618725
