2
33.369177924846759708543686429
0
0
0
0
0
0.706632944126210360558104639495
-1.50667794073550579145203753396e-16
0.707580300938009387756721935148
0
0
0
0
0
0
0
0
0
0
0
0
0
0
0
0
0
0
0
0
0
0
0
0
0
0
0
0
0
0
0
0
0
0
0
0
0
0
0
0
0
0
0
0
0
0
0
0
0
0
0
0
0
0
0
0
0
0
0
0
0
0
0
0
3.36827977148944994107196936051e-06
0
0
0
0
0
0.707580300938009498779024397663
1.49065083473047282785722117936e-09
-0.706632944126210249535802176979
0
0
0
0
0
0
0
0
0
0
0
0
0
0
0
0
0
0
0
0
0
0
0
0
0
0
0
0
0
0
0
0
0
0
0
0
0
0
0
0
0
0
0
0
0
0
0
0
0
0
0
0
0
0
0
0
0
0
0
0
0
0
0
0
