3
47.7925019999740001708232739475
0.114414941694859620402446864773
0.114508798246346507609949583184
0.114602756573116720817395730592
0.114696816847676325012983511442
0.114790979242951965422214755108
0.114885243932168146230310412648
0.114979611088941419128062193522
0.115074080887268448414317845163
0.115168653501464948729626769364
0.115263329106229397980065698448
0.115358107876641247102611487207
0.115452989988138160493136297191
0.11554797561650491377616134514
0.115643064937895181931715171686
0.115738258128873963692662130143
0.115833555366313775691899934372
0.115928956827479195945684864455
0.116024462690032706402298856574
0.11612007313199247671153813144
0.116215788331711727954242974192
0.116311608467982233183768414619
0.116407533719907696490025728053
0.116503564267023504430476066318
0.116599700289164026623112135894
0.116695941966649840981773422754
0.116792289480071725948917560345
0.116888743010467269223262576361
0.116985302739224458767886005717
0.117081968848120152038028152219
0.117178741519309820295902113685
0.117275620935324870197646873748
0.117372607279094653964790495593
0.117469700733929788283305128971
0.11756690148349650815173816909
0.117664209711887152165488146238
0.117761625603578626297895937114
0.117859149343387856201381680421
0.117956781116575495915732574304
0.118054521108770307802338095371
0.118152369505980570085768022182
0.1182503264946103554988710016
0.118348392261465609753834371531
0.118446566993750335150537011941
0.118544850879053531578222191456
0.118643244105363310225698114664
0.118741746861031602366942649951
0.118840359334863601703524693676
0.118939081715996625154829757776
0.119037914194047203531034995194
0.119136856958978312737151838974
0.119235910201151998344393234674
0.119335074111336203461775085088
0.119434348880720603292004966534
0.119533734700890945101825479924
0.119633231763828007387928664684
0.119732840261911374635239724284
0.119832560387978181992707504833
0.119932392335178786280103224726
0.120032336297163838567669813528
0.120132392467938081681566586667
0.120232561041944269186743099453
0.120332842214038268635611927948
0.120433236179450633973608830729
0.120533743133871065755791107676
0.120634363273401240546078838634
0.120735096794486934657086862899
0.120835943894091565886661499007
0.120936904769532255210506832555
0.121037979618565466610746739207
0.121139168639358488221979825994
0.121240472030518339763283108823
0.121341889991043533347792049426
0.00707293900497806601185279973265
0.199967734976759958787084769938
0.194576283681661937885465363252
0.189177125712073235241916790983
0.183770250111353922184420639496
0.178355645896437320363503431508
0.1729333020569384093967357785
0.167503207596488429276249121358
0.16206535146931363988720420366
0.156619722621641310755791209886
0.151166309989209740605176079953
0.145705102484278509189508099553
0.140236089000781161129083329797
0.13475925843102773415971284976
0.129274599611910206986564730869
0.123782101404834407598620771296
0.118281752619412580673774471052
0.112773542066688950424868664868
0.107257458541640038340858609445
0.101733490808169207975097947383
0.0962016276141593740245383514775
0.0906618577148849552616027835938
0.0851141698089280529515576745325
0.0795585525911130242437963033808
0.0739949947589257500668580291858
0.0684234849585943216698780133811
0.0628440118444812539921784377839
0.0572565640387094065832940259497
0.0516611301427167060595913028465
0.0460576987550701325013768894223
0.0404462584376637165894941006172
0.0348267977514134796646061431602
0.0291993052342331728399305035282
0.0235637693871441865345328636749
0.0179201787191481907990375788131
0.0122685217052670176435258397873
0.00660878679867665536767917799921
0.000940962460635046214069143744041
-0.00473496291775669150142524799207
-0.0104190008935117796318170491077
-0.0161111631019536689912730054175
-0.0218114611774015247636082648341
-0.027519906774061651810736606194
-0.0332365115458397794578893069684
-0.0389612871927862980392376357486
-0.04469424542733245464543045955
-0.0504353979621428930024684689215
-0.0561847565702656773223289121688
-0.0619423329844790010456634377078
-0.0677081390004086458578314022816
-0.0734821864223685894401683071919
-0.0792644870748414331895759232793
-0.0850550527845684439798290554791
-0.0908538954322834768628780466315
-0.0966610268906368252928018591774
-0.102476459042670206556202572301
-0.10830020381765630144155210246
-0.114132273158991631722969373186
-0.119972679006117965982980422268
-0.125821433346246458473416396373
-0.131678548176444282225006077169
-0.137544035487590032840188314367
-0.14341790733976991778497733776
-0.149300175783888516845010485667
-0.155190852870606799118746721433
-0.161089950718925178918539131701
-0.166997481409482256831111612883
-0.172913457096253248002071245537
-0.178837889927933313405361559489
-0.184770792062881772377380684702
-0.190712175706166192634682943208
-0.196662053058480668088492393508
-0.202620436354239402687582582985
5.60665005513243575281364293809e-12
0.306245385666551794834333577455
0.263354636994702739904994359676
0.216275927231589615296059037064
0.166738570779895456386299201768
0.129600010448499725068671750705
0.0963034384288412731445205849923
0.0536901974492581743336749866558
0.026118268663283719654977232949
0.00914191379415981407452473916919
-0.0236409851772821574811267453242
-0.0457482558275415507331729259022
-0.0693650060547400526544947751972
-0.0837640512473727810727197606866
-0.0963988273628321318264866590653
-0.104468977578859270605171616353
-0.120266513521672308018040098432
-0.130627734726377314755652037093
-0.130162507818482514609925715376
-0.138790046606386163752233642299
-0.145495519733884998148099043647
-0.138499987644045280399396347093
-0.141221649217913691742865012202
-0.139908258134535001815379473555
-0.138281431248000435951794884204
-0.132731376515924009984459530642
-0.119390275477638210799291584863
-0.119234190224633024302036687914
-0.112334224612377020502407276581
-0.10935942444377237670050106999
-0.102105707258779612733867736551
-0.0825793974926758295174167301411
-0.0735562152869157354073692545171
-0.0601619007266125382926702513942
-0.0482847502115705956571289902968
-0.0343762042479473645117948876759
-0.0230203853911269129550731804557
-0.00391895306721231403285221617239
0.00346785873235941387651704026496
0.00886752532446090022122398011106
0.0316862545221275326845500330819
0.0443682050983119774523188993953
0.0535198964055484255331052168003
0.0670404627565593935756282917282
0.0828512939195290010196970342804
0.0823797995257585097261809892188
0.0901769778427313623003769293973
0.109401559136379028513985645077
0.121798544996798985273755988601
0.124031812825851503467866621122
0.127577831595044960399931710526
0.133205840465935948513376274605
0.127011905293554744345030371733
0.140894562669481610006627647635
0.135026351751605544482259801953
0.126260156339811496772895793583
0.119378434612827974414805964898
0.114134065317886446155881685627
0.116110617971272492288115074643
0.100511905216219235570385137635
0.0965386472950448826235714250288
0.0812422584015747156760411940013
0.0674483734195653467091702282232
0.0502862490816988055852831962511
0.0177975743546162669395105382364
-0.00258171357255277279102445575631
-0.0253204527360508351019330319787
-0.0764383368020685460830776492003
-0.0847322642119947150307623928711
-0.130647332678661132199238181784
-0.168842572561251930141068555713
-0.220377706266904727083755233252
-0.263805392644878289321042075244
