2
0.443631193407392820926560261796
0
0
0
0
0
0.706578982846986614063666820584
-8.85455957368976596783047413135e-17
0.70763418586082849071061673385
0
0
0
0
0
0
0
0
0
0
0
0
0
0
0
0
0
0
0
0
0
0
0
0
0
0
0
0
0
0
0
0
0
0
0
0
0
0
0
0
0
0
0
0
0
0
0
0
0
0
0
0
0
0
0
0
0
0
0
0
0
0
0
0
1.00581507664154118751332614087e-07
0
0
0
0
0
0.707634185860828601732919196365
3.89962466108727338951148488129e-10
-0.706578982846986503041364358069
0
0
0
0
0
0
0
0
0
0
0
0
0
0
0
0
0
0
0
0
0
0
0
0
0
0
0
0
0
0
0
0
0
0
0
0
0
0
0
0
0
0
0
0
0
0
0
0
0
0
0
0
0
0
0
0
0
0
0
0
0
0
0
0
