3
102.237039107522960534879530314
0.114776107841766214501255660707
0.114860302145345732904857527501
0.114944581303299528385331029767
0.115028945443986826968618686351
0.115113394695953941138100162789
0.115197929187997955002842331851
0.115282549049174953825769307514
0.115367254408796318654317758501
0.115452045396366373419816397927
0.115536922141712225520215895358
0.115621884774822769603730421295
0.115706933425982802510212366087
0.115792068225721134222538921676
0.115877289304796085578352915491
0.115962596794222064233714775128
0.116047990825286162497320674447
0.116133471529484874618098899646
0.116219039038584090461903031155
0.116304693484595544905602082508
0.116390434999780079117215336737
0.116476263716667388647962866344
0.116562179768000581669973314547
0.116648183286798268198936057161
0.116734274406341514973561857005
0.116820453260179174526101064657
0.116906719982043050265474448679
0.116993074705996888407177891622
0.117079517566313337506578307057
0.117166048697541158585266884984
0.117252668234483603537654516913
0.117339376312179222150433588467
0.117426173065952307861259384936
0.117513058631389874508776927087
0.117600033144293653064593740964
0.1176870967407657314618418809
0.117774249557147672740065047492
0.117861491730061135330132060517
0.117948823396353749681786382553
0.118036244693166730845845791009
0.118123755757879742023241931292
0.118211356728149433181762617551
0.118299047741928106680653343119
0.118386828937335805700392654671
0.11847470045285396489376239515
0.118562662427185452895805894968
0.118650714999306738928197546556
0.118738858308448019807102014056
0.118827092494120642451882474688
0.118915417696101574640543674377
0.119003834054425841615376668869
0.119092341709411686512254391346
0.119180940801634327463887075282
0.119269631471915868448085973341
0.119358413861431089664222326974
0.119447288111504651419991773764
0.119536254363832264435707486427
0.119625312760344132412271278554
0.119714463443228447125932234485
0.119803706554998057320915449964
0.119893042238366470675359209963
0.119982470636358654059172579309
0.120071991892292090353677735948
0.120161606149726679637623760755
0.120251313552542510310061629752
0.120341114244835400981514794694
0.120431008371035638826462843554
0.120520996075799885494106433725
0.120611077504112929048574187618
0.120701252801187736141130812939
0.120791522112574906122617335313
0.120881885584067955141662764618
0.120972343361750889201289282937
0.0085738996761240589272734524684
0.199933034763944028622262294448
0.194527074240106540026218340245
0.189113799051201986189951753659
0.183693199029558357215918817928
0.178265263954163727389001792289
0.172829983599209147104858175226
0.167387347687343396307468879058
0.161937346012148930540774927067
0.156479968254620960266265683458
0.151015204137489256197568465723
0.145543043340195410451087809633
0.1400634755514788554187077807
0.134576490410670823738570334172
0.129082077575388837198389069272
0.123580226659997113869415841236
0.11807092726297978291238877091
0.112554168989489306040852056867
0.107029941411195539391343345414
0.101498234088105349082198358701
0.0959590365606957929056619605035
0.090412338344233983411513122519
0.0848581289455733328574993379334
0.0792963978510583672454359316362
0.0737271345461885940775204062447
0.0681503285083265991639578373906
0.0625659691460184741451655554556
0.0569740458746388692135020903606
0.0513745481376065502021610598149
0.0457674653003377340798607519901
0.0401527867259190221482789695528
0.0345305017925590582161810004891
0.0289005998344215656037370365539
0.0232630701634182757153723741794
0.0176179020850454233493298517033
0.0119650848875697476958457343699
0.00630460784079728362577776934472
0.000636460201357961813557750918591
-0.0050393687946008319800128560928
-0.0107228899330787646321239137137
-0.0164141140134227703217817406767
-0.0221130518437597234360225684213
-0.0278197142732308951018627141138
-0.0335341121357456764529025861066
-0.0392562563271715569968023373804
-0.0449861576993837025684186414765
-0.050723827165794502236373375581
-0.0564692756629815162394692151793
-0.0622225141027204775578951512216
-0.0679835534751071363102070677087
-0.0737524047346035521721674399487
-0.0795290788641601353869958757059
-0.0853135868982045075803455347341
-0.0911059398406953296900567806915
-0.0969061487343833016794292234408
-0.102714224665475681308457467367
-0.10853017869714119691959552938
-0.114354021926165186351376235052
-0.120185765474384004258823210876
-0.12602542046054079905026412689
-0.131872998059162943595978845224
-0.13772850943043055127468221599
-0.143591965749948563546567470439
-0.149463378254747952800229882087
-0.155342758121745333488306073377
-0.161230116644912990775395655874
-0.167125465035968118199249943245
-0.173028814608337577762853243257
-0.17894017664537212319864067922
-0.184859562458107640203763821773
-0.190786983387022907043828467977
-0.196722450772959439602161069161
-0.202665975990885260937801604086
3.50271215259345573441007060424e-12
0.283077682743682335075874334507
0.261577222740495052288878241598
0.230168989264435464026092859058
0.15638098941343750447607874321
0.115741275346877919849575278022
0.0925545489164070617205126723093
0.078641180400679189244073086229
0.0250037246750855444987760023423
0.00494311230675145273777415511063
0.00465820274804764917347954522597
-0.0463545225476145114629211718693
-0.0459855391510004749000550816618
-0.0816619878628838391509958682946
-0.09386244150173896072519852396
-0.107085592613560334762645709361
-0.134887970863375894481350769638
-0.133276334513222266542342708817
-0.127496741174280225905590668845
-0.147612569744711652486302000398
-0.159712562242545125235082537074
-0.155202625860792253753572822461
-0.124443558561600317591278042073
-0.136936191231958104275179266551
-0.151776357209099738154733927331
-0.116097268512430670805990473582
-0.131248478316432826140669476445
-0.123065853995530591347140614289
-0.10943359808222394291554735446
-0.111433390938898216337982205459
-0.0682963411482291060661253823127
-0.0943173754551770160414747579125
-0.0572505132255164417287573996873
-0.0640199442419327469089296300808
-0.0535463112262011334263611672668
-0.0503503891074230866542471574121
-0.0364611204811456229846200471911
-0.0410669779281025645878422380974
0.0173435119005399505931475090392
0.0339761522944867222495446412722
0.0338283286790777501518157066585
0.0453095706077720622451110443762
0.0652181228677566615647975822867
0.0722473912799649758964548595941
0.0580828955324674406357488010144
0.0953317720763706133446646617813
0.0931896437031939639528133056956
0.143221238290981683904945498398
0.0989211662592101026447721778823
0.138977670532760666510796454531
0.115915771211608537027970555755
0.132738731179480234922962722521
0.126495459761157613698401291913
0.140014291672450663650550950479
0.145720399121149035703837171241
0.115692821627013081586810017143
0.0982454465296697942999770702954
0.134818394008481334811477836411
0.105215997568057814670616778585
0.107531107022280469909247813121
0.0914761855640573301462481481394
0.074519247605627489394741758133
0.0514961720561309746480027627058
0.0421016460242990206430668820303
0.0215798580021595888533969542777
0.0111363685071057746944767075092
-0.027163590787122729452995884003
-0.0418930323599946488610790140683
-0.0973510166480918565090618699287
-0.16063042452425840833640791061
-0.159793996905000235120297702451
-0.200461650370016009059526140845
-0.272876894256848523401259853927
