3
1841.95469030520803244144190103
0.114764613559002567888533974383
0.114849115944355942287025129644
0.114933703706617512674270642492
0.115018376975416308782840246749
0.11510313588065612666611059467
0.115187980552468330341930879968
0.115272911121257010114149466062
0.115357927717663191757857532593
0.115443030472527172203278666984
0.115528219517024952067707488368
0.115613494982512374220640083422
0.115698857000621713186916394989
0.115784305703248602270605260856
0.11586984122250122697384000503
0.115955463690771504170484718088
0.116041173240713627046183376024
0.116126970005167487465236320077
0.116212854117327860081765322775
0.116298825710556830159703167737
0.116384884918499062478325356551
0.116471031875054725768237062766
0.116557266714393564788210255756
0.116643589570930669707671256674
0.116730000579325879361825002434
0.116816499874479576281949277927
0.11690308759164268204155945341
0.116989763866191281982409577722
0.117076528833840468046822991255
0.1171633826305685521784738512
0.11725032539257643215968585082
0.117337357256352109446950748861
0.117424478358639033936938744773
0.117511688836416244852145496225
0.117598988826984607314329878136
0.117686378467829477756367850816
0.117773857896766184771841778911
0.117861427251837569407655337272
0.117949086671354994027005602675
0.118036836293919616958092433379
0.118124676258361663294671473068
0.11821260670381487922764307541
0.118300627769634389419017850287
0.118388739595469055787546608371
0.118476942321271844216212798528
0.118565236087183500934827407036
0.118653621033686484942393235542
0.118742097301493057526222685283
0.118830665031601043213349555572
0.118919324365247797148370523246
0.119008075444007765941734078297
0.11909691840967907838777506413
0.119185853404327135596219022773
0.119274880570313185357278484844
0.119364000050271798492040886686
0.119453211987093563251072225739
0.119542516523962458196983504877
0.119631913804331094230981591409
0.119721403971944598265686465766
0.119810987170784644106902305793
0.119900663545158478462404616494
0.119990433239603289106156580601
0.120080296398980407301948503118
0.12017025316841264959144552904
0.120260303693279627101908602071
0.120350448119266165147855929263
0.120440686592362691809121599817
0.120531019258786911696468280297
0.120621446265085641158520957106
0.120711967758064322997491046863
0.120802583884809230929668899535
0.120893294792698877127001821918
0.120984100629419388805985136059
0.158043889156653682981357178505
0.199933668969153655048387463466
0.19452820959729336114385489509
0.189115422014299594533071058322
0.183695296011362557697665920386
0.178267821331042686239243266755
0.172832987746930039074655383047
0.167390784977948375855660856359
0.161941202700557035365491742596
0.156484230654056200027213208159
0.15101985851001933913728692005
0.145548075929270936956783089045
0.140068872528406468402906170923
0.134582237969273377231615995697
0.129088161859489986005300465877
0.123586633787476626866741469257
0.118077643330078987937703516309
0.112561180074488537128374332497
0.107037233536702344749436122129
0.101505793263816229687890313471
0.0959668487592088698123760082126
0.0904203895311249533639497144577
0.0848664050581518364380073649045
0.079304884793181193436417686371
0.0737358181896192871329631657318
0.0681591946612595533938616654268
0.0625750036417479504891048236459
0.0569832345144689889071543120735
0.0513838766748184738730742537882
0.0457769194525110209581519882249
0.0401623522170406963005540035283
0.0345401642711081480197066184701
0.0289103449686614853708643835262
0.0232728835644150713890532244932
0.0176277693288086623191190938087
0.0119749915498711320682723169284
0.00631453945147950577998496868304
0.000646402270584573107950476789085
-0.00502943079549123244625929984863
-0.0107129705669607409868060443614
-0.0164042278513785444449268879907
-0.0221032134911966528234561479849
-0.0278099383949148015737762307253
-0.0335244133858669038361632885881
-0.0392466493920306802589692551919
-0.0449766573075963196903792606918
-0.0507144480840553482647869998345
-0.0564600326798477478162929799055
-0.0622134220298369011725725385986
-0.0679746271544912628037593549379
-0.0737436590176630407666991118276
-0.0795205286677464623368294382999
-0.0853052471470004680664800389422
-0.0910978255066853676025218078394
-0.096898274793691910322657179222
-0.102706606144575496308846140892
-0.108522830632315506194096599302
-0.114346959411015622332108421233
-0.120179003595471248222459337285
-0.126018974390483678993390981304
-0.131866882932702433883775938739
-0.137722740462050852183750748736
-0.143586558160269550654675185797
-0.149458347290360143988507957147
-0.155338119098277965823839963377
-0.161225884846146805262634416067
-0.167121655825109516335658099706
-0.173025443366852049731363649698
-0.178937258751995453831540316969
-0.184857113377577347845814870198
-0.190785018566584696486643224489
-0.196720985730908765054536502248
-0.202665026246550861177553315429
6.99880865707427858828449439578e-11
0.282826051694464453145627658159
0.247595777303729475127269665791
0.22254446917263151495269823954
0.156651854009855012739294011226
0.127153237199290114478600344228
0.0991830944068161912685610559492
0.0575579763687023987506208300147
0.0401702439795049090487388809834
0.0341905932561404890535072809143
0.00862501618931657901279130840067
-0.0447054078682930580712628909623
-0.07018623906909218779226478091
-0.0856308059110675867664497218357
-0.100980299967800168925435855272
-0.0986760323887693052702374529872
-0.117571216662063202096355496451
-0.120935985443268903538616143578
-0.142094660391251209619056794509
-0.135022156235594353868023631549
-0.142168481585679823409051891758
-0.161410649843995557262132933829
-0.157645383679907130636266288093
-0.13765245645759160986187907838
-0.15085449475548989850537395796
-0.13289859885917765236484910929
-0.133668082749419769861276563461
-0.106376279139676607754516624027
-0.108567152498650287828496630027
-0.101716976927898480886902632392
-0.0944034646698652668561635437072
-0.0651567230663748220287345702673
-0.0831071199453657094569081209556
-0.0763725427153815333847219903873
-0.053647723332998220602263472756
-0.0364639069699079498843019564447
-0.0107428050374379045750483641086
-0.0150762719842329282610160490208
0.0119527362758742559945002170707
0.0288694472281158520665655942139
0.0158782516268377686674551085844
0.0319637044891143626279550460367
0.0487630143449482994499888377504
0.0715379319745372138639183390296
0.0625824442350852438998742854892
0.0908899544582425500394151640648
0.104018864987129741606075583604
0.0967886193507181552542206759426
0.0938964892153581198730449841605
0.124010813431871064205225252408
0.13423716032551652466153768728
0.125693329131863568148830268001
0.132864179921022562691490520592
0.153041932128712088179156580736
0.141411807649534121411605269714
0.146326876975636788191792447833
0.129079090420027825514281971664
0.134828816696789088869223860456
0.132334041735054253052794592804
0.117212163907959410202863637096
0.0919741927211576715261998060669
0.0675003916849905294395028931831
0.0610330328168042779424240507069
0.0477693915281169473319167195768
-0.00393522299687166197956766922061
-0.00281415357768069864310978012156
-0.0375422155247249617060489867981
-0.0891802383336925824641738813625
-0.0933050894768207572660401183384
-0.134304034419765794261536484555
-0.161276663654381147150473907459
-0.220588504616991476492415813482
-0.246239528822615794112493858847
