3
78.429383837657525191389140673
0.114396573119185593347957308197
0.114490920113889282916375123023
0.114585369771128570137719293598
0.114679922265861641839101991991
0.114774577773302854932779837327
0.114869336469130139954941682845
0.114964198529355618449976361717
0.115059164130327573616341396701
0.115154233448818296703386465651
0.115249406661938127993671798777
0.115344683947134513113397247253
0.11544006548233556874727412378
0.115535551445736156539467742732
0.115631142015917592891227627661
0.115726837371906698948009761807
0.115822637693023797189617596359
0.115918543158997411346433636936
0.116014553949968984847274100503
0.116110670246403105410060163649
0.116206892229174962860582809299
0.116303220079506455797435648947
0.116399653979053954722111541287
0.116496194109793435589317311951
0.116592840654146503998056516593
0.11668959379486217031729466953
0.116786453715124000085623379164
0.116883420598442214211054590578
0.116980494628770109732940341019
0.117077675990426857688397888069
0.117174964868096920245221781443
0.117272361446907794069183239571
0.117369865912302556720803181634
0.11746747845016833333708916598
0.117565199246792276288609002677
0.117663028488825205375434279631
0.117760966363293487213503851763
0.117859013057699898996411036478
0.11795716875982166504943648988
0.118055433657933486757407592904
0.118153807940680755095286258438
0.118252291797068045942076253141
0.118350885416568185615204811256
0.118449588988988802062962690798
0.118548402704571398391664160954
0.118647326753950052569130946267
0.118746361328174829252724009621
0.118845506618701565737517000798
0.118944762817358745676799003377
0.119044130116418025999713847796
0.119143608708543735641427474548
0.119243198786766743668685819557
0.11934290054462996788497974876
0.11944271417599187923297421321
0.119542639875155037865184226575
0.119642677836848038142036898535
0.119742828256181099710886428511
0.119843091328694986708036651635
0.119943467250346352814815986676
0.120043956217521258222902247326
0.120144558426991107658032831296
0.12024527407597648820392066682
0.120346103362088036048405115253
0.120447046483362324442722979256
0.120548103638282347316312836938
0.12064927502573610795799652351
0.120750560845030968648572411439
0.120851961295911650151602145797
0.120953476578501764593376321955
0.121055106893412769974993636879
0.12115685244165766420998409103
0.12125871342468881597387309057
0.12136069004435247331574743157
0.0118731799732385671919399072749
0.199970181008416070245203854938
0.194579410423012716391255594317
0.189180914782834053156079789915
0.183774683104810182543431551494
0.178360704368105610351236123279
0.17293896753648468900266266246
0.16750946156035012579721410475
0.162072175365259946167029170283
0.156627097874161402835113676701
0.151174217971931978965471898846
0.145713524542082029089584693793
0.140245006446880177142233492305
0.134768652520590281884693695247
0.12928445159276744091947364268
0.123792392470883569344231034393
0.118292463941262360194173197669
0.112784654773641093705727200813
0.107268953721410861823493121392
0.101745349511422222832379702595
0.0962138308769139860565644539747
0.0906743864988932002368926532654
0.0851270050655336257827698887013
0.0795716752469919352819260893739
0.0740083856686745561459517261937
0.0684371249713921492308088545542
0.0628578817565756398089149570296
0.05727064461578722232015792315
0.0516754021112768580081819891348
0.0460721428018096845757867185966
0.0404608552296143245130544130461
0.0348415278993546920216495266232
0.0292141493122475559562900571109
0.0235787079444332858813027087308
0.0179351922615201518629302057661
0.0122835906947925573018398637259
0.00662389167727656796857971244208
0.000956083617448442242732487006407
-0.00471984511644520012690895427454
-0.0104039061389193873696790149097
-0.016096111111146779032443632218
-0.0217964716994975722663685502312
-0.0275049996021674014734514912561
-0.0332217065153326343573958467914
-0.0389466041660828932169380323103
-0.0446797043118463410582563710705
-0.0504210186993313061454280443741
-0.0561705591286932523487074320201
-0.0619283373901360970070761879924
-0.0676943653186023869272602837555
-0.0734686547361984576554050363484
-0.0792512175244787925310063769757
-0.0850420655472511610728503228529
-0.0908412107028734039371187236611
-0.096648664913830242828574057512
-0.102464440114420532457195633924
-0.108288548256769812105915207212
-0.114121001326741688952637332477
-0.119961811312225857806268436434
-0.125810990217634754984032952052
-0.13166855008247299596568780089
-0.137534502966095040221716772066
-0.143408860936772158956031830712
-0.149291636084184331512147991816
-0.155182840521165682501347760081
-0.161082486375353578500480011826
-0.166990585795439433480780166974
-0.172907150961952832401991031475
-0.178832194049273085489915047219
-0.18476572727743473256722950282
-0.190707762879407854983426773288
-0.196658313090095848707505865605
-0.202617390190582030706778482454
9.66272110738020647711053365161e-12
0.308055927878574775657938289442
0.254207383368658001998596773774
0.212509506858847035948301140706
0.165359553429691191750450229847
0.131320974341047641553714697693
0.0947674407163164450595971288749
0.062566727041703185108190155006
0.0354378067252235570694374189316
0.00608913405468394178937652228001
-0.0226555446367346403901965601335
-0.0364309060597301018202820444003
-0.0701176923149004066582179461875
-0.0833833005004565031015317799756
-0.098312542963091054115665201607
-0.11291217986855170418714067182
-0.114265316070572622852985489317
-0.127160584229889545015979024356
-0.135604149400080364884502159839
-0.142119341478570998527075630591
-0.143500575978902422669136740296
-0.145095984789367138390048239671
-0.145280161077169817085419367686
-0.13400264065342851194095885603
-0.139784363843704934060596656309
-0.130173603642051716189342869257
-0.132006023613724488008358548541
-0.121784277247072775240965825105
-0.113712556333955258636159157959
-0.100645339350856996563088330277
-0.0929491718370062808274312260437
-0.0812489230102151210877181597425
-0.0709010267274034072793043037564
-0.0580985554148617799885556678419
-0.0501267201152705080269278425931
-0.0363052889952860113886856652243
-0.017640570784083202393599520974
-0.0111710350888556825266206828928
0.0024967886227130527826423289639
0.0165169163611789682200026163628
0.0243789878226141239203617061548
0.0422932727427930282848578258381
0.0546972231847984505237469932126
0.0652694937690102422456206454626
0.0783269708686395449426242976187
0.0883320997928418866207422865955
0.0878232761230787473127890052638
0.109706070176538522664699826237
0.116185872955557906172074922324
0.119374755161786250123867603179
0.127102370129220404448844305989
0.128102364546809510681413257771
0.127514767976387916048608417441
0.13695186979020584905342161619
0.137837167481392658396899264517
0.129420876085112740438987088964
0.128973359652641283989993326031
0.121350417195446827478555462676
0.116663689448256252534363852646
0.108483853521884027193422639357
0.0984827408595175812777711144008
0.082272272077785729704757500258
0.0560808091015912377197416560648
0.0481532416591068171407563625053
0.0192376486625248713235869502114
-0.00713237134811058742789313669164
-0.0275381487041663382264733428428
-0.0557709413553185637257847417914
-0.0943191224547586248849739831712
-0.135253242117235716879264373347
-0.171814651733823653412258636308
-0.217543467953152602767374901305
-0.265538243060939815887167014807
