3
113.278863563492208754723833408
0.113524537086702237420610117624
0.113642067333028007336537257288
0.113759745048613344908794431376
0.113877570532897223753998616758
0.113995544086021083352022742474
0.114113666008897551851219986929
0.114231936603122696816114967078
0.114350356171026720786265684637
0.114468925015676167844524968586
0.114587643440868539035371043155
0.114706511751092768425230872253
0.114825530251601110043324638355
0.114944699248391304924332700921
0.11506401904817827042126765491
0.115183489958425894217342033699
0.115303112287327230722766557847
0.11542288634378695955096105763
0.115542812437543607195777894958
0.115662890878979490727473944389
0.11578312197928702920179944158
0.115903506050395621596038608914
0.116024043404958143721472652032
0.116144734356432147159843282225
0.116265579218977690989511586395
0.116386578307564353407244084337
0.11650773193787108961139153962
0.116629040426376132111307981631
0.116750504090295789683118243829
0.116872123247628773023976123113
0.116993898217108566184307960611
0.117115829318298697581113287924
0.117237916871496872239788444858
0.117360161197765031082518305539
0.117482562618932070974686610043
0.117605121457669478668428553192
0.117727838037344503807624107594
0.117850712682170358225341999514
0.117973745717113304154466391083
0.118096937467928861376087468216
0.118220288261155700992866002252
0.118343798424152976678236370844
0.118467468285022498042380334482
0.11859129817270004647600245562
0.118715288416910869084830437714
0.118839439348149694675171872404
0.118963751297765388259541907701
0.119088224597860420361783440057
0.119212859581340438475116627615
0.11933765658196743286723062738
0.119462615934277857632217489936
0.119587737973625971021895963986
0.119713023036173357716016596441
0.119838471458872206087953316
0.11996408357956053758464065595
0.120089859736853585281401990414
0.120215800270153841400322392019
0.120341905519766423360294993472
0.120468175826782236681466997652
0.120594611533091172761444909156
0.120721212981450484735823636129
0.120847980515469646811688164689
0.120974914479538786515888659778
0.121102015218912353877733778518
0.121229283079710883908042262647
0.121356718408852398694008911662
0.121484321554107654872467492169
0.121612092864135809544556821038
0.121740032688376645375605278332
0.121868141377170766115334288315
0.121996419281701920511729042573
0.122124866754019623105165237575
0.12225348414697607968282255797
0.0359734996818871707868758846871
0.200132946869870043116179658682
0.194770532879874586074109288347
0.189399630284082076681073658619
0.184020226669587672052585958227
0.17863230961021933640431313961
0.173235866668177362903691118845
0.167830885364310150587030534552
0.162417353217631899031658804233
0.156995257724102305063595963475
0.151564586357587072207309120131
0.146125326574793906742044669045
0.140677465806097440337296688995
0.135220991475318519370318881556
0.129755890973034360147408960984
0.124282151675581653549329530506
0.118799760935675055573135239229
0.113308706098476721924050991674
0.107808974477914903955522163415
0.102300553364833915481746373644
0.0967834300391881702241292373401
0.0912575917602490988000951688264
0.0857230257623384644949382504819
0.0801797192603464076166019935954
0.0746276594557110234395835846044
0.0690668335189476984004031123732
0.0634972286098619970173828619409
0.0579188318632217133408168763253
0.0523316303910314056802022264492
0.0467356112956236399713638718367
0.041130761646048154267507612758
0.0355170684964700791863556617045
0.0298945188916071892537562604275
0.0242630998315892902617019188938
0.0186227983198672432385567532265
0.0129736013241911387477989237027
0.00731549579566710857225775299639
0.00164846867260020268561304668253
-0.00402749313842221210585359258971
-0.00971240274819743475143152267037
-0.0154062732865439758894732236172
-0.0211091179021019072215015199845
-0.0268209497640311961275116914294
-0.0325417820700369259112605391238
-0.0382716280292192539969065023797
-0.0440105008772057951227374417158
-0.0497584138711880882843807683003
-0.0555153802849356406423630971858
-0.0612814134113243702550732905365
-0.0670565265714291453003070841987
-0.0728407331081213083034953115202
-0.0786340463791754817890478079789
-0.0844364797582655007834873117645
-0.0902480466523598867656374977742
-0.0960687604899356645260510845219
-0.101898634706490229251407697575
-0.107737682777367560493786413645
-0.113585918180557743362157907541
-0.11944335443257829421082050203
-0.125310005055422446496038446639
-0.131185883598413655093395391305
-0.137071003641835081898747716878
-0.142965378780018165238985261567
-0.148869022626173685974748650551
-0.154781948810004094108094818694
-0.160704171000589091100607674889
-0.16663570287423490334788311884
-0.172576558129093643456641871126
-0.17852675049460764444830829234
-0.184486293711893983848781886081
-0.19045520155265963091473224722
-0.19643348780079999960079817356
-0.202421166270159491595848066936
6.92297732106648796177570203114e-11
0.305838339864602681839045317247
0.257564159136524639670540182124
0.214268891680796963461475002077
0.169619906721478058697627488982
0.130674552445487673901780567576
0.0939092319882043335965704500268
0.0612210421117781733446605585414
0.0317093727944258232942509323493
0.00463120143529234962881391268752
-0.0206768543437237141413564955883
-0.0453649249802188306301964360046
-0.0623513012295833640719067147984
-0.081712022537223996665467495859
-0.0964603774375253353312587023538
-0.108725197758343078424658756376
-0.119575247670881124051334154501
-0.128394402275921692968552179082
-0.135661280882477891518433921192
-0.139765875113077753244539280786
-0.141925018607614528143301413365
-0.143285578857101691951925204194
-0.143024576472424030937347083636
-0.141413368917209847364091501731
-0.138517478358292450701938491875
-0.133271767566102566915375859935
-0.127516592434599868033373581966
-0.120102725530988732605131019682
-0.112674487218465499416275577005
-0.103531017720589257891106171883
-0.0930572732127217250308603979647
-0.0826045658589545928052189083246
-0.0734127439131262576887948512194
-0.0598275757634704891119170611091
-0.0473915511723863938642331561368
-0.0357372927997302997082940123619
-0.0236961145045896798277951234013
-0.00961998178467910088074166452543
0.00312908659165546994967987970426
0.0161918064671115712049864754363
0.0285328995883462922800166694515
0.0407354058761506751529246628252
0.0532984285912329255885389045488
0.0644412802334536904957928982185
0.0756578973992334952169969142233
0.087254205234739812269140202261
0.095871619052576198538595519949
0.104983571608250766948877696905
0.114082533015629691841574810951
0.11933912240851002328767549443
0.126030975333949690764256956754
0.129458262727633138799987477796
0.133658668647650163974205383965
0.134870547020399828008763165599
0.134374391544969301603984490612
0.132396334896112743972906855561
0.12868276700476447005350166819
0.124232465343054473971839968272
0.116320054504474426626536853746
0.106108927563967309071202294035
0.0944677595330458697020503677777
0.0817863337054284128546655097125
0.0637826136139512944733809263198
0.043925974852084423427633907977
0.0221567672947296824548235605334
-0.00404639749273891149300430569724
-0.0303540167057372890779820551188
-0.0610555173967639447374367023258
-0.0955089591585206870716362459461
-0.132503124004135719449237740264
-0.172954039395155328984188258801
-0.215513621654283837880683449839
-0.263918415302762610075149041222
