3
24.8118166500373327210127172293
0.114722408444733317556263330061
0.114808041721777109867019817102
0.114893762303608371055929637805
0.114979570324802035652389520237
0.115065465920191609128231391423
0.115151449224840662921565126453
0.115237520374125754218930239858
0.115323679503652049005424373718
0.115409926749268684775806548259
0.115496262247123240851642833604
0.115582686133613429801947347642
0.115669198545402807098980701994
0.115755799619401161804077560191
0.115842489492770581160918652586
0.115929268303006857698811415958
0.116016136187779131394570697466
0.116103093285072164753124468461
0.116190139733146236000749240702
0.116277275670502389104399298958
0.116364501235910633436532179985
0.116451816568441793298127606704
0.116539221807392373575495980731
0.116626717092337447989613963273
0.116714302563158067727044908679
0.11680197835995687061227954473
0.116889744623143776447449226907
0.116977601493361074713739355957
0.117065549111569230933405094675
0.117153587618964577510283220363
0.117241717157043387476100804179
0.117329937867571093557117478667
0.117418249892563150704738461627
0.117506653374314443127879314943
0.11759514845543930783300368148
0.117683735278789988742964567336
0.117772413987483934305622312877
0.117861184724969272896721861343
0.11795004763490750387955330325
0.118039002861293484958338240176
0.118128050548354471271927934595
0.118217190840649480354507261382
0.118306423882983541284730222287
0.118395749820441181787700202221
0.118485168798391174438400241797
0.118574680962525463856493956882
0.118664286458747977870409329171
0.118753985433304204422100269767
0.118843778032715854942047428722
0.118933664403744532300777336786
0.119023644693478661271690555168
0.119113719049313393494315960197
0.119203887618894749378384290139
0.119294150550133995491997040972
0.119384507991315488850680992527
0.119474960090922274758007404216
0.119565506997778334130622113207
0.119656148860979874570809045053
0.119746885829901783537820847414
0.119837718054239150688999870908
0.119928645683998039150885972504
0.120019668869402296174087041436
0.120110787761027390518897561833
0.120202002509750258130161171266
0.120293313266691084817416879105
0.1203847201833220526001611006
0.120476223411371485827459082429
0.120567823102891810704839770096
0.120659519410207818901348275631
0.12075131248597455180249227169
0.120843202483094019905607297005
0.120935189554841809878027447667
0.121027273854718689372056417142
0.00230736398377791220720700593461
0.199936306613438585788600221349
0.19453266153475884392420880431
0.189121639212738529289836719727
0.183703229293733200089278057021
0.178277421459803742109784252534
0.172844205363424152643858633382
0.167403570615953123379426870088
0.161955506854007086348090638239
0.156500003652738084447548772005
0.151037050608035988696897788941
0.14556663727439922428885665795
0.140088753216613320917716123404
0.134603387945945479620135643017
0.129110530972868703392109068773
0.123610171822562633914266427837
0.118102299945749902865266278695
0.112586904831390027803550424323
0.107063975890615309394249266006
0.101533502584699356074970921782
0.095995474327435340033964905615
0.0904498804936414435573510672839
0.0848967104573541408996106838458
0.0793359536295667328031910869868
0.0737675993050524309024851277172
0.0681916368276719170316013673983
0.0626080555153160911441290181756
0.0570168446602794878885767104748
0.051417993532323007233042488906
0.0458114913985443669708352842918
0.0401973274906492483715680918976
0.0345754910513538099570141071126
0.0289459712719304096406602866409
0.0233087573442807491352901649861
0.0176638384492946651227462950828
0.0120112037369531094582741914678
0.00635084235432931392545397031313
0.000682743417019865991672566973847
-0.0049931039822958432281008178677
-0.0106767107254546102929060324982
-0.0163680877732685185754757384302
-0.022067246066033493340219351353
-0.0277741965736020869626177187683
-0.0334889502778317124653817415947
-0.0392115181834853873676927094039
-0.0449419113030277775355791902712
-0.0506801406634144330221047880514
-0.0564262173472369413240734559167
-0.0621801524094109589468892806963
-0.0679419569401476380887672235076
-0.0737116420615030187857286136932
-0.0794892188881418659818223204638
-0.0852746985469305801563777436058
-0.0910680922251299179714933984542
-0.0968694111096099069735387843139
-0.102678666380257938017805940945
-0.108495869266325678514917285611
-0.114321030971970521994407476996
-0.120154162770468100895904228764
-0.125995275947327678434106701388
-0.131844381796605764067820132368
-0.137701491576294521301804252289
-0.143566616652122891473197796586
-0.149439768352634311243676279446
-0.155320958039211809431634492285
-0.161210197090720097623517403918
-0.167107496936424015920863439533
-0.173012868954270065957601332229
-0.178926324569516792539758398561
-0.184847875301327346786450789295
-0.19077753255671001109128326334
-0.196715307852504989183373140804
-0.202661212695211007117634949282
1.05757847769800279745790389152e-12
0.295503046177217232326484008809
0.269985934040599340200117239874
0.217014464595648215450296447671
0.169483528917330372731697707422
0.134420426010003896122313449268
0.0814612316985149770287577553063
0.0557805081928733764717875942551
0.0284496305939680553531712092763
0.0338849163712256554181756484923
-0.0344258453327598232251993692898
-0.0420501023730525669286350876064
-0.0727235018531964816368429183058
-0.0820912771307631822237382834828
-0.0959067384499616287785173085467
-0.124154081109963690399133895426
-0.129745703054418431987571125319
-0.133641283312987274589644925982
-0.145547449660551664329943832854
-0.148114852766765114910896272704
-0.130435842954215702738096638313
-0.122625993201747759964170825242
-0.141781896763767567559710869318
-0.140028509858235283846994434498
-0.123090751062249856295771621717
-0.148887416976558245584882911317
-0.1238496835049772704095971676
-0.132015367994021581843355761521
-0.0990812426637664722672838024664
-0.0972098782886068185637995497927
-0.07503509252142639973648385876
-0.0744942119236855077035741601321
-0.0816946521685745635776854101096
-0.0527827038598135123148580305497
-0.0310111524908805967493119482015
-0.0252529718848173677370194667446
-0.0181219132039599252481654190206
-0.024262694233823146189310548948
0.00238995142810319912557437405098
0.0178604911089754840591847795395
0.0275480963137007435481695694079
0.0571914137716509965447819752171
0.043192504784406220152970234949
0.0513675756287937379518382385868
0.0688440870292604950586579093397
0.0826785123564613283475566163361
0.0799947596179012981876255139468
0.0807598986679688574108482157499
0.122569938407599512975032496342
0.0956877524132805773460219711524
0.130124065007112488245866188663
0.141099676252908617923864653676
0.129072096595875623892268890813
0.146050059813236876582465129104
0.13754527018319637199361693547
0.150804461438558828900724506639
0.121370196323386178582914851631
0.130389012358986644546376965081
0.103443017841530510159131495129
0.115142325240805865060877977157
0.0717453093318779905329662938129
0.0806255488440888734569256257601
0.0989431341866088137626533693947
0.0489171016321453822062181870933
0.0212401722697744925472118637799
-0.0150093664294205977188800815725
-0.0270335576596254026360277578078
-0.0588297274891292840126588714611
-0.111347704056617702317311113802
-0.12373441142848885798688485238
-0.186601367155215663862222186253
-0.210923859209491776356415471128
-0.258997280817296504640268040021
