3
21904.0358827833442774135619402
0.114321482429545887016253402635
0.114417833410330169185975535129
0.114514290706595064928130511817
0.114610854503073733567930503341
0.114707524984889369656926305652
0.114804302337551372703572383216
0.114901186746999880994302145609
0.114998178399527209436747909876
0.115095277481856675394489286646
0.115192484181087004269095075415
0.115289798684731326083863223175
0.115387221180685117793984773016
0.1154847518572288678218029645
0.115582390903112119939777358013
0.115680138507411156556514697513
0.11577799485963363723683983153
0.115875960149718806868612830385
0.115974034567952521967981738271
0.116072218305088875611730259152
0.116170511552229391294410731916
0.116268914500950157342451518616
0.116367427343152529672920536541
0.116466050271234938806586001192
0.116564783477948033518778458983
0.116663627156457533340372378916
0.116762581500388165633985693148
0.116861646703717042550252358524
0.116960822960898935818363497674
0.117060110466738157009025655952
0.117159509416511251056469689047
0.117259020005850672641045662203
0.117358642430916190746437166581
0.117458376888157384199118382639
0.117558223574564787994312098363
0.117658182687411044797798354011
0.117758254424542740945724972335
0.117858438984123653492375183305
0.117958736564784019695828476415
0.118059147365588451572548933655
0.118159671585995981746286531688
0.118260309425934725946483183634
0.11836106108571814443664038663
0.118461926766116346088075772514
0.118562906668335507620604118983
0.118664000993999235733511454782
0.118765209945167315996883417029
0.118866533724307318897750462838
0.118967972534403457207652365923
0.119069526578787152071292609889
0.119171196061263154342135806019
0.119272981186108906204168533804
0.119374882157959591455487213807
0.119476899181965384721948453262
0.119579032463679929554345449105
0.119681282209123607263023814085
0.11978364862474394358926588211
0.11988613191741452623784169873
0.11998873229450011945740328656
0.120091449963785859567089175926
0.120194285133511227781077934651
0.120297238012369439585924624225
0.120400308809473666205036579413
0.120503497734420192410986771847
0.120606804997271319090934582619
0.120710230808481602804427268438
0.120813775379043419899716127475
0.120917438920330341800557505394
0.121021221644213555768132550838
0.121125123763010364430492415977
0.12122914548949123569876462625
0.121333287036934744929084217802
0.121437548618979720971289282261
3.62189684905705178152857115492
0.199980735074443694010426497698
0.194592700423150466448873885383
0.189196866903257682190897526198
0.183793223365219304810125322547
0.178381758665590917090071343409
0.172962461622330032628980234222
0.16753532103655646712248028507
0.162100325708414566561188507876
0.156657464396641382675667841795
0.151206725858059332079363912271
0.145748098830275535364719985409
0.140281572029362311404554475303
0.134807134153574814661169511965
0.129324773878595200571339773887
0.123834479872307404169085032208
0.118336240783829857448061773084
0.112830045228419120761920169116
0.107315881816636024548294869874
0.101793739142912967321485950833
0.0962636057788452403904955190228
0.0907254702788864303419913426296
0.0851793211731236843409220682588
0.0796251469781908000067360831054
0.074062936190469802477664984508
0.06849267729048319486295781644
0.0629143587485027494521361290936
0.0573279689967831629360262013506
0.0517334964613851977510705637542
0.0461309295572998254164609477357
0.0405202566551414733453384542372
0.0349014661383471869182670843657
0.0292745463419059916143627475549
0.0236394856039715828277536502355
0.0179962722528085351803017744032
0.0123448945532937583852151064434
0.00668534080222384086145126502743
0.00101759923934454190631859749061
-0.00465834188881927412778649610914
-0.0103424943692403525224987603792
-0.0160348699947060018000666303806
-0.0217354805985963336900645970218
-0.0274443380029043421108880806969
-0.033161454078760081720655961135
-0.0388868407021190770622709464988
-0.0446205097609428946725529385731
-0.0503624731795857677463246204752
-0.0561127428929495547516026476842
-0.0618713308391445129807983960291
-0.0676382490113947437704311482776
-0.0734135093947099748312723477284
-0.0791971239940508220378490022995
-0.0849891048536351167985714027964
-0.0907894640113401790726399553932
-0.0965982135406171643632333712048
-0.10241536553287743094298178903
-0.108240932096099584658333014886
-0.114074925363887705320742327331
-0.119917357473046132243510442095
-0.125768240595842767381995486176
-0.131627586922324235629844224604
-0.137495408662711815495072187332
-0.143371718034658174323325852129
-0.149256527288664758712499747162
-0.155149848692677588823940482143
-0.161051694531413769340133512742
-0.166962077111483975233596765975
-0.172881008755987636282824837508
-0.17880850180819024553002805078
-0.184744568644162360238070164087
-0.190689221637337202874817876364
-0.196642473206546541941719397073
-0.202604335764659804208775994994
3.27408214272586819050819800087e-09
0.307079403109516868575212811265
0.252336878261969821402033176128
0.211505407016945173870325902499
0.167739755375541810256123653744
0.133238569786864963218064872308
0.0924685048324028618926817557622
0.059875280980628109439578565798
0.0322610527741299529802532219946
0.00282545715284286506896460622329
-0.0143615783985649638626602708769
-0.044613511103039037164474933661
-0.0640649818543376631252428410335
-0.0807868898289072767671115116173
-0.0918552689489573331860228222467
-0.1041766724269018451476398468
-0.119873641616402695775356335162
-0.125778561481084849571487893627
-0.13310982299640192194623011801
-0.142191944376892337453810455372
-0.137075281637120710565014292115
-0.144967430674073249896594006714
-0.148811703493585190116732519527
-0.142554109008174140216240743939
-0.139291364485314816956673666937
-0.136548827962338442665313209545
-0.129147829625952365040220115588
-0.121869114156232125067980121003
-0.10926537623592523507110030323
-0.105341098513386771662325713805
-0.0945071064150558998173679015053
-0.0856970252762758871734050103441
-0.0716114926079945979253693622013
-0.0563050477399571341896589160569
-0.0496654215884214794707318674227
-0.0359176213747797248854176643817
-0.0215442100005566912479526564539
-0.0113617792902125716580918890486
-0.00445635968830931580852983131535
0.014045597413113735871248444198
0.0257413133043679839828676847446
0.0461282749488726231956725598593
0.0533823363747021398251213497588
0.0678633987058673698866684276254
0.0788292350529207624942884535812
0.0868889109741408371956339351527
0.0970221857393130937552427894843
0.107812176511071305951006138457
0.114123863366268354924137895523
0.124415940671506117243261257954
0.127594595661728787971966880832
0.129336307270257910850830285199
0.13209149641314338330388977738
0.136149160574814659385722848128
0.132228505770221910209372140343
0.138893821073944490063212242603
0.125374823401752960583266371941
0.123715289861858854236764670986
0.115794160736773954489819971059
0.104612363154472046145038177656
0.0948617518775440732303749769017
0.0815601543184452382195814834631
0.0599582417777630022337476134453
0.042313125634258874629978208759
0.0247127700466346598984213045469
-0.0034426255223876708194685747344
-0.0309910645464352915712247238389
-0.061895391076672412467019057658
-0.0973499163895456681716567004514
-0.133588893965691513088245301333
-0.17157956277344610374058220259
-0.214512922023462199172527675728
-0.264622557370592703662737221748
