3
58.2807907822216932913761411328
0.113871485486388590580020263587
0.113979814949806065871307225734
0.114088273448920987651611369529
0.114196861231040822093341091659
0.114305578544032115928530402016
0.114414425636340189029738212412
0.114523402756952094594389279791
0.11463251015544664856982137735
0.114741748081966910000062398467
0.114851116787269863506182332458
0.114960616522658737315154553471
0.115070247539975065165229750619
0.115180010091697787588671531012
0.115289904430884451724814709905
0.115399930811127288121653577946
0.115510089486683356629903585144
0.115620380712275844237169053486
0.115730804743358006714260000081
0.115841361835818029701883347116
0.115952052246269379787158015915
0.11606287623183247914582238991
0.11617383405027621734451059865
0.116284925959913160165015710845
0.11639615221968287184228785236
0.116507513089098971303947394063
0.116619008828304782099394287798
0.116730639698020138839140713571
0.116842405959565465156657637635
0.11695430787489846657933867391
0.117066345706516736213664842126
0.117178519717601500871317909969
0.117290830171896204303649824396
0.117403277333728420228631250666
0.117515861468108551157740748749
0.117628582840631837336253795456
0.117741441717451891801893282263
0.117854438365427818813380156371
0.117967573051939167427804022736
0.118080846045084897344423779941
0.118194257613507949788989037643
0.118307808026518343491595430805
0.118421497554040161537258768476
0.118535326466597382144563255224
0.118649295035368640416351126987
0.118763403532143541063703651162
0.118877652229357297364309431487
0.118992041400099834991266334328
0.119106571317992515623984672857
0.119221242257422435639746538527
0.119336054493334953185978974943
0.119451008301338437722627361381
0.119566103957678943059406151406
0.119681341739211272168219579726
0.11979672192351102644192195612
0.119912244788710237175521911013
0.120027910613644817061640424072
0.120143719677791527278287730951
0.120259672261231964629502044772
0.120375768644771299897833216619
0.120492009109813058564952825691
0.120608393938436309067441243315
0.120724923413366672098057108542
0.120841597818009877096656623507
0.12095841743638656440307244111
0.121075382553260488260882254963
0.121192493453938510139522577447
0.121309750424518109079841110542
0.121427153751681005111606737046
0.121544703722795438549653113114
0.121662400625922151320423836296
0.121780244749771518475434106676
0.121898236383716787600839381867
0.0146248212787849114768778946427
0.200059215072718427075315617003
0.194686285492887606318745952194
0.189305150020454532322489171747
0.183915796765322714367840717387
0.178518213802058095529545767022
0.173112389197528276918447431854
0.167698310989651711011561019404
0.162275967205672944082550657185
0.156845345845385369942803777121
0.151406434907076947737891714496
0.145959222342790267967771455915
0.14050369611311264161912504278
0.135039844136228520676823450231
0.129567654330385167993355821636
0.124087114581528268342225373999
0.118598212764633226257160458772
0.113100936726054340786262741858
0.107595274302917251474376314491
0.102081213309642510056463038381
0.0965587415345547372957923926151
0.0910278467548999992153824223351
0.0854885167251885624839502497707
0.079940739182195366674399394924
0.0743845018459318024772741750894
0.0688197924063938121230776800985
0.0632465985380920997505072023159
0.0576649079066324163345136355474
0.0520747081452451465732877977644
0.046475986872794021464994074222
0.0408687316885919110776015372721
0.035252930167679233375288561092
0.0296285698771762903702686742236
0.0239956383492506107601993647904
0.018354123099272073166288166135
0.0127040116303686039661569040504
0.00704529142661291987032035066818
0.00137794993945533216124499364952
-0.00429802538487811941481098187978
-0.00998264713290354308017349183046
-0.0156759279008368938856943231031
-0.021377880313720523663967298944
-0.0270885170116240067694768356432
-0.0328078506529698235572034548113
-0.0385358939176273437854369774413
-0.0442726595150497725938976145699
-0.0500181601632723182859763255692
-0.0557724086055520901217263940453
-0.0615354175965438163209419997202
-0.0673071999320753872053657573815
-0.0730877684077533562589934490461
-0.0788771358530610117165693395691
-0.0846753151034460027624106714939
-0.0904823190294709589487354151061
-0.0962981605191596257142805370677
-0.102122852473756478564048677526
-0.107956407822981229061021224425
-0.113798839511791913259308728357
-0.119650160512953296354510257515
-0.125510383813340620218212961845
-0.131379522421323419179017832903
-0.137257589365984727924896446893
-0.143144597706887338750547655764
-0.14904056050163005942010840954
-0.154945490861610940536152725144
-0.16085940188766359448813147992
-0.166782306722100731599667255978
-0.172714218516767076261331226306
-0.178655150454707006835164406766
-0.184605115726111046470236942696
-0.190564127555991585927230858033
-0.196532199193246825963399260218
-0.202509343883177983514087827643
2.10766556909605007169167918718e-11
0.307346871211465422213393594575
0.257103716245768387782533181962
0.211266883672674737892904772707
0.170568380749500647652894258499
0.13004116031200907421805368358
0.0940780710649054552341397084092
0.0605307872971018109953256214339
0.0304896678445612905050676744168
0.00414708024295014961863037328271
-0.0228456267033068059768563529133
-0.0438908738051486807529855127541
-0.0624029749089847138310283014562
-0.0780081690780409509056170236363
-0.0966562104534198357486118879933
-0.108585406603953243953597507243
-0.118120268223202623536494115797
-0.128377030944782283272687095632
-0.136631237373736363904797030955
-0.141231625750532774343781738935
-0.14151100365185337315310221129
-0.141648011212052199470079472121
-0.143379738648124338551426149024
-0.142074490633275374307231686544
-0.135714551057753207707889941958
-0.133578506058897039654453919866
-0.127605198950266729429614542823
-0.119638197221015804561083939461
-0.112693684207121086471303783583
-0.102918566411893230849727842724
-0.0933182001809833155947515592743
-0.0814927706552576736065418572252
-0.0703344566073753202362084380184
-0.0611354545207037081144818557732
-0.0497439678966991871700287219937
-0.0374131473862220620407725846235
-0.0208681660951834380135494484421
-0.00930874389391296921947294151778
0.00247375855094196473935030944347
0.01126220066694024433961995868
0.0278309515313756132559586120578
0.0397780011991465468068618349662
0.0531999009982412618402491943925
0.0643932157168171231953479605181
0.0759137315680469826340015515598
0.0857754720027401051929416553321
0.0966573173115098938090739011386
0.104352648870374375977831959972
0.11419921981768449414929023078
0.119448380331300341161693268077
0.125410200143750760748417860668
0.1313623777290451599686349482
0.135005080034936691957270227249
0.133162107108459104587439014722
0.136283880125267431449032073942
0.132697265277151532636423780787
0.129650164741397705414627239406
0.124008306592293768289003708105
0.116571995450704971042377167123
0.109549708411892668391551808327
0.0944266226303320660440121514512
0.0805645275475890404459633487022
0.0624077129989780363117368722214
0.0426792637972625427122963515103
0.021853312341046329803084802279
-0.000130777562721516436199456490108
-0.0322793624607516441149535069144
-0.0595024115560352923059994623145
-0.0936319791054290445631025363582
-0.130970000091825966581637885611
-0.177008365500751607690688160801
-0.221027785931224851623255744926
-0.260761030082838241028753145656
