3
2226.30798782244846734101884067
0.114645980088350515901929327356
0.114733659954065259078959115868
0.11482143065256422698183769171
0.114909292327537285172134318145
0.114997245122937380434890997094
0.115085289182994737755549863323
0.115173424652230016462794992549
0.115261651675465370825435229563
0.115349970397781623199229272814
0.115438380964559980657035964668
0.115526883521465076332113142143
0.115615478214424902136947537201
0.115704165189703223060035952585
0.115792944593844829292983433788
0.1158818165736098249052332676
0.115970781276130127657175705735
0.116059838848794602550462684576
0.116148989439310734717025752616
0.116238233195633880456831832362
0.116327570266032562229518987351
0.116417000799068456884377553706
0.116506524943599393262516628056
0.116596142848767125865805383
0.116685854664008548109421781191
0.116775660539080117228394328777
0.116865560624019704238918393457
0.116955555069139474633210795673
0.117045644025075223915166588995
0.117135827642749656973819583072
0.117226106073389194084377606941
0.117316479468530576735219028706
0.117406947979982911878238382997
0.117497511759872469427889996041
0.117588170960638171980150445961
0.11767892573500644826101080298
0.117769776235994091950765039201
0.117860722616944441076825000891
0.117951765031510516501533913925
0.118042903633615997582850809522
0.118134138577543776338352188304
0.118225470017806144618077723862
0.118316898109299489805223970507
0.118408423007173149721360516651
0.118500044866916662278377714301
0.118591763844334605049191111448
0.118683580095498328321745873382
0.118775493776828028336112197394
0.118867505045058274859570701665
0.118959614057186954805267475876
0.119051820970588764780906387841
0.119144125942912723625788373738
0.119236529132134838615542093976
0.119329030696543714196167229602
0.119421630794740066261461208796
0.119514329585619638596227787275
0.119607127228451709521905854672
0.119700023882763392779615685413
0.119793019708448578164450282202
0.119886114865700138532034202399
0.11997930951500750118565719049
0.120072603817205761367326033451
0.120165997933461957125622632248
0.120259492025252379132638225201
0.120353086254349400663343772067
0.120446780782914167340358346792
0.120540575773376998358621392526
0.120634471388467251484755138335
0.120728467791339874604084059229
0.120822565145376481510197663738
0.120916763614366790102749860125
0.12101106336234977722821071211
0.121105464553765015955910655521
0.236606783031541562101196518597
0.19994223445195430377552270329
0.194541778506034379603306661011
0.189133859102740137236864370607
0.183718465741134401314482715861
0.178295587923174181366192669884
0.172865215114840181653832473785
0.16742733676264168196645698572
0.161981942350656493712079964098
0.156529021266261891831561570143
0.151068562930105010355674721723
0.145600556742504216867217792242
0.140124992063809239439819975814
0.134641858267470132526355541813
0.129151144678584683944677635736
0.123652840636739883017902741358
0.118146935430927024768266164756
0.112633418363025622488393651111
0.107112278706366970126850901579
0.101583505706343044105999240401
0.0960470886173914323302724938003
0.0905030166373343852859179037296
0.0849512790031161646453483626829
0.079391864865323499844684818072
0.0738247634158812338078803350072
0.068249963803211993740305274514
0.0626674551547616864866085961694
0.0570772265933916153612948107821
0.0514792672150193725277844691846
0.0458735661094655938763153812943
0.0402601123269282420991110882369
0.0346388949260399356400164094794
0.0290099029378500482267977389483
0.0233731253655468061702915605338
0.0177285512059080913038755511479
0.0120761694378338588912180640023
0.00641596901812073287796334142286
0.000747938897302730131867731788731
-0.00492793201259217241577692547594
-0.0106116548105679095459485949959
-0.0163032405953688099009557532781
-0.0220027005048341987858417923007
-0.0277100456795524828501608993747
-0.0334252872960457553253021956152
-0.0391484365294380090571912944597
-0.0448795045822199881180303293604
-0.0506185026779580674038960808048
-0.0563654420640830183808489550756
-0.0621203339720423769465540431156
-0.0678831897032975972727797397965
-0.0736540205303704564876454696787
-0.0794328377701465498939015219548
-0.0852196527550061061484498736718
-0.0910144768302142692650846811375
-0.0968173213563909007550734031611
-0.10262819772283064689855081042
-0.108447117325359429496067775744
-0.114274091593886656381684474582
-0.120109131978678979058017262105
-0.125952249890993656089577257262
-0.13180345684684197093972102266
-0.137662764341498294884402753269
-0.143530183865848121049779706482
-0.149405726958611845267554940619
-0.155289405178625411485526797151
-0.161181230093118105228811032248
-0.167081213280561247103150890325
-0.172989366347130857359815081509
-0.178905700928780192482392408238
-0.184830228672266505540733305679
-0.190762961223961802215143279682
-0.196703910278673677058947077967
-0.202653087525002495450365813667
1.29832014514454091428864435596e-10
0.31270182799612999957616921165
0.258918663580879837571302459764
0.206437949082582783422168404286
0.151930980544288940503605545018
0.134289823550013009967329935535
0.0908978001323137857481171408836
0.0591790114767712510657204916242
0.0307820147787621796464652135228
0.00912497711679546505414428736458
-0.0167457597513652467480227414853
-0.0336407878716994956924679627264
-0.0737370399454234243252770397703
-0.0741355457575102044787129784709
-0.0930913569267009105567822757621
-0.109537451267446905855962313581
-0.119692110294357972888334984418
-0.118427560803886069984436346658
-0.146186032205014693197142605641
-0.138308048718133985710565525551
-0.131238307009960447624408175216
-0.130319619983111339989179100485
-0.155831391497484955666052997003
-0.143232545312948017501852859823
-0.14078746865863348003422572674
-0.124677197094786432196578118692
-0.132213274992289159248670671332
-0.112845682591146037609952657021
-0.115972088065441403248456708752
-0.117514268755029890889396426701
-0.0935806378540343652971955634712
-0.0915927913581271735399269573463
-0.0723254211564746257723257372163
-0.0538568483119980095930046104513
-0.0550248362491973369570175123044
-0.0372896595666038499494732150197
-0.0275538606803688024271536960441
-0.0181314460711329457354157312921
-0.000612979477462472161289341876511
0.0147795107066124031813814099223
0.0321137972591129736144033302025
0.0363883903104689210294964141212
0.0666460694076413950881487835431
0.0621893153003296589309556452463
0.0798898453225884569439685378711
0.0970531372535368974663327890084
0.105257106132786062979711516618
0.111153480564715578804424467307
0.115840973291199925143679649864
0.118153469622942597361259231548
0.123515164550758296813093295441
0.129658275619753016183466343136
0.135837971029094450869934007642
0.137667700289750366549057503107
0.136631350148361363494586839806
0.122236696662870986118676341903
0.143192063955904835825805321292
0.127758269962178816481213061707
0.113589507400379763346620620723
0.109244289911147263172352950278
0.095422885265539672539070181756
0.0732606881921020747228112668381
0.0561254471990834599703923402103
0.0329988406768494738074970484831
0.0217920917311091692780689044184
-0.00631710607666646252467135269626
-0.0371719533055950360211916461139
-0.0612883130776741072431867962678
-0.104751358275886524706876912205
-0.128607563519905460092118687498
-0.164924039987356024772324758487
-0.206533441353020680297802869063
-0.264922181415875257481928883863
