3
11.4945977247563977385880207294
0.113545741055465651547784489139
0.113662709830420594059319228109
0.11377982492612033482703992604
0.113897086638749298059813952477
0.114014495265172752236360054212
0.114132051102980802692599127113
0.114249754450457874366264832133
0.114367605606644467952648369646
0.114485604871260762682716460859
0.114603752544760933984591133594
0.114722048928292130742789822762
0.11484049432377960164863850423
0.114959089033833436466203181681
0.115077833361775516696212662282
0.115196727611691668302640323418
0.115315772088385906646301748424
0.115434967097383572864899292654
0.115554312944943574081868575831
0.115673809938085042636757293621
0.115793458384535433158823991562
0.115913258592763787624413396316
0.116033210872017178427739736435
0.116153315532229559070565017009
0.116273572884117798453829095706
0.116393983239149415020996514158
0.116514546909515820383163031693
0.116635264208179878497873005472
0.116756135448852119140816796516
0.116877160945989336249262180445
0.116998341014818249550266671122
0.11711967597131131557652850006
0.117241166132222698892384471492
0.117362811815039519425241110184
0.117484613338051421815855235309
0.11760657102028140852389981319
0.117728685181526376846150583333
0.11785095614239465833250619653
0.117973384224221156113543429456
0.118095969749120094371974687419
0.118218713040006251357993960482
0.118341614420560001241788938842
0.118464674215229479048439031885
0.118587892749275738979441996435
0.11871127034874515149276419379
0.118834807340433445954630542474
0.118958504051951463598157943125
0.119082360811740228800914564999
0.1192063779489398456234994228
0.11933055579356863229456564568
0.11945489467641710878975658261
0.119579394929062055030755118423
0.119704056883903245389610958682
0.119828880874133139600168362904
0.119953867233782290879773313463
0.120079016297621979370013889366
0.12020432840126982210193773426
0.120329803881203692417223294342
0.120455443074637777445268227439
0.120581246319659662891154994213
0.120707213955137782068760543552
0.12083334632078622516981880608
0.120959643757146309561711916558
0.12108610660556722027347831272
0.121212735208240079964880919761
0.121339529908172663597021312398
0.121466491049225008835854566769
0.121593618976064285486238247813
0.121720914034219307442441504463
0.121848376570049585221333643403
0.121976006930754651835790980385
0.122103805464386358514694563837
0.122231772519815665156706074868
0.00360359773506100300108356826456
0.20012818511855015590761297517
0.194765150531231195918380194598
0.189393644006613903751912175721
0.184013653164313256693773723782
0.17862516561097072087527237727
0.173228168923877351437212723795
0.167822650668252415506742636353
0.162408598387640379367979903691
0.156985999606556070329332897018
0.151554841830538772340375430758
0.146115112542706371279166432942
0.140666799205685671969590089248
0.13520988927160879078392952124
0.129744370159887295601564005665
0.124270229280810495797737758039
0.11878745401510903967334797926
0.11329603173472137245259006022
0.107795949784109557079148089542
0.102287195490904952999144938985
0.0967697561606693651414801138344
0.0912436190768386584659666027619
0.0857087715098236863076053282384
0.0801652007057896964781207316264
0.0746128938908711958344355252848
0.0690518382706438171858565056027
0.0634820210325497957803975168645
0.0579034293429483981618943744252
0.052316050343483376516839911119
0.0467198711642369673979757749294
0.0411148789095350519762206431551
0.0355010606640852252602336136533
0.0298784034916382730540096446248
0.0242468944356071698653654067357
0.0186065205225146752809894934444
0.0129572687550403471690163570429
0.00729912611063637372516010870527
0.00163207956003209690709621071392
-0.00404388395916852310535416492598
-0.00972877752576115258087430248679
-0.0154226142416379503885526247586
-0.0211254072229344058708733200547
-0.0268371696105747306604349944337
-0.0325579145699528282875689910725
-0.0382876552822047633295454716063
-0.0440264049479644065110406359054
-0.049774176795165700482037607344
-0.0555309840647818034331528735947
-0.0612968400285140505023839807563
-0.0670717579669272701003990277968
-0.0728557511920978062569531630288
-0.0786488330300996879573816045195
-0.0844510168359050156228207129061
-0.0902623159751183429255760870547
-0.0960827438408879686004837594737
-0.101912313847231497665468680225
-0.10775103943380473503488303777
-0.113598934047877866970743809816
-0.119456011172642692641510109297
-0.125322284304080322492325194617
-0.13119776696423010586833868274
-0.137082472690905982082298919522
-0.142976415050944188900317044499
-0.148879607626447141299763643474
-0.154792064024729253413070750867
-0.160713797867898550153498149484
-0.166644822812042431303680700694
-0.172585152521517931623051822498
-0.178534800692079526074351747411
-0.184493781034721582301472153631
-0.190462107287951487588628651793
-0.196439793208471297214501305461
-0.20242685257425718781121304346
6.85008699520706938716673231187e-12
0.306785162912475706242787509836
0.257889012578539522646536852335
0.212352901035289420850205033275
0.170197338724215746497137047299
0.130405527398486154044832119325
0.0945462558523157553524995933003
0.0618945173810807394709776474429
0.0320458922499922485571666186388
0.00317306333176408782853483714348
-0.0208894698536290363000134107097
-0.0438410221756084170219303075555
-0.0636049185242893722058710181955
-0.0813078896567899639391541199984
-0.097087372045090603034367404689
-0.109183790625554152931009355143
-0.120215508289333569691414993486
-0.128647467286886946213897431335
-0.134427615111004400416661042073
-0.139087254883282440687253256328
-0.142670291417144101675518186312
-0.144529274913720834350172594895
-0.143294260159902486773120244834
-0.141017361288597792290389065784
-0.137800765656971441197597982864
-0.134028868395015182679586018821
-0.127191517478695642617836369936
-0.119788980395840113923888736736
-0.111321596776654499483250049252
-0.103198670447979451436637532424
-0.0935372742909381660325607299455
-0.0828603890962568423450562704602
-0.0720665408506196702997925740419
-0.0595383818061890821016213237726
-0.047252700752480711332559337734
-0.035858835249321062421667960507
-0.0234048046773176060542098753103
-0.0109129623059334487228388965718
0.00282795953726846117232129884655
0.0149456620884548530003854693859
0.0289793653968667790088442615115
0.0417166271485045550559966898163
0.0536331751086025210195629142618
0.0644066847954179733104496108353
0.0758408601872623822082175593096
0.0859505824946735497160688055374
0.0961215187553978306356228245022
0.10496516635670306849537070093
0.114045013920101717674882024767
0.11909536599429355885337855625
0.125106855998177252109471169206
0.130062039480741992170109710969
0.133254472573288318404394203753
0.13587187547342979843101318238
0.135051374427632375763153049775
0.132872927036938898170959078016
0.128694786330960070364071157201
0.124006382216886493208285457968
0.11660972895247036229537940244
0.106641761554090316876930444323
0.0939721426147981653276275437747
0.0805282111523828864063645482929
0.0631267051327679962202665819859
0.0431600376147162623219344368408
0.0223636224859427579225723548006
-0.00292025509245142159131525261273
-0.0307423306577629430746956273879
-0.0610452738832168370630704146151
-0.0951493468877817327733481533869
-0.132174654322800205763499548084
-0.172155288532374745047448527657
-0.216478855207438647401119169444
-0.263852920732451812213525954576
