2
36.710376671567587436584290117
0
0
0
0
0
0.7065297613290134615127158213
-1.36974690902400451098393538059e-16
0.707683330562736467861384426214
0
0
0
0
0
0
0
0
0
0
0
0
0
0
0
0
0
0
0
0
0
0
0
0
0
0
0
0
0
0
0
0
0
0
0
0
0
0
0
0
0
0
0
0
0
0
0
0
0
0
0
0
0
0
0
0
0
0
0
0
0
0
0
0
1.31011407844605601329601371474e-05
0
0
0
0
0
0.70768333056273657888368688873
3.83187691644456042366155577712e-10
-0.706529761329013350490413358784
0
0
0
0
0
0
0
0
0
0
0
0
0
0
0
0
0
0
0
0
0
0
0
0
0
0
0
0
0
0
0
0
0
0
0
0
0
0
0
0
0
0
0
0
0
0
0
0
0
0
0
0
0
0
0
0
0
0
0
0
0
0
0
0
