3
270.814724927990198466432048008
0.114117013903693637066893984411
0.114218814091973097646359747159
0.114320730746748255857170306626
0.114422764080409855580455769086
0.114524914305842120954004315081
0.114627181636404493203507115595
0.11472956628592002881195099917
0.114832068468675163597225719059
0.114934688399447634821193275911
0.115037426293466901738860030946
0.115140282366479260178770971379
0.115243256834636306762398305636
0.115346349914659251911785986522
0.115449561823679602845516001253
0.115552892779362398334441763836
0.115656342999783182112771839911
0.115759912703541814615881833106
0.115863602109776489546000277642
0.115967411438005041368626280018
0.116071340908312045647754473521
0.116175390741250272874651727761
0.116279561157810185090255572504
0.11638385237955188589165089752
0.116488264628510918008430508053
0.116592798127161487165004416511
0.116697453098527942350060015997
0.11680222976607604334908785404
0.116907128353852182711669627224
0.117012149086320280111372937881
0.117117292188453445134221908575
0.117222557885768338681309330696
0.117327946404268440572238318964
0.11743345797043545919446927428
0.117539092811271381200377561527
0.117644851154269397541796138285
0.117750733227455370299985304428
0.117856739259359272198324219971
0.117962869478990220462044646865
0.118069124115891516124676741128
0.118175503400115067265119250806
0.118282007562211535778295967702
0.118388636833274704662777310205
0.118495391444897638089095437408
0.118602271629179495393557886018
0.118709277618767081174944166833
0.11881640964675728444621682911
0.118923667946860808775078055533
0.119031052753260535581603107858
0.119138564300644955729069351946
0.119246202824263458630582590558
0.11935396855988142372773097577
0.119461861743783190337175881268
0.119569882612789057940716475059
0.119678031404216442257215646805
0.119786308355992729413053154985
0.119894713706471672809428241635
0.12000324769465203766927174911
0.12011191055994195620026943061
0.120220702542419358160863396279
0.120329623882600503237405575874
0.120438674821578287077450397646
0.120547855600990738711431049524
0.120657166463002951672933704685
0.120766607650343957280902884577
0.120876179406250339187778308769
0.120985881974531250815374505692
0.121095715599545669660663804734
0.121205680526205283875640361657
0.121315776999930083346335152328
0.121426005266740952293069710777
0.121536365573204199752588294814
0.121646858166377005994185367399
0.0552328375741890434391656583557
0.200013488683355583619416506735
0.194632564368129312715183232285
0.18924364946582875046665606078
0.183846732471769275241157970413
0.178441801865768856494298688631
0.17302884611566154982043030941
0.16760785364547256537370856222
0.162178812899174407125002517205
0.15674171227266869843575136656
0.151296540154560510416104079923
0.145843284915438436977197511624
0.140381934909268785149905056642
0.134912478462940743639819629607
0.129434903885326912931219567326
0.123949199481484265139563660796
0.118455353520510786591302121451
0.112953354261814839509803221063
0.107443189939770158969345459354
0.101924848771811807357501322713
0.0963983189671809431731119843789
0.0908635887053964447224174705298
0.0853206461464186410870169652299
0.079769479434035353571097459735
0.0742100766928333044347709801514
0.0686424260387237805680626934191
0.0630665155438701885426411308799
0.0574823332830036518026339820153
0.0518898673144265604184610651828
0.04628910565131071769284787365
0.0406800363126823064097159488028
0.0350626472868285424255851978614
0.029436926549020088483832324755
0.023802862050443514968511848906
0.0181604417278349687669969370063
0.012509653487939271371276461764
0.00685048523193500409622647140395
0.00118292484127358304285548840085
-0.00449303984111668400225347852484
-0.0101774209750724650008768534803
-0.0158702307432370855189152081266
-0.0215714813443627501099442156374
-0.0272811849970527250941465524647
-0.0329993539537107444248320575753
-0.0387260004689356854279402853081
-0.0444611368236668691444890555431
-0.0502047753214184960812715985412
-0.0559569282788864447164556281678
-0.0617176080450534819688002130533
-0.0674868269701947715022427587428
-0.0732645974391976234629808573118
-0.0790509318513243769421805495767
-0.0848458426219079325791838641635
-0.0906493421952157540921746203821
-0.0964614430372802977853297079491
-0.102282157614244015308990753965
-0.108111498441711278983845545554
-0.11394947802365566758009407522
-0.119796108911515611361586763906
-0.125651403660254790128902868673
-0.1315153748539419631402580535
-0.137388035086516369087661360027
-0.143269396993876085844021872617
-0.149159473199806991150495605325
-0.155058276378571696652031164376
-0.160965819208283483776611433314
-0.166882114395423775121685139311
-0.172807174654738382457708212314
-0.178741012734418752705423116822
-0.184683641402013737353726696711
-0.190635073440797275790004050577
-0.196595321656137439481071282898
-0.202564398869524875390624174543
6.23899879988396304499349705865e-11
0.307248314786127740827481602537
0.258339781307498128626320976764
0.210568442018611745591982753467
0.170328504718613799040483058889
0.128752162403049236205632155361
0.0934750272558780292975200154615
0.0606035543010961588739071714826
0.0293995659801411998723885687923
0.00476960832609805551046688876227
-0.0193629502067832644229827820936
-0.0429318461335728568384340064767
-0.0622340000392327535871928034794
-0.0812300718409852268164783595239
-0.097309916082212788435157335698
-0.105320244565385953694480747345
-0.1189879259487526680372226906
-0.126777685727410382998670002053
-0.136417187396114608644026588991
-0.139726305307469239602724542237
-0.14403783227442004677421039105
-0.142201130364618288925981914872
-0.144403594424034747989438187687
-0.143694872815227275841820642199
-0.138372648943459963799540446416
-0.133155204711162045150274479965
-0.125893049963402836599613010549
-0.123485486579438238918804415789
-0.11120810732512211027600557145
-0.105790626093003187202512549447
-0.0945579933883248374693053506235
-0.0800282375638646098492401392832
-0.0717196771092443174921982063097
-0.0617792362073130291166833671923
-0.0452729108562106435931227110814
-0.0377296212947115724989366469799
-0.0210252140935273910959946164212
-0.00835521785299440586380903539521
0.00132534914729494335793036352555
0.0169483098261848617871461186724
0.0274898268271710974341992539394
0.0422447909969067211810589412835
0.0514557608312164668773469600183
0.0663876351684160315169691557458
0.0805091065583345144585081243349
0.0855057287769961926748862879322
0.0944252919139374619073024064164
0.106516640873292961488871810616
0.117142013015878995729757150457
0.117092046622038647996077997959
0.126569554220778729414220720173
0.126825499886914633274059838186
0.131709686441636608655869622453
0.136114534296208594676969028114
0.136040338413435962783282207056
0.132271954894404575320265848859
0.128048233188661625403526045375
0.123955349594588537520678528381
0.115216156132550193169628016676
0.104283614451993786320649348909
0.0962146160768265756857431370008
0.0799083862148774332068157377762
0.0637727790247585440974731341157
0.0463420043514850554799977544462
0.0226966587601890139314075867105
-0.00357565479160488423199248941842
-0.0313998157810538303102987356397
-0.0610244474450919380248414825019
-0.0937806932071256343919074538462
-0.132198558078851113872786982029
-0.175019353126192128700111538819
-0.217305209534682963745666484101
-0.263135456266609002451417609336
