3
32.7327990798212198342298506759
0.114211010638592388999335014432
0.11431030711603605565240826536
0.114409715356857039081361904209
0.114509235560572603107587497107
0.11460886792715925530661280618
0.114708612656994418665945545399
0.114808469950923572322487586916
0.11490844001018764297672447583
0.115008523036508936154831417298
0.115108719232048975489313136222
0.115209028799354407102129016494
0.115309451941472781988373697004
0.115409988861851997565821648095
0.115510639764403857943086961768
0.115611404853498994649285691594
0.115712284333912063249982793423
0.115813278410887413039098703393
0.115914387290124737406316057786
0.11601561117776645892796238968
0.116116950280385961002949102294
0.116218404805022143544412926985
0.116319974959156913207891648199
0.116421660950769140230320886076
0.116523462988209355883917339725
0.1166253812803465100822464251
0.116727416036484565875497310117
0.116829567466409947606997832281
0.116931835780308704397789654195
0.117034221188886497500014627349
0.117136723903289413639683402835
0.117239344135094181176270922151
0.117342082096378613753628883387
0.117444937999688844842971491289
0.117547912058015485703421632024
0.117651004484796026239301625083
0.117754215493964781158453547505
0.117857545299936750105018745671
0.117960994117589632046438907764
0.118064562162214475860011475561
0.1181682496496636730620721778
0.118272056796183383520215670615
0.11837598381857578067055669635
0.118480030934029922917716248776
0.118584198360271869665538702066
0.11868848631547379568473843392
0.118792895018329347500696258066
0.118897424687949698762778893979
0.119002075543988700134789837648
0.119106847806540738776703847179
0.119211741696187409345064622812
0.119316757434024631190361276367
0.119421895241611689120198036562
0.119527155340996227295136122848
0.119632537954718579098489783519
0.119738043305807478899893681046
0.119843671617764338521716638297
0.119949423114621298025461726411
0.12005529802086738200284088407
0.120161296561519956305197354141
0.120267418962059668974262649499
0.120373665448465769212127440824
0.120480036247254493342317971383
0.120586531585381642739385199548
0.120693151690366498596240774077
0.120799896790187585859932539734
0.120906767113338808883327146759
0.121013762888816447937934128731
0.121120884346133980691284648401
0.121228131715273079738182104848
0.121335505226792317312600744117
0.121443005111691024189290999402
0.121550631601499828371437672558
0.00609225758411841098599603938624
0.199997753852453025169566558361
0.194613618222993861595071507509
0.189221578559774367134238559629
0.183821623527740174441902354374
0.17841374177607896567288037204
0.172997921928180559136833949196
0.167574152581254132154953140343
0.162142422324085072604660240358
0.156702719733795625689509734002
0.151255033358767693174584678673
0.145799351727659731725594838281
0.140335663353177902967772183729
0.134863956748156099685331810178
0.129384220377533665224945025329
0.123896442700492090405184342217
0.118400612163503837770406335039
0.112896717185714950959507518746
0.107384746174590761658151905067
0.10186468751063179616345166778
0.0963365295714680713867750228019
0.0908002606932443029341683882194
0.0852558692082009544899179331878
0.0797033434382545813434717274504
0.0741426716628290072286233680643
0.0685738421570254302883640207256
0.0629968431838380804599353268713
0.0574116629747038892395138987013
0.0518182897467015443626614512596
0.0462167117003307176270610057145
0.0406069170162215511976633308677
0.0349888938418347200665081686566
0.029362630342838317437648143482
0.0237281146247347238253944112785
0.0180853347896149339868454575253
0.0124342789307646493790482367103
0.00677493510582709724393568606615
0.00110729136686510258071047818618
-0.00456866426467821169776772904925
-0.0102529437691725126141628621212
-0.0159455591788015757503949032525
-0.0216465225081876322388296784993
-0.0273558458157751697992221551203
-0.0330735411573967533205298252597
-0.038799620641339023496829696569
-0.0445340963680038309790987227643
-0.0502769804624807400972308357723
-0.0560282850711068258764413485551
-0.0617880223632302424952023045535
-0.0675562045283169404497058962988
-0.0733328437708307273590335739755
-0.0791179523083430646934743890597
-0.0849115424072875296657159083225
-0.0907136263115042446036895285033
-0.0965242163114133772117142484603
-0.102343324717950628910401178473
-0.108170963845574161221740894234
-0.114007146058746636207992253276
-0.119851883702017311672527455357
-0.125705189161034153189078210744
-0.131567074848685294785610722101
-0.137437553189381278517799955807
-0.143316636618816772852369467728
-0.149204337603569187065133405667
-0.155100668637975280805818556473
-0.161005642213270905305222413517
-0.166919270861297264207934176738
-0.172841567127012346594128189281
-0.178772543581607240570363615006
-0.184712212797730396252049445138
-0.190660587388504776384934302769
-0.196617679984176424445863062829
-0.2025835032243772648730129049
6.20614043742628227238776344762e-12
0.305221219045180902629255115244
0.251942023522147950931326931823
0.21377968918838458067810393004
0.175619475842754863004202547927
0.132461195805817860682296327468
0.095468328550539008348074787591
0.0639468069605009653555427462379
0.0251129080688868681903169743919
0.00755478816730261425183012846674
-0.0233960648201496021481027298705
-0.0434514792899115265267795393811
-0.0660113310051131524369694147936
-0.0787263427867715415153782032576
-0.0979890792123254833478895875487
-0.108455015133822524342477322534
-0.121974557459648122459405783502
-0.127956791405648806492223457099
-0.134605598823944710984434891543
-0.137692770273909109723931010194
-0.143543497519023149910921688388
-0.146256323706419749663965035325
-0.144826501364083537470861529073
-0.143589004241591849941883651809
-0.139514155567014686010196555799
-0.134229862826310858414657900539
-0.128966682259545939448486251422
-0.116041652491350427700567138345
-0.111262573679973886253691262027
-0.106989915663863593975335675168
-0.0900145187469679197711514007096
-0.0800599324235529014037737738363
-0.0669441667668978224181586256236
-0.0602637514692924008974372895864
-0.0454045319363541102775094771005
-0.0350057433122228228716821263333
-0.0190770488304533962498066301805
-0.00948174119681846269691583017902
0.0013657237848027012350193842849
0.0162264291734816705481403431577
0.0284930956534328524987209618757
0.038859140982677259357203070067
0.0541276347181046946221982807401
0.0618262358470525949516449770726
0.0759384340313718764203798627932
0.0862536856711697275112982197243
0.0935264559719852367480896759844
0.103722733952137879942512199705
0.111753850373321791944469794089
0.120516875903618841947562145833
0.126135396198887556051815295177
0.129661700783569339145984145034
0.132704510947875692350450549384
0.134942601298547931731874882644
0.134997389987888460893827868858
0.132906068039328667529375138656
0.128790598146074103391711673794
0.125911507873555983394453505753
0.117643643002947329012641830559
0.105294551539656652816567827813
0.0951330175650216547378335008034
0.0817623432909648228950061366049
0.0638720126692339240648266240896
0.0429804061686521812757355576196
0.0230895775094740081379018903363
-0.00142022890871440856698504351385
-0.0316974220787082025529990403356
-0.0647969834251866244612116929602
-0.0944447404932253070652947712915
-0.130909516561832223180417145159
-0.17347019836558477678956080581
-0.215665382646086895013226580886
-0.2653593505606310909428202649
