3
2168.40961377455823821946978569
0.114309949664671145486138925662
0.114406608293086728411758201673
0.114503373801621885497148412014
0.114600246376558148608815201897
0.11469722620454086969843388033
0.114794313472635398087895453045
0.114891508368293579489538558391
0.114988811079378097645964373896
0.11508622179411920338765185079
0.115183740701200382217095352644
0.115281367989669078499836984975
0.115379103848975997359538325782
0.11547694846900727339011893946
0.11557490204004206013621569582
0.115672964752736237570296395916
0.115771136798182322502626107052
0.115869418367881296672017299443
0.115967809653742981446100657195
0.116066310848060585958485546598
0.116164922143574850244007734545
0.116263643733425847681672848921
0.116362475811164323147295363015
0.116461418570733984956255824272
0.116560472206541532180779086048
0.116659636913356803966657082583
0.116758912886419388699188459668
0.116858300321342922778455886146
0.116957799414185881214933715455
0.11705741036140884792082772492
0.117157133359942697281574908175
0.117256968607071632160199214923
0.117356916300516325724068167347
0.117456976638457208372834372767
0.117557149819497108733656887125
0.117657436042641408424636040309
0.117757835507307229150342209323
0.117858348413404492860401262533
0.117958974961210077969653298169
0.118059715351464283861204762616
0.118160569785307700829690702449
0.118261538464352389254941044783
0.118362621590629629730884175842
0.118463819366588382631100273557
0.118565131995130870756760543827
0.118666559679601310572927275189
0.118768102623758961544631063134
0.118869761031832527065077442785
0.118971535108454082307893884263
0.119073425058727061509600275713
0.119175431088201180807040202581
0.119277553402832844908765252967
0.119379792209056589946669646451
0.119482147713727115956316993106
0.119584620124173701682934733981
0.119687209648143721985036336264
0.119789916493865791768946849061
0.119892740869988953522629060444
0.119995682985620827354367179396
0.120098743050332523729650802125
0.12020192127414433547194505536
0.120305217867505837014974190424
0.120408633041373447358779458227
0.120512167007090401082969322033
0.12061581997651775466362522593
0.120719592161959807241622399943
0.120823483776149653845521925177
0.120927495032332077418146809578
0.121031626144185680549192341005
0.121135877325813379190577734335
0.121240248791881527479219471388
0.121344740757410529674586996407
0.12144935343796779692038256826
0.363229579772360255951468843705
0.199982431607724192579311761619
0.19459481077254522918273949017
0.189199379900942182830547722006
0.1837961278447168556038349152
0.178385043399001935737757662537
0.172966115393134028943578073267
0.167539332593353962330695594574
0.162104683773553137626777242986
0.156662157684338859686690170747
0.151211743065079201597811220381
0.145753428608135698896219878407
0.140287203026013218565282159034
0.134813054985197994239953800388
0.129330973158892637009387271974
0.123840946172844384998157352129
0.118342962652739039364213624594
0.112837011219968905151311844293
0.107323080430434064647116088054
0.101801158875014452487306471085
0.0962712351035629604334431519419
0.0907332976332566598642870303593
0.0851873349869521345745226881263
0.0796333356619715049262708816968
0.0740712881319790239498246364747
0.0685011808380545650365434084961
0.0629230022462397148297341686884
0.0573367407642970811076921222593
0.0517423847834831557301882298816
0.0461399227064407668752465951911
0.0405293428903135133367641174118
0.0349106336817735715682964325879
0.0292837834094631342674031060369
0.023648780371949749967708243048
0.0180056128760483560857785789722
0.0123542691738577018606415336421
0.00669473753519308871495763213488
0.00102700618698342766889342048131
-0.00464893666432268128085869562938
-0.0103331028043821635670207470525
-0.0160255040770091762569737880995
-0.0217261523122573227406739704293
-0.0274350593780266806265277779175
-0.0331522371446604791067613859923
-0.0388776975321243820071792640647
-0.0446114524366550135869857740545
-0.0503535138111185498477340161116
-0.0561038936041420507883081825184
-0.0618626037985911952921114220771
-0.0676296563880371126575852258611
-0.0734050633797754537024360388386
-0.0791888368271718295909877838312
-0.0849809887699528310189833746335
-0.0907815312788737421856311016199
-0.0965904764565255757879924658482
-0.102407836411562383482909410759
-0.108233623272125337178017900897
-0.114067849198354331896609892283
-0.119910526345333903752710114077
-0.125761666923359965997164522378
-0.13162128313100737719842925344
-0.137489387198802881506765061204
-0.143365991386118607486821474595
-0.149251107950717415429053858134
-0.155144749188254438276857172241
-0.161046927402164447018506621134
-0.166957654932396476477052260634
-0.172876944123725756474740933299
-0.178804807337528348654132059892
-0.184741256969097406015478668451
-0.19068630543189821202609834927
-0.196639965157281659813293117622
-0.202602248575650789597091261385
3.25524751716400849741563585881e-10
0.30639183664939712015140571566
0.261458002511591292016390752906
0.213032093111778231264707983428
0.170230481192721772032427907106
0.131155103760552560476781991383
0.0944526633089235317930487667581
0.0602158212334079970262656900104
0.0305680416841003534111909090143
-0.000908031535823264888442063469398
-0.026894537392705329670317127011
-0.0465679888458022800401536755999
-0.0606377824723045022459189112851
-0.0841862880840807681348536561927
-0.0974267292752457603199900404434
-0.11071802596437251009486857356
-0.119048823420935132033626757675
-0.126524662742434790274614897498
-0.137034385986899404086258869029
-0.140413070357292446566077614989
-0.141416820463986819822466145524
-0.143043672918564068741176242838
-0.139737620688688668479926491273
-0.134485115879223376955664548404
-0.137584113315730449667029233751
-0.129753421439135846471302215832
-0.123963325404957788733462109576
-0.117561490768442328258558404741
-0.113658637401273049372107948329
-0.106609674154599570750079351455
-0.0947764329285282203230167397123
-0.0820888436760499884403685655343
-0.068083600347980111067158759397
-0.05527657836871038843362669013
-0.048626674080543261236009300319
-0.0386991857673584516152942569533
-0.0232114111835904669833841040827
-0.00612987890052086106806861209861
-0.00414518352862316280527110734511
0.017337199643009143512628611461
0.0264973732557813590471340603472
0.0409238774678326658329474696529
0.0529879417514084946616570448441
0.0641829455773126333895106654381
0.0779846180162977603567142637075
0.0836077184531923423005395079599
0.0978755911297198993858970084148
0.100338597231863821401809389045
0.112326448011059620846197049104
0.114105949116269034249171454576
0.127262697838355143264976732098
0.130960671353616608936221155091
0.135739664693045158916362424861
0.133189528490689629292020867979
0.133464156796687938300038922534
0.131121338502804607450968887861
0.12872992356334250763083559832
0.123654751146306168818611581628
0.116984697557671546430668740868
0.107273719746307630296122681557
0.0967192321008913946656093685306
0.0789818473428838679906149877752
0.0668035423232258285253237772849
0.0444184107331853858524617351122
0.0262310399801125651575439690077
-0.00471388341692380394981620739259
-0.0262791240797158182074255705629
-0.0581191297172982124230600220471
-0.094856786620599639614503928442
-0.136417777023650155232559200158
-0.166747240366371868303119185839
-0.220341268738931450599238814902
-0.270474037267818823160325791832
