3
48.6283733512782347929714887869
0.113909098878926015596668719354
0.114016429084773052160528550303
0.114123886374650665431751406231
0.11423147099042479934993821189
0.114339183174459957381685626387
0.114447023169721898150363870172
0.114554991219714547012742400511
0.114663087568469837518314591307
0.114771312460631769170049665263
0.114879666141384381705670136853
0.114988148856434393985104236435
0.115096760852101229199995202634
0.115205502375241838897146351428
0.115314373673280234910976105311
0.115423374994202257437514447247
0.115532506586601899090105405321
0.115641768699555322341687713106
0.115751161582821893158978809879
0.115860685486620179629468907478
0.115970340661820714434071533105
0.116080127359849349932829909449
0.116190045832695917904509030905
0.11630009633294344228993111301
0.116410279113727699318303621112
0.116520594428793533570143381439
0.116631042532477274820124080179
0.116741623679649297873339719445
0.116852338125818244751741303844
0.116963186127040166817359079232
0.117074167939988413311702686315
0.11718528382188665715180064808
0.117296534030624968747424929916
0.117407918824594698081753563201
0.117519438462858269445199255188
0.117631093205001174828439047815
0.117742883311281174019136130937
0.117854809042496663784582722201
0.117966870660088568589785040786
0.11807906842605880859409239747
0.118191402603028641871141246611
0.118303873454258648423298438956
0.118416481243538471157528135791
0.118529226235371404341023549023
0.118642108694786044265079283377
0.118755128887407954141330890252
0.118868287079568840658438944047
0.118981583538142865474895870648
0.119095018530628690700545746495
0.119208592325159429270442501547
0.119322305190487198967019821794
0.119436157395961112248627955523
0.119550149211578041197334698609
0.119664280907948047949496128695
0.119778552756279563218377859357
0.119892965028461584431340725132
0.120007517996971332929767584119
0.12012221193495502269410479812
0.120237047116138473512592099723
0.120352023814903022480571337383
0.120467142306273228280488751807
0.120582402865914956047177497567
0.120697805770127064572960762234
0.120813351295823698250408995136
0.120929039720580944194949779558
0.121044871322641189870239486481
0.121160846380848105652283663858
0.12127696517471014958644559556
0.121393227984391061102797948479
0.121509635090693207670753395178
0.121626186775081385205155015683
0.121742883319659031537973703507
0.1218597250071817156280573613
0.0118514773855827055398792779783
0.200051819671919733911735761467
0.194677698672981541738735700164
0.189295403851679200357693844126
0.183904923373266193653563504995
0.178506245369859789517974490991
0.173099357963898997647689270707
0.167684249259243828289456246239
0.162260907334921405942296246394
0.156829320262480031988872042348
0.151389476078448215190519476891
0.145941362812391728365213339202
0.140484968476318777819145111607
0.135020281057201041452486833805
0.129547288514747643839442048375
0.124065978810809482424382110821
0.118576339866361027408636630298
0.113078359601683192670051880668
0.107572025905452159366681996744
0.102057326650519197830391249227
0.0965342496851459563877995151415
0.0910027828558224449739810779647
0.085462913971854140293693546937
0.0799146308201400257242852376294
0.0743579211914983800868483854174
0.0687927728363636331598840456536
0.0632191734902172453036683918981
0.0576371108742806254054968917444
0.0520465726867873276773046598009
0.0464475466028084413294685361961
0.0408400202819994631586730804429
0.0352239813687740266345826967154
0.0295994174763928447058347614984
0.0239663162039952387649677234549
0.0183246651443417195304075306694
0.0126744518422408376095988913335
0.00701566384303140347378224817021
0.00134828866661631770543228192594
-0.00432768618159439042575309386507
-0.0100122732225970956232430353339
-0.0157054849975580938792329988019
-0.0214073340662882249940679457723
-0.0271178330109719985252514362628
-0.0328369944207565697680273331116
-0.0385648309282350526538962753875
-0.044301355167949037217045571424
-0.0500465797928994343690689561299
-0.0558005174979454982020499187456
-0.061563180973697256836985047812
-0.0673345829433761866589236433356
-0.0731147361451407878929487083042
-0.0789036533435082815257644028861
-0.0847013473230258662205471864581
-0.0905078308796121167034698373755
-0.096323116843748834980942774564
-0.102147218053708258023171140394
-0.107980147373176141312178799581
-0.113821917686782680956270041861
-0.11967254191108757377381976994
-0.125532032959767669844097781606
-0.131400403783108715716210213031
-0.137277667343653625442456700512
-0.143163836637907965210203542483
-0.149058924679459886553090086636
-0.154962944481191161605337924811
-0.160875909101708652881868033546
-0.166797831618963665611943270051
-0.172728725119656645325960653281
-0.178668602725559955146650281677
-0.184617477557864811954502215485
-0.190575362781197993333748286204
-0.196542271573627275182971629874
-0.202518217124882743407354723786
1.64998953851128546616058698959e-11
0.30708285651983741049164677861
0.257036042706571099536461133539
0.21122846241237819286951094
0.168574011797919615096574830204
0.132357941886804220121831576762
0.0936550470131115170291380422896
0.0623346784433155623461608740854
0.0315196446458239701304826496653
0.00440068272649906788024365411616
-0.0224774438209981580749641238981
-0.0442294590159763439940476814627
-0.0645140137547608738533000405369
-0.0803684359384085750255266589193
-0.0969517439762843658002111624228
-0.105912497608703165541399471294
-0.119316928539939581810358504299
-0.127314571620313898847598466091
-0.133953447688258370229519300665
-0.140107169795977648529827774837
-0.142820714420502398178669523077
-0.143064553224568513645209577589
-0.142441617198481168538037877624
-0.142595140878752052460143318058
-0.1368349268177419530978511375
-0.132984614368324399746867925387
-0.127689061747430970816807871415
-0.122331698875754818489625108668
-0.112081089462004429568864338762
-0.107110755440953650530211405112
-0.0960040925015450269386363402191
-0.0839848350923644432208803323192
-0.0698844228543955003907228729076
-0.0597124894619141116658411760909
-0.0475437828848171151197021799817
-0.0370645297356149427958627029511
-0.0215208269346644533170920254861
-0.0113517039437033874504923147697
0.00390024585411591351302718067018
0.0167941878471242478365610395485
0.0291715018203753569114855537237
0.0430539117619567271444402933867
0.0523179338749880373793388343984
0.0668401034330749627132561840881
0.0746754877671381434023345491369
0.0874006663381841214510714621611
0.0967527086033841132728383627182
0.106602409365454939282891189123
0.111927634882970625240794504407
0.119969746433047572131691538289
0.125092773250811278851202246187
0.132346196412614497406323721407
0.131555516223661073116346642564
0.132768158775080746814012400137
0.133540149336205060670579314319
0.134083933376597186359902025288
0.131652108501282283370414916135
0.123830010941510679223220847689
0.117774644794718039153558208909
0.106547178424642965954838302878
0.093404130750337599486954331951
0.0821646429890905694026770333949
0.0617505350051991142024121472787
0.0413625276341052089401628677479
0.0218984147504964407615624111259
-0.00441058570650783472733014178857
-0.0310191861150224471033176598667
-0.0621772489743700959574645992234
-0.0938669154319534682073822295933
-0.131712948841558263879392143281
-0.170820917988882103877301688044
-0.215438273656682666157280436892
-0.265702697582396840658702785731
