3
14.1456141915980548873221778194
0.113908291295713129387401352233
0.114015642959959265234637371123
0.114123121750058592605014951005
0.114230727907959933586923284565
0.114338461676153343993256328304
0.114446323297744803615394459939
0.114554313016328207508465197861
0.114662431076098816906672084315
0.114770677721750494204577819346
0.114879053198635908139557670893
0.114987557752560004553643580039
0.115096191629992669613891109748
0.115204955077862020162982048532
0.115313848343749830727134053632
0.11542287167575494832849614113
0.115532025322573797532221817619
0.115641309533417210864136848159
0.115750724558165915545338009451
0.115860270647162685864195452723
0.115969948051395266297447506076
0.116079757022422611068002140655
0.116189697812353581740651975451
0.116299770673870692117013447842
0.116409975860269354619447312871
0.116520313625393945322628042049
0.116630784223702418933577007465
0.116741387910208271883050201723
0.116852124940555621157578514158
0.116962995570879038642608804821
0.117074000058006832958312770643
0.117185138659313237141645913653
0.117296411632773198152612792455
0.11740781923692703014872051881
0.117519361730932123122350674294
0.117631039374566731536830843652
0.11774285242815180074771319596
0.117854801152652968743161920884
0.117966885809596341849747602737
0.118079106661180877058114901956
0.11819146397010861504472956085
0.118303957999762385244757467717
0.118416589014111478528334941984
0.118529357277719571417406996261
0.118642263055783667158316063706
0.118755306614081651561676267193
0.118868488219063761501814724397
0.118981808137705313832555020781
0.119095266637684590871337775297
0.11920886398724675481197721183
0.119322600455239777317295590819
0.119436476311185757470667567759
0.119550491825217708452555598342
0.119664647268078502828636544564
0.119778942911105787394454580408
0.119893379026324270464343157983
0.120007955886339612305846458185
0.120122673764429158116406881618
0.120237532934461210931686991898
0.120352533670983058433634482753
0.120467676249116972808650416482
0.120582960944683736936866580436
0.120698388034089498788148375752
0.120813957794427939695935947384
0.120929670503400310543895557203
0.121045526439380726757555351014
0.121161525881357340361788033078
0.121277669108969532452135808853
0.121393956402555583395930227653
0.121510388043028091931141432269
0.121626964311975838128887517087
0.121743685491672762322146184033
0.121860551865018512662786065448
0.00344969488574625423107922195243
0.200051977075241138592787137895
0.194677881777152450570866903945
0.189295611959078236008480189412
0.183905155793615410209085325732
0.178506501405501338819448164941
0.173099636927813271825016272487
0.167684550449540337169196391187
0.162261230054118216203917768325
0.156829663812006719902925055976
0.151389839759268562957572612504
0.145941745924676014034560012078
0.140485370310880874900050230281
0.13502070090840370686358085095
0.129547725678396286053128960702
0.124066432583683966539567222753
0.118576809540423586120105881037
0.113078844462603009257684050226
0.107572525241996216904816208171
0.102057839750019960223248460807
0.0965347758418424323201278980378
0.0910033213496084791849227713101
0.0854634640883094459651303509418
0.0799151918442668751652036007727
0.0743584923926852436881773655841
0.068793353505220533605779564823
0.0632197629042740710803016668251
0.0576377083087154934437634778988
0.0520471774157518149439560772862
0.0464481579066869376681836456555
0.0408406374303003361081465527604
0.0352246036349292412914735450613
0.0296000441326965263444392917336
0.0239669465203559799160171195354
0.0183252983807396623017194059457
0.0126750872697899523433573421016
0.00701630073114807226164479914132
0.00134892628414845137073407865813
-0.00432704858133572348860562684081
-0.0100116363756429481435272776935
-0.0157048496454708294556290582022
-0.0214067009490046290809406315248
-0.027117202870164048428280878511
-0.0328363680040922173430928410198
-0.0385642089736537782562741938364
-0.0443007384254323066663516783592
-0.0500459690165684645268839858545
-0.0557999134193555637595274276919
-0.0615625843541215203580385662008
-0.067333994535501345835015740704
-0.0731141566978808637999875941205
-0.0789030836153851861114461030411
-0.0847007880656746869885154183066
-0.0905072828634155696070351382332
-0.0963225808106453612600361680052
-0.102146694768747631210104032107
-0.107979637603529229905596764638
-0.113821422197477178928082253151
-0.119672061453865191671397383288
-0.125531568304834834082228667285
-0.1313999556949565772345778214
-0.137277236601905106017085245185
-0.143163423999488392812651227359
-0.149058530910842340633237768088
-0.154962570364296253755398424801
-0.160875555415184584573395909501
-0.166797499134390264652338942142
-0.172728414603361191126396079198
-0.178668314959180868362054184217
-0.184617213329698798274236537509
-0.190575122861372292515369508692
-0.196542056744793969258466859173
-0.202518028180983244990187586154
4.8074370346402321166818161004e-12
0.30580775453852709899749129363
0.258134672518985641698208155503
0.211681801061884750092545459665
0.170121681849586703361154604863
0.130986242215770432029131598028
0.0953162751011048803295722109397
0.0611825182251862706439560213312
0.030129279526504917918749981709
0.00401376920815427976757527872564
-0.0214189213031285609345477638499
-0.0434259712371011519227437247537
-0.0641177512679965005970572633487
-0.0812688856538134746232415750455
-0.0961608842519302703388817121777
-0.108478579154312929078152194506
-0.122722726991905700666407597055
-0.127124181134071173593369508126
-0.135284664156236245080577873523
-0.137818254546748147904011716491
-0.13983408620415141432324901416
-0.144412107012784979298558596383
-0.14500458853910019874078329849
-0.143771352889142528530541653708
-0.135931899970128611254693851151
-0.133327604052341841534001787295
-0.1257160982694168760431807641
-0.121030525622019019538200268471
-0.1099318781217997614829684494
-0.102041759465243450644145184469
-0.0913387486608129572918102212498
-0.0831071577164534808224161110957
-0.0704685285709102937623526941024
-0.0648945281273277246869568557486
-0.0483320436761271662873262755511
-0.0326068322807419597175737635553
-0.0232745963112944154183026057581
-0.00948348238908904191124538129998
0.000265313606465410265888155150193
0.0127541070619509224609577913156
0.0295925876193656560431133328848
0.0389679993136794258767885423822
0.0531806032666726907764953580227
0.0638595543344087912540629758951
0.076827851815837247539953125397
0.0875878416815889931923422295768
0.0954472439597663646626557465424
0.105623426762652170007861229806
0.113202790314922585590551307178
0.119550346125179521306058916252
0.126014361332824065264901491901
0.129928077106789441330647605355
0.133112674368750627529323082854
0.132807827139325984600048968787
0.133886767274209228517634073796
0.135184267662150775501928023914
0.131107425849129849426688565472
0.121984585130808981245920108449
0.117822923014901631555417793606
0.109529873451625320290858667249
0.0950703986194121608566121039985
0.0770145018677120124506174647649
0.067286853730994564126710599794
0.0446468459370213746617572780906
0.0191680755254358611838760850787
-0.00391854326750563572434593595517
-0.0297565223075555752851872881592
-0.0603137147863406844483513680188
-0.0955706943607246839356150758249
-0.131220910795297823758787103543
-0.174855962867824621387313754894
-0.215374871435553533194351416569
-0.26540776592100628894499436683
