3
526.005727322022721637040376663
0.114930972443399948001996335734
0.115011012023761627354190295591
0.115091129528089447520144972259
0.115171325067375512896106215521
0.115251598752834916172815837854
0.115331950695893428737726083
0.115412381008138775762006389414
0.115492889801409925887298868474
0.115573477187693909873367204
0.115654143279211182870902518971
0.115734888188373089001892424221
0.11581571202781039409135388496
0.115896614910308642931724421032
0.115977596948902417217652782711
0.116058658256828206578603612797
0.116139798947482039692680189091
0.116221019134521957871797326334
0.116302318931741824337144919355
0.116383698453205453038350469797
0.116465157813148839638373033267
0.116546697126016368661893807257
0.116628316506473150848677278191
0.116710016069354285961345851774
0.116791795929741565318593643497
0.11687365620290113277235377609
0.116955597004316888543051788929
0.117037618449694402755767441704
0.117119720654878023413658638674
0.117201903736027943092601333319
0.117284167809439593410658631001
0.117366512991627952589013261786
0.117448939399329099764202055667
0.117531447149503490146038586772
0.117614036359287701949405402502
0.117696707146058773818531051347
0.117779459627409294197875055943
0.117862293921099148263920142199
0.117945210145159865011699196202
0.118028208417800095642036239951
0.118111288857452853551244231767
0.11819445158275831975203118418
0.118277696712594901362614052687
0.118361024366002431928990290544
0.118444434662321615436830768431
0.118527927721020095996884435863
0.118611503661828598943372981012
0.118695162604695161889800658628
0.11877890466980033090660384687
0.118862729977476502818412029683
0.118946638648340388688673385786
0.119030630803195286437912159272
0.119114706563091338198390189973
0.119198866049267618305584903737
0.119283109383189464547392333316
0.11936743668656971117947307448
0.119451848081312719807023370322
0.119536343689546034618764736024
0.119620923633643017058858504242
0.119705588036155732845067234393
0.119790337019920742345213682256
0.119875170707943609627044168064
0.119960089223488511334103634454
0.120045092690032870197391901002
0.120130181231237018191215781826
0.120215354971080171098130051632
0.120300614033683278547570694172
0.120385958543427512568158022077
0.120471388624935893396639130515
0.120556904403011033721782041539
0.120642506002723776115104215023
0.120728193549378151616657817158
0.120813967168459018841630836505
0.0308737560768981220138407195464
0.199928468123045682824923119369
0.194515423355254124526680925555
0.18909525560010712053049530823
0.183667955060517390508678658989
0.178233511887560203135194569768
0.172791916247720722665803805285
0.167343158300226113599507016261
0.161887228156540136092544912572
0.156424115917148082166576728014
0.150953811678688015751603757053
0.145476305536781758132036657116
0.139991587541153511553559951608
0.134499647763383356480204611216
0.129000476185043400079166531214
0.12349406287078276700519552378
0.117980397789756066839750303643
0.112459470943230319117667193041
0.106931272283979833526146308031
0.101395791765869269784872130913
0.0958530193445126799112188109575
0.0903029449268918094073654856402
0.0847455584208076234675743876323
0.0791808497077531731056510011513
0.0736088086526744123094800897888
0.0680294251290307072643770425202
0.0624426889727803108298687106981
0.0568485900003495719934321073197
0.0512471180327248171382237273974
0.0456382628281950183946058530182
0.040022014217484101761268533437
0.0343983618934401783051590939522
0.0287672956629502762915251423692
0.0231288051900202795696515067903
0.0174828802272428279751537161246
0.0118295104539533953852403769247
0.00616868555757037976411405466592
0.000500395170097034380773948214483
-0.00517537102501701082313267932022
-0.0108586234304122938865155845178
-0.0165493724582870607719975453165
-0.0222476284311230558532468393196
-0.0279534018525809391242376023001
-0.033666703140124425164270149935
-0.0393875427134681294072393598071
-0.0451159311005295202146037070179
-0.0508518787560081689247404312937
-0.0565953961833471769216075131226
-0.0623464939371686024949248405846
-0.0681051825389500792296004760829
-0.0738714725135972277714202505194
-0.0796453745007553587376136761122
-0.0854268990186905219363922014963
-0.0912160567362147456371701537137
-0.0970128582333978500829019253615
-0.102817314180070992768456505928
-0.108629435227946588571334984863
-0.114449232045168144966673651197
-0.120276715327628860863207194143
-0.12611189579120990478244834776
-0.131954784154975440779722362095
-0.137805391176118147145146508592
-0.143663727592539147703831758918
-0.149529804183221592950303602265
-0.155403631797323221741535803631
-0.161285221173430443064589212554
-0.167174583195204284891133283963
-0.173071728690707055120512336543
-0.178976668522643711511932451685
-0.184889413593584073236542053564
-0.190809974799502124476191511349
-0.19673836300985056424472929848
-0.202674589222222312212551287303
9.54875275267055185255148595422e-12
0.299455275205913085123654582276
0.249894210433299568396847689655
0.254605616121493794068442184653
0.166478277373902083802192919393
0.114001277310727386349320511272
0.0338636518257580676483087245288
0.108003753289017137562133541451
0.0229075752523536201044063176369
0.0412078180040448271981290417898
-0.0473247051937329063497905679014
-0.014566242483522824288644237356
-0.103929781097429355107841786321
-0.081920755214159715618116308633
-0.0864558016210115465316476957014
-0.170497737470954646710197266657
-0.121619137169623109384630765817
-0.128899244890790798390156624009
-0.158707010747636156899886827887
-0.184207319087623833109290671928
-0.130743021984274482294452468523
-0.132011975359155403486610680375
-0.128134775582321641662630895553
-0.127510906448965288806363105323
-0.0759450708450507133706608442481
-0.104586363624856223952797051879
-0.107725795811007274416226664471
-0.133897483344312728803515710752
-0.0942774036283022393023500740128
-0.07974640448357830924130951189
-0.0872391331568806993601583599229
-0.0757106319426707891073746736765
-0.0799305530243025474934626117829
-0.0626458208194746596353397194434
0.00194389523923116066053684569681
-0.0215806189197548202451937271462
-0.0157860363855488218531863964245
-0.0169669372773699443646133744323
-0.0269093224077469085619984667801
0.00744552644948452951173534231089
0.00458739378585853573716546449646
0.0247061942391325235768295698335
0.021092947904575103101887378898
0.0673017063955338723513222021211
0.108364197886216734323383548144
0.0788124632234119409934791633532
0.0899414185719692726994622944403
0.11195794026976373103376971585
0.0814956001142485980670571166229
0.0816370988899147026485181299904
0.0915449228323535202367366991894
0.106908065507796051774036527604
0.152390298403811103034044549531
0.168537811478852578295217767845
0.137230087023301555726462197526
0.144429146915720146848727267752
0.157050657435022167351945654445
0.128500289107901455309956872952
0.125367803577959180394429949956
0.117078356923227044905644333994
0.0879951570537583355191557643593
0.0913891168038263035366952635741
0.0406561358573402087390746828532
0.0577842802310102945928527162778
0.0337722694158705538658438172206
-0.0177047785448089523008263768133
-0.0743251919515765802071172174692
-0.0738930159679297843267065104556
-0.100860897548183878202898711152
-0.147234247209415081147909631909
-0.163575323304052527850771525664
-0.194854404803323472128440130291
-0.238378365209625769916002013815
