3
38.0751704191871240823275002185
0.114801118267653309845677256362
0.114884642080016086129745644939
0.114968249613690981503211219206
0.115051940994120652228538403961
0.11513571634696830037203341135
0.115219575798187909287939589831
0.115303519473911014747713466022
0.11538754750053040187829367369
0.115471660004708404079210026794
0.115555857113271182035063588955
0.115640138953368415419831194413
0.115724505652317136150664111938
0.115808957337712667423623713603
0.115893494137383645803396348128
0.115978116179368193061627323459
0.116062823592020455953921498349
0.116147616503843364998971310342
0.116232495043636530063224654441
0.116317459340448778326582157661
0.116402509523550051762086354756
0.116487645722439969730999109743
0.116572868066882995297106617727
0.116658176686902412266810813435
0.116743571712749974467193680994
0.116829053274880648172207031621
0.116914621504087157255469264783
0.117000276531318780914858734832
0.11708601848785041288358854672
0.117171847505125312216556210387
0.117257763714901389051625812954
0.11734376724916717460445170218
0.117429858240121351431461960146
0.117516036820277836039139174318
0.117602303122343862518128787542
0.117688657279302291702727245593
0.117775099424392987179643910167
0.117861629691093747207553121825
0.117948248213137582562914928985
0.118034955124532103809542604722
0.118121750559502816657619916896
0.118208634652588864821787240089
0.118295607538492358878912114051
0.118382669352241162719074907272
0.118469820229099562225449915331
0.118557060304603709144366519013
0.118644389714498310617329934757
0.118731808594860724359598691535
0.118819317081952730008609364631
0.118906915312350869307067569025
0.118994603422841710438362383684
0.119082381550504684541991196056
0.119170249832693073144262996266
0.119258208406989585359525563035
0.119346257411240011525599413744
0.1194343969835682667257614753
0.119522627262358210886716847199
0.119610948386254009601081804703
0.119699360494165490953477615221
0.119787863725244164703198634925
0.119876458218964226931646521734
0.119965144114994218260683567223
0.12005392155332557380109648193
0.120142790674195809597080142339
0.120231751618086107891159031169
0.120320804525795924111442047888
0.120409949538348021169653634388
0.120499186797061758058546843131
0.120588516443516841070149325787
0.120677938619554031562941531774
0.120767453467316168702616607789
0.120857061129163334545211228033
0.120946761747783571028236337952
0.00303359268204952828643095052996
0.199931784881674207143831267786
0.1945247230304976981951625703
0.189110376329600732292490761211
0.183688734605257447674020454542
0.178259787744496495109913780652
0.172823525556070944908526598738
0.167379937867077194235676529388
0.161929014474552379621030695489
0.156470745146775641609693252576
0.151005119662901893251572005283
0.145532127776539316199588824929
0.140051759205167908328704129417
0.134564003682948712947720082411
0.129068850892816305853116887192
0.123566290530011752002437219744
0.118056312266504565000602156033
0.112538905755479382020389778063
0.107014060610355787872549626627
0.101481766463813433132301611295
0.0959420129335396276726299902293
0.0903947895771557430322218351648
0.0848400859890380970584899955611
0.0792778916948289197330623778726
0.0737081962413018293434063821223
0.0681309891556846902727073711503
0.0625462599326116613918102871139
0.0569539980516324678694317640293
0.0513541929972826244332750889043
0.0457468341843792411505198458599
0.0401319110918825841527457498614
0.0345094131089425590341868144151
0.0288793296533721086105650499576
0.0232416501123989087396193298218
0.0175963638257816135102018506586
0.0119434601646481383663278563745
0.00628292845500336150088571685046
0.000614758014126729054535380747382
-0.00506106185355761385713524447283
-0.0107445418720411994817354184306
-0.0164356927931731226777412047113
-0.0221345253370957700811416657416
-0.0278410503018219172843839004372
-0.033555278467209126436188171283
-0.0392772206408549748313241423148
-0.0450068876234856821150209782445
-0.0507442902802853826327300623689
-0.0564894394472000571649772382443
-0.0622423460211277979059474319001
-0.0680030208885996079182234552718
-0.0737714749418884874199164869424
-0.0795477191391313620538738859977
-0.0853317643929432934069012617329
-0.0911236216648998315070784315139
-0.0969233019562215913911273901249
-0.102730816264004598536985213286
-0.108546175597293959036448995903
-0.114369390977774168516312158772
-0.120200473461974460809287279517
-0.126039434136486605542160077675
-0.131886284055911073842537462042
-0.137741034353224572894802690826
-0.143603696131371749711291840867
-0.149474280528360564668233223529
-0.155352798718429274682506502359
-0.161239261866239408371725971847
-0.167133681174199216767917164361
-0.173036067842758461976515604874
-0.178946433103642388307008559423
-0.184864788215903463886036206532
-0.190791144441308985202354620014
-0.196725513056592499205876833912
-0.202667905373656059841991350368
1.2490216913495119987533638348e-12
0.307569350626909543411358072262
0.255200755030020931535261752288
0.227890698915350381481559338681
0.171514041262869371129440310142
0.134281847491436234776074343245
0.0964963457497176602117860966246
0.054354692318249207827474123178
0.0336021707805784150546735133958
-0.0133592207505871998080015927712
-0.0168800865556413409729330510345
-0.061657502778029754653132954445
-0.0783069437678816371306567134525
-0.0748703942816859452369371297209
-0.0886080211744112722360711131842
-0.12384243050690266207958245559
-0.122136485847605461008136273904
-0.112792037503957651156660801917
-0.123965146157127531489905436501
-0.121601067440928189977711326719
-0.170769816672431407056365060271
-0.155596285711477266833213661812
-0.148523301828497017451624628848
-0.153981186509569933917873640894
-0.145204509036997719828576691725
-0.13498190988440522675162469568
-0.108461616255861231783441667176
-0.125169423042184230210338569123
-0.096994502234271542939758603552
-0.0901699629915971856419787400228
-0.0936653137238796923424999363306
-0.0716317861425836838185077226626
-0.0620207333462614099350851404324
-0.0601076805039447506495697837181
-0.0370013108621852493396175987073
-0.0241649150606003844388158796619
-0.0204425705088806981823967845457
-0.0077639677500108018187718883496
-0.003198210220014363440454996379
0.00698580445555562444537311961312
0.0240855510450540370726013605918
0.0426527051656484107455824528188
0.0735487184713837366389910243925
0.0524021693622548287438966951868
0.0700418353216751138345941285479
0.0957551251860264129867061910772
0.0878154996212840155411782916417
0.100968793181569510553075019743
0.127455593491517804594082008407
0.106460642400532323748052476731
0.122425626376802793027209759202
0.126124600653478330380963257085
0.129685346474998408616841061303
0.126498336159411167711752455034
0.159081771561192353292568668621
0.109323819935219779253543492814
0.142009605755643225633022552756
0.125971481464777490533180070997
0.097254932877423705406272347318
0.106134856524820672674103150257
0.0913902139785333633703601208254
0.0836770607552607958989909775482
0.0544077375032317386849278761929
0.0523475751293679056330709897793
0.00497335733666941139791140003013
0.0189494121563815419440057752354
-0.0471720802525621776823960829006
-0.0561467534254275896232755371784
-0.0865711474235113381814343824772
-0.136093781140070868573843654303
-0.168202673046453143879119807025
-0.224694459675110896901273349613
-0.252549989141233055534030427225
