3
319.309873965783026505960151553
0.114676497490981674221011132886
0.114763360367833827657690903834
0.114850312663145937008835062443
0.114937354516899195577828152182
0.115024486069404796584336736487
0.115111707461206899671957160081
0.115199018833159583241609880133
0.115286420326323010843161398498
0.115373912082116641952822533312
0.115461494242191126113894483751
0.115549166948473308602629572306
0.115636930343152213862545352185
0.115724784568760896696915096982
0.115812729768036304367484490285
0.115900766084025649838018523496
0.115988893660047415190561537202
0.116077112639735274823848953929
0.116165423166959977385737090572
0.116253825385866774166920833977
0.116342319440935468288778054102
0.116430905476862620040456874904
0.116519583638694801397406308752
0.116608354071736530777059215325
0.116697216921545846024521608797
0.116786172333978519044528354698
0.116875220455237308070373103419
0.116964361431737912111472610377
0.117053595410202312954162096048
0.117142922537656665737948458172
0.117232342961392843605494817893
0.117321856829034856795068719748
0.117411464288428385449591928591
0.117501165487771314088760732375
0.117590960575508371444009014795
0.117680849700425776971357549883
0.117770833011555692282357199474
0.117860910658232245773469060168
0.117951082790118802479106818737
0.118041349557117231094949261205
0.118131711109472431475708731341
0.118222167597692370821782503754
0.118312719172603594830484041722
0.118403365985312036823273729169
0.118494108187238961216181110103
0.118584945930078317077871474794
0.118675879365868180981280488595
0.118766908646901911406068563792
0.118858033925799855268223836902
0.118949255355432090275336065588
0.119040573089089954383901215351
0.119131987280222367830972984848
0.119223498082649578821978764154
0.119315105650549355131850859379
0.119406810138308797086814649901
0.119498611700660770096327212286
0.119590510492654775176468717746
0.119682506669607599536497843928
0.11977460038721650381621230963
0.119866791801442801324029119314
0.119959081068491332788816805532
0.120051468345008419125186094334
0.120143953787860247039986916207
0.120236537554246306069849481446
0.120329219801661266298076213843
0.120422000687956345932327906212
0.120514880371260499347663142089
0.120607859010019094481158674625
0.120700936762990235218140355755
0.120794113789274543124818706019
0.120887390248255885416561739021
0.120980766299641384620144890505
0.121074242103475587795102796917
0.0322300135737333959262684857094
0.199939697870245791655463563075
0.194537982729910935431050234001
0.18912883815688816269151573124
0.183712253733434888181008659558
0.178288219006338538585865194364
0.172856723530005945699272729144
0.16741775683474846569964711307
0.161971308421411552824764612524
0.156517367782692068400862694943
0.151055924402085178792631836586
0.145586967722930032964612223623
0.140110487217380758062645895734
0.134626472284592124672997215384
0.129134912344628122182754736968
0.123635796788839930071546291401
0.118129114994399098126365288408
0.11261485631321614675481868062
0.107093010101095370556478769686
0.101563565644492717621183430765
0.0960265123061974507079341378812
0.0904818393298261747226263196353
0.0849295360113821173886350379689
0.0793695915985348637855523179496
0.0738019953458014799085873391959
0.0682267364364748662985959981597
0.0626438041245260257561255912151
0.0570531875565865875810089846709
0.0514548759200852759421174198451
0.0458488583652661083056578661399
0.040235124013634229744873493928
0.0346136620089369864694539558059
0.0289844614326365025702703093202
0.0233475113608797441022701946167
0.0177028008703380736188481847648
0.0120503190075479816451009540401
0.0063900547990559195682402915395
0.000721997255333217615065610761604
-0.00495386462502291850112934312733
-0.0106375418627635900947758784696
-0.0163290454985334891613302232827
-0.0220283866042078405045323563627
-0.0277355762589246747362725642461
-0.0334506255245387643104670871708
-0.039173545539262721870699124338
-0.0449043474389346150554835901403
-0.0506430423514856384303861602802
-0.0563896414601815429423758985195
-0.0621441559398293597027418400103
-0.0679065969903922261874384957991
-0.0736769758358979398593646692461
-0.0794553037198007239272357082882
-0.0852415918709666375896460976946
-0.0910358516025468883503535266755
-0.0968380941818960394584792084061
-0.10264833093325491375491509416
-0.108466573175062766520859725006
-0.114292832264344335069239377844
-0.120127119552319083783942232913
-0.125969446441150517701501598822
-0.131819824315898087574439045966
-0.137678264593432048146226520657
-0.143544778731196337462350243186
-0.149419378180189021954049621854
-0.155302074415695767761746992619
-0.16119287893544390066757898694
-0.167091803247395837006550323167
-0.17299885888213883955444316598
-0.178914057388532304893047353289
-0.184837410343414887403667989929
-0.190768929326586039740831779454
-0.196708625952987992135945205519
-0.20265651184189342748354079049
1.7102920866292238683782933293e-11
0.313930560397932489902217412236
0.257590666929927991635196349307
0.206894269687665499635187416061
0.151472203539573246899863079307
0.129958571324514937650462798047
0.0928296150799766128791645769525
0.0575767688619151299378451369648
0.029920157004573681019943265369
0.0148590107327696042960329947391
-0.0226006345628019938986952297455
-0.0364790378277111346227989940871
-0.0625862508761365760046047057585
-0.0837916803053890685282212302809
-0.075539025050824243345815034445
-0.107760491870938404646018682342
-0.108414159664285400519467827962
-0.122879130062753361141147934177
-0.144340622853638023137534673879
-0.143752175035648521728148807597
-0.147806775611038887507930894571
-0.135248228893782046489135950651
-0.152691594954247861215534953772
-0.159643731110766268210809926131
-0.146547188184447896297513125319
-0.132608685196992204247123936511
-0.131681183245475924570300207961
-0.121257915852043082760580716695
-0.104942565318837111032479469941
-0.108536021897588694229419559178
-0.0952194909866902194917059887302
-0.079552000775972617208076087536
-0.0792525026466965043514534272617
-0.0648126590799438517809250015489
-0.0380974119705506583666299036395
-0.0325937836027246699566184418018
-0.0113466553661768498884043765429
-0.0052025774963954480797911905654
0.0113005198819884598859797364412
0.0220869700262243916222271167271
0.0416100826510512680767028825812
0.0417672969320878051391332519415
0.0476261589659244463645926259687
0.0751147411879521526012482013357
0.0737803512018454094034680679215
0.0815149061514173906006774927846
0.0943324378937373253517506554999
0.0968059322957134510412302574878
0.105640533628959920608991751578
0.137261466678390786633201514633
0.130563491307506690519701919584
0.118130798227274569356382016849
0.123694219863569723760754470732
0.127137692293479598326655377605
0.127996713919403176662470400515
0.122780509763189174532449499111
0.12040671424812512957380761236
0.13390582542884851835474080417
0.113423475261598863395029468393
0.0954842681717666119656229284374
0.109663383402429370772068750739
0.0660590449605762963791733000107
0.069253843360971498177569571908
0.0547342292741736999306390032416
0.0337103597377911637367198238735
-0.00157428669188276965443251675936
-0.0243320366303866227053465109975
-0.0560362030755572962381627633022
-0.0946977111020145118081003943189
-0.12215378788950427557669087264
-0.184921519178381510428721412609
-0.226328804925857191010507563078
-0.265548379531273970322047262016
