3
2125.37050676314220254425890744
0.114089740741577266858186590071
0.114192266954631749253934458466
0.114294911010208291579637318591
0.114397673124535151356617745932
0.114500553514264760690544164845
0.114603552396577795802201649167
0.114706669989116119556804562762
0.114809906509990691803047013764
0.114913262177818942255669298902
0.11501673721170771469424209954
0.115120331831227759589175718702
0.115224046256456727488348690258
0.115327880707959337658330412069
0.115431835406763189100232125384
0.11553591057443372835944472854
0.115640106433002737285065109063
0.115744423204986526809712188424
0.115848861113422546553763936572
0.115953420381839450437055916154
0.116058101234231311749134363254
0.116162903895147329169645900038
0.116267828589579097497974657927
0.116372875543079179472272244311
0.116478044981631667642574257115
0.116583337131777625694795119671
0.11668875222058673613023671578
0.116794290475536008400148091368
0.116899952124701098088443984579
0.117005737396641634751048854923
0.117111646520430809359503143696
0.117217679725631129805663022125
0.117323837242336900810180111421
0.117430119301149632482506035558
0.117536526133193500176510326583
0.117643057970117981270163909358
0.117749715044052738477375896764
0.117856497587690831063689245184
0.117963405834215592782321380128
0.118070440017360930862189150048
0.118177600371344254659433659072
0.118284887130937432786481622315
0.118392300531448030342929200742
0.11849984080866665658859915311
0.118607508198950425959417032118
0.118715302939183517394461375716
0.118823225266753845774658771006
0.118931275419615400945616556783
0.119039453636233250044540454837
0.119147760155618537281085878021
0.119256195217313801237857262549
0.119364759061392766703590950783
0.119473451928497245710936169871
0.119582274059763349338680882283
0.119691225696907779796340776102
0.119800307082180673701188311497
0.119909518458357899906019383707
0.120018860068783733696662352486
0.120128332157341782826520670824
0.120237934968476345432009111391
0.120347668747147543144571102403
0.120457533738899155717483324679
0.120567530189806343399183674592
0.120677658346524122046083959958
0.120787918456255013999189884544
0.120898310766722721920629624037
0.121008835526269800664245224198
0.12111949298374791172960840413
0.12123028338858923835807956948
0.121341206990797659259762042439
0.121452264040931567912195987446
0.121563454790085692658330174254
0.121674779489984535851831992659
0.444511059489966886548728552953
0.200018251895871856937958455092
0.194638242556815499462175012013
0.189250217980920343308071096544
0.183854166605275148871356805103
0.178450076868332668800221085803
0.173037937191287294336206059597
0.167617735967494685400680509701
0.162189461573806703587052879811
0.156753102368731189741879461508
0.15130864669839458325206749123
0.145856082878937615143755124336
0.140395399211992594201703354884
0.134926583994048804315823986144
0.129449625483984642748680471414
0.123964511925234333045153789499
0.118471231554666586727186938788
0.112969772577524496526280017861
0.107460123186422715213517165012
0.101942271562490527347932811608
0.0964162058423545936802767641893
0.0908819141736406099774114863976
0.0853393846651242654610669546855
0.0797886054182394971467928712627
0.0742295645054416863839463758268
0.0686622499915514744595057550214
0.0630866499106950140429717066581
0.0575027522883483216409317151374
0.0519105451208454332645558793047
0.0463100163897195715723142939169
0.0407011540651338113439017263318
0.0350839460838588343416510895167
0.029458380369899388184773414423
0.0238244448343234820064662216055
0.0181821273577373251906230677832
0.012531415805737279589582300332
0.00687229802399627349301924894576
0.00120476184460262866066093678796
-0.00447120492658362265331328799789
-0.0101556144999659092587052100498
-0.0158484791117170058238894370106
-0.0215498110077437382559040202068
-0.0272596224690343572061301813392
-0.0329779257680100218452778904066
-0.0387047332309583963505517090198
-0.0444400571774933444979538421649
-0.0501839099620036768745201527508
-0.055936303956669861103812024794
-0.0616972515445601069061787313785
-0.0674667651354769470906092010409
-0.073244857167903715255974361753
-0.0790315400793686201330601193149
-0.0848268263400234617810369286417
-0.0906307284500256077341973082184
-0.0964432589045439159214367919049
-0.102264430242354487088363157454
-0.10809425501015910986435386576
-0.11393274578016439335659271137
-0.119779915136586007085028882102
-0.125635775690899398338018499999
-0.131500340078529592835465678036
-0.137373620953944619582642872047
-0.14325563097025487135915966519
-0.149146382831950058411862869434
-0.155045889257693969565110592157
-0.160954162964413588499112961472
-0.166871216719339854339665407679
-0.172797063277979445761189936093
-0.178731715455537759629223160118
-0.184675186055653806072029965435
-0.190627487911069176673706238034
-0.196588633886096958436340287335
-0.202558636851679380042057232458
5.18545501176706758352524117309e-10
0.307135416362502577936055558894
0.255806694675905277325256292897
0.212214783110263205401224695379
0.168822811021686447485734561269
0.133182193173854046541748630261
0.0958491961430378708319821612349
0.0618189732356829654835728149465
0.0348929382959532463637231103348
0.00132743382031518279348669686613
-0.0199176315569332129662427632866
-0.046764691098031975491355893837
-0.064352817530327705020098960631
-0.0816030126127475913255793216194
-0.0972069843897009899791328280116
-0.108657979060308801377843224145
-0.121232775807696632752730181437
-0.128042295314467313716022545123
-0.137019784044018544388876534867
-0.141105142148314599559455473354
-0.141426753855477899124437612954
-0.144675709812924518926635641947
-0.144449695121235066608278430067
-0.141554548692582826685537611411
-0.137973428828662064704602130405
-0.132952719430786986398729254688
-0.124621138551639532021653167249
-0.121777929417979560722251619609
-0.110830316719100333000547209394
-0.101278140494125867832053700113
-0.0926801983465347228863251416442
-0.0811430946878560349633247028578
-0.0703563884434539738021996413408
-0.0615020345545754312799324736716
-0.0486320633840226987376631484494
-0.0359029366328644933270552996873
-0.020753561413866299101282919537
-0.00984083060800984392446633108875
0.00291528381497308105782528819816
0.0139258131137606922661520414408
0.0304665652283568587355144785533
0.0394596140021060345914882816487
0.0539467203234256509336574936242
0.064966607892831568227265393034
0.0772583369326870911253379858863
0.0861910506155908612280214242674
0.0943044817995942474819770495742
0.104608417733797406934392881794
0.111027518178255513170427093428
0.118754104435481358525983353047
0.128254823895400132949262683724
0.132007631769348265926566909911
0.133902346731189419992702482887
0.135909008749560744622186803099
0.13633758830542666573570897981
0.133733823718957173243282454678
0.128135291940222884043976137036
0.123518657560708816633976425692
0.115241959348032857457511113353
0.108722472965187763604966164621
0.0915661515818476795525171496593
0.0787840465137156081842917387803
0.0653520339556918905543625442078
0.0436847740556970398628777729755
0.0205205667443252373627338158713
-0.00461662961836489544459327660775
-0.0322083547973141468001578857638
-0.0619116869931793725734259226101
-0.0967586267304191560700843410814
-0.129668261993296840550726756192
-0.171882716471195046148423557497
-0.21563606750781141863093637312
-0.263559986991644623621766641008
