3
78.6795063687330298307642806321
0.114292763735134347835575852059
0.114389880749230704592989127377
0.114487105486687931743539081708
0.114584438136021024567945403305
0.114681878886191870869915021558
0.11477942792655988768490971097
0.114877085446878163255135518739
0.114974851637301644924349375287
0.115072726688404583517133517034
0.115170710791166974740207251671
0.115268804136957947470421004255
0.115367006917583878045086009934
0.115465319325263243710466554148
0.115563741552579132831901631562
0.115662273792589656573603917877
0.115760916238735578343010956814
0.115859669084870040012269498675
0.1159585325252829035580504069
0.1160575067546334854240441814
0.116156591968069072828839694012
0.116255788361080733550600996296
0.116355096129651086611644927871
0.11645451547011338722104056842
0.116554046579301795460992252629
0.116653689654383219131972282412
0.116753444893031715912101731192
0.116853312493295544149951581403
0.116953292653652007881959207225
0.117053385573024346100190484776
0.117153591450761304648686689234
0.117253910486635914978137407161
0.117354342880839221385791404373
0.117454888834004692044210571567
0.117555548547192814656803250273
0.117656322221928677507207794406
0.117757210060123657102693073284
0.117858212264153341952699349804
0.117959329036810153801262401885
0.118060560581351031705921172943
0.118161907101449276114024655726
0.118263368801216850467739050146
0.118364945885214206677815695912
0.118466638558471032416363755146
0.118568447026410381250904890749
0.118670371494901186193438036298
0.11877241217030376496666121966
0.118874569259410076127458921746
0.118976842969418641904333355797
0.11907923350800245221314810351
0.119181741083305453576812737992
0.119284365903882152992743215236
0.119387108178788822754334830734
0.119489968117468967068184326763
0.119592945929856475650865377247
0.119696041826352336800987075094
0.119799256017802835394547855685
0.119902588715501204341684626797
0.120006040131193106312856855311
0.1201096104771115641307588362
0.120213299965933814728025197383
0.120317108810775411087412578581
0.120421037225266577830318226461
0.120525085423453706678920127615
0.120629253619861348534314515746
0.120733542029496890291007105134
0.120837950867810031696514272426
0.120942480350742370687200377688
0.121047130694679108686706570097
0.121151902116525087005349803349
0.121256794833575112790846617372
0.121361809063679673692526250761
0.121466945025106479172372075936
0.0134328635521504969468908896602
0.199984995547846572394590225485
0.19459798835416461382230579602
0.189203154570793091737712643408
0.18380048300470044897458876676
0.178389962451823702593856069143
0.172971581683610847735010906945
0.167545329441278006976645542636
0.1621111944713486963109971839
0.156669165486761657879455356124
0.151219231189759995004351367243
0.145761380258226269646115724754
0.140295601361380417593238689733
0.13482188313591716988248947473
0.129340214214897331057585461167
0.123850583212616924266846751834
0.118352978706044970058641752075
0.112847389274768922229341683305
0.107333803475331696075656395806
0.101812209841635747942234502261
0.0962825968873903259570568025083
0.0907449531177611096177670901852
0.0851992670031926219165185898419
0.0796455270209702609340851608977
0.0740837216017552063762607872377
0.0685138391758748632742737072476
0.0629358681509528256059482487217
0.0573497969149503669661349647413
0.0517556138367094159535852782028
0.0461533072640165631383979416569
0.0405428655305456811519526638676
0.0349242769516358714243509098196
0.0292975298212060780711496477124
0.0236626124156930732478354428849
0.0180195129806494831747887275242
0.0123682197727383938468115331943
0.00670872099601853982830945710703
0.00104100486471033338957414837722
-0.00463494045149366856034545136822
-0.0103191267844680110293831276636
-0.0160115659957148007142002654746
-0.0217122699600600446712128643867
-0.0274212505633612546596111769759
-0.0331385197290094482558409083595
-0.0388640893923942534748938726352
-0.04459797149416175332525824615
-0.0503401780198339046656919038014
-0.0560907209461106379122519172142
-0.0618496123019446342183869091969
-0.0676168640939174697690461357524
-0.0733924883907319247633438408229
-0.0791764972521214610567952263409
-0.0849689027668191348974247034675
-0.0907697170386264351460425814366
-0.0965789522023847574194732601427
-0.102396620394844276025203555491
-0.108222733785641442305625048448
-0.114057304565039138721793676723
-0.119900344939907657626498860282
-0.125751867123203214804405547511
-0.131611883375123028816489068049
-0.137480405946232314695620857492
-0.143357447128492077048633746017
-0.149243019221414141561865562835
-0.155137134555454581086308962767
-0.161039805466021479496419033239
-0.166951044328840531028035343297
-0.172870863514642564284784498341
-0.178799275432662746476708548471
-0.18473629251197737355383310387
-0.190681927193494360484038452341
-0.196636191937811150021175876645
-0.202599099232305346340865526145
1.23403930680376315333639303426e-11
0.309628198923325770319792127339
0.257963520838793147760270585422
0.213918980101476724486886382692
0.165500423840361093885675813908
0.130344519796340430062286941393
0.0957822122593657981903803033674
0.0621098177601207418474515975504
0.0281455135724262769936210304422
-0.000548053478130449247054944983404
-0.0218658571377106612787510897533
-0.0482648408928588040778251411211
-0.064965547087578651153094710935
-0.0766393102373015416839407976113
-0.0950675329122479817467450402546
-0.110048944387654321075409313835
-0.119734673156090806744877852452
-0.127714580087342322034515973428
-0.133952246642423916656028382022
-0.137575595047087412270414574778
-0.143125332987371650661501121249
-0.145536557912712277707001362614
-0.141083689218598429260254079054
-0.139164522235013271567183323896
-0.135313352704753003807880418208
-0.130432923096489905567807454645
-0.128308560839197699499081295471
-0.12192557626728910136204575565
-0.114814768329309216388089964767
-0.101859708649914365574673524861
-0.0925517303137851771177579962568
-0.0783729667449177547222660678017
-0.0701650696115902611227355123447
-0.0606590185892391109412358218833
-0.0466109829605128311857953349318
-0.0377658879017690393697925799188
-0.0243771319107767524270169445799
-0.00920310768988653361832863453174
0.00587967952315557665365908235344
0.0160144800408227074017819546725
0.0258330186374000382587556856606
0.0403235286121020816696436384063
0.0486437286261014040222860899121
0.0616278822481341401195997775631
0.0742089033825306526592768818773
0.0859539147158576571916555053576
0.0995095300456632497754227983933
0.110146244948084962023138189124
0.11163299350556613043217168979
0.117429398489977993014221624435
0.123688588327334356153919259214
0.126630312670240857686465574261
0.133741789334884786377699583682
0.132111359442151410359400642847
0.137261729674411914192688755065
0.135119099466800202113958562222
0.132063887468508001088451919713
0.122637333334965098474711453491
0.113792660741288353953848400124
0.110475602108955989200111957871
0.0928323143866183475569897609603
0.0827675437591206125675924454299
0.0637818636332815463996226412746
0.0494155084258521629103633188151
0.0237222269865665982835345459989
-0.00526083616704262849866902129747
-0.0294392930335854487167157600425
-0.0652856069773533748135108112365
-0.0974350326507925218466610317591
-0.129257006099014970512683930792
-0.1730346545154136939093092451
-0.215305605193337357139427012953
-0.267925703787814439849057635001
