3
1121.90281485138802963774651289
0.114488016041380230580770671622
0.114579920589611042314182043356
0.114671923408147136136392418848
0.114764024660220023688061985467
0.11485622450932832239178793543
0.114948523119350276555650225419
0.115040920654497808017779902912
0.115133417279299654634172611622
0.115226013158616538700762532699
0.115318708457691709856618444974
0.115411503342060642318678276297
0.115504397977616329873384870552
0.115597392530595144410909824728
0.115690487167583025418515774163
0.115783682055479758554739078136
0.115876977361544522548975066911
0.115970373253376071720488482697
0.116063869898940588698543763257
0.116157467466501490571673116392
0.11625116612471522725691386313
0.116344966042588426891057906687
0.116438867389399750007505929261
0.116532870334881091811674025394
0.116626975049020170649427541321
0.116721181702245990763344707375
0.116815490465265153785523466468
0.116909901509126779028946430117
0.11700441500532551830637828516
0.117099031125619229554146727423
0.117193750042139027689458430359
0.117288571927426449326148372165
0.117383496954299088033124576214
0.117478525295964489338906844296
0.117573657126026173691535348098
0.117668892618365827917870092278
0.11776423194731984456229412217
0.117859675287486309613882440317
0.117955222813900348355353742136
0.11805087470193655063699367247
0.118146631127308304742840050494
0.118242492266098814246433335029
0.118338458294810003335051362683
0.118434529390220782962828138807
0.118530705729533836212397091003
0.118626987490337829078690390361
0.118723374850542642833239881384
0.118819867988404201386565262055
0.11891646708263810261474446861
0.119013172312257470286667171422
0.119109983856658024903296677621
0.119206901895631864340963090854
0.119303926609305485651013611914
0.119401058178237859386250363514
0.119498296783310781199460848256
0.119595642605780663747516712192
0.119693095827330842073621397503
0.119790656629975025837531177331
0.119888325196095227309633912682
0.11998610170852105905048290424
0.120083986350411023313888847497
0.120181979305283639924972760582
0.120280080757086488274509861185
0.120378290890121864009643104509
0.120476609889109562145925735877
0.12057503793908914968557866132
0.120673575225559090440263787514
0.120772221934358325867719941016
0.120870978251731486796671788397
0.120969844364311296391889527513
0.121068820459104956044349421518
0.121167906723513699174255009439
0.121267103345349597232072369479
0.150995365564557615378760146996
0.19995857112667561605867661001
0.194564364087350644139107203046
0.189162524771735229833780067565
0.183753042360706220215149642172
0.178335906021168472124216464181
0.172911104899792278377645970977
0.167478628113479688366282971401
0.162038464792367081779289605947
0.156590604006199424214074156225
0.151135034851864136218324574656
0.145671746366451665410934879219
0.140200727615817533067144040615
0.134721967605118231325889155414
0.129235455344503535890510192985
0.123741179826443989386852706502
0.118239130020420565858607631071
0.112729294870715882059819534788
0.107211663332850870578027979718
0.101686224303032271554236842803
0.0961529666993332227109547716282
0.0906118793911754316638962336583
0.0850629512406077537001181099185
0.079506171107425846478200526235
0.0739415278088399741118763586201
0.0683690101572903413673643058246
0.0627886069559937115558412301652
0.0572003069628381766165148292203
0.0516040989386712112274580022131
0.0459999716448689366377067244684
0.0403879137713871183557046151691
0.0347679140380150950018212085979
0.0291399611209072796624841572566
0.0235040436909580846558398548041
0.0178601503904433217551073198592
0.0122082698621254290977100609439
0.00654839070554104254323624090262
0.000880501522474600156059620914561
-0.00479540912023436721040026142759
-0.0104793526697575991452060506504
-0.0161713405771226892415626252841
-0.0218713843275559240153516071814
-0.0275794954194989380691360736364
-0.0332956853714875961047781061097
-0.0390199657196585378282627232238
-0.0447523480181167623848104142326
-0.0504928438322587366804405917264
-0.0562414647556082475388095076596
-0.0619982224189621206056344249191
-0.0677631284310550585647803245593
-0.0735361944423344876531345448711
-0.079317432128808373903439132846
-0.0851068531597096722407513880171
-0.0909044692594826869713742212298
-0.0967102921325370956662226262779
-0.102524333540109119367045309446
-0.108346605232002471397301235356
-0.114177118982796449442318476031
-0.120015886599445079085946019859
-0.12586291990198661405742086572
-0.13171823072576596680427485353
-0.137581830924840609053916296034
-0.14345373238255004766372735503
-0.149333946984300552918156768101
-0.15522248664899704340136565861
-0.161119363304371793210734153945
-0.16702458891111543470842093484
-0.172938175438530100658240939993
-0.178860134876329818220952461161
-0.184790479231635162982172460033
-0.19072922054438040673218779375
-0.19667637086542924529375397924
-0.202631942250747043576808437138
1.07647900979658899639250814603e-10
0.305006144615395158314896661977
0.262252765743490268146587141018
0.216865126688707027247104974776
0.171812322567663072758747944135
0.129137712353013744959184805339
0.0902387955522754164894294603982
0.0562181827656222793399010129178
0.0305936262244036090429677443581
0.00406027074611890487904064528379
-0.0196772595422065633974373355386
-0.0423699238369399863723963051143
-0.0548259595854220099786502373718
-0.0943794183493244370763974870897
-0.0978653336417163732807722453799
-0.110275427827407943026649661533
-0.129173056584500262067294329427
-0.13227995292983116271123833485
-0.131869400463648839272323698424
-0.146699146813235065112124289044
-0.137774157156797250056712300648
-0.14200696159840323073986212421
-0.145864489966119587061044171605
-0.135839129222087795501039408919
-0.12954114310309705615509301424
-0.138867170038147025312724736068
-0.127492241932294997353025678422
-0.122666189279917084431481555384
-0.110725432466001458275961510935
-0.0989722838058053194787433426427
-0.0931735579956417536706680948555
-0.0750432955163355258632051913992
-0.0693378985131908598393835063689
-0.0475275122804051167180183767869
-0.0408209551510244697536400337867
-0.0351524880276580173332767742522
-0.0194758346206273628975491618576
-0.00959480593070377064945919443062
0.00737589402263297104489492284074
0.00903986492703871477583099647291
0.0270086667342442007799796499512
0.0388804054696539752589146132777
0.0417187372271272949308951183411
0.0631498909959331139463145632362
0.0699736294479479103980423815301
0.0771666167293259125381510443731
0.0942783782557185534578536589834
0.107628325878614775068520259538
0.113451285439363377949284483748
0.116526760725876796231936793902
0.127763220684618178379921005217
0.126090829363055850764752108262
0.138694415128981285434406345303
0.128181062876254414639731749048
0.140821692378502311138177560679
0.133208112350937990520094444946
0.140748042560548486390459288486
0.127325111171774807417023112066
0.115483316295193996769974376093
0.104174223073934160699316464616
0.0978420766177170442290389473783
0.0818778432719880489010222390789
0.0587579121041170784889295930498
0.0454771963103232368386130701765
0.0192079069623319748094658621085
-0.000471240199340161559308365335497
-0.0291579233529688647275079915744
-0.0615735284372373806172085153321
-0.104969901056737910383098721923
-0.136498452231718997440523821751
-0.173413167172496857082464316591
-0.214338923017785898395004551276
-0.258279051660278369251244612315
