2
7.89678927566821364791849191533
0
0
0
0
0
0.706494357321069799127144506201
-7.95994970224127670196630879921e-17
0.707718675091655535780432728643
0
0
0
0
0
0
0
0
0
0
0
0
0
0
0
0
0
0
0
0
0
0
0
0
0
0
0
0
0
0
0
0
0
0
0
0
0
0
0
0
0
0
0
0
0
0
0
0
0
0
0
0
0
0
0
0
0
0
0
0
0
0
0
0
3.59746853259540365956850246909e-06
0
0
0
0
0
0.707718675091655646802735191159
1.74426276735150935041121091013e-10
-0.706494357321069688104842043685
0
0
0
0
0
0
0
0
0
0
0
0
0
0
0
0
0
0
0
0
0
0
0
0
0
0
0
0
0
0
0
0
0
0
0
0
0
0
0
0
0
0
0
0
0
0
0
0
0
0
0
0
0
0
0
0
0
0
0
0
0
0
0
0
