3
636.806643886676738475216552615
0.114116075878806844112745011444
0.114217901040942843016168239956
0.114319842716797945292306337706
0.114421901118934243868352496065
0.114524076460330317961400226068
0.114626368954500554298014947108
0.114728778815387733036601503045
0.114831306257406298709788927681
0.114933951495472128079278206769
0.115036714744942453192422249231
0.115139596221685791554989464203
0.115242596142020314875509257035
0.11534571472277203862955019531
0.115448952181214259393726706548
0.115552308735120248806005349707
0.115655784602752928491575801218
0.115759380002825068567418043131
0.115863095154584538892805767318
0.115966930277714874719663384894
0.1160708855924176274854175972
0.116174961319380681823432155397
0.116279157679762878974116802056
0.116383474895236316282165489611
0.116487913187955274829654683799
0.116592472780569875179246253083
0.116697153896195740530039586247
0.11680195675850695014030833363
0.116906881591628306060748343498
0.117011928620176258730722906876
0.117117098069276170946295678732
0.117222390164588241567855675385
0.117327805132238047192139163144
0.117433343198868334056328421866
0.117539004591597162630023376551
0.117644789538086685931617125789
0.117750698266482309306546483185
0.117856731005461318195770559214
0.117962887984185096912348456044
0.118069169432345050241295325577
0.118175575580123468077964332679
0.118282106658227942341810035032
0.118388762897869773138559423842
0.11849554453081725946539393135
0.118602451789295071371554968209
0.118709484906098380885275389574
0.118816644114489500250186893027
0.118923929648305670703223313467
0.119031341741878626816486530515
0.119138880630050611464376686399
0.119246546548218410044306381224
0.119354339732290176678830562196
0.119462260418708263176590378407
0.119570308844411554716202772397
0.11967848524692049905215895933
0.119786789864252382620257719736
0.119895222934974510220484944512
0.12000378469816538884451517788
0.120112475393457790451279265653
0.120221295261022056988231554442
0.120330244541566808158528090189
0.120439323476314794070241021018
0.120548532307058309243075200357
0.120657871276131284377086672066
0.120767340626381183832371846165
0.12087694060122904093912410417
0.12098667144464751721510964444
0.121096533401130718177185485729
0.121206526715741974564721772367
0.121316651634065450493515925245
0.121426908402297140110448481209
0.121537297267101579434367408794
0.121647818475760019496512143178
0.129990807083950665745675223661
0.200013651077429188696044093376
0.194632758358706969836759981263
0.189243874193841060682430565976
0.183846987088510660512952199497
0.178442085512483750164847151609
0.173029157933731331242555029348
0.167608192788812254692132341916
0.162179178500794135553420005635
0.156742103468508892083477235246
0.151296956090926248972294843043
0.145843724723207918136935745679
0.14038239772036972818902711424
0.134912963412572056709493040216
0.129435410105451759177341841678
0.12394972609751309100545313413
0.11845589966119544900191584702
0.112953919053637594216432660232
0.107443772509966381512036548429
0.101925448245693148208168565816
0.0963989344616411197863570237132
0.0908642193428254862919146717104
0.0853212910415074021752701582955
0.0797701377052772442333150593186
0.0742107474629555424749938197237
0.0686431084078358150213361454917
0.0630672086290074707104480467024
0.0574830361920182705826043445541
0.0518905791488298087643649125766
0.0462898255248527373817424290792
0.0406807633352760239509038342476
0.0350633805534567646877697200125
0.0294376651701096399282864268798
0.0238036051210539917333264270383
0.0181611883476906176004828097348
0.0125104027533704271341052916
0.00685123623768585637144878930371
0.00118367667563352182806546419869
-0.00449228808480775943651197579243
-0.0101766702028313008737692157979
-0.0158694818652504246458967429589
-0.02157073527578917335190133997
-0.0272804426590446784384180745064
-0.0329986162551514569662991505083
-0.03872526833136596957629649296
-0.04446041116731133668871223108
-0.0502040570702450283935291963644
-0.0559562183576819693886506001945
-0.0617169073730114980946837022202
-0.0674861364746763281452501814783
-0.0732639180522649952065350476005
-0.0790502645036568474257165917152
-0.0848451882530200512944063007126
-0.0906487017260124289252942730855
-0.0964608174054345790526809878429
-0.102281547762723787342586945215
-0.10811090529764928735989570896
-0.113948902541692501100278889226
-0.119795552023691395659987790623
-0.125650866317620457657255883532
-0.131514857997852230298008180398
-0.137387539671264713447840222216
-0.143268923959042948634845515699
-0.149159023501122617316738683257
-0.155057850972224658958609211368
-0.160965419045517837970393770775
-0.166881740425926711202109231635
-0.172806827843743487926886359674
-0.178740694040406905562790029762
-0.184683351791365690797164234027
-0.190634813867121555297501345194
-0.19659509308443534614241343661
-0.202564202277818294906097662533
1.49140489425531026167214893948e-10
0.306219202496545439551312028925
0.255483996228672072259513470271
0.210489853033265061910128679301
0.170308644126691416387231470253
0.131150918182178721771435903065
0.0934649023047018495669036042273
0.0601592008376550940740301598453
0.0298766856538177326407801359665
0.00610848040467060812014343795795
-0.0219979749771277849346162724942
-0.0409163452658606666134666340895
-0.0619189313583378697636305787455
-0.0800126485092802069987172330912
-0.0936692045177634491359697221924
-0.108243250871445553795702210209
-0.120372385208319512828190056553
-0.127530611531855742057928182476
-0.132280249688219608827921547345
-0.139134046010427697703804028606
-0.143773030285022085372759192978
-0.144103207527301324653024039435
-0.141396822646937120326882109111
-0.141458968722623090741308260476
-0.140123341507617571455313054685
-0.132612214440874370824374750555
-0.128672625437886017918387437931
-0.120023037575845578639466282311
-0.11319124495757015846919557589
-0.104349830136068480457289808783
-0.0969809653148732547789379054848
-0.0871055727693407222389510025096
-0.0719062108411426953447076471093
-0.0608434296856022807653552320062
-0.047673250776978315368381799999
-0.0346026688186761716137240796343
-0.0219643992388811049032426581107
-0.00811081787017514654891670033976
0.00405096396753738211687911885406
0.0157836969478334331051794237055
0.0270250433884805414674890045035
0.0423784228503130688814337645454
0.0512299090370297999230686514238
0.0641954549033191546048016107306
0.075644775380389245311718582343
0.0853277333186839570533521737161
0.0960497493454293554959733114629
0.105072952823927576182505561064
0.116399608665676140839551067074
0.120570804797907882299767834411
0.127843090874972975523604645787
0.131275000350233150836487538982
0.132950200550362801488191166754
0.134687671436237943467517652607
0.134536382248324093424685088394
0.131845375312634738307338011509
0.129887713215568884050910014594
0.125754772019444155395362372474
0.115899868115843698856970434008
0.10666433553214579865731082009
0.0963963748093656092041925376179
0.0799232408929480137027567820951
0.0645878654511941735494318095334
0.0450325750690892118166530622148
0.0209278028488187328726155556069
-0.00468508583204654566883862187865
-0.030552042640168235870801183296
-0.0617855749534077583473568040517
-0.0987487480281822316285911256273
-0.131073163342294629618578483132
-0.175195349641388692374377455963
-0.214910977499540106760989033319
-0.263236185015305379497618787354
