2
12.4183233953840534979917720193
0
0
0
0
0
0.706571048935401124779787096486
-1.01223398530524635464153999314e-16
0.707642107852781032661937388184
0
0
0
0
0
0
0
0
0
0
0
0
0
0
0
0
0
0
0
0
0
0
0
0
0
0
0
0
0
0
0
0
0
0
0
0
0
0
0
0
0
0
0
0
0
0
0
0
0
0
0
0
0
0
0
0
0
0
0
0
0
0
0
0
3.06677702449322103230543168362e-06
0
0
0
0
0
0.7076421078527811436842398507
4.092642879721638060630734259e-10
-0.70657104893540101375748463397
0
0
0
0
0
0
0
0
0
0
0
0
0
0
0
0
0
0
0
0
0
0
0
0
0
0
0
0
0
0
0
0
0
0
0
0
0
0
0
0
0
0
0
0
0
0
0
0
0
0
0
0
0
0
0
0
0
0
0
0
0
0
0
0
