2
1.74413570247782478972453645838
0
0
0
0
0
0.706502324718505270162438591797
-9.00981198358203633034942556086e-17
0.707710721387876051657883635926
0
0
0
0
0
0
0
0
0
0
0
0
0
0
0
0
0
0
0
0
0
0
0
0
0
0
0
0
0
0
0
0
0
0
0
0
0
0
0
0
0
0
0
0
0
0
0
0
0
0
0
0
0
0
0
0
0
0
0
0
0
0
0
0
7.55366892763861480652337089536e-07
0
0
0
0
0
0.707710721387876162680186098441
2.07680573604088361515268399271e-10
-0.706502324718505159140136129281
0
0
0
0
0
0
0
0
0
0
0
0
0
0
0
0
0
0
0
0
0
0
0
0
0
0
0
0
0
0
0
0
0
0
0
0
0
0
0
0
0
0
0
0
0
0
0
0
0
0
0
0
0
0
0
0
0
0
0
0
0
0
0
0
