3
1457.03961965639882691903039813
0.114248882427322714927520053152
0.114347169495789380277983582346
0.114445566450227201316103275985
0.114544073485021880021150764151
0.114642690794999432823964014005
0.114741418575438500204732861221
0.114840257021999153641544921811
0.114939206330777490827621534208
0.115038266698301888668609649358
0.115137438321476298641599100847
0.115236721397720953685706035685
0.115336116124799104021292350808
0.115435622700952186803213805888
0.115535241324816254082641364676
0.115634972195468005429219715552
0.115734815512430908035490517705
0.115834771475630732284756163608
0.115934840285467299914046179765
0.11603502214270697279197008811
0.1161353172486406515329093736
0.116235725804896314339309526531
0.116336248013634610543043379494
0.116436884077383798197224962223
0.116537634199141551527567628455
0.116638498582334104725077850162
0.116739477430831128934585194656
0.1168405709489585136973133217
0.116941779341465781905107235161
0.117043102813541743945080497724
0.117144541570864429980147747301
0.117246095819492412992701702024
0.117347765766014522359483862601
0.117449551617367087263943403741
0.117551453581013348737016599443
0.11765347186484878538870191278
0.117755606677213936483994416449
0.11785785822687581958501112922
0.117960226723110198077115740034
0.118062712375638173556424703747
0.118165315394570813456454061452
0.118268035990578335159284506517
0.11837087437468288286801509912
0.118473830758457923661985944364
0.118576905353901224104973266549
0.118680098373444134485232837051
0.118783410030018590775036102514
0.118886840537018756425169385693
0.118990390108298260685160130379
0.119094058958167312023412875988
0.119197847301418247134563443979
0.119301755353280844462737775302
0.119405783329493392352915748233
0.119509931446263956145159568223
0.119614199920242414432181021766
0.119718588968556943763488220611
0.119823098808862119057927486665
0.119927729659204673762218362754
0.120032481738172755458826657105
0.120137355264800765874966259616
0.120242350458629201903626437797
0.120347467539651822865387487127
0.120452706728344627329363447643
0.120558068245688598807419111836
0.120663552313125574388941174675
0.120769159152612062801956938074
0.120874888986552700420595840569
0.120980742037852737058578611595
0.121086718529943834776751998561
0.121192818686676459516426973551
0.121299042732457021398495555786
0.121405390892146344827828841062
0.121511863391109378729204593128
0.260774286444156622177814597308
0.199991730949498819347454059425
0.194606274615808955141815772549
0.18921294986674605520526881719
0.183811745423338918081768156298
0.178402650007211310834165374217
0.172985652299272096854565461399
0.167560740979972866426805921947
0.162127904707975167841738084462
0.156687132112332372368967980947
0.151238411819862417218018890708
0.145781732433449440211603587159
0.140317082530096032266797578814
0.134844450671741805658498947196
0.129363825404606641589211335486
0.123875195266707954777629652199
0.118378548762930371762713832595
0.112873874382760364110112050184
0.107361160598324678616677374521
0.101840395871826680518346108784
0.09631156862892237269235806707
0.090774667290422259013915606829
0.08522968026132685115392462194
0.0796765959198128814744421788419
0.0741154026236855861808905387988
0.0685460887118950340513023888889
0.0629686425205448485620252085937
0.0573830523490386143481423175672
0.0517893064896009502895424247981
0.0461873932039437509744495002906
0.0405773007432943602634800583928
0.0349590173395405087730658522105
0.0293325312012750749612877143591
0.0236978305288923218885344113005
0.0180549034898262079906761101711
0.012403738234861723041535519485
0.00674432291768530239178813801004
0.00107664563035344130852155597466
-0.00459930550910065197300902184452
-0.0102835424358158136759477940814
-0.0159760770826128488397710469826
-0.0216769214087416707548161554087
-0.0273860873957374080511772973523
-0.0331035870396003753524105661654
-0.0388294323583926528908882858104
-0.0445636354010436677719475540016
-0.0503062082015766701137415850553
-0.0560571628522844866981955647134
-0.0618165114426915893175440430696
-0.067584266093187364554673024486
-0.0733604389259448902427251937297
-0.079145042101387813593404985113
-0.0849380877983294257926871750897
-0.090739588193245790392893468379
-0.0965495555167889263348257600228
-0.10236800199035568648131544478
-0.108194939867287134860340813702
-0.114030381426317925508406858626
-0.119874338949348832605856784994
-0.125726824748477850057781779469
-0.131587851164229385769743885248
-0.137457430536786079366962098902
-0.143335575243824536739722930179
-0.149222297669807740794212236324
-0.155117610234987851614008036449
-0.161021525360488054756658016231
-0.166934055507300727061448242239
-0.172855213138476515588592974382
-0.178785010747566447397716160594
-0.184723460852807996879221263953
-0.190670575973005240744129196173
-0.196626368666878437174716509617
-0.202590851508103547695682777885
2.52947555329505232300677175305e-10
0.305153912023898521432840880152
0.253971921250899235200648718092
0.212895301447728335642040065068
0.171451502619425238949091294671
0.131935354332124138432291715617
0.0940875280812563941079673668355
0.0618111358153745904520093290557
0.0291210363333424572529484208872
0.00215323670022878055352322235194
-0.0214542770828061654664331570075
-0.0419999513049814782172930449633
-0.0619454395988231626413167418832
-0.078920267983692241053894633751
-0.0952693548936423550976826390979
-0.107725905136804786521587118386
-0.121572789579667800419215950569
-0.131154014445932470822597792903
-0.131967595422236544377980749232
-0.137191196817093796767039748374
-0.141000685526536134739572503349
-0.142046043980947056528663097197
-0.14153517184340458356928138528
-0.140332259518441027079660443633
-0.136307279377879259074646256522
-0.135122904945589511482850753055
-0.129779545219839309577736230494
-0.125974209716538360082083158886
-0.111070690891429804669776615356
-0.104265774246479633879935988716
-0.094695407488347788094174006801
-0.0862782356534031874550905172327
-0.0722796676849219582594585631341
-0.0613889212056895061664363311138
-0.0497658142988885998647674568929
-0.0357682120696143704408065389089
-0.022489537417328633872593002252
-0.0109787572276890555561523754591
0.00266055342529854374142295192485
0.017643136093990860469027381896
0.0292967594738919659413944884818
0.0440217025200277597973830268074
0.0532756243226282580338626360117
0.0646724364704148457771992752896
0.0751449588889509800804233918825
0.0880179801932200328584698922896
0.0952759622099906000602942413025
0.108308514236701569632970176826
0.113241635595870596131540253282
0.121545929263761218197537061769
0.126011759581937249352634466959
0.129311836376946071025528794962
0.134696296046346281061190097716
0.134954201713594179601329869911
0.134485288910131672857062312687
0.132185487026806491872576998503
0.132956714955635491026697536654
0.125938428315425732240129264028
0.11278864095155075042420378395
0.109357946786980603226524522142
0.0935035679230415001095266802622
0.0775026650195304311896649096525
0.064322222684796773184423557268
0.045876242714393236643566353905
0.0198411018437918938717157146812
-0.00572853255940332980328255629843
-0.0315080116522754027919006603042
-0.0639441453369803819439809444702
-0.0932110812065748556287658743713
-0.13322554244920084554060224491
-0.170913695345992266982904084216
-0.218798578997300707804640751419
-0.261761917318805492627120656834
