3
338.625180475956938153103692457
0.114812511356319993383046096369
0.114895729675574223560552411527
0.114979031201670578443696513204
0.115062416058796551654452855473
0.115145884371337492435571903115
0.115229436263892259795227346331
0.115313071861327068323710420827
0.115396791288719852142108379667
0.115480594671372990833724259119
0.115564482134874774166277688892
0.115648453804982301318382553745
0.115732509807700278958719763978
0.115816650269324028510453672425
0.115900875316328533237708597881
0.11598518507544854083679553014
0.116069579673650988271838002674
0.116154059238123330555225720673
0.116238623896335699359205761994
0.116323273775959343256936051603
0.116408009004901280558641474272
0.116492829711372189449569702901
0.116577736023710465396163726837
0.116662728070595925200514386688
0.11674780598090372940589531936
0.116832969883766069063568693309
0.116918219908553139285700694927
0.117003556184864840328252455492
0.117088978842585830775213651123
0.117174488011769648010407252059
0.117260083822795888042200829204
0.117345766406253396163528179841
0.117431535892959237887822609991
0.117517392414026755620426456517
0.117603336100744512715543521608
0.117689367084710949651338296462
0.117775485497772627874191186947
0.117861691471941587572302978515
0.117947985139601918547214154387
0.118034366633286119663281965586
0.118120836085825020589368250512
0.118207393630294171904537847695
0.118294039400028833108891035408
0.118380773528574387287726210616
0.118467596149793172322084444659
0.1185545073977289781685939829
0.118641507406742022223689048133
0.118728596311387463169140232822
0.118815774246555136417491382872
0.118903041347299134877779636099
0.118990397748997625559930213512
0.11907784358723942641500315176
0.119165378997901152957616943695
0.119253004117114091986451285266
0.119340719081245494326282141628
0.119428524026930327206486026625
0.119516419091087247594806797224
0.119604404410846007489332976093
0.119692480123644459655274374654
0.119780646367160084619918336557
0.119868903279324048871679053718
0.119957250998331099722804538033
0.120045689662680130083138863029
0.120134219411055606641092197151
0.12022284038247177395675180378
0.12031155271618203250749701283
0.120400356551710815966593770554
0.120489252028829235685591925176
0.12057823928759625609075101238
0.120667318468309345269595667105
0.120756489711586340041193921024
0.120845753158271465577122683044
0.120935108949478120621279231273
0.0263382322474846435056416993348
0.199931276303630389712395754032
0.194523707683379815103208443361
0.189108867902477495448465560912
0.183686746880302897988457289102
0.178257334456578764303458228824
0.172820620495825610918316783682
0.167376594848321902375687386666
0.16192524733498508959783634964
0.15646656776866327276387380607
0.15100054595281472979984016547
0.145527171640723373968739906559
0.140046434616447279530859759689
0.134558324628040543169404941182
0.129062831368003311238723540555
0.123559944575820229717422193971
0.118049653971645227001907585418
0.11253194918151582237797470043
0.107006819912458195354076906369
0.101474255772545540743578840193
0.0959342464261389860080697644662
0.0903867814706645483768809867797
0.0848318505066444628059940669118
0.0792694431117853398616190929715
0.0736995488489225192285658749825
0.0681221572593451174526535396581
0.0625372579018549923368652798672
0.0569448402603822123602128613129
0.0513448938262951737332429047456
0.0457374081042826313714400043864
0.0401223725566146605103767797118
0.0344997766075799822127478932998
0.0288696096977183666587585264551
0.0232318612402060628574496092824
0.0175865206494000593517856856352
0.0119335772616007834701079559636
0.00627302047599521527682098209766
0.000604839622449196271693205861908
-0.00507097597116327233196519941316
-0.0107544369869300195097228112218
-0.0164455541477561625884895590843
-0.0221443381633778281492030970412
-0.0278507997806999203771471940172
-0.0335649497544210084765126111961
-0.0392867988643567991879912426612
-0.0450163579017996418052405260823
-0.0507536376792172630456612125727
-0.0564986490032783825188111848092
-0.0622514027504761577325176347131
-0.0680119097754023627100394833178
-0.0737801809361482291427236646086
-0.0795562271491833672421023493371
-0.0853400593295137593896626526657
-0.09113168840785783320068702551
-0.0969311253249460491598910039102
-0.102738381067913414623760104405
-0.108553466589465533176372957769
-0.114376392912139551727435105022
-0.120207171066966059247427267564
-0.126045812072901469713670508099
-0.131892326989677372006681821404
-0.137746726918937634209783027472
-0.143609022906941663499935657455
-0.149479226094423739423788788372
-0.155357347595770522996616591627
-0.161243398565909995534539689288
-0.167137390144542929970583600152
-0.173039333545437018502255455132
-0.178949239943849841560918889627
-0.184867120568999232510520869255
-0.190792986669828940060611444096
-0.196726849463921715788217170484
-0.20266872024860610457253073946
1.0612949944056929745588742796e-11
0.316051552422927817254105775646
0.248871215596363437594362721939
0.200853667042975331247234294096
0.1709727138659347944749100634
0.127309787750337133349631812962
0.098051729950517599321280215463
0.0652564215628175098293795031168
0.0235843894558691036245079430955
-0.00692409192911903025036135517212
-0.00345719876418387490196737488191
-0.0138062533552616613363728248487
-0.0675310349343597599025557087771
-0.0727661111576315688953542348827
-0.112940927049407086046883819108
-0.124774087731933769340741946507
-0.143096603940235156393612214742
-0.14082222072246802779815766371
-0.112411104015855439763882372972
-0.156928154805774544566787653821
-0.166130074386892506721480344822
-0.134838800338135444967235798686
-0.116619082740169063838742147254
-0.111126592080090319525353947938
-0.133885683981997238856109788685
-0.123631072960064189447670912614
-0.131583904189823852615148780387
-0.120510015034473380590718250005
-0.117739657101837008612577051281
-0.106116725636335770821538915243
-0.103235519737576483811913874433
-0.0870294366712129618957050070094
-0.0612281051351103375313122967327
-0.0709604072629622661949611028831
-0.0433806180444498701298527976178
-0.0268682274268224260960202798287
-0.0228502584485196121033556693192
-0.00592448729967902463361406617537
0.00572001352472324697817640526409
0.0103616892278124549803264287107
0.0364036731575059432919339030832
0.0471805106075028277134997267694
0.0465632783026240157364661342854
0.0649865562863720519493071492434
0.0829442528293944936201853579405
0.074056032897262147329797699058
0.0874614002240880622496277396749
0.108258166442814857122201033235
0.0998511650574772369193254917263
0.112035773912764244353290621348
0.11927274551222163956332167345
0.121343302979637093774734069029
0.157776889536829667548545330646
0.142078538878802951295199363813
0.132915847605192011249286565544
0.141735568927238597680684506486
0.145417583750959616972764365528
0.128867418186251386780227790041
0.113433161123608669540452353885
0.097210406739426546973703580079
0.100301505190691933600000140814
0.0668584065079871753267681810939
0.0657029202985018878635514738562
0.0419747595631031200635874256477
-0.000891500400743784875839947901
-0.00707520376455996607978349288715
-0.0273306575817398450523043607063
-0.0508472293804151653784373365852
-0.105980451076797141385377187817
-0.116765349184856662145826078358
-0.183040172011457696887859469825
-0.217840273549358087734617583919
-0.252737119620417338694551290246
