2
29.703965834520111854999413481
0
0
0
0
0
0.706545033428244151352259905252
-8.46399464850491216160070060283e-17
0.707668083028958561087051748473
0
0
0
0
0
0
0
0
0
0
0
0
0
0
0
0
0
0
0
0
0
0
0
0
0
0
0
0
0
0
0
0
0
0
0
0
0
0
0
0
0
0
0
0
0
0
0
0
0
0
0
0
0
0
0
0
0
0
0
0
0
0
0
0
9.3695790293005062123474560587e-06
0
0
0
0
0
0.707668083028958672109354210988
2.67904480777561383672955415969e-10
-0.706545033428244040329957442736
0
0
0
0
0
0
0
0
0
0
0
0
0
0
0
0
0
0
0
0
0
0
0
0
0
0
0
0
0
0
0
0
0
0
0
0
0
0
0
0
0
0
0
0
0
0
0
0
0
0
0
0
0
0
0
0
0
0
0
0
0
0
0
0
