3
6338.24680459441788116237148643
0.114695040932450587067847891376
0.114781407247314629072043601354
0.114867862124883701735456043025
0.114954405702920786636056504904
0.115041038119534158590262507005
0.115127759513055108464563147663
0.115214570022066836729734973233
0.115301469785469387629994741928
0.115388458942394328543556980549
0.115475537632276040178602727337
0.115562705994766132255868740231
0.115649964169853014528399626215
0.115737312297752581446985686853
0.115824750518955368883133871805
0.115912278974247676122111272434
0.115999897804683643753875799121
0.116087607151564145557820495469
0.116175407156487595083937947038
0.116263297961354358789343166336
0.116351279708262242418292942148
0.11643935253969051046851745923
0.116527516598296326799655275863
0.116615772027088254736426620184
0.116704118969312750642153275749
0.116792557568494437258976859084
0.1168810879684636649944451392
0.116969710313340316543140318117
0.117058424747469982940550892181
0.117147231415518277009013559109
0.117236130462422774578534756529
0.117325122033427653445158966861
0.117414206274041171829125573822
0.117503383330037000642498412617
0.117592653347508915850916366708
0.117682016472807460250038502636
0.117771472852612829607110711549
0.117861022633817563720626253598
0.117950665963685613624178927239
0.118040402989695661362112844017
0.118130233859657998718439841923
0.118220158721686896541314126807
0.11831017772414022248828047168
0.118400291015689523854703679717
0.118490498745293854065963046196
0.118580801062242488508324811392
0.118671198116034465330770331093
0.118761690056524205072463473698
0.118852277033862682720233294731
0.118942959198474945692325377422
0.119033736701066289453976310142
0.119124609692661309612304876282
0.119215578324602319848501963406
0.119306642748493244021723569404
0.119397803116221667973917419658
0.119489059580022025097711946273
0.119580412292407095575796915909
0.119671861406171767261419347506
0.119763407074443176125733145909
0.11985504945061432879871432533
0.119946788688402986022829566082
0.120038624941854299432719699325
0.120130558365259987319006995676
0.120222589113260475146560679605
0.120314717340786331289947952428
0.120406943203054492275150266778
0.120499266855626174788085336331
0.120591688454333004210106139453
0.120684208155339395274197045183
0.120776826115115434867597343782
0.120869542490437603676767253091
0.120962357438360312844594091075
0.12105527111630962067145844685
0.619339915730823031836393965932
0.199938265094837835933461178684
0.194535775735254101714843955051
0.189125877866753666634025421445
0.183708561099980460795677572605
0.178283815080899493699106983513
0.172851629333206052718807654855
0.16741199347154900323175752419
0.161964897007933733563689315815
0.156510329525810260031803977654
0.151048280505132970219506205467
0.145578739460956813056569103537
0.140101695874665727048480334815
0.13461713921361456725023231229
0.129125058925406377419164982712
0.123625444450594049183855815954
0.118118285213244467168891560505
0.112603570606521527497356771619
0.107081290002939075178822747603
0.101551432779011088780585225777
0.0960139882990913851035230663911
0.0904689458698753057319663639646
0.0849162948100356668179600205804
0.0793560244369061612568216901309
0.0737881240202380994652742174367
0.0682125828196727401753207686852
0.0626293900962821142863745649265
0.0570385350658374479237977539015
0.0514400069507169946381175407168
0.0458337949216968618126877288432
0.0402198881969415278359036847178
0.0345982759028007555435202391436
0.0289689471872374149086226680083
0.0233318912050217569520427218777
0.0176870970290880467901128980657
0.0120345537723924450590473611555
0.00637425049588218571583464466812
0.000706176257114896305071283233445
-0.00496967990015955134869285458876
-0.0106533289541844936737513549474
-0.0163447819178893713476519167216
-0.0220440497844219436551771451605
-0.0277511436112421912281167379888
-0.033466074431651018916689110938
-0.0391888532949440648867067693573
-0.0449194913368408874076997960856
-0.0506579996040762495224107908598
-0.0564043892766065979582634781764
-0.0621586714427116646120019538557
-0.0679208572769965379656298409827
-0.0736909579727761804290864233735
-0.0794689846927433968248877249607
-0.0852549486658348842915700060985
-0.0910488611261949520869762864095
-0.0968507333139862341964132497196
-0.102660576497052555278166607877
-0.108478401945448013621309257815
-0.114304220985319740511165775843
-0.120138044918313716125091161757
-0.12597988508127436202421733924
-0.131829752854625559255197231323
-0.13768765958646270175513848244
-0.143553616671944023197582396278
-0.149427635549113368984563976483
-0.155309727625336679857070976141
-0.161199904368711732782770695849
-0.167098177210483450627620527484
-0.173004557659454577533963970382
-0.178919057227448191627061646614
-0.184841687416466726734398662302
-0.190772459804043753583968623389
-0.196711385905804059248680459859
-0.202658477334244635503779363717
3.16426584500554342543436258734e-10
0.296479010380375329614111024057
0.272145841455605219660895954803
0.220859087007975574135087981631
0.169791178505326240122386138864
0.116092472284872891274964956665
0.101727196043891590648833300747
0.0436843090649452550633391467727
0.0412710010857706560694069253259
-0.0184739420043176331975853798895
-0.00989007891728502404327105779203
-0.0340641363813737815813276199606
-0.058719213854294328991390017336
-0.0966483812909602751917148566463
-0.111536739332087034282103843452
-0.0939956008182791236116315758409
-0.12147168119004031483498806665
-0.11679586310797122894467037213
-0.133519949658690906257874075891
-0.140618107495030564280114049325
-0.144478458573529700004201004049
-0.139041505722481389950573316128
-0.157623808466985676490779155756
-0.153441453863193383311269712976
-0.127741563742679642423638597393
-0.124948386363662580778033373008
-0.11164933625217816903774092907
-0.112101024283221079036465539502
-0.120399107547446690413828207511
-0.109166935686373173242103007397
-0.0928576056798760124388891767921
-0.0887183654195188020619156077373
-0.0679413285669863142857138882391
-0.0681435645015115165623598159073
-0.0599659461180990366324650153729
-0.0471838607827062272992435509877
-9.18559584783119442274318400266e-05
0.00733917100440224703244984638673
-0.0130803572667089907516357882855
0.0297440067956899478751608967286
0.0517684186344057328810208673531
0.0367868297040765956928964897088
0.0520643109667063494483407737334
0.0718985475105185373179139673994
0.0632914291900910086496878648177
0.0800398917385150149295114374581
0.0931563233977230203963770804876
0.117252861510459965854735742141
0.121517896461981342315361587225
0.104147931108466235139431432799
0.133851402682673759070297592189
0.146040773504021281770093310115
0.135647725241584499178415512688
0.123253745728836558437357950879
0.141706318454575541654349990495
0.115144017797788891788179910236
0.113064827139364401653587322016
0.109125109660786562271184152451
0.0984939296870396413519088696376
0.117819384648737826570830122819
0.0769481618960100588466843873903
0.080835194582249497718962061299
0.0779046227292533310926359035875
0.0622695669098994666890156679528
0.0111553286503587832656503309181
-0.00234817270345014225338409197263
-0.00166503519151568681218311684944
-0.068284171164510076845743924423
-0.102224714174643849240453619132
-0.124744088504996783473011134902
-0.178776568262262292030584376334
-0.22418683581863563247793535993
-0.257739609478565390165982762483
