3
58.82557332534815941471606493
0.114324445272503100179406487769
0.114420717210888145398683946041
0.114517095319826053834155743516
0.114613579783707217329968841568
0.114710170787191576002861381767
0.114806868515446774958732589766
0.114903673154031479852754671356
0.115000584888813636719184785306
0.115097603906111511928855861697
0.115194730392644245631217359005
0.115291964535522400980838142459
0.115389306522218848538585689312
0.115486756540657931058291296722
0.115584314779157967811862306462
0.11568198142639769809836280956
0.115779756671478828433663466058
0.115877640703941020561273944622
0.115975633713657974577238007896
0.116073735890952767224604258445
0.116171947426587748863902049834
0.116270268511631247321247428772
0.116368699337675005067715972018
0.116467240096621460487824606389
0.11656589098085133604509877614
0.116664652183135431062765974275
0.116763523896625170950258620906
0.116862506314917791172547367751
0.116961599632040114116193763039
0.117060804042386570889000552143
0.117160119740800594545504509369
0.117259546922519872214074609929
0.117359085783251382295588882698
0.117458736519027259759262449279
0.117558499326386275973810313644
0.117658374402250354151533429103
0.117758361943997025278463297582
0.11785846214932478581705055376
0.117958675216496028381740757141
0.118059001344121713983348342936
0.118159440731229484211617375422
0.118259993577276387166641313797
0.118360660082201668563683938373
0.118461440446316665364712150676
0.118562334870397523278739981833
0.118663343555589592681620558778
0.11876446670355834955845608647
0.118865704516339931728907686193
0.118967057196443154465370639628
0.119068524946753739879312661287
0.119170107970695104970815236811
0.119271806471987637521259273399
0.119373620654937936946815568717
0.119475550724171902805537115455
0.119577596884826720113892406516
0.119679759342456865089943107705
0.119782038303056587169592717146
0.119884433973080767321661710412
0.119986946559417675950420800746
0.120089576269376663297805407637
0.120192323310780127543218043229
0.120295187891827651260889808782
0.120398170221204844909657083463
0.120501270508027738537215611814
0.120604488961914141365028285691
0.120707825792850789725640936467
0.120811281211342158581345529456
0.120914855428323433916837359448
0.121018548655204991049139096049
0.121122361103814663030320275539
0.121226292986467101830960757525
0.121330344515956742301732163014
0.121434515905477866115624863141
0.00969441578477563299653940731559
0.199980302377878116359966043092
0.194592161154784698551267752009
0.189196223918484285331231831151
0.183792479567463390432990877343
0.178380916934615829649857232653
0.17296152484308588426209496447
0.167534292106640808617257221158
0.162099207528170308201254101732
0.156656259882250015191829106698
0.151205437924141899985741588353
0.145746730398030099884465471405
0.140280126018410028487792828855
0.134805613494362763749023770288
0.129323181511236756646709977758
0.123832818733383753784238479057
0.118334513819416509150528327154
0.112828255393086177016392923633
0.107314032075197490767592967131
0.101791832463342057923938455133
0.0962616451149615887095123412109
0.0907234586129086195693815852792
0.0851772614849735237863015413495
0.0796230422576881397001002937941
0.0740607894196552013488243915162
0.0684904914826394844995505195584
0.0629121368931200158902683483575
0.0573257141208997969550331674782
0.0517312115700295505060779532869
0.0461286176705035175227287425059
0.0405179208009010805024985302225
0.0348991093411243832878021464694
0.0292721716511067583943450642892
0.0236370960666214616208158361133
0.017993870903596737714780218198
0.0123424844513706100795902287359
0.00668292500526297249957563550993
0.00101518082263655920818856692733
-0.00466075986047771988890486838386
-0.0103449088064950980164757865509
-0.0160372778156884741862509002885
-0.0217378787179555756081672512892
-0.027446723330057300194173564023
-0.0331638235068738435051827195821
-0.0388891911330456474527039745226
-0.0446228380673574301362727112519
-0.0503647762541004767600227864932
-0.056115017602144386110740725826
-0.0618735740555094310133554813547
-0.0676404575967320814688932273384
-0.0734156802043704759253017755327
-0.0791992538882573537950548825393
-0.0849911906610486961310968467842
-0.0907915025927955587903284140339
-0.0966002017207234081608291376142
-0.102417300142275846663864058428
-0.108242809957864422054640840543
-0.114076743290986548640120190612
-0.119919112270434460865153880604
-0.125769929075571079701845178533
-0.131629205882548089290295934006
-0.137496954899203244204741736212
-0.143373188326344686016611262858
-0.149257918415261897626677978224
-0.155151157430271136039579005228
-0.161052917655581717681911868567
-0.166963211369351216539769211522
-0.172882050910829698775472706984
-0.178809448612940763423395651444
-0.184745416841809395602780341505
-0.190689967974855212329288178807
-0.196643114391177847855018967493
-0.2026048685483000932894270818
8.67430081593457504171645377943e-12
0.304504951739915707964456714762
0.255531933585685933074671538634
0.215618874227007345512063807291
0.170007136246675794044591611964
0.126233910718950820273320800879
0.0939947464964451528945943437066
0.063033457965006534085006251189
0.0337169487401921055824693951308
0.00225018427475340504831380350481
-0.0193280732940021952870335297803
-0.0374230066432376107243840124283
-0.0676291708566977289862620636995
-0.0831834366274701031418459251654
-0.0955066679678426982968986180822
-0.104506589825935441995241603763
-0.119479916753776976845458079879
-0.126101919934355932717551240785
-0.131917159186860977193589405942
-0.143619836277098206211988440373
-0.150520836607233809978367844451
-0.146911083261716868264556978829
-0.142505320676082708475362892386
-0.137549823826470823950884891929
-0.141235125958339785556816536882
-0.133918009997023745860644794448
-0.130199337656780128602562740525
-0.119641254411892938858130719382
-0.112578673743629092962592608274
-0.102463748801858808845643977747
-0.0930062696721916243314254302277
-0.0824608061217453475189032019443
-0.0713651982297586057191196573513
-0.0597353596173515813405607843833
-0.0479261555305473332944110609333
-0.0308564709504905304582322855822
-0.0230240351273543683574551721449
-0.0114746600339979600707840390328
0.00593446330503049138127558137512
0.0183955960392271807013475637405
0.0259653490742111185685114804755
0.0436553537691281370869411659896
0.0543241677692581081959843913864
0.0677322717441693061823926313991
0.0735003632186156663497200725033
0.0804001992127281461808507856404
0.0930333308637366906967969271136
0.102726843733045775097778573581
0.118641886170238436415402816237
0.120515436886739699118287205692
0.12831191718953968705640988901
0.130718574894100214578429586254
0.12910675112814912202097161753
0.136092592289828423490760656023
0.137185272961754978204851340706
0.133461242259286766431713999737
0.129244501895529634305503918767
0.128245774693338504546247236249
0.114051091672975918323018618139
0.106104044726732224535048487724
0.0967171309693498904014319350608
0.0824696494688477027557027554394
0.0581227086422243521823816081451
0.0406092881315697762367733503197
0.0230918029278088451916595147395
-0.00501147311879662684525049698436
-0.0298212139089349716203347639976
-0.0668917215008094229178325917928
-0.0909269929962958772806658203081
-0.132132493886244595238110832724
-0.176187521076945935449842295384
-0.213799896347873052970811613704
-0.262364415281927720879906473783
