3
1705.87149349525293473561760038
0.114626289576923459656576653742
0.114714496440680463473782424444
0.114802795053723066809325814575
0.114891185562115152873907675257
0.114979668112197633278448449801
0.115068242850599078419548959573
0.115156909924254938215604227025
0.115245669480377427307260518319
0.115334521666466086053937090128
0.115423466630330845417162777267
0.115512504520020653497880402938
0.115601635483993256392487580797
0.115690859670860110575141277423
0.11578017722961772562051407931
0.115869588309518448121515632465
0.115959093060151313681060969429
0.116048691631366204801700803273
0.116138384173309641700377881079
0.116228170836436342505670893388
0.116318051771505739933054712765
0.116408027129578053870950782311
0.116498097061978361788092684037
0.116588261720386943132155010971
0.116678521256742939726791519206
0.116768875823307610728463146188
0.116859325572639449752898599399
0.116949870657599749868005289954
0.117040511231360028210346513333
0.11713124744739392135706168574
0.117222079459447209304201464874
0.117313007421624218573619202743
0.117404031488322027620974097317
0.117495151814217616004221156345
0.117586368554343401182649131442
0.117677681863986458021820169506
0.117769091898776087634637121937
0.117860598814651107435480525965
0.117952202767869218646978879406
0.118043903914967204804575828803
0.118135702412812459982660584501
0.118227598418618407016822402511
0.118319592089827910208477135257
0.118411683584294866178332483742
0.118503873060127995486823238025
0.118596160675789027982851564502
0.118688546590010879366872131868
0.118781030961898625974981769104
0.118873613950807296979483851374
0.118966295716481346156356835309
0.119059076418957035525814092125
0.119151956218587318225843318942
0.119244935276012875569051630009
0.119338013752267754763458640355
0.119431191808659548092563795763
0.119524469606838240620660940294
0.119617847308762903502099561592
0.119711325076737137851345949002
0.119804903073355797915588993874
0.119898581461610503895443002875
0.119992360404727049782991343818
0.120086240066306304541399185837
0.120180220610310375950469108375
0.120274302200954960606615884444
0.120368485002859113008888414242
0.12046276918094388219682144836
0.120557154900436364064475469604
0.120651642326923630443857859973
0.120746231626331981812150218047
0.120840922964906033465481982603
0.120935716509245283489804023702
0.1210306124262487265097476552
0.121125610883197287748203052615
0.187216554797622586336913741434
0.199943984952400677368444803506
0.194544331931648051270400401336
0.189137193746085979784155028938
0.183722559870289514627472726715
0.178300419761241363270087845194
0.172870762825383689209601811854
0.167433578490356060886057321113
0.161988856162700728402725758315
0.156536585209367890003662182608
0.151076755019822400738505052686
0.145609354931987677872484709951
0.14013437427659899969789591978
0.134651802355569089053588527349
0.129161628494967289926265152644
0.123663841947044911284692148001
0.118158431990356208030057416636
0.112645387864951332379526149907
0.107124698810246887781261193595
0.101596354021191645489174959494
0.0960603427000347037667538074857
0.0905166540340826969446297312061
0.0849652771631650427508475331706
0.0794062012450117288286932648589
0.0738394153991653590107802074272
0.0682649087462919856861276457494
0.0626826703487700781503022540164
0.0570926892979702477193271192846
0.051494954660013511626992510628
0.0458894554522868355905806936335
0.0402761806943099237576788596016
0.03465511939789894108043810661
0.0290262605518242684798924102552
0.0233895931166214453289509123124
0.0177451060322455986262291105504
0.0120927882501940427151243540038
0.00643262865732259232071088561611
0.000764616187943883301482428382911
-0.00491126030629378436398457807854
-0.0105950119650450366032279347905
-0.0162866499303933563724822164431
-0.0219861853877692213499184248349
-0.0276936295384042074907426922437
-0.0334089935898527756741316352418
-0.0391322887592156290481604230536
-0.0448635263073283649393196981237
-0.050602717489130047412437818366
-0.0563498736015960247081046929907
-0.0621050059337560772521058538587
-0.0678681258196884573674623197803
-0.0736392445753252522511189681609
-0.0794183735834766979522214569442
-0.0852055242071050322749670158373
-0.0910007078327604440604048363639
-0.0968039358854518583452630764441
-0.102615219787990749611417129472
-0.10843457098850534103817722098
-0.114262000967321225575190624113
-0.1200975211819597515683355482
-0.125941143162487279028027842287
-0.131792878417014758252179262854
-0.137652738487648418352904400308
-0.143520734947186506813565642915
-0.149396879361444800959901613169
-0.155281183330901129124868020881
-0.16117365847749468010796647377
-0.167074316437000602864060283537
-0.17298316884194922526951643249
-0.178900227390394295223785547932
-0.184825503771340632352959687523
-0.19075900967469339164495067962
-0.196700756841414692299707667189
-0.202650757025794797661077950579
1.08360336692886380845480050865e-10
0.306055931108912382399012130918
0.255420064991369821782996041293
0.217203755728931940938153388743
0.164476929969523510965956347718
0.124797411022938259383963099935
0.0958719930124041913588328611695
0.0530957196784720975024640665652
0.033033076182326259750965391504
-0.000850894226271043177534103563175
-0.00931886038753999487727064376941
-0.0364234793179427987497298602193
-0.0578629953904127372621424285626
-0.0799834597273148401042064392641
-0.0972334755430215441629471229135
-0.112873900875076149663556179803
-0.124081036761663071610328756833
-0.129376885945532371646748970306
-0.132571807357661525239578281798
-0.129494403660070755979205614494
-0.141829701937294383462528912787
-0.144424379558373283671812714601
-0.160182871814647798114350507603
-0.137848330966890281201742141093
-0.133152576667271899113487165778
-0.137351341132758458796203626662
-0.129345135543953826395835449148
-0.131920582419777110416703180817
-0.111198529019950115293013936935
-0.0931170258541016981901350391126
-0.0901742741080898968508705593194
-0.0852268838266568434791636832415
-0.0781926151177628897537275065588
-0.0610115825452361287828395575161
-0.0438598812431759202401515551628
-0.0255607032921879757936256538642
-0.0291337294812176600400377424194
-0.0017613075020919820735249006205
0.00415009799629728441672238403726
0.00666937740303678427283839980078
0.0337565912594110784095136068572
0.0460647800912436303222285971515
0.0529256224355850179996707538521
0.0694095275874418299322243797178
0.0844165536237053704127220044029
0.0832531513974672232603069232937
0.0856385860299883616697513843974
0.094196203107129644616080099695
0.115504518949199400101868207003
0.126508605356146303089204252501
0.134446776229539682878666440047
0.128427778732706054931611561187
0.127625698475236581952430015008
0.134050895551510756975588378737
0.136553423519697514354476197695
0.130907511176246438289183515735
0.1312672961960608952747264766
0.138112847521045883913970442336
0.105596587250698897841871826131
0.0943228518151248279677290042855
0.0936210754093565744593519184491
0.0893338191513736723514682580571
0.0689291436229510362521111233036
0.0240270663429357766993632594676
0.0325358189930831306901914956597
-0.00991989521480572851441781523363
-0.0435788310440531970191280208837
-0.0754241098974405277388655122195
-0.0752066593022603924190150337381
-0.118524146153754811328084883826
-0.160690669377438005716030033909
-0.210124119348745502788844419229
-0.283334327373450045595149049404
