3
106.964717304756987914515775628
0.114367855623536393561145985132
0.114462969196342259636800520184
0.114558186823852881097707268054
0.114653508684721738841716387469
0.114748934957966799985662476047
0.114844465822988073266941455586
0.114940101459533247640898423469
0.115035842047811254218458998366
0.115131687768300114416142321261
0.115227638801941506541126614138
0.115323695330028772043640117317
0.115419857534239098106887411177
0.115516125596629035121587492085
0.11561249969964013106782374507
0.115708980026096516779965384103
0.115805566759239891849730952345
0.115902260082640415350674345518
0.115999060180300705980016573449
0.116095967236602856664795524466
0.116192981436317441246153236989
0.116290102964575550736903153393
0.116387332006959665076095689074
0.116484668749415293254045877802
0.116582113378255761149127067711
0.116679666080216487555887283634
0.11677732704241111649778872561
0.116875096452386820211621909493
0.116972974498038062574067907917
0.117070961367690129506513585511
0.117169057250063657349414825148
0.117267262334260005673947091509
0.117365576809818281112107740682
0.117464000866610629447706060091
0.117562534695011322583013679832
0.117661178485715736674599440903
0.117759932429846475576695752352
0.117858796718961711391671087767
0.117957771544978690103633311992
0.118056857100262854731731465563
0.118156053577564243428632551058
0.118255361170047201824218063848
0.118354780071303483657274568941
0.118454310475301485827692715702
0.11855395257645938433821442004
0.118653706569588804353720945528
0.118753572649911182113058316645
0.118853551013092417765193431478
0.118953641855139055638623801769
0.11905384537260577104689218686
0.119154161762339810826105690467
0.119254591221701164438506737042
0.119355133948382041708669021318
0.119455790140565967782926293239
0.119556559996819619651198252086
0.119657443716172734449187942118
0.119758441498037007666432884889
0.119859553542284710814236348142
0.119960780049178622475025690619
0.120062121219441791941662245335
0.120163577254203846056412885446
0.120265148355055820350578699163
0.120366834723959981179319811417
0.120468636563387826443616290817
0.120570554076175701085915648036
0.120672587465644673421216737097
0.120774736935505139223678838789
0.120877002689930970746878813316
0.12097938493355138434015572102
0.121081883871368978233817870205
0.121184499708917495230942051876
0.121287232652066950810976209141
0.121390082907253074595566033622
0.0167626070204869789814772218506
0.199974114090010396393992664343
0.194584398532906405199227606317
0.189186929452642343951751513487
0.183781695810487810671673969409
0.178368686521503727604454070388
0.172947890507347573629814974083
0.167519296649262322551621195998
0.162082893831131780171261880241
0.156638670917352812450573651404
0.151186616739367341022415303087
0.145726720114243618597882345966
0.140258969856809134757469337274
0.134783354747876477075507750669
0.129299863565626921291240591927
0.123808485049601665894947188917
0.118309207937518812148169899956
0.112802020944847550265599522845
0.107286912758963168257331233235
0.101763872072049219030809297237
0.0962328875367935016038600792854
0.0906939478019470612935037934221
0.0851470414802947273003042027995
0.0795921571913223158123429357147
0.0740292835108350699702128849822
0.0684584090068680040097603978211
0.0628795222418005034237253880747
0.0572926117361806305772198300019
0.0516976660219191780365477484338
0.046094673573411237832431197603
0.0404836228821518415155189529742
0.0348645023982085758285087706554
0.0292373005653307448115096889296
0.023602005805219521822335693173
0.0179586065218291998646371609993
0.0123070911032490716563447818999
0.00664744791035193263034619448604
0.000979665274177179230472023441223
-0.00469626844752942321226107935672
-0.0103803649656838206660758316957
-0.016072635971109916486199153951
-0.0217730932129753008974493155847
-0.0274817484208352835750588383235
-0.0331986133752904186144938591951
-0.0389236998550234469806952120052
-0.0446570196491116247483610379732
-0.0503985846116477911871278649869
-0.0561484065589875139257181047014
-0.0619064973612531363467148537438
-0.0676728688996544730516191634706
-0.0734475330718330071677613091197
-0.0792305017912124376344706888631
-0.0850217870084730847901610673034
-0.0908214006583406285866288953912
-0.0966293547430097238271073933902
-0.102445661250962008481657505854
-0.108270332174958974769118924542
-0.114103379583223557558468996831
-0.119944815499732418406786393916
-0.125794652011892688081573510317
-0.131652901217176432346889214386
-0.1375195752261912374159180672
-0.143394686158161616118533743247
-0.149278246169884776239911161611
-0.155170267444654813582260999283
-0.161070762154944563393499379345
-0.166979742521559115786544680304
-0.172897220775238558143627187746
-0.178823209169188535039296539253
-0.184757719956142735240334218361
-0.190700765458323512335780947069
-0.19665235794352947662488872993
-0.202612509769063559028623444647
1.38849238702241527620240574861e-11
0.304491070168333655132641979435
0.26119203058935169803334019889
0.209680016433912735918099201626
0.172578002329498186862011266385
0.132350423330056476967087064622
0.0941620457564177476550426604263
0.0656796820392694935542010625795
0.0247220600992175028320918528379
0.00347182451028265086009905182607
-0.014757234435146914311443033796
-0.0421746828693873865301355863267
-0.0715291320983893891272131781989
-0.0874329234778418867835014793854
-0.097530554271456806891826829542
-0.117357252625508501342466161077
-0.119190597434725667480570621137
-0.127846742881229741284343504049
-0.134883446404424456321891057087
-0.136412929957348882936685185996
-0.140719258631586768837351542061
-0.139126234102206508547183716473
-0.145488166402392732345916215309
-0.139450802004050689042458088807
-0.134744156260067721175843757919
-0.128118612487028354918194850143
-0.137375334066342280614492210589
-0.122353821989772543199492815802
-0.111766299123479698196526044285
-0.101487409854551166588088051412
-0.0907850820942401881552541453857
-0.074803581687143266831796495353
-0.0707530376811258548963579073643
-0.0593373100869959355097016384661
-0.0455965465553212975780006388504
-0.0329858206172886289642143253786
-0.0216916350234493369997235134861
-0.0151253255789793109031826645605
0.0034744014167858929161003533892
0.0123245341740698000770892761579
0.0326836173865396595328292050908
0.0448736640449294357790854803625
0.0498665869199557271196354690801
0.0662720222490503774182002416637
0.0720117531657217119223091117419
0.0812242464561913207754528798432
0.0969080451238633344690498461205
0.0975366079816176317907050474787
0.113385539046494190906777532746
0.120499669216500876478548320847
0.125144683894101216292682465792
0.128659960886265467561173636568
0.133574853608290911033407155628
0.138500945468347180788981631849
0.136889470574597105212433234556
0.130864150503500753508490106469
0.12963931134459616423271199892
0.127104178608172552200628047103
0.120360388286845199079522217289
0.110485133503840149415964333457
0.0930772367715677895194659186018
0.0747757328405403154381048125288
0.0639689681293601347666921697055
0.0463706419962542290558182855875
0.0216346317852817646154583997031
-0.00398560045833584557228856937172
-0.0295642210770525604157654697701
-0.0616584068462933329590747177917
-0.0970228460191810415658153488039
-0.137618799993493273747802163598
-0.175670459370494302930865160306
-0.21237438910591338592226406945
-0.261674014282633204953043559726
