3
23023.8092153526631591375917196
0.114557167091773701161905307799
0.114647223084332408604701925015
0.114737374067584496639682356545
0.114827620196056301438147784211
0.114917961624599967995763449835
0.115008398508370759949492878604
0.115098931002861837313844262098
0.115189559263843249725667305938
0.115280283447400475060895530532
0.115371103709972000483929832626
0.11546202020828816303676944699
0.11555303309936193478790755762
0.115644142540584707323780833121
0.115735348689623637752355023167
0.115826651704485888982887331622
0.115918051743496314243131450894
0.116009548965249995045034836494
0.11610114352874989496200441863
0.116192835593238300018192887819
0.116284625318339787658494799416
0.116376512863959932775337335897
0.116468498390379246454351402917
0.116560582058123599069610065726
0.116652764028103636539945853201
0.116745044461554356440835533704
0.116837423519998567789102139614
0.116929901365351460174046849261
0.117022478159762341465288670861
0.117115154065795409876749033629
0.117207929246293821035074245174
0.117300803864483951799435601515
0.117393778083843200454872146565
0.1174868520682319505965551798
0.117580025981862207329342595585
0.117673299989241558760610928402
0.117766674255214753852527564959
0.117860148944965673067919453842
0.117953724224044223523044649937
0.11804740025828150407072314465
0.118141177213886006125420635726
0.118235055257408142037611753494
0.118329034555690187913157274124
0.118423115275969451087867412298
0.118517297585781458679754507557
0.118611581653049150131273847819
0.118705967645994753256744047576
0.118800455733176227313130368657
0.118895046083548866500123608603
0.11898973886635878793871512471
0.119084534251232207480164504432
0.119179432408122301656483443821
0.11927443350732398752445106993
0.119369537719517818108450057935
0.119464745215662165866987720619
0.119560056167138398230953555412
0.119655470745633138451857746531
0.119750989123215106912923033633
0.119846611472245748175602386709
0.119942337965536979793590433019
0.12003816877613525393453386414
0.12013410407755027720089202603
0.120230144043584966095927768492
0.120326288848403045728119309388
0.120422538666526829365110984327
0.120518893672852220322333494096
0.120615354042629671638131583222
0.120711919951458523936338451676
0.120808591575299578702029634769
0.120905369090484743344049434199
0.121002252673677340721880568708
0.121099242501940651539626969679
0.121196338752685775497219822228
2.81052696820200242910914312233
0.199950795932855529546401385232
0.194553905696039697303945104068
0.189149455653376458164061091338
0.18373743511618689794318015629
0.178317833401531178338927929872
0.172890639794752221103379952183
0.167455843549557364946522852733
0.162013433946557261489118673126
0.156563400195634305767100613593
0.151105731535860432490636640068
0.14564041713990485971130794951
0.140167446226641040363247725509
0.134686807934467550618151676645
0.129198491429695472287875190887
0.123702485827524646944119979253
0.118198780257579835750725294474
0.112687363813419941238613830592
0.107168225569020239551498718811
0.101641354589683693965262989423
0.0961067399224155433090643896321
0.0905643705930628262201764755446
0.0850142356055178516349712936062
0.0794563239571747376155386177743
0.0738906246213538037137524838727
0.0683171265576253822215946343022
0.0627358186930885436405347377331
0.0571466899644858319917695155254
0.0515497292663942424661982499856
0.0459449254764916978355238086351
0.0403322674770877354077924792364
0.0347117441109000626764391483903
0.0290833442140638852302370054304
0.023447056597189975396533512253
0.0178028700581718338225023501309
0.012150773361301494060460193225
0.00649075529210412210251446296638
0.000822804566476013346174034346348
-0.00485309007672335597505242077432
-0.0105369399319127556718944660474
-0.0162287563231730651291950806581
-0.0219285505609589821685023736109
-0.027636334022726517095636111776
-0.0333521180426802760221605126389
-0.0390759140306639399242705223969
-0.0448077333851722922619664757349
-0.0505475875188191106635038352124
-0.0562954878843515763020555198182
-0.0620514459403941620596611983274
-0.0678154731639485364169672720891
-0.0735875810398437385506653640732
-0.0793677810903057473490562756524
-0.085156084856758962331468865159
-0.0909525038780916450509295145821
-0.0967570497305825227840614388697
-0.102569733997281156701042448276
-0.108390568297525163865557829013
-0.114219564246213073355207257009
-0.120056733508610874450184269335
-0.125902087725155126252118975572
-0.131755638589838047769475792848
-0.137617397799953383730198197554
-0.143487377080934314088622727468
-0.14936558817419551270511135499
-0.155252042827680347691909901187
-0.161146752838284890163578211286
-0.167049729977039651540593467871
-0.172960986086612367174097926181
-0.178880532983281992365220958163
-0.184808382533528353652840792165
-0.190744546603300368925459906677
-0.196689037080612166841220300739
-0.202641865889633676633962977576
1.80805553186473042034272628827e-09
0.299815002116553763755746331299
0.255360547824627859281321207163
0.210592815927366089345795785448
0.17152486754645235311755868679
0.127781871379569977875689801294
0.0975463282104412632289580642464
0.0623003494894839998652358303843
0.0329966953371063353994685485304
0.00857411890567475604152392065771
-0.017691629130407046655015790293
-0.0454715765248816169985524027197
-0.0588553190238152793001269458273
-0.0774367379162673036274711080296
-0.102029290685240831004776396185
-0.116466426825032512426538744421
-0.11396131685370346209307257368
-0.123637290144145581272105971493
-0.128785675680070460513704233563
-0.139123441073374543019980364988
-0.151920751239770196461265072685
-0.150142675151175658543323265803
-0.133383742770959684564857639089
-0.136670283801844899551625189815
-0.141462962631225402931889334468
-0.133351360686133679767095827629
-0.129158727055724509291678714362
-0.126517022957061103793918732663
-0.114303417201697857241704525677
-0.101631643449506509080393357181
-0.100016692338114276950022940582
-0.0883054639031766452905714004373
-0.0764592899643081191918270178576
-0.0559244436929004842817825249313
-0.04624300046827256593928723305
-0.0293202596904011889011876235145
-0.0226352571029961036064293011805
-0.0120463890198547699666997701229
0.00228037889906388801380954234332
0.0224662680734668898652195423438
0.0277042202638524588664825643036
0.0403407066922445156631482632292
0.0500371021140610799937675778892
0.0668989237391774543839417788149
0.079595532703237284466446510578
0.0877717297846663524474308815115
0.0889311905672863362015689858708
0.108796967457454735184185778962
0.11551818452902351541666803314
0.121392330523629840555166481408
0.129878114476777467567458757003
0.130525892561275586034597040452
0.133546563621897679263739178168
0.123717163461405002533588515234
0.140803962870843124566277992926
0.133311895163738813874232391754
0.137179083047987565580072555349
0.129614578958600679126078603076
0.1209995502363429842329622943
0.102370276626821216092722011126
0.0871289948895194177325151940749
0.071804904767906463369797620544
0.0587171124124726481752212237097
0.0386958727217892387018061128856
0.0279767556446809985415402621811
0.00754497102838758322562728864114
-0.0351786655621218538603223180417
-0.0658949026925881864436007617769
-0.0917856633439568803112251771381
-0.131457251601145963526562354673
-0.173659941162715547591233189451
-0.218250693820932012423341461727
-0.262819866669178836549036759607
