3
524.13517650598703312425641343
0.11428611564743582085235118484
0.114383409959310650139130416392
0.114480812321292424460494885352
0.114578322922817402162998234871
0.114675941953694765507165698182
0.114773669604182379511136957717
0.114871506064945283487332972072
0.114969451526995891654792103509
0.115067506181835990664019675478
0.115165670221342802959085815928
0.11526394383778182373134768568
0.115362327223850577584407517406
0.115460820572697686614560552698
0.115559424077816871867518955241
0.115658137933165622301956432239
0.115756962333095889117196009011
0.115855897472400229397671012066
0.115954943546250355268512066687
0.116054100750262983998695176524
0.116153369280487389625378114033
0.116252749333373636697608333179
0.1163522411057995170624579373
0.116451844795059933357350701044
0.116551560598902453902425691012
0.116651388715432333120780583613
0.116751329343274118377493664411
0.116851382681424656451163457405
0.116951548929273937971196062335
0.117051828286738004991640593744
0.117152220954088823190453183543
0.117252727132051218217334564997
0.117353347021793008586598716647
0.117454080824888451584087079027
0.117554928743383760303409246717
0.117655890979719957023519327777
0.117756967736804746271772614818
0.117858159217983746169799985637
0.117959465627041543145381297109
0.118060887168161460225590531081
0.118162424046014000178494995907
0.11826407646570788467776935704
0.118365844632800115698856302515
0.118467728753240436612159669494
0.118569729033486975788846962132
0.118671845680398152511614284776
0.118774078901333707269927231209
0.11887642890404469253606833945
0.118978895896766176387693292327
0.119081480088160426844545725089
0.119184181687377252489845602668
0.119287000903981380006690926621
0.119389937948009561274886891624
0.119492993029963634477041978244
0.119596166360762423686026068026
0.119699458151867457744721434665
0.119802868615069654789628827984
0.119906397962747102159397627474
0.120010046407666604029174095558
0.12011381416305401403921138126
0.120217701442657143307002343136
0.120321708460627604941883816991
0.120425835431600083968994852057
0.12053008257067493458336571166
0.120634450093441342177769115551
0.120738938215928931496634390896
0.12084354715466626151165741021
0.120948277126627937172465010462
0.121053128349260227802908218564
0.121158101040492474642640274851
0.12126319541872714047325843012
0.121368411702860681811166898569
0.121473750112233436215802839797
0.0901385731451592731033883865166
0.199985998693384542379547497148
0.19459922792267245195141356362
0.189204624176211338992814603444
0.183802176267147260313450374269
0.178391872965468212264283920376
0.172973703025373626296357087995
0.167547655201802564439717002642
0.162113718204369872122327933539
0.156671880744197467016931568651
0.151222131508020135592929023005
0.145764459166066201456501971734
0.140298852365646153916856064825
0.134825299744346843722198059368
0.129343789914708351407313102754
0.123854311473424932854570101881
0.118356852996608349903873147468
0.112851403053047388835850028954
0.107337950167020371172732495779
0.101816482877220906844151215864
0.0962869896874282704679615108034
0.0907494590817309043639937726766
0.0852038795202034460185558373269
0.0796502394671945862514306213598
0.0740885273423275703130741476343
0.0685187315670860996874580450822
0.0629408405272241372463426500872
0.0573548426022533822110638368486
0.0517607261501052268171108039496
0.0461584795025019867242832560805
0.0405480909874919234758827712994
0.0349295489044417623025751140631
0.0293028415275784423488225627352
0.0236679571286267792507018725701
0.0180248839422514975372457968206
0.0123736102082079926778312994884
0.00671412412052380374455351486063
0.00104641387066462063920591063493
-0.00462953237364528615710446146636
-0.0103137264528567022814353748572
-0.0160061802517410256552210512382
-0.0217069056551871114590923639298
-0.0274159145650528339455131998648
-0.0331332189173935698356388002139
-0.0388588306486215354085267392747
-0.04459276172345849609257584234
-0.0503350241405897610991182489215
-0.0560856298863287722200610119216
-0.0618445909963540874088039345224
-0.0676119195051726046274964687655
-0.0733876274822083674020944954464
-0.0791717270063418826486767443384
-0.0849642301687598966442038772584
-0.090765149102059267116615615123
-0.0965744959436343197722862896626
-0.102392282850853028053350612936
-0.108218522007910503135441615541
-0.114053225605613012261230210243
-0.119896405865860339323702987713
-0.125748075028063482916351745189
-0.131608245344220581296568184371
-0.137476929106188888729533914557
-0.143354138592475727209674118967
-0.149239886139653527008519517949
-0.155134184064610963771357887708
-0.161037044747816743273105544176
-0.166948480546840305471789633884
-0.172868503865198502866817875656
-0.178797127128953070585026807748
-0.184734362761170528566267989845
-0.190680223228436696025767105311
-0.196634721005493395828978009376
-0.202597868588509727461044462871
8.27081812657683951798964467163e-11
0.308713345499603053490034199058
0.25384008532616803011094930298
0.21288730792270227354379130702
0.172595989044039499482607880054
0.128459017084180254775205298756
0.0937967920320262049660442471577
0.0613702902261133165229267660834
0.0304414020675816271443991922752
0.00657441228528662761909640011027
-0.0241321061467069733486034976977
-0.041102399767471632652249269313
-0.0648392518248213228782006467554
-0.0814787895407173973216785611839
-0.0978124770127432180411020112842
-0.109676489465076854035174847013
-0.120093774440455852703379946433
-0.130002553429993283895527156346
-0.13133292197669024781170321603
-0.142689040317835802440527004364
-0.142384996342668240787432409888
-0.142954445039698063713018427734
-0.147054482264956293269264619994
-0.138879949208298325569188591544
-0.135370889180317865996272530538
-0.127748367052106320818083418089
-0.129202134191488016146109885085
-0.1239426360911660002228629196
-0.110578109045042838332051360339
-0.100477802322048739847026865846
-0.0951676626439727363360177037066
-0.0828315795345287847473159104084
-0.0732137949093312062620597657769
-0.0574957427609856866479454140517
-0.0449840808188046309412655432425
-0.0337008571668639053675597949677
-0.0271708317691541252625331281934
-0.0108507417437182177716303854709
0.0019589720885291542901152084255
0.013018353112133547108686393301
0.0320051821577929454520905494519
0.0390527940803695738924972147288
0.0517796898342015934901816365254
0.0673112890590528978318474173648
0.0769766412756327789157495544714
0.0879005327404410036207238476891
0.0935187446559720969574414084491
0.109555673086420196638002266809
0.114071224881836894016196026769
0.118373676520030363112923055269
0.124531894563977812984134629914
0.129639851816438556042498930765
0.128542728970651692899096474321
0.134802895180616277848173467646
0.138826970685582723463724619251
0.135602584403889586672775635634
0.124631789089988689878119032528
0.1237360290271786733562464633
0.118734681566855682088856838163
0.107180941069650106922672705423
0.0972682415863268673428265742587
0.07966490881654654521160097147
0.0650806711459886444437472619029
0.0424845257185406804945060343925
0.016283836617530078605398102809
0.000279514949951976585627855254046
-0.0351605213010619810365398052454
-0.0596870874904472728528226355138
-0.0949453249759772827109927106903
-0.133441665284738247843066005771
-0.169498525950672107587280379448
-0.214670687305777346809421146645
-0.266874175650049560992727037956
