3
78.7971393370870316630316665396
0.114283207473725501035488605339
0.114380579339973878494340908674
0.114478059399377690708021759747
0.114575647841729841291957825433
0.114673344857274220331966319009
0.114771150636627128349687154696
0.114869065370814246729302965377
0.114967089251308357544800742289
0.115065222469949338113259784677
0.11516346521904512190115354997
0.115261817691224302540042856435
0.115360280079631186134214715366
0.115458852577746629020083446449
0.11555753537950051723637301393
0.115656328679239486789676050194
0.115755232671736582594768094623
0.115854247552152928024682410069
0.115953373516088031891513310256
0.116052610759572655263482943155
0.116151959479022903742873040756
0.116251419871314543019735765483
0.11635099213373260862436353591
0.11645067646397726235374392445
0.116550473060215195597599802113
0.116650382120973464261659557906
0.116750403845247971434950784442
0.116850538432472506045201043889
0.116950786082458443870812914156
0.117051146995530555572351261162
0.117151621372380360108778063477
0.117252209414132044229539530988
0.117352911322404857008550038699
0.11745372729915433407388292153
0.117554657546860771843988402452
0.117655702268427170276154924977
0.117756861667140097504891116387
0.117858135946771552804435145845
0.117959525311523941160096740077
0.118061029966033764759814062018
0.118162650115423664698433015019
0.118264385965166779479673664355
0.118366237721283212858125466482
0.118468205590162412033095051811
0.118570289778665682867142550094
0.118672490494141524841609225405
0.118774807944327265296635687264
0.118877242337428315477332319006
0.118979793882111495317843719022
0.119082462787505491408346358639
0.119185249263172116096498598381
0.119288153519125209034434931255
0.119391175765851967338626593573
0.119494316214282483845643412224
0.119597575075787027065743473031
0.119700952562272464052561815606
0.119804448886013228947611253261
0.119908064259755267610962903291
0.120011798896793364654911329126
0.120115653010758646757061285371
0.12021962681585522669802656992
0.120323720526709518341412774589
0.120427934358392010882887745993
0.120532268526482772008634469785
0.120636723246990359981190010785
0.120741298736449759188005259603
0.120845995211796411461513400809
0.120950812890497721996396762734
0.121055751990472984513935728046
0.121160812730094560873972397985
0.121265995328246167783703413079
0.121371300004246063242163700124
0.121476726977952156905082858884
0.0135942055357608955479253864951
0.199986439484358013984888202685
0.194599771960785733471155367624
0.189205268686490651885989677794
0.183802918454516517332564262688
0.178392710036207297052968101525
0.172974632179790727137813632908
0.167548673631743971768059964234
0.162114823098653548782976940856
0.156673069282620508468895081933
0.151223400874526486825644155942
0.145765806529075003794559961534
0.14030027489352714376025232923
0.134826794599787191941686614882
0.129345354249870342355777097509
0.123855942443150401910401114947
0.118358547742976535910308655275
0.112853158714485174440866899204
0.107339763886967767825275643645
0.10181835178181529444341180124
0.0962889108988630587626644796728
0.0907514297131696012765900150043
0.0852058966926198119162805255655
0.0796523002856962120121764314717
0.0740906289106453980197741771008
0.0685208709802230392371669154272
0.062943014870602234656082885067
0.0573570489665288438252410685436
0.0517629616164872324857171292933
0.0461607411501677653009600987843
0.0405503758770190403382116528519
0.0349318540980326844302972233436
0.0293051640897982676459143647207
0.0236702941094452251613589055523
0.0180272323998785372056730125223
0.0123759671686839486243192354209
0.00671648662143108175076600119269
0.00104877895274859442124870678725
-0.00462716769013566536772330550775
-0.0103113651600675593211775549207
-0.016003825324581864159023680827
-0.0217045600876071310969539496227
-0.0274135813554842663886113030003
-0.0331309010661810718345599013901
-0.0388565311635701016168553678654
-0.0445904836267617954437270100243
-0.0503327704396354588811668406834
-0.0560834036239364064346801797001
-0.0618423951907952976214666307442
-0.0676097571939511254868193645962
-0.0733855017127477277094627083898
-0.0791696408171255611163630305782
-0.0849621866335284886551093563867
-0.0907631512673830603832314523061
-0.0965725468836527017879589607219
-0.102390385628845073662240849899
-0.108216679697738030196951797279
-0.114051441292682145811632210552
-0.119894682639190106043791672619
-0.125746415974948289040469262545
-0.131606653583902055704157874061
-0.137475407721752151957161913742
-0.143352690718864361762996395555
-0.149238514872333111194180332859
-0.155132892539440292445362956641
-0.161035836088234213248071569069
-0.166947357890074615793807311093
-0.172867470351755619928368901128
-0.178796185900734538876122314832
-0.184733516977924699942192887647
-0.190679476041502649064085517239
-0.196634075581204409433055957379
-0.202597328094924533647969155936
1.26924077701357772962595578274e-11
0.305958028979921581314016520992
0.25831737690206357793698543901
0.213448355530359873410972681995
0.172675018796439261326014502629
0.126726719270162380137634272614
0.0892111880066762674701408286637
0.0624635975153292263839510667367
0.0306526269822369086537339200049
0.00254328173126195777181690615976
-0.0180447093101075983767600519059
-0.0463108650994233581044134950844
-0.0606257369444927612933682326002
-0.0812461852102193404778773810904
-0.09348640182119369312907508629
-0.107497387229699994937170970388
-0.122848186719825502866143551728
-0.129513513412470276930932300274
-0.135902304838636300843290882767
-0.137783518289713829974019176916
-0.140614024412054533508253939544
-0.145446273756673571941888667425
-0.140091939729936859615477828811
-0.141551353762409071190830900377
-0.141121128874704876432488731552
-0.132596147439218187136233950696
-0.124705382767034078650425499291
-0.120247615236008256744959510343
-0.114168744934700958082451904829
-0.104635951938322591114882698093
-0.094378369609276785423546130005
-0.0828186264071715111390048491558
-0.0720458253698278705545732236715
-0.0572081574403196999045739801204
-0.0449448826411007057446411749879
-0.0365244745207324167379780988085
-0.0212976395156448117251812846007
-0.010496031321867441837847323427
0.00169355902513381373006295937955
0.0147120588899335123789224866186
0.0271086280224922052117797477422
0.0411340382531391393627906438724
0.0497331031332149814394583131616
0.0650184945149686610577077772177
0.0808062098596069866562885408712
0.0856340336135002350159695083676
0.0985679061297702607813420172533
0.100423435191032917046527472849
0.113178938972370329851813153255
0.122211454439315150843903268196
0.124888088990441445402801434739
0.132293780077657491256459820761
0.13060410421919668721990603899
0.13572906427299383236295682309
0.137396813278808899161376189113
0.130170266980033283443773939325
0.126417567585726725587491614533
0.125902383533019635031280358817
0.122330098619936392112528267262
0.10492563420070206980927451923
0.0911992133085460787711440389103
0.0797907312004900448609845398096
0.0626631430814915124649644440069
0.0453728197287068882315175244457
0.0239273748553165306607315443443
0.000303041286426037823065193776984
-0.0308589788334934223001937425579
-0.063489470189583563364266183271
-0.0964304573951405424869776084051
-0.133832596153140553907334719952
-0.172479215220059794999585278674
-0.217211076745290249112585456714
-0.263632369498117635764344868221
