3
27.1392290395152002702161553316
0.115014865418833309163026967781
0.115092651204534685005498317878
0.115170511247867507487185889659
0.115248445650962358377533689691
0.115326454516135351591188396014
0.115404537945869883897032082132
0.115482696042817023496240835811
0.115560928909850826884486707513
0.115639236649970778003648774757
0.115717619366371454736608370695
0.115796077162433022622600731211
0.115874610141706288479745978748
0.115953218407946090362514723893
0.11603190206506136528119554896
0.116110661217140601064734539705
0.116189495968464062691793969861
0.116268406423479644939966703987
0.116347392686849432363871414964
0.116426454863377423776249486309
0.116505593058068818157479995534
0.116584807376105353826645227855
0.116664097922864293255251766368
0.116743464803902796678158892973
0.116822908124942267948931373667
0.116902427991903534731932268187
0.116982024510904419889456562487
0.117061697788218121996095533177
0.117141447930313155612047637533
0.117221275043859471387541759668
0.117301179235695759994761999678
0.117381160612883284066754185915
0.117461219282599227398122820887
0.117541355352269658030017751571
0.117621568929480391219044577156
0.117701860122004578479426584181
0.117782229037838290230943982806
0.117862675785090409430466706908
0.117943200472159420710838162449
0.118023803207549321525604568706
0.118104484099996756563122346506
0.118185243258409719557811001778
0.118266080791898126056693740793
0.118346996809764862246261429846
0.118427991421491310419789044772
0.118509064736748243040764805301
0.118590216865423606074081419592
0.118671447917572794872320685045
0.118752758003461050817506361454
0.118834147233529197063006677126
0.118915615718437533976370445998
0.118997163569008773675861334596
0.119078790896269368082549533483
0.11916049781146789698915711142
0.11924228442602467781252784107
0.119324150851546573193218137021
0.11940609719985105507955580606
0.119488123582958696844436019546
0.119570230113067402233362201969
0.119652416902594163627959744645
0.119734684064131693959076585543
0.119817031710490518037204310531
0.119899459954667969574515495879
0.119981968909861042016373744445
0.120064558689478684261331409289
0.120147229407112449139916066088
0.120229981176557490507583736417
0.120312814111810578721062370278
0.120395728327088918918619242504
0.120478723936783604919753543072
0.120561801055491607526093389424
0.120644959798049261623376082753
0.120728200279421868379436943997
0.00124781064731128749252520027113
0.199929628830240568859721861372
0.194512443349184493968095921446
0.189088246979683877180278273045
0.183657030176908209195829613236
0.178218783285246484826558344139
0.172773496725629222003917107031
0.167321160848151628819380221103
0.161861765985054611993732009978
0.15639530252951910904712917727
0.150921760782143088430728994354
0.145441131020217245817249818174
0.139953403593048558706257722406
0.134458568778099391005653728826
0.128956616741013829763318199184
0.123447537839396381809109470851
0.117931322269986552098153254065
0.112407960258758668481426923336
0.106877441981415924332488032178
0.10133975760486522987857682665
0.0957948973667190756264844253565
0.0902428513945519455985433410206
0.0846836097952836097668694037566
0.0791171627050323983398882887741
0.0735435002516723335119763760304
0.0679626125085541765713514905656
0.0623744895861738368747495542266
0.0567791214999518734085626192609
0.0511764983362072226058536728033
0.0455666100593332748514008301299
0.0399494467774792680336837236155
0.034324998400523804020778584345
0.0286932549414974716328607939886
0.0230542063753466815179127280544
0.0174078426811733466550435878162
0.0117541537226915366459722989134
0.00609312945327652143168162268694
0.000424759767368957958256353579785
-0.00525096544512360617618096370052
-0.0109340562886880241638687394357
-0.0166245229654415696551872372311
-0.0223223755726951675337765834684
-0.0280276243620789650146107874207
-0.0337402794469948280609017388088
-0.0394603511199329640146693520819
-0.045187849570093731321751562291
-0.0509227850074932264501370582366
-0.0566651677554851421203530037474
-0.062415008060990005700485738771
-0.0681723161994954862663576022896
-0.0739371025476905224804724525711
-0.0797093773423866031047069213855
-0.0854891509683643469053038188576
-0.0912764337989041552035018867173
-0.0970712362058506056383677673693
-0.102873568531320527807970677259
-0.10868344127053600201016081428
-0.114500864744281893869981558964
-0.120325849490943090347450095123
-0.126158405898447845139287437632
-0.131998544525751881906217022333
-0.137846275745070218077259482925
-0.143701610169037652386947456762
-0.149564558249977275217190708645
-0.155435130608083810210828801246
-0.161313337752870045171960100561
-0.16719919026101956460728104048
-0.173092698730689054098519363833
-0.178993873762723965104015633187
-0.184902726017898699772956661036
-0.19081926610672220179232283499
-0.196743504720757855785961965012
-0.202675452494183810925321154173
3.17741928822507550388435923849e-13
0.234214185442939148984464736714
0.265849611654254636139427248054
0.162316103450905746541366170277
0.180545909275081517542105302709
0.0808083864151759034832878114685
0.0702547573336294306489691052775
0.0806603627697034669674636120362
0.0642809594306184284295824227229
0.0511625665524975195563861518622
-0.0472386686477260300809355442198
-0.00954595602819026389784795583182
-0.0287949254041203854537211981324
-0.0897325160876910471463574481277
-0.0888228647723957875914635451409
-0.239935750985435541915435919691
-0.0863115685271724358829104062352
-0.145514610601803900946649150683
-0.119059200761546399305323973294
-0.148190114217311291744394452508
-0.0881440970491379482965044189768
-0.108983493257624172723119215789
-0.0740617971698345062270263383652
-0.0949541382042788512096720410227
-0.0479087991866669615781404445443
-0.159112546469989429853697515682
-0.144354358245912417491041424
-0.145799006612811254957051687597
-0.0373911017570893317030211733254
-0.176519474658053759918985292643
-0.0377481607182871825578729385597
-0.0164393614100231746921743081202
0.0024726696928931077290592099871
-0.0250416035940733694431514777534
-0.0453540790741920121775798691033
-0.0532824148798740696020281859546
-0.0727728275814065739268698962405
-0.0695500779045066380712469822356
-0.0839526457491028277324573991791
-0.0516804350787857316729123624555
0.0608919112755306260464926992881
0.00992457994916357173764698273999
0.0405316525781115946647226166988
-0.00539780186270025219563706286863
0.0814019191231062227975812106706
0.0504275181191133139990689926435
0.154908041396385948162972567843
0.160143652146852805140397890682
0.154629651501034193206152167477
0.0746573905795506753690915502375
0.214720608221245695679257892152
0.0591657621944396486246553479305
0.155547013415127360902445730062
0.0612136421665120250557023950932
0.0788736759453048247303641460348
0.123038925397883358581196944215
0.0420714234155993085928493258052
0.215472224264090850276431865495
0.102456601906252636746685880098
0.0609739930084522846476247082137
0.0528292280845816947243420713676
0.146860628721148273045926657687
0.158246725499549711901892123933
-0.0173413296914497194745052865983
-0.0366060938857214954178509458416
0.017129662040872781214595477195
-0.00241423809520084761345848356484
-0.0538193915988820492657396243885
-0.0679848178724534318861927317812
-0.0364927429852433538037814741983
-0.213400260025509519445918726888
-0.232657683932067455012671075565
-0.266338976565932139539683021212
