2
19.6979210579401851077818719205
0
0
0
0
0
0.706555076813017657322291142918
-1.27633086054185323943897527456e-16
0.707658055440444022643475818768
0
0
0
0
0
0
0
0
0
0
0
0
0
0
0
0
0
0
0
0
0
0
0
0
0
0
0
0
0
0
0
0
0
0
0
0
0
0
0
0
0
0
0
0
0
0
0
0
0
0
0
0
0
0
0
0
0
0
0
0
0
0
0
0
5.68571934208435146769228946129e-06
0
0
0
0
0
0.707658055440444133665778281284
4.41489939125156707050546540832e-10
-0.706555076813017546299988680403
0
0
0
0
0
0
0
0
0
0
0
0
0
0
0
0
0
0
0
0
0
0
0
0
0
0
0
0
0
0
0
0
0
0
0
0
0
0
0
0
0
0
0
0
0
0
0
0
0
0
0
0
0
0
0
0
0
0
0
0
0
0
0
0
