3
51.8480221789330641968263080344
0.114563592376002693073999694207
0.114653476539345128282221253357
0.114743455390544354943749283393
0.114833529083281205007693870357
0.114923697771651039944984518115
0.115013961609976692046508617295
0.115104320752942121397488506318
0.115194775355527523341692130998
0.115285325573018224143417853611
0.115375971561041568147487623719
0.115466713475473714556329696279
0.115557551472597663799746214863
0.115648485708925663484336610054
0.115739516341350739958571125499
0.11583064352699337651309008379
0.115921867423428942567298349786
0.116013188188396565436732998933
0.116104605980071440285428252537
0.116196120956880158403556890789
0.116287733277607899240457811629
0.116379443101338839183789275467
0.116471250587476427007516122103
0.116563155895782075144317957438
0.116655159186267162740868741366
0.116747260619352949406746233763
0.116839460355712201899969215901
0.116931758556382020541875021991
0.117024155382737207742316343229
0.117116650996424639941118073239
0.117209245559478064668823549255
0.117301939234229796182873428734
0.117394732183304609240970250994
0.117487624569778945082809684664
0.117580616556895625746115285892
0.117673708308343588635480614357
0.117766899988103537766370720874
0.117860191760515903292017014792
0.117953583790208399451060472529
0.118047076242170007054355096443
0.118140669281717500260775466359
0.118234363074541104499104449133
0.118328157786582691124444011166
0.118422053584229802769556272324
0.11851605063411092821912262707
0.118610149103239428947098588196
0.118704349158973196387556470199
0.118798650969000357813243340388
0.118893054701325190380956087211
0.118987560524346558388231187564
0.119082168606767638263654873754
0.119176879117654843653895113675
0.119271692226361691879787940707
0.119366608102704219174228228439
0.119461626916724419911197685451
0.11955674883886723003367791307
0.11965197403993743652250714149
0.119747302691052673329075162201
0.119842734963715308316167806879
0.119938271029742929418837604771
0.120033911061299708444849443367
0.120129655230952037126002096556
0.120225503711593156852543984314
0.120321456676443547251231791506
0.120417514299114999931639147235
0.120513676753536580488201934713
0.120609944214031164499978387994
0.120706316855243994679014463145
0.120802794852195000130379298753
0.120899378380300473456721022103
0.120996067615257843486098465746
0.121092862733169437383651256823
0.121189763910508507827046287275
0.00626928311837945777262870450386
0.199950120848846779608720680699
0.194552977322282411032361437719
0.189148280817929392849663372544
0.183736020699000163203251645427
0.178316186254878522587929978727
0.172888766801416432494775676787
0.167453751620026736190993688069
0.162011129967677303120865417441
0.156560891111744648895864884253
0.151103024262740803784765830642
0.145637518643948776775332021316
0.140164363449778200942930084238
0.134683547882419124563924128779
0.129195061072166800242300155332
0.123698892177688049565098538096
0.118195030330497788395582858811
0.112683464619036666221063569537
0.107164184189313269057741706547
0.101637178061521851746284994533
0.0961024353150992938221719441572
0.090559944992949850672836475951
0.0850096961260197320209286431236
0.0794516777092841297580605441908
0.0738858787316091641939053147325
0.0683122881496920630883806779821
0.0627308949412345023821657719054
0.0571416880251549505476127421844
0.0515446563179143973920659504984
0.045939788745257670310451203477
0.0403270741422757858507530670522
0.0347065014115317468923471722064
0.0290780593814905542748849853751
0.0234417368864696974706252063925
0.0177975227236042803091731201448
0.0121454057049019265024369929051
0.00648537459508043319378334246039
0.000817418142249039898425411188043
-0.00485847490026513045141554059114
-0.0105423158367716693351034962234
-0.0162341159346645023953126241167
-0.0219338865378496394864527019308
-0.0276416389600225576028691421016
-0.0333573845679634994887408083741
-0.0390811347290222002581749904948
-0.0448129008366921627315448972695
-0.0505526942835280018728738582467
-0.0563005265116145112158640984035
-0.0620564089682816774629081635339
-0.0678203530946659416400734698982
-0.0735923704080187757181619190305
-0.079372472372184338373912737552
-0.0851606705216171461225727057354
-0.0909569764164409599871419231931
-0.0967614015714671066303864677138
-0.102573957572114349279246425795
-0.108394656045240470043644620546
-0.114223508541678342442793336886
-0.120060526758679522729700295258
-0.125905722301350081471227326801
-0.131759106851140589400372959972
-0.13762069210594807255887417341
-0.143490489739346610553738514682
-0.149368511521911023764985770867
-0.155254769165603517810936295973
-0.161149274437874107102075527109
-0.167052039131709739727682517696
-0.172963075034210878033746894289
-0.178882393987473797825060728428
-0.184810007799112274717856507777
-0.190745928356645250145717795931
-0.196690167518160652360137419237
-0.20264273719532638340368180252
3.99088404497049264124802410411e-12
0.308034501504552304940176554737
0.261205432178117480379597736828
0.211081721282866563438318507906
0.167671808128250998670694116299
0.133690646723519962479898026686
0.0948388997788549015233172667649
0.0650150892456559520438119648134
0.0300309979774778558481163059923
-0.00136652585885417305472389060128
-0.0142330030474360057918259414578
-0.0522266354058967055551399027991
-0.0807583458724583369559013590333
-0.0839827323680242543435525703899
-0.0983413779484268030239846325458
-0.106625752134206511212433099445
-0.115633879236748116081656689857
-0.11348178711282044806019086991
-0.139282344070065122743073970923
-0.139241557582928443537184648449
-0.145084561577018711364672753916
-0.156423757601259871830023939765
-0.155152556378884698418119114649
-0.134689839339177219734722257272
-0.141390013073104059415641131636
-0.130184716912420450629639390172
-0.125614999964467677351365182403
-0.111283016619672589508915905299
-0.108758661399494443999813597657
-0.0991295635547880110705065703769
-0.0787979207063911751829365925914
-0.0806744253843913183832370350501
-0.077354600755294877778567297355
-0.0504655408188064771857206380901
-0.0480875354152336467739026204526
-0.0222006442830546685263115591624
-0.0311676949151386759040427421041
-0.0143626657755546675160340797106
0.00443278024769174026215035055998
0.0233392465194031915876049509961
0.0272923149958241018087079510224
0.0374266387386099561029872972995
0.0560970733386254860608488570506
0.0636412470056132995033237875759
0.0704666363140873525106044894528
0.0893973095077920942852500729714
0.0903825711046300911410966705262
0.100247924144185790451544448842
0.11234743451372025679901867079
0.11821079782142329683836123877
0.13099780699739632661149357773
0.120893364014314386167825432494
0.132543112721708017387456379765
0.128849758839377104280288222071
0.118508158593194828922534611593
0.131530094117287693622486699496
0.122378467992876063807905495651
0.130868376057757918040636013757
0.119705534943059535568643525494
0.115786501227006830005983317733
0.0949011161579166873103474699747
0.0835872109741089830414750849741
0.0782016792317699882541859324192
0.0336873413047051456503666599929
0.0191919754067450543111306160426
0.00807184639643532438058048938956
-0.0312647456538101067846646685666
-0.0593460547988976377942194062598
-0.0908592931730897029884985727222
-0.132690672406075516054357876783
-0.181586778656748715210511591067
-0.213412771382028410016573616304
-0.269353812493648647752308988856
