3
497.802545130169448839296819642
0.114655130219364909116563921998
0.114742565152733080879876581548
0.114830090494036682335909915764
0.114917706385870135865623353766
0.115005412971050172132869704456
0.115093210392752401394211858587
0.115181098794356270853533885656
0.115269078319565454471273824311
0.115357149112351356490258069698
0.115445311316980284144229074172
0.115533565077980196478257823856
0.115621910540198172268055998302
0.115710347848720834784685962404
0.115798877148941284365157855518
0.115887498586558557178705086699
0.115976212307523446343182627061
0.116065018458111693377965423224
0.116153917184835531184461387966
0.11624290863453401456695246452
0.116331992954336660428538152701
0.116421170291658590545402773841
0.116510440794154346288991064284
0.116599804609880813854871917101
0.116689261887069475887024339045
0.116778812774296109067151405725
0.116868457420458635165338989736
0.116958195974697323760160827533
0.117048028586469191059116212728
0.117137955405513985440713042863
0.117227976581902856856309824707
0.117318092265951912089860798005
0.117408302608294851099302036346
0.117498607759902937153206892162
0.11758900787200043946967298325
0.117679503096093179825842867103
0.117770093584041848910892724689
0.117860779487952038735443238693
0.117951560960301793379301216191
0.118042438153785123056138672837
0.118133411221481535169353094261
0.118224480316689001258012581275
0.118315645593093543563867342527
0.11840690720460647633593964656
0.118498265305532743396632611166
0.118589720050384261895715098944
0.118681271594061263363606428811
0.118772920091731959413294816841
0.118864665698868499088547423526
0.118956508571268548823951505256
0.119048448865040831790018671654
0.119140486736595371808355992016
0.119232622342651251035050563587
0.119324855840242730065092757741
0.119417187386711490248991651697
0.119509617139719276357467947491
0.119602145257252184817886586643
0.119694771897579002595257691155
0.11978749721929270177778192874
0.119880321381350143927768669982
0.11997324454294716611357785041
0.120066266863664103392572712892
0.120159388503345163079494284375
0.120252609622205006156825390917
0.120345930380725288366683400909
0.120439350939742353951977804627
0.120532871460413693043278726691
0.120626492104218885348387857448
0.120720213032912276895913805674
0.120814034408663062425404177702
0.120907956393870419375957681041
0.121001979151309571602901371534
0.121096102844072239790307321528
0.0521056139260086190190257582344
0.199941451053980784324792807638
0.19454061948589776442908316767
0.189132334589473288799510442004
0.183716585911018220889090457604
0.178293362974770219775422219755
0.172862655261594638789190980788
0.167424452236580922903641521771
0.161978743386000961779203066726
0.156525518156340553987959651749
0.151064765965264052871575017889
0.145596476229607640906493770672
0.140120638336114128330578409987
0.134637241671218127470055492267
0.12914627560230190761458857196
0.123647729467732725439077512419
0.118141592586251259477947428422
0.112627854272708646798939469136
0.107106503821845416846159082525
0.101577530516438641061682801592
0.0960409236065744992272286140178
0.0904966723312246867916286419131
0.0849447659213080213946867047525
0.0793851935883962134266056409615
0.0738179445134850009679894355941
0.0682430078788691385494047381144
0.0626603728143022148389107428557
0.0570700284814021768786673760587
0.051471963996268584040638671695
0.0458661684598413652014237129606
0.0402526309651381544729709105468
0.0346313405638364948946339438862
0.0290022863167685891749858484445
0.023365457265114467771960349296
0.0177208424086845832412517864896
0.012068430748676793953788610736
0.0064082112681269742110456988371
0.000740172931944047527742791547922
-0.00493569531517488134519933140609
-0.0106194045539019302215599793726
-0.0163109658746987302990749668652
-0.0220103903732117786584687735285
-0.0277176891989368914814839683913
-0.0334328734834886329152503492423
-0.0391559543785103478241715890817
-0.0448869430801655880380884866554
-0.0506258507922302744552744968587
-0.0563726887038006330143957711698
-0.0621274680796156802964347320994
-0.0678902001501968388463836845403
-0.0736608962105389786234610483007
-0.0794395675155533248501527054941
-0.0852262254011373204809487447164
-0.0910208811904252845792484549747
-0.0968235462063981172642357364566
-0.102634231827656102753465461319
-0.108452949428490472150166112897
-0.114279710418438706920341019213
-0.120114526201155924489683002321
-0.125957408221379463242328711203
-0.131808367922272434702435361942
-0.137667416785018259517414662696
-0.143534566308362337982984513474
-0.149409827965999414400855016538
-0.155293213332770158041640229385
-0.161184733930394508139016807036
-0.167084401330123921702863754035
-0.172992227104147300309477941482
-0.178908222874101324739726237567
-0.184832400242771338616520893083
-0.190764770878603800996486938857
-0.196705346411967935127407258733
-0.202654138527209121134475822146
2.82303132336511505698962614703e-11
0.305376190852627682481568172079
0.260064379310549431689736366025
0.223099238670975752452108054058
0.174420887167844457232845911676
0.120723026990173648576032405799
0.0897169895268089961914981245172
0.0607998093934209102306986949316
0.023214136655905531075871905955
0.00571839258135235263547091477676
-0.0203421221746107223904420635563
-0.0583986037522509354724675745274
-0.0569627116378596115575660974173
-0.0769208324872150683848559538092
-0.111944883905285771930060434443
-0.0954965728991268303360584468464
-0.123941818179759577489562616393
-0.12828403544764963029045645726
-0.136368320068513793064113315268
-0.138013800355204302450218278864
-0.144198136453602854256672571864
-0.14351757532490971858152306595
-0.140166744799162135137748919078
-0.139495643989700962572797493522
-0.135497851642698369234452115961
-0.133023992241100758038285789553
-0.122926017375977497669836679961
-0.123869174525504777140127998791
-0.109230288697496805139230957593
-0.0929327679847058163442596878667
-0.0768775005143668699325587567728
-0.0831147701580199071980104008617
-0.084083392727930750254472513916
-0.0581686088407085202800494982966
-0.0489392219790027796499920498263
-0.026140303328446887892733130343
-0.030387472560286708095356189574
-0.0158692465165514370872834604143
-0.00891854371387224009737337837578
0.0146052986204385469581890077961
0.0220093274931003127226070148481
0.051333066568722759970277991215
0.0608633092104491693619117143044
0.078970463445274530212003583074
0.062664809910202221021613411267
0.0968940199719414557710805979696
0.0827961549066088958737097414087
0.0969256555132791131068614731703
0.123756638207026634090901495711
0.126442419881814815951770469837
0.111045796190891540855538721644
0.125948038401338807679152864694
0.12971448279998123997991399392
0.137246494414904274261601813123
0.138880370870360536628140835091
0.138688170358062634601736817785
0.142214710522648862811578851506
0.115740242024845674251309901592
0.119883843624098263003219244638
0.0971167659274170813610282948503
0.0929547162005249782978921757604
0.0797044479689125451304931857521
0.0636209668949514056679461759813
0.0442785652869679483001341679937
0.0225881246750718155114068252942
-0.0120659844262838312350938352324
-0.0325029890568921328575235918379
-0.0537835708501957776572766078971
-0.0934913318517880537195097190306
-0.126558701700118458877142302299
-0.168726072443906777165167909516
-0.228651013065527847212266010501
-0.260168102148797597550355931162
