3
207.67644758688462047757639084
0.114359228247360111829777906678
0.11445457207400554222598287879
0.114550020374751870821938837253
0.1146455733294111517528435229
0.114741231118108660824717048854
0.114836993921388061390409518481
0.114932861920155976465096614447
0.115028835295702180907539968757
0.115124914229726177383739127436
0.115221098904248919758686042769
0.115317389501750161562299012985
0.11541378620502963647798111424
0.11551028919735521760525642776
0.115606898662281770695514637737
0.115703614783810485033832549107
0.115800437746313808484721619152
0.115897367734598633060016936724
0.115994404933796479983953986448
0.116091549529453608169404787986
0.116188801707549138608754901725
0.116286161654396549836043561754
0.116383629556704309981896017234
0.116481205601682250017070430204
0.116578889976776498005328619456
0.116676682869950615328846765806
0.116774584469515635420933108435
0.116872594964221698798922943752
0.116970714543129156171019644717
0.117068943395812474772554878655
0.117167281712186113762363959268
0.117265729682573954795188342359
0.117364287497701474949352018484
0.117462955348726055815333779719
0.117561733427178016775371816038
0.117660621925016486977177976314
0.117759621034583747412050058756
0.117858730948661116766373879727
0.117957951860429163803978269698
0.118057283963481612909518503329
0.118156727451811091600397674028
0.118256282519833666455610909907
0.118355949362357937282297370984
0.118455728174682389797212067606
0.118555619152422173079308720389
0.118655622491658743755671423514
0.118755738388878304134799179792
0.118855967041026994168717578759
0.118956308645406988455661689841
0.119056763399789836133102483018
0.119157331502349903007420550693
0.119258013151684133523744435479
0.119358808546804293082566061912
0.119459717887161212535040988314
0.119560741372658665970796221245
0.11966187920356921581266362864
0.119763131580634077377744972637
0.119864498704983141186275474865
0.119965980778261635530945738992
0.120067578002451921803661605281
0.120169290580038889970637683291
0.120271118713852848136625084408
0.120373062607262576451105928754
0.120475122464023143287192851858
0.120577298488282677602079218104
0.120679590884714235676788973706
0.12078199985838962426942799766
0.120884525614783341906921521058
0.120987168359870181366666486156
0.121089928300027196983457145052
0.121192805642112128028387019185
0.121295800593384156540466278784
0.121398913361560334411848316449
0.0328783630826268644109511285478
0.199975321024875862807590465309
0.194585920289026270690868614111
0.189188757529636319976162894818
0.183783821702960981081531599557
0.178371101697665346286214571592
0.172950586420149959865355526745
0.167522264734887876835855990976
0.162086125520586959991575781714
0.156642157612501081720424167543
0.151190349827294401308108717785
0.14573069098093613393807288503
0.140263169856176483918375197391
0.134787775218792427178726711645
0.129304495831217086676545591217
0.123813320416780087152019973473
0.118314237702629942994292377989
0.112807236376180536341351512419
0.107292305125152448441738783913
0.101769432609532695099829879837
0.0962386074669974306283748433088
0.0906998183319059486651170232108
0.0851530538118162039218361769599
0.0795983024821433488016353408057
0.0740355529244830778967667583856
0.0684647936852696009646379593505
0.0628860133221835482242312309609
0.0572992003257371748659032562045
0.0517043431914803730542473658716
0.0461014304126028603980635978132
0.0404904504327814884767633429874
0.0348713917037856979685983560557
0.0292442426618992543096986480577
0.0236089916889850245929061145489
0.0179656271907054250480673118773
0.0123141375057625040989606191033
0.0066545110179547306908376391732
0.000986736036182258571466952012941
-0.00468919913228602307925241277076
-0.010373306172978203482104575528
-0.0160655968336733019630191421356
-0.0217660828572481569731511541477
-0.0274747759986006812038539237619
-0.0331916880403594488635476977834
-0.0389168307991697992598290056776
-0.0446502160844180692733651483195
-0.0503918557362867391979932563117
-0.0561417616151078102681992731959
-0.0618999456051604959871959010798
-0.067666419607911698630431374113
-0.0734411955148976253182624418514
-0.0792242852928302931925230723209
-0.0850157008746860731740468963835
-0.0908154542451450469409124366393
-0.0966235573949371512325612343375
-0.102440022340501632469589310404
-0.108264861113978039242056183866
-0.114098085760803574784105762774
-0.119939708360333921466356343899
-0.125789740992930137997163342334
-0.13164819578862591020751438009
-0.137515084860331093796759205361
-0.143390420364143650333588198009
-0.149274214457106368936223361743
-0.155166479349985786395649256519
-0.161067227239182653164561997983
-0.166976470359166323520483388165
-0.172894220945220361551619703278
-0.178820491271788173381906972281
-0.184755293641561596507116860266
-0.190698640338037322949915619574
-0.196650543692289514474680345302
-0.202611016067467175627569986318
2.80400761557932963492001010285e-11
0.306980651144320104695140116746
0.254491357064907108842533034476
0.211833606179112399203745553677
0.172200299178659060883589404511
0.131916208403366486123786671669
0.0892684519042332980109932805135
0.0612189586220299730712213204242
0.0368498356484447606162824229159
0.010001431731168256011876849243
-0.0283317911516119055881368637984
-0.0466978753042915431525905489707
-0.0694230722300529928814327718101
-0.0841483544131453042869139835602
-0.0973781109674245470841924543492
-0.111361517382704069967225279925
-0.116744998454652484931592937301
-0.129374990105742049273374050244
-0.126343202204080629069693486599
-0.135071202663062467363985774682
-0.142329563345621523673401043197
-0.134435211915703678453581915164
-0.139053999512555093165389052956
-0.14882527119373825663650734441
-0.140794186916730762471061666474
-0.133557520365248344473840802493
-0.126684127889225006668993955827
-0.12065813162322804041881596504
-0.1129657506853400938950926502
-0.103311416410516943020780900042
-0.0965385893544928319620623824449
-0.0774359775078455742081118273745
-0.0667656163824509873983004126785
-0.0607528672999068861115823381169
-0.0438003920700744467375820079269
-0.0373840594238283585593052293916
-0.0325195383257698700241178357828
-0.00961670429508789358086229270839
0.00217966443590873358224224709545
0.0123408092311717790950931217253
0.0350731109811103433648860061567
0.0321639869753489737735918652106
0.0516034889990231171452705893898
0.0729181785835490009484161078035
0.0741362932224534226799406155806
0.0858162066817185487099806096012
0.0971183588605427083884080730058
0.101942941161321715126675258034
0.109869789168726930683739340111
0.121165454583859147352775664785
0.129352521255794078447465267345
0.13234960133120077241386525202
0.131270348564889449693993128676
0.13405264971754876635046116462
0.135706503324620086914364947006
0.138852672969559387539106865006
0.117493069651458115210118648974
0.114524048027930799853457699555
0.121539813286349857035517629811
0.106418759519681827008241725707
0.109859886299213338478608648074
0.0752790148003355391592705814219
0.066374033237627236281319653699
0.0417426324004987470139838023897
0.0270981058322515046266065752434
0.00167195213757943177482201413397
-0.0300561059217394205278495178391
-0.0636688261700590479863492987533
-0.100654029026216701447893342447
-0.130633878444704781829344142352
-0.173264146366521459841081309605
-0.2180017479640016797581836272
-0.266046360409777693512012319843
