3
199.242998540422831865726038814
0.113818311731870833169999457368
0.113928053236762902300505118092
0.114037926552278956471297988173
0.114147931933477136956511799326
0.114258069636025486048858113008
0.114368339916197561678679051056
0.114478743030847221473500496813
0.114589279237418725787556184059
0.11469994879395518927456265601
0.114810751959098122920721607443
0.114921688992079121249823003836
0.115032760152764396144320357962
0.115143965701576270199701923502
0.115255305899576582229215659936
0.115366781008412147557784521723
0.11547839129033685146019649892
0.115590137008210025459931102887
0.115702018425539523982514822364
0.115814035806387133353823060133
0.115926189415461539100604682062
0.116038479518094192477484227766
0.116150906380187268762682606393
0.116263470268317042899397506517
0.11637617144964140791785212059
0.116489010191961062101739798891
0.11660198676367972137057904547
0.116715101433841048073070112423
0.116828354472088266624574259822
0.116941746148740172150937155493
0.117055276734688795681194051213
0.11716894650151328527432070814
0.117282755721358253331310095291
0.117396704667066059668556476936
0.117510793612056657631015355037
0.117625022830479264435155073443
0.11773939259699257864344446034
0.117853903186997580054828915763
0.117968554876499306938164579606
0.118083347942148420006702735918
0.118198282661218803668568000376
0.118313359311674373697265139072
0.118428578172094373099909603297
0.118543939521777205725605597308
0.118659443640549935872208209275
0.118775090808964561839289331147
0.118890881308257298498709531032
0.119006815420261674587365519074
0.119122893427525092246987981071
0.11923911561320822694032273148
0.119355482261123982401507248596
0.11947199365580747631998548286
0.119588650082427319643052499032
0.11970545182682816587327323532
0.119822399175501151380451858586
0.119939492415620505005868778881
0.120056731835033458910544368337
0.120174117722282175479975308008
0.120291650366537147820444886293
0.120409330057703586880357704558
0.120527157086306749289583706286
0.12064513174360257108386207392
0.120763254321492319309783169956
0.120881525112600154980846411945
0.120999944410215928836116461298
0.121118512508275127936840931397
0.12123722970148272104484732381
0.121356096285206202511908202268
0.121475112555469805242225334041
0.121594278809039738065145286328
0.121713595343356115185962096348
0.121833062456545765384063884085
0.121952680447480005243576783869
0.0520330588295538562504383151008
0.200069887942368324074138286051
0.194698623980598201077540920778
0.189319109310475575114196544746
0.183931331953018306624159095009
0.178535279906730043331108959137
0.173130941155209577830831335632
0.167718303661609863253190155774
0.162297355363843959219494195167
0.156868084182181621866192244852
0.15143047802054376838043481257
0.145984524772005297421628711163
0.140530212293153461411421289995
0.13506752843601224634006996439
0.129596461026324855092539678481
0.124116997868845946317861717034
0.118629126754065367110868578493
0.113132835448749108353538872507
0.107628111704927170722001505965
0.102114943253225259889305220895
0.0965933178018506394257869374087
0.0910632230423987637513150161794
0.0855246466498166962866278595357
0.0799775762722917671343481060831
0.0744219995431805170227335111122
0.0688579040703555245173106413858
0.0632852774552247338002430865345
0.0577041072679468289297055605402
0.0521143810624979872403450542606
0.0465160863709949690125711185829
0.0409092107063647111853121884906
0.0352937415657280234571047117242
0.0296696664200244569764564062098
0.024036972730014007776366824487
0.0183956479230898660437443226101
0.0127456794139480297095579075517
0.00708705459628597260468563234781
0.00141976085115982702741788124001
-0.00425621447097452188651489635163
-0.00994088403760571941158996622789
-0.0156342605389449343378238665991
-0.0213363566719948494210257194936
-0.027047185173031240007501807554
-0.0327667587807852905834593570944
-0.0384950902632792552049423306926
-0.0442321924218116863114502734788
-0.0499780780422545561902936128718
-0.0557327599638029677620032487084
-0.0614962510475328821835105941318
-0.0672685641411743390216670945847
-0.0730497121515534530988844608146
-0.0788397079741610246061966904563
-0.0846385645599281727369245231785
-0.0904462948457220583531324109572
-0.0962629118008139772477704809717
-0.102088428428526112323737606857
-0.107922857744165032189975761412
-0.113766212775444089388976465216
-0.119618506572045965596906569317
-0.125479752237117159197055116238
-0.13134996283378988501944206746
-0.137229151501514962108174700006
-0.14311733136690896195375444222
-0.149014515607876790737051919677
-0.154920717393106005532743552067
-0.160835949922847776250023343891
-0.166760226427065727516918514084
-0.172693560152184150124909933766
-0.178635964355719933926991416229
-0.184587452326988005202323961385
-0.190548037382061608013827935793
-0.196517732843737857884036657197
-0.202496552060431628250469771046
7.89087268552953862720130474059e-11
0.307509652652661280569645896321
0.259337839967826777609616328846
0.212749105695608453636680224008
0.167994286716941332304742218184
0.130610997197681294457183298618
0.0945370265343839222271782318785
0.0586391003950654174370349380752
0.0306721350335515813290143682934
0.00209281433171244410362810128845
-0.0201969851592406213214303534187
-0.0447326825142060485740458375403
-0.0622799105768733277099791223463
-0.0805558828590261372104563974972
-0.0965876793098493918732216911849
-0.107731050314104542797721819625
-0.1199628379095882685367868703
-0.126686846494057120393605941899
-0.134974610198956762596722569469
-0.13882479371890524277866063585
-0.142694323851482035570015227677
-0.141773615154267590421355293984
-0.143906598791537054804479112136
-0.142123389910136926905792620346
-0.138578419785101103478552886372
-0.131496832942021746326588527154
-0.127571936296769994356736788177
-0.119689116596464681374634153599
-0.111854572557273573840674885105
-0.10516172494333143883071812752
-0.0912261123162272646869297432204
-0.0835016191020466064243166215419
-0.0753052304863782301369568017435
-0.0583786089445822997667789877596
-0.051924481034036649995666579116
-0.037329090315396835919603546472
-0.0251372628927467728354727682927
-0.00902291626958701478700142217804
0.00327516225206238732053920514886
0.014944112387652608645027818568
0.0301840872383199003425868767181
0.0448745897210059904725021340255
0.05497870100087785816267427208
0.0650414531540304124979101629833
0.074823552161833284390723974866
0.0865907982091587702377921687003
0.0981394025025534300077367788617
0.104183552618311858761757093816
0.113034603624239962660347202927
0.119996950171520094796662192493
0.125576910355663123874947473269
0.127422516418650738634354979695
0.137090823562662528223299318597
0.136148694275908893613902250763
0.135046481788397704226767359614
0.129846865101728964342342464988
0.130855311720678102460624359082
0.123005610080473198886252816919
0.117071495709258774353678234093
0.105850960322615206266050336126
0.095098291154239164568728881477
0.0782832246159690936515573866927
0.0637147922425223417475237397412
0.04236377698486923359944000822
0.020138713662660068237642008171
-0.00301742865296862443347247761949
-0.0305044186263324669516894260823
-0.059676653664960263578898036485
-0.0936379518599683852153603424995
-0.131504955394010941693849758849
-0.173506825586098395453049647585
-0.216855544919763582045746375115
-0.263758875428887373804087701501
