3
588.854573414058904745616018772
0.114339239237921400094144530613
0.114435116469454437049257933268
0.114531099148940898602155868957
0.114627187458779741802139540141
0.114723381581749842017536877847
0.11481968170102602178062056737
0.114916088000162536220116749064
0.115012600663100025832896733391
0.115109219874173884790025113034
0.115205945818106711420192311834
0.11530277868003770136429153581
0.115399718645458268517778321893
0.115496765900264891646642695378
0.115593920630765165102893377025
0.115691183023683114017288176001
0.115788553266065935565265476725
0.11588603154540580431053342636
0.115983618049611159062095566696
0.116081312966958491439406486734
0.1161791164861323000234705205
0.11627702879621838738533057267
0.116375050086696532614105592529
0.116473180547484733704521886466
0.116571420368840161785328746191
0.116669769741513371097418882982
0.116768228856565001172462814338
0.11686679790552928492886053391
0.116965477080336416326744597427
0.117064266573311023811321263111
0.117163166577188129768849478296
0.117262177285118840419642083361
0.11736129889066938825070707253
0.117460531587814831500082846105
0.117559875570960911672635518244
0.117659331034887890132800691845
0.117758898174851689422126810314
0.117858577186454191454423323648
0.11795836826576620859352573234
0.118058271609277634639489917845
0.118158287413845042301829835196
0.118258415876819539258590907593
0.118358657195941643913705831892
0.118459011569340688652118842583
0.118559479195617045732547012449
0.118660060273785408768709714877
0.118760755003290655040792955788
0.11886156358396275656286178446
0.118962486216119212034669772038
0.119063523100473162008583472016
0.119164674438157050517794743882
0.119265940430784575521094836859
0.119367321280358096302620651841
0.11946881718930749127771662188
0.119570428360528918654281937961
0.119672154997339130755307223808
0.119773997303478027531831173746
0.119875955483136870105553839494
0.119978029740962374716239935424
0.120080220282022295807955458713
0.120182527311808132197690213161
0.120284951036262674484156320887
0.120387491661784598595552608913
0.120490149395250337183149724751
0.120592924443896257202801791664
0.12069581701546917840150996426
0.120798827318147908305157045561
0.120901955560529933419999792932
0.121005201951718932562584996049
0.121108566701229519724236638467
0.121212050019014347390644559255
0.121315652115536160016162625652
0.121419373201654037797148077971
0.095416866233454120105328399859
0.199978161378512930834716598838
0.194589486339693834571207275985
0.189193029699333409299200070564
0.183788780363593112765485670934
0.178376727198313544953123255254
0.172956859065686779919346349743
0.167529164809302133498647435772
0.162093633244175472363224344008
0.156650253178012344168479330619
0.151199013393654518866426883505
0.145739902664602988258124582899
0.140272909728753475411267004347
0.134798023339230549355605148776
0.12931523218651261308842492781
0.123824524985884573680117171079
0.118325890404382766396551573962
0.112819317107307567904506129253
0.107304793726170841217104623411
0.101782308901363541253637379214
0.0962518512260568531724302943076
0.0907134092911599243524989333309
0.0851669716636525991892980869125
0.0796125268955514553415042655615
0.0740500635189101641397968478486
0.0684795700458097761353926102856
0.0629010349686193737106520984526
0.0573144467808942154052331829917
0.051719793918164363999423471796
0.0461170648364151170017777303656
0.0405062479458464103077020013188
0.0348873316545751238626493773154
0.0292603043525120655454774265536
0.0236251543975296851574086076653
0.0179818701308111089653962721968
0.012330439891187830458996188554
0.00667085199048418966971674137767
0.00100309470164429643049275320266
-0.00467284368225981232292109979198
-0.0103569749230257943800603825935
-0.0160493107762857828424429840197
-0.021749863046176310527046737775
-0.0274586435139583841247290507681
-0.0331756640097189831051238684267
-0.0389009363817630973714223330262
-0.0446344724907715151296372368961
-0.0503762842088030446396906825157
-0.0561263834414587672871910228878
-0.0618847821087084859481564080852
-0.067651492145528013821831336827
-0.0734265255059259047687447718999
-0.0792098941669451966918202856505
-0.0850016101250021111068733148386
-0.0908016854014657842641966567498
-0.0966101320175794392453028081036
-0.102426962040837843392893091732
-0.108252187537336508338370322235
-0.114085820596101866764016108391
-0.119927873338390056368041314272
-0.125778357884712282954708939542
-0.131637286396413089040180466327
-0.137504671043250370487953659904
-0.143380524011689297614324800634
-0.149264857511284293467568318192
-0.155157683777131572000484993623
-0.161059015052258835964948957553
-0.166968863609362277999892398839
-0.172887241740689479030379516189
-0.178814161757022999088562187353
-0.184749635976170917261995896297
-0.190693676765515268689554773118
-0.196646296478126814122333598789
-0.202607507505823042359693886283
8.23265288146159464960921501054e-11
0.309791559471496003030921428945
0.256981970852735497334862202479
0.210276185457587888594233049844
0.167258392007680389834689549389
0.128967923351093943784562156907
0.0944930147647978085911901757754
0.0635583830138519989549905631065
0.0272499634208612749597389068867
0.00531626977775110330648455914115
-0.0215909434143525848226463637047
-0.0426635445210613722943904235763
-0.0645191739405399922180350813505
-0.0825458997948340239547704300094
-0.0965594689491594687646980332829
-0.111149641712863678222333874146
-0.114045159096690607025692543175
-0.124859448818088955568406106522
-0.132321254336310839549994966546
-0.136896221352136943094635057605
-0.143430991510554273205002573377
-0.141507643313581982225102251505
-0.141493955455875453086633797284
-0.146290164676833700507785351874
-0.133162791322156554008060425076
-0.136547686899760239986889587271
-0.13269371045419536825349382525
-0.122654554780220956256009401386
-0.115887132098692779980098066517
-0.103132031664471643384040078217
-0.0953311776428707041697308000039
-0.0847344611442783501864539630333
-0.0713908996279980778698615040412
-0.0603970207370765135856949257231
-0.0490765202079036233495656915693
-0.0327308281350856891678269278145
-0.0247798822771535254272379233953
-0.0114080827814107971240886740816
0.00455597353162226752915087146789
0.0155542275550492551522419049093
0.033405338471172801861897028175
0.0420946212565350072476455522974
0.0605593258345191939873153330609
0.0654408127837151215588917807509
0.076477007622560405630807167654
0.0890079977960070850562246391746
0.0973716360549269771551550434197
0.108359189878808215290462158009
0.113667497966082997606918070232
0.113641122891911319769953081504
0.122387380142958704376532352853
0.130604690094644065867512949808
0.133875181570724227642088521861
0.13409191196796116374301277574
0.139368835071321417462542058274
0.132400616953013000598460280344
0.123966014984419947708715881163
0.124442822286956591981699205007
0.115896838754952782868379301817
0.102870759931828245625773377014
0.0943146801167962928191812466139
0.0807706931030831298823358110894
0.0626642760904329298998760577888
0.041207920897108049618218217347
0.0222916139858690513786410036801
-0.00165014847084972524765555945692
-0.0298664454454207820011113483361
-0.0592484464253618808848855792348
-0.0948242432861082229500482299045
-0.132362552748080009035192006195
-0.169856732814804539666297955591
-0.215396783421686915938053630271
-0.268131136488807209072859905064
