3
240.166370951895572716239257716
0.114431580685753764292655887402
0.114524992895189456354465562526
0.114618506078328949437938888423
0.114712120405562653657760563419
0.114805836047603165850361506273
0.114899653175579388730831453813
0.114993571960954402144672314989
0.115087592575493544155840197618
0.115181715191392752828392076481
0.115275939981198630168712782051
0.115370267117749419893968365614
0.115464696774322306271898241903
0.11555922912448635120341577931
0.11565386434222764411305917065
0.115748602601890626662139993641
0.11584344407813261523809700293
0.115938388945991927014844691257
0.116033437380920922965543695682
0.116128589558705780371283822205
0.116223845655446189617521213222
0.116319205847713075252514158819
0.116414670312361967496883607964
0.116510239226619072283597233763
0.116605912768160346892898360238
0.116701691114947700422810328291
0.116797574445354199190738597736
0.116893562938093137359985007606
0.116989656772304051468580610162
0.117085856127463069920047189498
0.117182161183401439830120693841
0.117278572120381188725879439971
0.117375089119021405736909002826
0.117471712360283767062618665022
0.11756844202555524758757599102
0.117665278296553418857506301265
0.11776222135544868463430390193
0.117859271384714331398768649706
0.117956428567240104166025105314
0.118053693086340324991390104969
0.118151065125620624574054318145
0.118248544869148194957908515335
0.118346132501346998355806761083
0.118443828207034695942923008261
0.118541632171415736718422806462
0.118639544580045705468585026665
0.118737565618974152958919887624
0.118835695474520733339041100862
0.118933934333441071462544869064
0.119032282382934270770213913693
0.119130739810513017196136331677
0.119229306804115864348858622179
0.119327983552090607921591924878
0.119426770243162741480524857707
0.119525667066475244082468520901
0.119624674211535247936311066042
0.119723791868293003015644160314
0.119823020227044954588713210342
0.119922359478536882937405039229
0.120021809813902438635047076332
0.120121371424672343519723938243
0.1202210445027436791498587354
0.120320829240514654001614758272
0.120420725830685346191550877393
0.120520734466414369823183960762
0.120620855341274549332730714468
0.120721088649199698172864714252
0.120821434584633000119957557672
0.12092189334229618002947148625
0.121022465117412186819123576242
0.121123150105594504233330610532
0.121223948502844416919010939182
0.121324860505642673214055093922
0.0348064109104512728332103677076
0.199965567473632754857959525907
0.194573495507897875622660421868
0.189173733628001189410738902552
0.183766270897675804141258026903
0.178351096364449374087612909534
0.17292819906544720787167079834
0.16749756802480481043815530029
0.162059192230090742814496707069
0.156613060669097331478738510668
0.151159162305579714002945479479
0.14569748607840682375069718546
0.140228020926122048939177489046
0.13475075575551526130269053283
0.129265679447202519458670622043
0.123772780898484688338889725401
0.118272048951038599717833221803
0.112763472448778961920723418189
0.107247040214700758986587914023
0.101722741043971012797619835055
0.0961905637375375932585086502513
0.0906504970484948713327355562797
0.0851025297348973613908995616839
0.0795466505251221089878299608245
0.0739828481303272389446590295847
0.0684111112603608961801882060172
0.0628314285710680348051582200242
0.0572437887373472287233511224258
0.0516481803895874752585726241705
0.0460445921545278927244915223582
0.0404330126427727004623235984582
0.0348134304342493858253071437048
0.0291858341000807743059741738989
0.0235502121824424370810646678365
0.0179065532293442922218140722634
0.012254845733408778474249345436
0.00659507820695186524478925704784
0.000927239112694120694822819128689
-0.00474868309835172353744470186143
-0.0104326999705923340738822346907
-0.0161248230889777278973529206496
-0.0218250640560077036056441102119
-0.0275334344918313177197344288061
-0.0332499460305888949740449334058
-0.0389746103114087111274344010781
-0.0447074390238508603823142095735
-0.050448443865868913826844277537
-0.0561976365254904727808415998425
-0.0619550287623973280903832971944
-0.06772063229779180792977655301
-0.0734944589160344691203263778334
-0.0792765204044481447409609131682
-0.0850668285587285188942274771762
-0.0908653952112270096863611001936
-0.0966722322014609558582520776326
-0.102487351395026668465781938266
-0.10831076467719309708304109563
-0.114142483949592907221948223651
-0.119982521124753799268702891823
-0.125830888144545516293959508403
-0.131687596979717908007856408403
-0.137552659591693160479053403833
-0.143426087994541012760052467456
-0.149307894192037382552484814369
-0.155198090231923657711377018131
-0.161096688161257856064523252826
-0.167003700063559884503305852377
-0.172919138026534024987768134451
-0.178843014176811254678511886596
-0.184775340640435853378775732381
-0.190716129561471658959703745495
-0.196665393130723009651461552494
-0.202623143534892830031068911012
2.69623848155856724894186801482e-11
0.303443425696502233623874644763
0.258584696500663846485679187026
0.213932816690560662076237008478
0.172849843542649789229770362908
0.129717557419017914810410729842
0.0966869368561604214384885835898
0.0641450182966728649214260826739
0.031860674265524281667527617401
-0.00374736043131182862755967910573
-0.0207612635490531834137062361378
-0.0463227213493433084834371982197
-0.0625630522471833788733519554626
-0.0811704234353433640158925754804
-0.0994087978533275129500168532104
-0.116460900195121272449050309206
-0.116625207152830881462968193318
-0.133361292314014612259143177653
-0.137055902529530260203216585069
-0.145414206745494128947271406105
-0.134827207723512809689481173336
-0.134619340856409475115640361764
-0.139297158822879435513542034641
-0.138563505640452555578434612471
-0.136843787694126278742245972353
-0.128987829893981442719308461164
-0.127991318051758340423873505642
-0.125860680802137886447056303041
-0.112926473009888603260542083717
-0.10492405494240807095618350786
-0.0977699512719946289829309193919
-0.0799465328287114057603801597907
-0.0647907984880494169921405500645
-0.0619342566778449468700706859181
-0.0452534746906164547786133312002
-0.039479149068023668134319592582
-0.0187633122550490451241334000088
-0.0115541987384287538065397171749
0.00565041292873608071850588530083
0.0225229237871476493937361595954
0.0190543903018132489146641006528
0.0404463710801668333005842725925
0.0494940219225511734979505718002
0.0630917499742588844258150970745
0.0720626650770637977583277233862
0.0925470123228056967823462741762
0.0970295904803999548215998061096
0.102110360338637878863110586281
0.114409233646052682642491049592
0.114159951881891319480644142459
0.128616478250956706164132015147
0.130375563754689643980455571182
0.133194741504638447526787103925
0.137970126096310874430628246046
0.140985087091227451194797026801
0.131098639057588811640542303394
0.136260684168921147874087296259
0.13005720131118614357745855159
0.114720981537555874463230054516
0.108791311239953863987395266122
0.0916894875033407580344757548119
0.0698025995397901916073024608522
0.0641677315240093970594159600296
0.0396357378827426332090766436522
0.0140213054344323299199581711605
-0.00439567875274381528183376133256
-0.0331608986920640461115716846052
-0.0569657565883816205398737508858
-0.0951526673637336228850358565978
-0.127681872930800716092747393304
-0.167770797141277211439458483255
-0.21140175491741647340049325976
-0.27138918531420147539634513123
