3
681.340126580141600243223365396
0.114257209893375608067422888325
0.114355274956736321922967647424
0.114453449494585454693229564782
0.114551733700224353529328880086
0.11465012776735869493016650722
0.114748631890120550425038459252
0.114847246263058075377294642294
0.114945971081128361923617831053
0.115044806539731606087606508027
0.115143752834650281435813212738
0.115242810162131753548564461198
0.115341978718815782456452723181
0.11544125870178631454443518578
0.115540650308543407787098544759
0.115640153737004883205408134472
0.115739769185525864791941330623
0.115839496852899737078246289457
0.115939336938340062377328365528
0.116039289641466022984239714333
0.116139355162371962770784250552
0.116239533701548741762010763523
0.116339825459956178188569708709
0.116440230638954547726093835536
0.116540749440347146670404754332
0.11664138206639125538988110975
0.116742128719765386746232138648
0.116842989603596819625508373974
0.11694396492142142274239802191
0.117045054877307583285350744973
0.117146259675617731010888178389
0.117247579521314482242644317012
0.117349014619685582117014632786
0.117450565176513602172470029927
0.117552231398044090826537910743
0.117654013490933920249581490225
0.117755911662291601338381497044
0.117857926119702485778795164606
0.117960057071194376887568466827
0.118062304725211258960015925368
0.118164669290705362514337650737
0.118267150977054175120528611842
0.11836974999407103015247599842
0.118472466552061242439641830515
0.118575300861775770333572666004
0.118678253134402514334944100938
0.118781323581633180275218819588
0.118884512415563789455852372612
0.118987819848808906719739297841
0.119091246094391617349472767273
0.119194791365871841093415639534
0.119298455877177939088440439264
0.119402239842795548918630288426
0.119506143477633317018238301443
0.119610166997039746306086271943
0.119714310616897495753718771994
0.119818574553527901205285388642
0.119922959023717287663224340122
0.120027464244749026978098527252
0.120132090434347860163910581832
0.120236837810734700782155925936
0.120341706592627745164847397064
0.120446696999168725850104522124
0.12055180925002557945635572878
0.120657043565343097268893757246
0.120762400165701999643630415449
0.12086787927222336636035038282
0.120973481106481803304397715237
0.121079205890536112377731114975
0.121185053846952370260048326145
0.121291025198747154378864365754
0.121397120169465272399023092476
0.12150333898311355129706612388
0.120874938793629746469626695671
0.199990432327800921052940452682
0.194604683406413597746009713774
0.189211073959800274435494316094
0.183809592734644727807236108674
0.178400228451610382007785915448
0.172982969815779791256105113462
0.167557805519460228937944634708
0.162124724234607664463680976041
0.156683714607137342111897737595
0.151234765270405441262013823689
0.145777864853936928168920417193
0.140313001944966209144638469297
0.134840165124951893993454632437
0.129359342957717171618270413092
0.123870523982129498996584970882
0.11837369673070172182427484131
0.112868849706182647341101699112
0.107355971395445129457080213342
0.101835050268271734563718666777
0.0963060747778997361390196374487
0.0907690333521613268441541322318
0.0852239144191155317820118852978
0.0796707063614831290099260741044
0.0741093975563299478537260256417
0.0685399763711760506845749318927
0.0629624311393589819463301182623
0.0573767501855370551377966137352
0.0517829218094780219239225971251
0.0461809342933014593812757198066
0.040570775909286288518629248756
0.0349524348967809803112594124741
0.0293258994885129374574628258188
0.0236911578840108445753731558625
0.018048198286031585241273589304
0.0123970088540265067911239071918
0.0067375777420472801951256691666
0.00106989308822139886530344643489
-0.00460605700160050725994187459378
-0.0102902844306129673951355485428
-0.0159828011185414106676283552133
-0.0216836190154195591894836780966
-0.0273927500813529803402879281293
-0.03311020630119509283728618243
-0.0388359996771335952425729942661
-0.0445701422261196786300807559655
-0.0503126459909837009387700845764
-0.0560635230326185091120905212847
-0.061822785426831151911475359384
-0.0675904452714565368021126801068
-0.073366514690512127372379325152
-0.0791510058177478242891211834831
-0.0849439308071331528049441317307
-0.0907453018429570934522132574784
-0.096555131115833220389887969759
-0.102373430842075244240341191926
-0.108200213262474739805973911189
-0.114035490623902280304946543765
-0.119879275211688354763062136499
-0.125731579309702801161563456844
-0.131592415242410915032778007117
-0.137461795336783432208704880395
-0.143339731954526566903851403367
-0.149226237471506428811096611753
-0.155121324269511862148362979497
-0.161025004774379587590971141253
-0.1669372914160803800243115802
-0.172858196655923251894293457553
-0.178787732960705963991543399061
-0.184725912829310251472847426157
-0.190672748776522710256742243473
-0.196628253340074832244965818973
-0.202592439069974733500956176613
1.17407943388386184058533012991e-10
0.30708680161610946157679791213
0.257295841806491509817789165027
0.213007250173997325637387234565
0.168929401173832538507468825628
0.127486830094571512717038785922
0.0957634084440336652566116981689
0.066129343128759093817237157964
0.0311982921836287882544347382918
0.0036746787495649025669097742508
-0.0253143849910849420836722600825
-0.043491254310889938816675481803
-0.0630314591984141164848765015449
-0.08110184959501126611414179024
-0.0942784013662709002856487927602
-0.108981620765898304381558148179
-0.118762141320359615459523183745
-0.128633221790661028682833944004
-0.136722273930990623203030054356
-0.142705314938849053829628132917
-0.142148412764475873260039406887
-0.142276301845963737413569560886
-0.145976478914180946011569517395
-0.139247365483455037837856593796
-0.139862664018543358945834143015
-0.134030124436104403073954927095
-0.125905401673228278802696422645
-0.12433825664873751626338105325
-0.112546789285367820898642321481
-0.102523414526748873898398528581
-0.0920070479548495828714393951486
-0.0865214126707546660188796749935
-0.0710387525562574534410131832374
-0.0588421228342913063547037211265
-0.046846249782966170593923038723
-0.0325476898974835227029700490675
-0.0251413467934550501070578576446
-0.0104621636499638258344102581532
0.00234129745801977401375992826615
0.0159426208343095773822817307064
0.0314189720923023704801657629559
0.0403689440378555142174832326418
0.0555642039522026495723672212534
0.0659965481114647284366370172393
0.0767396459272279424235208011851
0.0874399946368721592282469146085
0.0975224445423666513876881367651
0.107175825931184395822803878673
0.114186264905849724216047036407
0.120551909702156748172008349229
0.126493118364418594135045736948
0.135566801174268114493770553963
0.135622246833571880042512702857
0.13244919924651965548179077814
0.130300617697740733769151688648
0.134901676270865022999601023912
0.12670459048987872674452148658
0.121171827363134990140913771484
0.119850692952044993178084553165
0.105341131413138444639088220356
0.09227940592338927661142378156
0.0782733299555478101439121019212
0.0620238369725012450572876332444
0.0403331628505790296124189353577
0.0215016676835178832671857662717
-0.00586098510307335538588313639252
-0.0309029312628439287169435090163
-0.0633469853951167255479148820996
-0.0954952780969305775604638597542
-0.131435979398795615979977924326
-0.16931538679436927696819736866
-0.214654246578014351598540088162
-0.26229111829842199909990085871
