2
51.2218701586423463822939083911
0
0
0
0
0
0.706491601475266017828857911809
-9.8174142557034995350261249734e-17
0.707721426159272137823563753045
0
0
0
0
0
0
0
0
0
0
0
0
0
0
0
0
0
0
0
0
0
0
0
0
0
0
0
0
0
0
0
0
0
0
0
0
0
0
0
0
0
0
0
0
0
0
0
0
0
0
0
0
0
0
0
0
0
0
0
0
0
0
0
0
2.37343522097066718509403293602e-05
0
0
0
0
0
0.707721426159272248845866215561
2.11504603482908372200745453024e-10
-0.706491601475265906806555449293
0
0
0
0
0
0
0
0
0
0
0
0
0
0
0
0
0
0
0
0
0
0
0
0
0
0
0
0
0
0
0
0
0
0
0
0
0
0
0
0
0
0
0
0
0
0
0
0
0
0
0
0
0
0
0
0
0
0
0
0
0
0
0
0
