3
24.5027053034299591161015996477
0.113990811895204213755050659529
0.114095970046778863449254970419
0.114201251074825982367855203847
0.11430665520948657398747627667
0.114412182681430024677737833372
0.114517833721776596256347602321
0.114623608562236814489843084175
0.114729507434990510295058641077
0.114835530572828317663613972854
0.114941678208961561846734866776
0.115047950577196300692150998657
0.115154347911851348551515172858
0.11526087044776553436342680925
0.11536751842029180359361362207
0.115474292065357794778712730022
0.115581191619398393477524678019
0.115688217319379116343469604544
0.115795369402820522153341187277
0.115902648107793798670783758098
0.116010053672834484439491120611
0.116117586337097386528505182923
0.116225246340248403176254043956
0.116333033922494513690004680484
0.116440949324597656233670761594
0.116548992787859587161314323112
0.116657164554111805743197294305
0.116765464865779045045002249026
0.116873893965766278979501180402
0.116982452097602579454971305495
0.117091139505313107660455784753
0.11719995643353087189098005183
0.117308903127379335340485511097
0.117417979832598329270609838204
0.117527186795452737166911560962
0.117636524262773614624144613572
0.117745992481941286200708418619
0.117855591700938580612678663329
0.117965322168275876801857293685
0.118075184133001359620962489316
0.118185177844809211067378384996
0.118295303553899472381871760263
0.118405561511081613979001758707
0.118515951967677723999372574326
0.118626475175632489778010381087
0.118737131387452329867038258726
0.118847920856233510433774824833
0.118958843835602304239706938915
0.11906990057981731156999671839
0.119181091343674758209481012727
0.119292416382603821967123280956
0.11940387595251510111094006561
0.119515470310017510313649324871
0.11962719971228207016533673368
0.119739064416963608694643994568
0.119851064682475735856392873302
0.119963200767666366974850689076
0.120075472932033439077414982421
0.120187881435721552469964024112
0.120300426539384844315527800518
0.120413108504319632530155104178
0.120525927592416537414976573928
0.120638884066136056749662941456
0.120751978188602351882430241403
0.120865210223440794345961535328
0.120978580434992655234793801355
0.121092089088121010465037841186
0.121205736448335141264287528884
0.121319522781733357685851615315
0.121433448355063103307749372561
0.121547513435610585186275045544
0.121661718291344006503962305032
0.121776063190803127134209660198
0.00558780810160653274715203409073
0.200036219508436585723387679536
0.194659470393101691199078118188
0.189274618214295364815313860163
0.183881651262943091040824583615
0.178480557801469263967675260574
0.173071326091265742519453851855
0.167653944356187634134869313129
0.162228400818458212695460929353
0.156794683667495771128841397513
0.151352781084284265800121715984
0.145902681221483004891936730019
0.140444372221537605582852847874
0.134977842203516246177841253484
0.129503079269203957846201547
0.124020071501148715364948316164
0.118528806957243382225186678625
0.113029273687432305073308214105
0.10752145971254890854940100553
0.102005353043275764912678482688
0.0964809416686212839575631505795
0.0909482135460437796092847406726
0.0854071566317912006516266387735
0.0798577588509603170097150837137
0.0743000081198301048912568944615
0.0687338923247335781274713895073
0.0631593993319172902767277832936
0.0575765170062215725366172591748
0.0519852331668451198010139080452
0.046385535637358067673208239512
0.0407774122041208719746663291517
0.035160850647046597294842484871
0.0295358387188628460084949267639
0.0239023641534246641948691092239
0.0182604146685106313863222737837
0.0126099779596919141233524186418
0.00695104170003659708326759769648
0.00128359354968720154599459704059
-0.00439237885774154158957660598617
-0.0100768879016568304457512894601
-0.0157699459859325409605279588732
-0.0214715655351503491299336445763
-0.0271817589879881950365447806917
-0.0329005388104477297650518607952
-0.0386279174818542000990895246559
-0.044363907511920000481531189962
-0.0501085214138182466481197252506
-0.0558617717302357652542355026526
-0.0616236710335368378932408006676
-0.0673942318960863706589492494459
-0.0731734669236916573931139851084
-0.0789613887419638171838442985973
-0.0847580099959501231943193033658
-0.090563343338557547590461638265
-0.0963774014713076332405705670681
-0.102200197079626728391410495078
-0.108031742895679461202718130153
-0.113872051676932595221103383665
-0.119721136167730585198043513628
-0.12557900917350101055447453291
-0.131445683479272906746260218824
-0.137321171926966439924555629659
-0.143205487372528444955932513949
-0.149098642662584268681058574657
-0.155000650702879244624554644361
-0.160911524390398574801963604841
-0.166831276673924527864656397469
-0.17275992047926994055195848432
-0.178697468808112464033754918091
-0.184643934624369648878072780462
-0.190599330962266638733737522671
-0.196563670853288796624980250272
-0.202536967353422275861518642159
7.19860483808924381386449846867e-12
0.306898478864500168228346410615
0.256876333382007437933225446614
0.210680160744973143938096882266
0.170326715405624745658386132163
0.131207709240070719003412591519
0.0926114132574084175653084116675
0.0646341893666784184091511633596
0.0312136720179840287947570232063
0.00345794517438382771959415329377
-0.0204426228993980531323249039133
-0.0438026855225329136978018595983
-0.0635155543304260911119385468737
-0.0823505312646461429260114073259
-0.0960406112968991421130482422086
-0.106453735292624376840286970491
-0.119814183739224172642323651417
-0.128226551366766500228422387409
-0.133785428595094096904105640533
-0.141494300462675082208363619429
-0.145281840710943077610295404156
-0.145927053329329869946207054454
-0.14221672188183814844464336602
-0.140147188144982781654590553444
-0.137525978132591264468942426902
-0.136161239843680226258015864005
-0.127431039950725522036378833945
-0.120842723953742750553352891529
-0.110846896684663381860147524094
-0.103447630091576231459171708593
-0.0922457887119398217690147134817
-0.0818007688731242493807016558094
-0.0728107175991836719219918450108
-0.060736907577730141205574199148
-0.0445199193948013077770653467269
-0.0340273443430923958064049372751
-0.0255720383734182217516650581501
-0.00907317869377411052866921892246
0.00374180968266733197241658004373
0.0154094904738708918245926327018
0.0270955394828675394380823604479
0.0406416204994844015851995777666
0.0516676031279921926797626952066
0.0656912861719111812464078070661
0.0751833421822176856119668286738
0.086145984025654001592364750195
0.0984244283412208237349361183988
0.106891036795393551406263554782
0.116640028316374239070185581113
0.1198161341202456653398655817
0.12670646922959039049061402693
0.128384865102909834222444374063
0.137075114556145294386624300387
0.13527850309300801234790867511
0.130346652466833079486718816042
0.131263425144414913603441164014
0.127059153964477311582470520079
0.120633747344145156321637557539
0.114930721271037164510353534297
0.103809131495545117762624443003
0.0972015344150193860706110626779
0.0806654330844621264562377405127
0.0634089326846520306979471115483
0.0466195359094635983221444064384
0.0232904591539092355179096927031
-0.00292286348267416272797558640661
-0.028997191226774944594613003801
-0.0621868134147553833224186803363
-0.0932936067154842424420380098127
-0.132099669813525971706624773105
-0.172908897403004774284696054565
-0.218422774876947639599578110392
-0.264505137105288168353212086004
