2
0.380964135003390491629460257172
0
0
0
0
0
0.706467655579460118708823301859
-1.03127182894084168200639925184e-16
0.707745329634933861839840574248
0
0
0
0
0
0
0
0
0
0
0
0
0
0
0
0
0
0
0
0
0
0
0
0
0
0
0
0
0
0
0
0
0
0
0
0
0
0
0
0
0
0
0
0
0
0
0
0
0
0
0
0
0
0
0
0
0
0
0
0
0
0
0
0
2.02565336640254564963279705105e-07
0
0
0
0
0
0.707745329634933972862143036764
1.9360090684474119346577497492e-10
-0.706467655579460007686520839343
0
0
0
0
0
0
0
0
0
0
0
0
0
0
0
0
0
0
0
0
0
0
0
0
0
0
0
0
0
0
0
0
0
0
0
0
0
0
0
0
0
0
0
0
0
0
0
0
0
0
0
0
0
0
0
0
0
0
0
0
0
0
0
0
