3
24.4171182118627747570371866459
0.114039995363540369588406520052
0.114143845331940885223787063296
0.114247815665858731826176608593
0.114351906588451929236427417891
0.114456118323404840153578732043
0.11456045109485679667216118105
0.114664905127488198077756464954
0.114769480646483193475582140763
0.11487417787749187869650313587
0.114978997046715214480627764715
0.115083938380829850500752797871
0.115189002107053545254089499394
0.11529418845307586038995140143
0.115399497647098475683336005204
0.115504929917873921940696391175
0.115610485494625492286502321804
0.115716164607115090667832646432
0.115821967485609148007519308976
0.11592789436090300547732567793
0.116033945464302665206979270351
0.116140121027620737970131870043
0.116246421283221948450581351153
0.116352846463967304901920840621
0.116459396803240092244102754648
0.116566072534965425866460009274
0.116672873893592085603465591248
0.116779801114082745772115856653
0.116886854431942147081180394252
0.116994034083179432315091617056
0.11710134030438244800986780092
0.117208773332616159046359882723
0.117316333405539027778807792401
0.117424020761283776081995711138
0.117531835638574208569018253456
0.117639778276637699261364389258
0.117747848915238206846112234416
0.117856047794705764975020656493
0.11796437515590427191902733739
0.118072831240220429971365945221
0.118181416289611096459566397243
0.118290130546576763292954126428
0.11839897425414122600351163328
0.118507947655900683359142533391
0.118617050996018449926516780124
0.118726284519168640008146553555
0.118835648470572929902289160964
0.118945143096078828626183110373
0.119054768641987551713867787839
0.119164525355264921957498813754
0.119274413483347996312033956201
0.119384433274281220871415598594
0.119494584976636966655583194097
0.119604868839597616725356488132
0.119715285112877253825836021406
0.119825834046749055139535755643
0.119936515892082970480281289838
0.12004733090029395814468671233
0.120158279323362995882895631894
0.120269361413859396381376143381
0.120380577424915410911232527269
0.120491927610259841330275776272
0.120603412224153813681049030038
0.120715031521469895459119925363
0.120826785757653390462884601675
0.120938675188705255236776281436
0.121050700071266725821317322698
0.121162860662504923148219404538
0.121275157220175816563667581249
0.121387590002651798992694409662
0.12150015926886137407336718752
0.121612865278339574159893743399
0.121725708291250137027539324208
0.00533855590701408106585335033856
0.200027155168388315331640114891
0.194648796406164781291892040826
0.189262377932131936608683986378
0.183867888114323668746763473791
0.178465315302745369807624342684
0.173054647836992980813874964952
0.167635874022800251958997819202
0.162208982157794612266599187933
0.156773960517247040735711038906
0.151330797358053298351521220866
0.145879480923500254307967338718
0.140419999430394820683076773093
0.134952341070189746341512204708
0.12947649404061672973043073398
0.123992446499320979613756321669
0.118500186596123768811850140992
0.112999702447944522232248232285
0.107490982165793683145160741788
0.101974013837856272712834027061
0.0964487855268818250475959530377
0.0909152852963975161015852677338
0.0853735011698331242024906373445
0.0798234211554252198750347702116
0.0742650332498411280823802371742
0.0686983254254812658601281327719
0.0631232856300466965704387689584
0.0575399018185615840348390293002
0.0519481618824028310021923005024
0.0463480537308240403415737773685
0.0407395652398369056967908363731
0.0351226842654716805980363858453
0.0294973986449165379020165289603
0.0238636962008299813309264436612
0.0182215647274707251423997433903
0.0125709920031649904220705238345
0.00691196580373520247375651592847
0.00124447384499315580504152922714
-0.00443149613805118858245180035738
-0.0101159564418486520170903375515
-0.0158089193840624878117928631127
-0.0215103973118790717244941390618
-0.027220402577214641848257770107
-0.0329389475693574740322588922936
-0.0386660446630374618481873483233
-0.0444017062940895643197158904059
-0.0501459448927089462832995536701
-0.0558987729167155777965092511295
-0.0616602028486009437480142025834
-0.0674302471800331537643558021955
-0.0732089184281365795703422350016
-0.078996229130904191406692405053
-0.0847921918472997471205587771692
-0.0905968191598956751331428449703
-0.0964101236569112063357067654579
-0.102232117958128171375520309994
-0.108062814712184054877219807622
-0.113902226569218070761912997568
-0.119750366206716987726998979724
-0.125607246334229122330938821506
-0.131472879660405272961298805967
-0.137347278927153870764499288271
-0.143230456905708014581080078642
-0.149122426371612576412317707764
-0.155023200113521275600447779652
-0.160932790970588684986708472024
-0.166851211785206676729842456552
-0.172778475420527405370663132089
-0.178714594750103789033701673361
-0.184659582692279583548966570561
-0.190613452165150687456218747684
-0.196576216123511560152081756314
-0.202547887520396818761270196774
6.53715831010319956571309714858e-12
0.308096063937640052277089353083
0.259190393026917709207168627472
0.211175234098969377694032800719
0.169583687143204903113868908804
0.127770423020307860584310333252
0.0954344782401665009397007111147
0.060878674969974976016739987017
0.0304523700858897808374514681873
0.00482524085945346646597808870638
-0.0228812072811923339354933659706
-0.0461362147133243458152485061419
-0.0634870312798352098848653213281
-0.081148510328439782401943602963
-0.0987640131664364873120831589404
-0.109096258709071636250342862695
-0.122161448790429325028661367014
-0.12740947782177119984581281642
-0.133921567112975176128131238329
-0.136432658372250048550711198914
-0.139970654001144223510522124343
-0.142506725698669456381395548306
-0.143137815728980322127483759687
-0.140140422290498944946079973306
-0.137195984707816270864455532319
-0.133567497969074300279146427783
-0.126341429018031081721318287236
-0.116267190107607831794922503832
-0.110094750100982866070076227061
-0.102101574595444874460348216871
-0.0929252878556290073941426044257
-0.0846093227635692640697939737038
-0.0701551303052306979290975164076
-0.0607763001140526198939895152762
-0.0506787620306337338593749564097
-0.0362324480023378386883692314768
-0.0238020453854753330502624919518
-0.00832714482395249984414409283318
9.22284606953722166855155761844e-05
0.0157036471182316478278906402011
0.0291676152943871301592704270433
0.0365791685716826686647351607462
0.0515955442292265059611722222144
0.0644943441733134004145711060119
0.0749178969378155729108570426433
0.0852404995052557373780288685339
0.0935523732877653474426793422936
0.101856789051946700075390594975
0.113678014810630861886053821763
0.124533697598114098670230021071
0.125273949581633153860238394373
0.132025338527265084787032378699
0.130643910126669676730060132286
0.136944740202497694525618499028
0.134374893675419299077233858952
0.133418172492807962647987096716
0.131272129790880154320831252335
0.1228406392047164674696801967
0.117910612109307172401528873706
0.109040986269959588872424660622
0.0923013343347395404103750138347
0.0824082548073196280435936955655
0.0640697602124764842290716160278
0.0454058450496550650155036521483
0.0200333879501807463063833836259
-0.000527843361436995846258657394401
-0.0301334215637794541886584909207
-0.061719483162813428001047810767
-0.0943135817240993989951647336056
-0.130235876859950139294852533567
-0.175453344910363018271937107784
-0.21789364587776427484300256765
-0.266186435494956186165182998593
