3
667.567399373839975851296912879
0.114590495063852007562310575395
0.114679659652013071768905660974
0.114768917663365929704433199277
0.114858269248293565212293287914
0.114947714557553995473604402378
0.115037253742158868119460635171
0.115126886953437979066450225218
0.11521661434302524207318185745
0.115306436062842090906066516709
0.115396352265141000081882793893
0.115486363102447767148284185623
0.115576468727623060672726751363
0.115666669293801802065324579871
0.115756964954453117622179547652
0.115847355863342743598209949596
0.115937842174540339801325217195
0.116028424042418643047369641863
0.116119101621673756485897399671
0.116209875067308052165593323934
0.116300744534623995418698427784
0.116391710179256466228814304031
0.116482772157123853906668387026
0.116573930624491242658002931876
0.116665185737881260674697614377
0.116756537654232286915778615821
0.116847986530657754755679889058
0.116939532524715616990107491802
0.117031175794211655949439432334
0.117122916497269705105033210657
0.117214754792372977121317489946
0.117306690838262756004795051012
0.11739872479405710770095083717
0.117490856819179256831375823822
0.117583087073325501248355351436
0.11767541571657598453715110054
0.117767842909302547504957203728
0.117860368812210569711140806248
0.117952993586306509321559587988
0.118045717392955357150086115325
0.118138540393839988618118752584
0.118231462750951338280813729398
0.11832448462660703769611103553
0.11841760618345849309651640624
0.118510827584508621201919709165
0.11860414899304008717884073576
0.118697570572739816152640912605
0.118791092487524813092747422161
0.118884714901724947155869926974
0.118978437979970888549452467942
0.119072261887226665821870597028
0.119166186788803529772451383906
0.119260212850318819688411053903
0.119354340237764117160779164806
0.11944856911743227667610511844
0.119542899655963208438436140568
0.119637332020339326454916317743
0.119731866377880566409963591923
0.11982650289625143558147613021
0.119921241743426471026978674672
0.120016083087776753712816457664
0.120111027097947714592507395537
0.120206073942981966906629054392
0.120301223792226852360442990175
0.120396476815391367809482403572
0.12049183318254104435585105648
0.120587293064065237402360253327
0.120682856630703300160334379143
0.120778524053575073149424667918
0.120874295504064852013748065929
0.12097017115400587883300431713
0.12106615117550104110399900037
0.1211622357410637035313172305
0.0775068978981112710613388117054
0.199947386063961451974080318905
0.194549174291787224655436716603
0.189143438420196124960526162795
0.18373016782177128969344437337
0.178309351889330891527407629837
0.172880979968055625839440381242
0.167445041401493383004250858903
0.162001525511914129529245087724
0.156550421609334494688070549273
0.151091718988110718102646501393
0.145625406885808883483690578942
0.140151474599164549417196212744
0.134669911345470627583864597909
0.129180706344868501123102078054
0.123683848810437396759098760413
0.118179327910872156159882706561
0.112667132820520890512661082994
0.107147252699345343907033623054
0.101619676671578965110320780241
0.0960843938504591932314724544995
0.0905413933480801597086795595715
0.0849906642359821579146839098939
0.0794321955813864916118305359305
0.0738659764197800022822448795523
0.068291995792874135573491400919
0.0627102427093602227126112325095
0.0571207061617295605571165140191
0.0515233751208954426914488067268
0.0459182385545348070721161093388
0.0403052853927172369252751593649
0.0346845045610437094363298626831
0.0290558849713500495781648425009
0.0234194155040863237482451353344
0.017775085027130290565855474938
0.0121228823978385830129056444093
0.00646279643958678345905255469006
0.000794815983102750613781273258951
-0.00488107018619227291111872801821
-0.0105648732889310689730955061805
-0.0162566045611625027700331003189
-0.0219562752499852659182622005574
-0.0276638966482442849592615630172
-0.0333794800359388590949016872855
-0.0391030367173104617672940719331
-0.0448345780440230420871294825247
-0.0505741153555106098815841164651
-0.0563216600065923195250761068564
-0.06207722338590732774621372414
-0.0678408169023282936471730408812
-0.0736124519752699019159436488735
-0.0793921400376642605323240786674
-0.0851798925455433258990822764645
-0.0909757209928484106287172039629
-0.0967796368564885767238337166418
-0.102591651661888938473765620074
-0.108411776920118732570053055042
-0.114240024204994294887427486174
-0.120076405075930203736334078712
-0.125920931117858597714231905229
-0.131773613945420781101702800697
-0.137634465175065723308023279969
-0.14350349645560978029124044042
-0.149380719458307248403983180651
-0.155266145841254948889442744075
-0.161159787326529663209484510844
-0.167061655638812645019442015837
-0.172971762484400382042792898574
-0.178890119649595613626757995007
-0.184816738905667604653260127634
-0.19075163203781286824778362643
-0.196694810873979636367536727448
-0.202646287234203525962072944822
4.71276474564970194113867481686e-11
0.315885724084267682787441344772
0.253255807171164748492486751275
0.21144718856348676538914332923
0.177779680225086805789302957237
0.127687165521254170075238221216
0.0898425293726039797537197273414
0.0567863130187565567918994702268
0.030148235160573050306354048189
0.00276594089970658065652520107847
-0.024878895077697898291502198731
-0.0413729753701053554193478589696
-0.0686058187477862901904046566415
-0.0854048411112446753667981624858
-0.0894423155987698892399606620529
-0.11585065474904020221824652026
-0.129725726997053703026807625065
-0.131468188414724435064684371355
-0.134197161557702948631032313642
-0.129569873707686772368319338966
-0.137531662299145790440135783683
-0.148060237778698866595306071758
-0.136049374427297781187107261758
-0.139321242896169622538238286324
-0.140469961895982514699099397149
-0.132502442671354192516020020776
-0.123737093115458052228206042855
-0.10996377948283250769456742546
-0.110372952703095980608871684581
-0.103128400034436434884455024985
-0.0952699706583076261212639224141
-0.083246505698096037728639373654
-0.0694460002452565866581934983515
-0.0622614497948741976718345370045
-0.0471793540856437695896197226375
-0.0357368540205929632880277324603
-0.0191027403658508669603843799223
-0.0128891531059025978706022996789
0.0033396968127964348285741102984
0.00623654818844916660619537296384
0.0249906190775882643129168769747
0.0481493529068941772397494105462
0.0553037356111272943026690995794
0.0606081040805026560747137409635
0.0764127293320635697648768314139
0.0850945424727432980782637628181
0.0918467893076848479472218400588
0.106473189584340405255957762165
0.115067725586161781481386867654
0.123348971254586409207476549454
0.131371815006041198214958853896
0.131923523526502994851483663297
0.132530539243123773873733739492
0.131853987742724526599502610225
0.129942304846821093944342351278
0.131964757258939552331256095385
0.133260210942169499137577304282
0.122947018846835856575872014673
0.119117820353679154665726969142
0.100109973070281882412402296723
0.0930927891371424454103333800958
0.0830058233619281465864858660098
0.0596867970113495183159812995655
0.047354363263994100896603356432
0.0236477840616377242566326088991
0.000839439674393154910796155387942
-0.0327241976408040591284276388251
-0.0628113318369148271314017506484
-0.100502662974165810072513238538
-0.136115547896323990650913060563
-0.169230733530485816240584995285
-0.209971628199554727345343962952
-0.266935557680419877080169044348
