3
2139.47270281939063352183438838
0.114897238609935989361865438241
0.114978183829550578698430740587
0.115059208465080789474122013871
0.115140312631261496068013627792
0.115221496442956566896853587423
0.115302760015285443717658608875
0.115384103463545537038292820853
0.115465526903303847272574955696
0.115547030450235357901256350033
0.115628614220298853165758146133
0.115710278329637636374194187283
0.115792022894631349561045396968
0.115873848031849246975610867594
0.115955753858062324268551890327
0.116037740490295235296080988974
0.116119808045717629041426732783
0.116201956641774614698015000158
0.116284186396123298545823843142
0.116366497426573997642229585381
0.116448889851200929057561950231
0.116531363788307723572401641832
0.116613919356372830460344403036
0.116696556674088292027136049001
0.116779275860417239285560242479
0.116862077034490183247150696388
0.116944960315649021387329753452
0.117027925823504866387203549039
0.117110973677829410810602439597
0.117194103998653181841760329007
0.117277316906205394952955600729
0.117360612520927221069655388419
0.117443990963521205372899203212
0.117527452354855552196788437413
0.117610996816066570858083650819
0.117694624468465777744619060741
0.117778335433628561501606668571
0.117862129833341891527176414911
0.117946007789613921401539187173
0.118029969424651617893040622675
0.11811401486091560597557759138
0.11819814422107424722874213785
0.118282357628056528087157062146
0.118366655204952098134896232295
0.118451037075116838437338628864
0.118535503362158234352818908519
0.118620054189862558779999801573
0.118704689682247066517817302156
0.118789409963590802954414016313
0.118874215158380341916810607472
0.118959105391307079502283272632
0.119044080787353651063043002978
0.119129141471662508555695580981
0.119214287569661014920541219908
0.119299519206959123152067547835
0.119384836509460259823534045154
0.119470239603233233105505917138
0.119555728614614290017392761456
0.119641303670172949313865728982
0.119726964896695764473122380878
0.119812712421232411830196440405
0.119898546371023748124962082784
0.11998446687357380846528087659
0.120070474056615042468543208543
0.120156568048136833115613342216
0.120242748976311167319330763803
0.120329016969599883468688972243
0.120415372156694289174083678517
0.120501814666469114767366477281
0.120588344628132740354864438359
0.120674962171040414671274731973
0.120761667424832880302076887347
0.12084846051940177635852791127
0.136943061380748409838759016566
0.199928778623055469765290581563
0.194517334082110388004949186325
0.189098723268638024830323729475
0.183672936247030044176753449392
0.17823996313324610984984985862
0.172799793972522486296128363392
0.16735241884244689281047158147
0.161897827762983947952335483933
0.156436010749826492904901442671
0.150966957843043925180381847895
0.145490659005228145650434612435
0.140007104221954142841966017841
0.134516283432167177425142767788
0.129018186602441659038831289763
0.123512803654509659145865896335
0.118000124485073146218816475539
0.112480139003959159205159323847
0.106952837073493789432632183889
0.101418208578385196649840338523
0.0958762433516497925012345149298
0.0903269312265802121197921792373
0.0847702620068013779075499769533
0.079206225498089574688087566301
0.0736348114828506566942323274816
0.068056009740823375508966819325
0.0624698099860155273144179943756
0.0568762019771159241243729809412
0.0512751754321980196538177665389
0.0456667200289982977423619558976
0.0400508254777816458114259035028
0.0344274814289992278637519973472
0.0287966775301508604023581483489
0.0231584034393278979935271166823
0.0175126487319382691254521233759
0.0118594030372533229544806943068
0.00619865595181619440101616902439
0.000530397024041783372687308695248
-0.00514538420016079790092478063457
-0.0108286981732262661132226710947
-0.0165195553931073747799818107751
-0.0222179663348542576206678944573
-0.0279239415438359422916292373884
-0.0336374915330320753414916623569
-0.0393586268537467198758150743743
-0.0450873580793461833926549786611
-0.050823695804902230266364426825
-0.0565676506117961941377814127918
-0.0623192330981154896107909735292
-0.0680784539344186784282086932762
-0.0738453237626005426497144412679
-0.0796198532542726905569807627217
-0.0854020530796782972871028505324
-0.0911919339512105853184920079002
-0.0969895066097641311841925926274
-0.102794781752402974994708984013
-0.108607770150345103732369977934
-0.114428482588271152042835865359
-0.120256929833459411116614035109
-0.126093122714733552047761122594
-0.131937072050458431560215899481
-0.137788788669313072565714151096
-0.143648283424298167654242774915
-0.149515567215334016504257874658
-0.155390650921980705279068502023
-0.161273545446751015441932963768
-0.167164261747638848154551283187
-0.17306281074514270890141176551
-0.178969203411288496630149325028
-0.184883450717629127524332943722
-0.190805563682455048279962284141
-0.196735553291333992165235144967
-0.202673430617306249423847930302
4.7214146825145386383219160438e-11
0.297989966158210772828596191175
0.222989202144721898601886778124
0.201637244426311312839317224643
0.150793005801874158144926241221
0.163758670465596972709576562011
0.0701721849756778703888215886764
0.0566963312574301422919198500949
0.0448745395273151756465601636137
0.0287023111922232419812583970042
-0.01412555807497555514229414797
-0.055108764261174982002078337473
-0.0298530816197116848076387185529
-0.0427021238179544279645050153249
-0.0782750532683463839944693063444
-0.148016744282270212851315704938
-0.133618068769512876592386874108
-0.108626293518757993661338900893
-0.123736598871721531489598078224
-0.12200916997247125694858738143
-0.152198581432374441257948660677
-0.13625175881904136310218689232
-0.138238946946289631423354649087
-0.142576729501382754028426802506
-0.145387292440306542529171451861
-0.136714702185107089826843207447
-0.130549181523237134427972705453
-0.147642754479387461330475161958
-0.104693393923215624652378608062
-0.116088820238049672539659695758
-0.103851419623684035342670028967
-0.0734721661816210291906514839866
-0.0727244149227804087542992306226
-0.0948527863615750282955119132566
-0.0593812564602194808971447059776
-0.0232977193663389571531840971375
0.00751587043509763241821985957358
-0.039996875264079689848983889533
0.0114270342556160951069665898672
-0.0248568755171775478129969627616
0.0141575542926667737736456942343
0.0635154746040236528603628585188
0.0587059358171541992299502510377
0.0664071972166748181187756472355
0.0741584914221665864042520865951
0.0870530547811603494512411316464
0.155326785493338698218579452259
0.12548991790892788378286581974
0.103232615286096313100827615017
0.114089395281156857908655410938
0.152292700540654746266255870069
0.175677434589901981798476526819
0.144738768685663571345045852468
0.143845615216255551249702193672
0.142962085650430142935718436092
0.0914469476806455405792917190411
0.125385494747152242966947710556
0.112910397402814388634340048156
0.0792525428233772921693400803633
0.104216457282392316319175051831
0.0157492897941173479181564687224
0.0603009953494443029509142206734
0.0793708909614699448242802759523
0.060404664496472429413564952938
0.0429147403227257348556911153992
0.0104835550797168688269556113823
-0.0319150775181983453743228551502
-0.0725759471547483547837487094512
-0.0938298494903260504873543368376
-0.130674199184337203050176867691
-0.153268780619779887430809139914
-0.241762071799958871975988472514
-0.237735625410567391613270160633
