2
5.22524938057557442050438112346
0
0
0
0
0
0.70643729720202974586840127813
-1.20306419170468192660116709975e-16
0.707775631907380020635400796891
0
0
0
0
0
0
0
0
0
0
0
0
0
0
0
0
0
0
0
0
0
0
0
0
0
0
0
0
0
0
0
0
0
0
0
0
0
0
0
0
0
0
0
0
0
0
0
0
0
0
0
0
0
0
0
0
0
0
0
0
0
0
0
0
3.23683121892323587411944077474e-06
0
0
0
0
0
0.707775631907380131657703259407
1.93844633800728338118020980761e-10
-0.706437297202029634846098815615
0
0
0
0
0
0
0
0
0
0
0
0
0
0
0
0
0
0
0
0
0
0
0
0
0
0
0
0
0
0
0
0
0
0
0
0
0
0
0
0
0
0
0
0
0
0
0
0
0
0
0
0
0
0
0
0
0
0
0
0
0
0
0
0
