3
11.9111290093524466726648824988
0.114852052822023931177852773544
0.114934210577305254141755597175
0.115016449762585418192806230309
0.115098770497590457972947319831
0.115181172902198397656192696559
0.1152636570965660245402517603
0.115346223201025749327541802813
0.115428871336183500040384330987
0.115511601622820064827479313863
0.115594414181965254861950143095
0.115677309134867414841529864589
0.115760286602990966620119195341
0.115843346708048064441776148215
0.115926489571948856949212824929
0.11600971531681267268076851451
0.116093024065049704729446489182
0.116176415939217486661405587256
0.116259891062185413690421853516
0.116343449556964517732637887093
0.116427091546836725122204825311
0.11651081715533626037561987232
0.116594626506161119783300250674
0.116678519723285398224099651543
0.116762496930912548775971515624
0.116846558253464530285903322238
0.11693070381557447989795406329
0.117014933742153159901278058896
0.117099248158300001110276866712
0.117183647189380568676142502227
0.117268130960945252128091453869
0.117352699598838261518807257744
0.117437353229100080453939369818
0.11752209197799159956510095526
0.117606915972050113383673419776
0.117691825338030034431291426245
0.117776820202899312750588478593
0.117861900693891422098324994749
0.117947066938439135141969416054
0.118032319064298396593670759103
0.118117657199367509512910601188
0.118203081471802459723186018437
0.118288592010039106394714281123
0.118374188942724417605845133039
0.118459872398738952359309450912
0.118545642507222825923207665255
0.118631499397530801309663672782
0.11871744319930231659210306816
0.118803474042381576603055748365
0.118889592056837925526657784303
0.118975797373050459770915665558
0.119062090121564809197529655194
0.119148470433242240074100948277
0.119234938439121529452080494593
0.119321494270561961892340718805
0.119408138059061863511800538618
0.119494869936471598270699701061
0.119581690034845228298721053761
0.119668598486489086152317895539
0.119755595423923388853637561624
0.11984268097997206881100140663
0.11992985528765438829612577365
0.120017118480303164318456765614
0.120104470691417872241224529262
0.120191912054819924349224891102
0.120279442704561131960439013255
0.120367062774935834612577423286
0.120454772400471588067460970706
0.120542571716014124127980267076
0.120630460856551338655329175253
0.120718439957458192890449311108
0.120806509154285507401382915305
0.120894668582805911438704526972
0.000849040813197107432919175096231
0.199929819985510653923554968969
0.194520466773357048051451556603
0.189103890684730102655919381505
0.183680081694027025340787417917
0.178249029799104702354028972877
0.172810724932087350635967482049
0.167365157043048634610826752578
0.161912316044468873599271319108
0.156452191866237794171112795993
0.150984774366721669069946187847
0.145510053453570264991867588833
0.140028018952765537230575887406
0.134538660756793437833778170898
0.129041968654673128158449912917
0.123537932462129032562536679052
0.118026541962281100728304750191
0.112507786962168773725601056412
0.106981657211671271623387724503
0.101448142441244767986141539495
0.0959072324175007373536772092848
0.0903589168040056511799207328295
0.0848031853238278565676466769219
0.0792400276801898673095791991727
0.0736694334871819817012195130701
0.0680913924377193058301571682023
0.0625058941208147256229921140402
0.0569129281847233353675008515893
0.051312484205090824751493983058
0.0457045517790098734800530166922
0.040089120464396096887860210245
0.0344661798021982934692175604141
0.0288357193304537608169457740814
0.023197728573331428264525655436
0.0175521969996701131255800731878
0.011899114105307789096555026731
0.00623846937694569683707790375138
0.000570252225529484018870518546862
-0.00510554789298848371581485139359
-0.0107889415958818297991417267667
-0.0164799394587606604090090911541
-0.0221785521052781722795010921345
-0.0278847901733157120529593697711
-0.0335986643164066303701709159668
-0.0393201852398390033771491403058
-0.0450493635765566308171159448648
-0.0507862100735389648820117258765
-0.0565307354533229125537197035101
-0.0622829504277145340473964552075
-0.068042865774915445298276495123
-0.0738104922704660576515678371834
-0.0795858407092956826600627096013
-0.085368921880009399072442022316
-0.0911597466219214586091723617756
-0.0969583257974813428337057530371
-0.102764670252102577330255428478
-0.108578790852940587630115487627
-0.114400698524482480333830380914
-0.120230404147613906262748173503
-0.126067918679127616288226931829
-0.131913253070392477717120982561
-0.137766418259420542202775550322
-0.143627425257088547905226505463
-0.149496285077195256718596283463
-0.155373008689994568376491201889
-0.161257607180225276399809786199
-0.167150091588737836900691036135
-0.173050472978541369784011294541
-0.178958762457799541722991421011
-0.184874971128311277324129946464
-0.190799110117095355176886073423
-0.196731190571257541499505805405
-0.202671223630643465574152628506
3.27012173763404293974887344636e-13
0.273732408378104641322181578289
0.259522655392849854738557269229
0.212943658700890603441280291008
0.18466898955113944524875080333
0.100492550336074182304457735881
0.100064349019122866835118657036
0.0544675236087168654353085628372
0.0222625684805569448720952152598
0.00554813652645288861442463002049
0.0203337387067044177146879491147
-0.0360595041272151889399921742552
-0.0570854152572736334159131388333
-0.101843815971183263013877251524
-0.0986526339975329347176113969908
-0.0818781813059627910922344540268
-0.108701078460733291386475229956
-0.10497805952973181253806700397
-0.132712178136704966879833023086
-0.168582493991336096472721806094
-0.160589688302712835232810562047
-0.137132267373507726881953772136
-0.165460972998560301716608478273
-0.137767017069180403021633196659
-0.127887241130223344720562295151
-0.121121379227176043102964797527
-0.124817330668162015938627007472
-0.101354212119985118145670810463
-0.104475068661095113475845153062
-0.0942280558036996118698169766503
-0.0738157204157459945204067253144
-0.0850206016382905188644159011346
-0.068098478729545053322880221458
-0.100953750630761729389917036315
-0.050605152257900937184942335989
-0.0438485572192392550339157253347
-0.0278704877440787805731314819013
0.0279478609300787446401148628183
0.000140993150056412997785104668225
0.0304640970154692776461491376949
-0.00237791376888470172915046596529
0.034348888834362309441239347052
0.0366776803247367555460556332037
0.0842492870427951068279526225524
0.0351945107410863294861158578897
0.0758075199542485034243100017193
0.0874969141560634627863279888516
0.139146625347673885686461403566
0.131608752909299547839694355389
0.128472690123815791451988843619
0.131972939596982002941061296042
0.100217818187199436685830278293
0.133666548946886787341270519391
0.108573644418834922009686749789
0.108387317339111069469659298647
0.155388518451079343796195075811
0.101922514813039016834395056321
0.120816616423226788623601635209
0.106435838490442455372964047911
0.120544119914999331433236307021
0.115318782072600004018347874535
0.0712611570203973282433551617032
0.0560371073051075183069080765108
0.0903609579033472082310041173514
0.0101498625604658620352749309745
-0.00886915670912974060668965137211
0.0148982861920087389373534847437
-0.0476956355935888587360693691153
-0.0712228321879904702207397804159
-0.123280030139631860408577779253
-0.206457854855691347317758754798
-0.224943523525992339351375903789
-0.291120498519022830041791394251
