3
993.108586546011906648345757276
0.114719789666625701651803126424
0.114805493096966082511301010527
0.114891283952210848662289777167
0.11497716236723601324065668905
0.115063128477161172313891768226
0.115149182417388709631644871934
0.115235324323603338658728034716
0.115321554331686906835763295476
0.115407872577850387219022820773
0.115494279198528962404601827529
0.115580774330429555951660347546
0.115667358110516427238678716094
0.115754030676039884606431940028
0.115840792164483438742017540335
0.115927642713626946613381107909
0.116014582461481705055739155341
0.116101611546355162896126955729
0.116188730106812590503473359149
0.116275938281687710174061578527
0.116363236210066167686250082625
0.116450624031334479258070757623
0.116538101885094655396635232592
0.116625669911316703908354952546
0.116713328250118833495641013087
0.116801077041979783910363721589
0.116888916427616104676268093954
0.116976846547985957602833195779
0.117064867544432377188812210989
0.117152979558418926520069192065
0.117241182731808057937428202422
0.117329477206642565634275854336
0.117417863125344815178330293293
0.11750634063051859645732122317
0.117594909865074065402623659793
0.117683570972223719430793664742
0.117772324095436822788407482676
0.117861169378448885081134278607
0.117950106965298395778063422767
0.118039137000302829516584779412
0.118128259628047488360991223999
0.118217474993390123105818645399
0.118306783241498833514349087181
0.118396184517822494752792295003
0.118485678968036772795713318374
0.118575266738158394130842054892
0.118664947974499668248427042272
0.118754722823603359183053385095
0.118844591432330753955071145356
0.118934553947826746056470881285
0.119024610517510925911111030473
0.119114761289122961240849463138
0.119205006410631031421587522345
0.119295346030350024602029179732
0.119385780296850388393359310157
0.119476309359022342393430449192
0.119566933366012581596571351383
0.119657652467283839858858129901
0.119748466812568898909319159429
0.119839376551939588710915529646
0.119930381835694321868146516863
0.120021482814445024089877733786
0.120112679639131053610512367413
0.120203972460995719973020356974
0.120295361431517908168409292102
0.120386846702511943196789445665
0.120478428426074507529008883466
0.120570106754629369216758050243
0.120661881840873855264995029302
0.120753753837794852721287952591
0.12084572289869033312470492092
0.120937789177198135037727411145
0.121029952827171188856070216389
0.0928004114660888751453526879232
0.199936485782098660735073281103
0.19453295197778705527547060683
0.189122037921823943351640195942
0.183703733264655111323548908331
0.17827802767159281471798237817
0.172844910767388032502012151781
0.167404372204489670927785027743
0.161956401577018321846779258522
0.156500988482185410255453916761
0.151038122470660951535137428436
0.145567793136611417503800680606
0.14008998999493957327011628422
0.134604702574947415749662127382
0.129111920393301160547849804061
0.123611632933485177110455310867
0.118103829670724205791465521997
0.112588500065351315715389546313
0.107065633563013296036814381296
0.101535219564766840405489745081
0.095997247509132715981294836638
0.0904517067657536200098178369444
0.0848985867033631297351448097288
0.0793378767000974122192147319765
0.073769566066245365054676597083
0.0681936441486793304411762051132
0.0626101002512709781111510665141
0.0570189236452245326591814489348
0.0514201036208675257843658812362
0.0458136294025518059358503819567
0.0401994902458775796305623373428
0.0345776753884090223833958077648
0.0289481739950085623092057574013
0.0233109752669637161626159382877
0.01766606836270583763548458478
0.0120134424528356414246799133139
0.00635308665476478837130791532672
0.000684990077246285227613453727713
-0.00499085816950474870506981872609
-0.0106744689961961649465882473464
-0.0163658533783167040032147099282
-0.0220650222277160613926216825575
-0.0277719865559073464389427954302
-0.0334867573245418714833476769854
-0.0392093455457811213005214767691
-0.0449397622661517406883469050172
-0.0506780185090094856259490541106
-0.0564241253374017093236147957214
-0.0621780938379155323492142315445
-0.0679399351121692390842454756239
-0.0737096602514778070913692431532
-0.0794872804078360500890099160642
-0.0852728067399954187122190774062
-0.0910662503917842869327614607755
-0.096867622557559818208261503969
-0.102676934458238167113819372389
-0.108494197305270254072517843724
-0.114319422335701817439179706071
-0.120152620818517852363527254056
-0.125993804003368042865318443546
-0.131842983225982202100112772314
-0.137700169783340042872765707216
-0.143565374989071126154982493972
-0.149438610216204526004446506704
-0.155319886820690727935456720843
-0.161209216188780785072864887297
-0.167106609745857559445880724525
-0.173012078881736142133007660959
-0.178925635072023470062418937232
-0.184847289746233073293169013596
-0.190777054408486607117723110605
-0.196714940544827326940335865402
-0.202660959677006813350885749969
4.53678608042247217533491102377e-11
0.315384531863030781462242657653
0.243870434644774564114655390767
0.216822965836362818725646661733
0.175924271757068678700974828644
0.123623884178334503269880428888
0.082384932175599903669827028807
0.0538773663319981471753195023666
0.0524846748480816624460310038103
0.0108310268316268772798016684078
-0.0254268376819253329179648659419
-0.0434573881552012750151270381593
-0.0732448404382906731457936189145
-0.0828497848493043587136952510264
-0.0872550250579889608015804469687
-0.123679454567146462906634951651
-0.108820423935795038139495716223
-0.119617847475481639540895173468
-0.149614793231245019056174783145
-0.141679275714761604421099150386
-0.146234269661306287568791617559
-0.137990631505196609252195116824
-0.147503977411221509630223636123
-0.144329477136132311443361686543
-0.134204325490707987444949367273
-0.131994916427353031762592650011
-0.120571841530397683150965804089
-0.12044352258384082021702710108
-0.109493540868355818118651257009
-0.10337912244920262339054062295
-0.112475477857906236422991241852
-0.0728607609953787066503494429526
-0.0667498624098416676320155715985
-0.0638104755253575406381827406221
-0.0446744166106038259611565877094
-0.0308171042044144000149330508975
-0.034192315550899819720509498211
-0.00828476178156882167580299380916
0.0194063798073901491725301582392
0.0116082380818849154047178728888
0.0383345217876262869816095246733
0.0535198725125186278162026098926
0.0519569176633303819734521766804
0.0671349127502257891908499232159
0.0908772053440101285071150982731
0.0698396507283235989937963950069
0.0876024986094185997842487267917
0.0952132816052255748218158259988
0.108712959948593701486885265695
0.12644151687026428110272036065
0.13166857306102891511656594048
0.132863014932338152629398564386
0.134887922779968333353295406596
0.129328229127082611205068474192
0.126162427121180586997439831975
0.132890353908418246131617479477
0.145376839970503657362144167564
0.117649366315390885295855127879
0.105674905656645612417321444809
0.0900346962422064883702077509042
0.0920728954390816617392445664336
0.0915390404939218915725263059358
0.0649529223299595143137352692975
0.052097843866761056608183366734
0.00882316963339078823291838915566
0.00281274084834393783838280000964
-0.0442884012088598441603259914245
-0.0370063841446967717319083135408
-0.105026753125826335932835320364
-0.137322899919334856511099474119
-0.162027401193066133977538356703
-0.225569655597818663483877799081
-0.257748853899607055506493225039
