3
197.285038728615148784228949808
0.113859263287458573055133115304
0.11396791737643026387605260652
0.114076701137272515373943804207
0.114185614819090286431446656934
0.114294658671527687987534704916
0.114403832944809297211818943651
0.114513137889748109476961701603
0.114622573757706971986358723825
0.114732140800667861690875781733
0.11484183927116058121509212242
0.114951669422291902211696879021
0.115061631507780551264552570956
0.115171725781923264819717189766
0.115281952499558734692719497161
0.115392311916178380570841000008
0.115502804287836935426270201788
0.115613429871141606963824699505
0.115724188923357257374746609457
0.115835081702293146710402993449
0.115946108466385686130983856401
0.116057269474624788485606075028
0.116168564986669622940418378221
0.116279995262696347890774006828
0.116391560563543550177456609163
0.116503261150617556940467522963
0.116615097285960298001405988089
0.116727069232185010072555542138
0.116839177252527903760892513674
0.116951421610839614850796408518
0.117063802571589797851814296337
0.117176320399838232444444940938
0.117288975361235697780770692589
0.117401767722105573876767437014
0.117514697749381738511864625707
0.117627765710549614386337680116
0.117740971873788485835277128899
0.117854316507848999595609029711
0.117967799882190291227423983855
0.118081422266735167059259481448
0.118195183932203240484426487455
0.118309085149855178209499229069
0.118423126191558730768704776892
0.118537307329869626149054795405
0.118651628837987660469721618028
0.118766090989666353583409375005
0.118880694059367270076776890164
0.118995438322143140541520267561
0.119110324053724916937291311569
0.119225351530471701533286932317
0.119340521029363932914435508792
0.119455832828056177086217815031
0.119571287204831316897113424602
0.119686884438606103153723836385
0.11980262480898909438487009993
0.119918508596194212101337939202
0.120034536081116943728730461771
0.120150707545281135169012998176
0.120267023270918260724471338108
0.120383483540838373548886863773
0.12050008863858123475676364933
0.12061683884832206936632559291
0.120733734454876617814278461083
0.120850775743749250246139581577
0.120967963001078912532726405971
0.121085296513759294034784375071
0.121202776569267089978865215016
0.121320403455746225751532563208
0.121438177462074761714383441813
0.121556098877744933606237509593
0.121674167992987539155258502888
0.121792385098650271513243126265
0.121910750486281749260797369061
0.0499693347002963944580855581989
0.200061646034696200002755972491
0.194689101204270825773434694383
0.189308340136542657683449419892
0.183919350912168599876395091997
0.178522121578323367252494335844
0.173116640199699384217169040312
0.167702894790493800547537261991
0.162280873352440069279367662602
0.156850563873533160874629288628
0.151411954323402125899278303223
0.145965032647165371404440747938
0.140509786777812423208544601039
0.135046204626246113544851823463
0.129574274069058303915369378956
0.12409398299872388682363322232
0.118605319249299318018486815163
0.113108270665511240204992304825
0.107602825049674957758050197754
0.102088970205555309989087220401
0.0965666939021155995570566688002
0.0910359838989362318839582144392
0.0854968279242925843774969507649
0.0799492137020279963754987306856
0.0743931289271912432603528486652
0.0688285612796287610271050994015
0.0632554984079439081012807832849
0.0576739279535568513668231105385
0.0520838375388264773757640568874
0.0464852147632197343352089546897
0.0408780471953716431632308569988
0.0352623224055989073488781571086
0.0296380279270843441374871929384
0.0240051512789384476065368545505
0.0183636799639914534421070158032
0.0127136014588048566753553103581
0.00705490322761362104869720113243
0.00138757270221311003639830250478
-0.00428840269202250545799159908711
-0.0099730355580460016556854085934
-0.0156663385178226824412384132756
-0.0213683242053578047181527921339
-0.0270790052873275226275051608127
-0.0327983944495316773193316350898
-0.0385265043830019388026997262386
-0.0442633478095552437836524006798
-0.0500089374798116451104057489374
-0.0557632861547990507644634305962
-0.0615264066069003551229243953458
-0.0672983116531657432624058401416
-0.0730790141032709728019511885577
-0.0788685268149530577241890227924
-0.0846668626404557811415685364409
-0.0904740344722896466800321491064
-0.0962900552156246147816887059889
-0.102114937796214402809802379579
-0.107948695156331375688552043357
-0.113791340269112695171571658648
-0.11964288612398606137521284154
-0.125503345725052450898573397353
-0.131372732104187428525676750724
-0.137251058317486684945407660052
-0.143138337427584971806027169805
-0.149034582532949544386724483047
-0.154939806752992070837393612237
-0.160854023211288332806390144469
-0.166777245064571061350378045063
-0.172709485494252412696170040363
-0.178650757699127776811920398359
-0.184601074896382083556645170574
-0.190560450329798930502178677671
-0.196528897253538198386380031479
-0.202506428951313072195361542072
7.23951251432069750554978967799e-11
0.307869538112894247650075385536
0.259364116338643813097775137066
0.210888827514424198605880178548
0.168973187602424135267398241922
0.132035784231169850411191646344
0.0926493276193537385054810329166
0.0612255199606680650115109187936
0.030056200622011426670798783789
0.0034595565985553839924437902198
-0.0222323069558597458117432665858
-0.0433488800116099345927089814268
-0.0621122889061705013569181232924
-0.0812740903172653045283269079846
-0.0968009503803214654826803098331
-0.110333591281426376951024792561
-0.119228452674343357586828062722
-0.131170099823459146426429811072
-0.134827410808844944112294683691
-0.136830236560490897668174170576
-0.142120903010800936350221945759
-0.142182002727203521397214558419
-0.143050145385975907563747000495
-0.139886227662901818646901119791
-0.137629991477009216982452244338
-0.133850135867249753207630647012
-0.125805084978846182242051554567
-0.121944166953213209425577190359
-0.114672550391838434791225154186
-0.10294755704028576981379217159
-0.0939808205513294053767836544466
-0.0812697962694435560582206790059
-0.0712799792675390120333389631924
-0.063311162422958644491188806569
-0.0446769204681137996337803031111
-0.0339644907166752815785848440555
-0.0234031593514674347844550794662
-0.0100893058121463412984963881058
0.00276137754449930043765260023747
0.0163480123027759279008552795176
0.0274253248081505439370797461152
0.0442325691730500389353686330196
0.0526621811634882669439505775699
0.0649563861186403107561559977512
0.0741844777111238667943737823407
0.085540468280200121498069165682
0.0966950423236790784775607221491
0.105857369722978836290572246526
0.115723221082030119921668642746
0.117689837819104997640451415464
0.125044507472627020039368517246
0.127797597646040234087294606979
0.130429416893046878911377461918
0.137443920512330036709514047288
0.131542650805067051766883423625
0.131177536154898827236436886778
0.129874352365133782782891103125
0.125351190424702607639773077608
0.113784334508206949609920854982
0.108826120291869124501182852782
0.0947542654969415754084849368155
0.0793270761361701270963919796486
0.0668879273620490016893924689612
0.0445997433544787977299783676699
0.0250561219050713171463407036299
-0.00034812041482343373524285801146
-0.034373422606440821869266954991
-0.0609766992586836045764364655497
-0.0959371630843132566779374315047
-0.131282652700757201946757390942
-0.173970622104579697442261476681
-0.215090886330097763590174508863
-0.266240711911329752670241077794
