3
273.356762651192582325165858492
0.114561034961083843541906901464
0.114650987517917107849640956374
0.114741034883075146422193313356
0.114831177210624371665126375319
0.114921414654921436038215176723
0.115011747370642583576660911149
0.115102175512812932023365419809
0.115192699236682238872475636526
0.115283318697903910954316586412
0.115374034052370177949597973566
0.115464845456366579923290771603
0.115555753066407834728224202081
0.115646757039380695952779376512
0.115737857532476465238779894662
0.115829054703185455044156526583
0.115920348709341411441720026687
0.116011739709083586125082376839
0.116103227860842150853670773358
0.116194813323473783439609974266
0.116286496255987040204793458997
0.116378276817851886160148922045
0.116470155168830274972080474072
0.116562131468931573508029941877
0.116654205878590558342899896616
0.116746378558501964772808889848
0.116838649669708471989792997192
0.116931019373567840480276913695
0.117023487831813488568855063932
0.117116055206386598941392662709
0.117208721659688500094098628779
0.117301487354403544127734448921
0.117394352453498010402377360606
0.117487317120343270904214705297
0.117580381518567950172027281042
0.117673545812208527050479744958
0.117766810165573873603328536319
0.117860174743334183977694351597
0.11795363971049896423259895073
0.118047205232389748608134993901
0.118140871474684217012907083699
0.118234638603379807464399675609
0.118328506784825981945630246628
0.118422476185708641649441119625
0.118516546973033320977464200041
0.118610719314172524674333430994
0.118704993376828396578481772394
0.118799369329029055886159937927
0.118893847339173519550570290448
0.118988427575997049445710729287
0.119083110208540385310804765595
0.119177895406252370991140310252
0.119272783338861126933849732268
0.119367774176507540628833226037
0.119462868089603338472848292895
0.119558065248980244232868130894
0.119653365825791252463616842761
0.119748769991516818000931721144
0.11984427791800127127697095375
0.119939889777461505815381315188
0.120035605742443290955279167065
0.120131425985844059178830889323
0.12022735068092867127820255746
0.12032338000131359567745903405
0.120419514120958068281730390936
0.120515753214171392193598819631
0.120612097455656652744693246859
0.12070854702044225836843338584
0.1208051020839072953183546133
0.120901762821838232309090699346
0.1209985294103152059230765758
0.12109540202582602663738953197
0.121192380845224823016081927562
0.0331788478054663021898917918406
0.199950388554258090545445725184
0.194553345923777515347197208939
0.189148747599654165618687784445
0.183736582920866531321024694989
0.178316841184634089501059861504
0.172889511696058317813395888152
0.167454583725446026765126816827
0.162012046547792332162885031721
0.156561889387171110366026027805
0.151104101487548769799929004876
0.145638672045213746208958127681
0.140165590260228845043144474403
0.134684845320119289668880924182
0.129196426342535003461975406935
0.123700322493996969774876504289
0.118196522903448536512271971333
0.112685016659291731278003112493
0.107165792867492004614149436748
0.101638840570066668611559634883
0.0961041488481840650015541882567
0.0905617067229250588544786637613
0.0850115032213930865712114837152
0.07945352733231832165206043328
0.07388776804781457818727119502
0.0683142143221170256017771293955
0.0627328551087199398628158064639
0.0571436793427932757105658367891
0.051546675920560461325869994198
0.045941833745076071648938409453
0.0403291417045562941567915515861
0.0347085886279985753044563523417
0.0290801633782856519538917439149
0.0234438547749217379712050046692
0.0177996516098814158701735266277
0.0121475426990440820568251112377
0.00648751676819322130318479224798
0.000819562606451783022369628195491
-0.00485633108812852116314973116573
-0.0105401755727725591343935107602
-0.0162319821603943391374880178546
-0.0219317621824426586818468365436
-0.0276395269709636265398344789901
-0.0333552878877889577569071377638
-0.0390790562996295234854393640944
-0.044810843616420549528900352243
-0.0505506612476923286592089823444
-0.0562985206213831024246729839433
-0.0620544331923143302476297833437
-0.0678184104308931501314816614467
-0.0735904638167236002654902904396
-0.0793706048629151672546555573717
-0.0851588450891827969391201236249
-0.0909551960361315858794029054479
-0.0967596692824428533663549956145
-0.102572276382723273635555472083
-0.108393028957395748390624135027
-0.114221938622971377896853084621
-0.120059017000335527258769729997
-0.125904275755686606563799045944
-0.131757726557957838275925155358
-0.137619381111623223512552272041
-0.143489251112674409682767873164
-0.149367348304789343549359159624
-0.155253684426453264499912165775
-0.161148271275075000152909865392
-0.167051120598677244055707546977
-0.172962244230611711381939699095
-0.178881653983669036689363451842
-0.184809361710555147828571875834
-0.190745379274142146108772521984
-0.196689718558048259877679697638
-0.202642391457824172507073967608
2.14811019690877267238349868728e-11
0.30081270835105200500692035348
0.253507187959288005085767281344
0.215345476955745435132527632049
0.177660753642396890272792120413
0.126804601406811712216438081668
0.0971847318762544404302516909411
0.0621290452558201575228302715459
0.0357037426323092849100859780265
-0.00731257083793240662827894738029
-0.0185717914799071598386248638235
-0.042698117911719429828920624459
-0.0572654402775931159474964715628
-0.0748265769703280181346372046391
-0.0963847473204631211007864521889
-0.11249586365952100874832098043
-0.122650018756026935040637226848
-0.127106707850006994675595706212
-0.13836759918353702669691074334
-0.135556923117227778874394061859
-0.144809870185331063252576200284
-0.148634221153468387699447816885
-0.150369913625501949727691908265
-0.136875749027992488215943467367
-0.141283286395908008747923645387
-0.13365432398640328393035758836
-0.129677468602562601107663908806
-0.128940602382371427570006972019
-0.105529167072672278027134495915
-0.104367124793810411853556274764
-0.0850122817589540336058462344226
-0.0804290293665790856358910332347
-0.0759599923310863844871931860325
-0.0604214822553544791960966620081
-0.0457917442174382086084172271967
-0.0380149936425527162908721834356
-0.0289608668419542546190736942435
-0.0110704354546095236344616097313
0.00523212656589538104012770958207
0.0140134150967366546969294915925
0.0312855340596546044329429037134
0.0456154351444159195105854109897
0.0551551161251035010346654985369
0.0619518319928781258099093065539
0.08898284730436235856476656636
0.090822090947755312884126510653
0.0979004507806599533203950613824
0.1008169288232981797293064119
0.113254881030998913460372534701
0.127219455164100020416739766915
0.129306928337533461048636240776
0.137543305321125769458134868728
0.133330199973920898726120753963
0.128890319979290068896915499863
0.135260736638808581888682169847
0.123032919265988721635451952352
0.132582897783229597399312638117
0.117717760498076265407441098887
0.115685250771256353807814321044
0.104385914533381293778369069969
0.0891896291194210072417192236571
0.0769852081846177788149176990373
0.0664272307129630257271912796568
0.0465016884237765618093085606688
0.0225254782827147177759474772074
-0.00371308950052594115287529774605
-0.0373804583348722047064782714187
-0.0638266051458249022987345711044
-0.098377953170911677793775140799
-0.131242573007081697600284542204
-0.169456698531775612481808934717
-0.214049092358176734629537918408
-0.259635753508050459714695534785
