2
6.2479943036664185029849249986
0
0
0
0
0
0.706506334644142697243296424858
-1.0060345834341067772443358485e-16
0.707706718286394642625225515076
0
0
0
0
0
0
0
0
0
0
0
0
0
0
0
0
0
0
0
0
0
0
0
0
0
0
0
0
0
0
0
0
0
0
0
0
0
0
0
0
0
0
0
0
0
0
0
0
0
0
0
0
0
0
0
0
0
0
0
0
0
0
0
0
2.63560405967300306285454152e-06
0
0
0
0
0
0.707706718286394753647527977591
2.38087233744136901435277161991e-10
-0.706506334644142586220993962343
0
0
0
0
0
0
0
0
0
0
0
0
0
0
0
0
0
0
0
0
0
0
0
0
0
0
0
0
0
0
0
0
0
0
0
0
0
0
0
0
0
0
0
0
0
0
0
0
0
0
0
0
0
0
0
0
0
0
0
0
0
0
0
0
