3
7500.53568585209723096340894699
0.114712681970182514556988451204
0.114798575795460863768759907089
0.114884557371874071463047073394
0.114970626835175060431737392719
0.115056784321304894636028848254
0.115143029966534513053311172825
0.115229363907349002804636484143
0.115315786280511631267664540701
0.115402297223069716380905447295
0.115488896872312327146481436557
0.115575585365782440572246514421
0.115662362841325569440265041976
0.115749229437037873258198317217
0.115836185291258261798041928614
0.115923230542625807504286683525
0.116010365330017434226661521279
0.116097589792624342197591147396
0.116184904069856834163410042038
0.116272308301410540187781350596
0.116359802627290592758058096479
0.116447387187691153709323543808
0.116535062123191507366115615696
0.116622827574509632664323532936
0.116710683682752947021299405606
0.116798630589229374132642647055
0.116886668435563154111456185547
0.116974797363623567170165529205
0.117063017515576267557619871695
0.117151329033854140204695681859
0.117239732061151388786690574761
0.117328226740462948640697504743
0.117416813215078699728088906795
0.117505491628495314926361459129
0.117594262124574910899355018046
0.117683124847385342515160289167
0.117772079941330889973905016177
0.117861127551075611785691421574
0.11795026782154710565109212439
0.118039500897978710813873703955
0.1181288269258935763605933289
0.118218246051056574685844680062
0.118307758419576469766099080516
0.118397364177773245508262789372
0.118487063472327028290642658703
0.118576856450174142332265603272
0.118666743258495729906876192672
0.118756724044841110998760314033
0.118846798956980290173923719976
0.118936968142993967911813513183
0.119027231751267698056651056504
0.119117589930454473301502105187
0.119208042829503466086826790615
0.119298590597665135626392896029
0.119389233384485357603033151008
0.119479971339774782013165577155
0.119570804613642084346381011528
0.11966173335654192722010691341
0.119752757719128549718234921784
0.119843877852450667043093801567
0.119935093907805198631955079236
0.120026406036792224196751988075
0.120117814391268964979708755436
0.120209319123457836209212246104
0.120300920385839935078386986333
0.120392618331190831559851517341
0.120484413112633692577446709038
0.120576304883525192712667717387
0.120668293797569464720353948906
0.120760380008772025273167116666
0.120852563671402124523268639678
0.120944844940061427274180516633
0.121037223969679932911169828458
0.710054957862283453451368586684
0.199936980930543906076479743206
0.194533748413463519755239872211
0.189123127486556297238706747521
0.183705107810163303927453171127
0.178279679013526815012369297619
0.172846830717563099133471382629
0.167406552551190135336156572521
0.161958834096864734419796150178
0.156503664908196699068199109206
0.151041034576789023891052465842
0.145570932630089633352810096767
0.140093348586602606253848080087
0.134608271962597753068635597629
0.129115692239935075935619579468
0.123615598916318444877582294339
0.118107981418603250056698072967
0.112592829221359019831183445604
0.107070131709365204408790361867
0.101539878327339502805948256992
0.0960020584403788318494932241265
0.0904566614260783469214644014755
0.0849036766542850818151322300764
0.0793430934483780464505642271433
0.0737749011520322794943638200493
0.0681990890500328988954592546179
0.0626156464345437868690424920715
0.0570245625696906080492887269884
0.0514258267360163598413969054945
0.0458194281378978274243962687251
0.0402053560228431000611593049143
0.0345835995668888757093029084899
0.0289541479783127948810506069321
0.023316990397176409061108515175
0.0176721159981375192105090832229
0.0120195139075135598583088381019
0.00635917324020574253190529745439
0.000691083090235666591856500406976
-0.00498476745866527608946894289943
-0.0106683893535025400844951093404
-0.0163597935284361221952575959904
-0.0220589909838554351639849926414
-0.0277659926839131689091377808154
-0.0334808096437049090843274257168
-0.0392034529111983873206348505391
-0.0449339334905043477630393056188
-0.0506722624527421935947124609356
-0.056418450915238387011196863341
-0.0621725099293707270109443641104
-0.0679344506239475676157013595002
-0.0737042841381437968673040472822
-0.0794820216115720984406678439882
-0.085267674214628788598169251145
-0.0910612531474181557955560606388
-0.0968627696183488179348941571334
-0.10267223479938397678878914121
-0.108489659980022093432872054564
-0.114315056396081263234698610631
-0.120148435340808171223336842104
-0.125989808107169032336258851501
-0.131839185990150764560269180947
-0.137696580335331247857411085533
-0.143562002494238644123569770272
-0.149435463826229991690652809666
-0.155316975726519451717066999663
-0.161206549586244446414795561395
-0.167104196832347673407070942631
-0.173009928917223276823023070392
-0.178923757292961838061273738276
-0.184845693438013464193758750298
-0.190775748849469545254109448251
-0.196713935040568888013012838201
-0.202660263547866592581669920037
3.54630137161225013071425082739e-10
0.301381563791718098954675042478
0.254070673144287995093293375248
0.218734201356902219215427862764
0.158926783797733423009290731898
0.138696227337199051721228215683
0.0970425179632102841154051020567
0.0615494783361090133655402212298
0.0176847802840338283458798684933
0.0226826482023252187780748556634
-0.0326482135310978555109429066761
-0.0485346591526898823998337206831
-0.0695185000445862621987203056051
-0.0635027221365090377425133283396
-0.0852781688421255235077467204974
-0.112469529177113364282192264909
-0.123378973086918072854523131809
-0.115099003748426714777153279101
-0.142145016780790917065857570378
-0.139796924345932382927060189104
-0.144363695241315814765670211273
-0.147273988296699576139303644595
-0.144999306887742290816945001097
-0.156099980036229490920618445671
-0.142183488681841413425743780863
-0.135625982850486326292127614579
-0.115650172809965298692524982016
-0.10456440686928336614158752127
-0.113906474027340220978032903076
-0.104420292745490680963449392493
-0.0909244288414228357675384017966
-0.0805178502008206120610367406698
-0.0697470664995728933943652805283
-0.0676889339483058849467056461435
-0.0529403055463909880118400508309
-0.0383083625389381565717883404432
-0.0305440628890615954726950320719
-0.0190139532918970413644110806217
0.00673627789598443393187521266441
0.0378565410196609539172918346139
0.0349070562321473834566099014864
0.0250049354678106051930175368625
0.062323068460300432014342675302
0.0540596509760801618993397710256
0.0702615721680691363015824890681
0.0901800323582008095391060464863
0.0776189372986778591823053830012
0.105308246101788377524499651372
0.125558558343264348167167554493
0.142368717315050380411989294771
0.125399926549138091003143813396
0.139909589775243620168865277265
0.137602434280192115201302271998
0.154352148500115138318733443157
0.12663611841909155897312189154
0.124791752084847967774194898993
0.116366103384367064466076158169
0.126863523586013327015820095767
0.114974573970287222146602346129
0.0964243906656935267918129284226
0.094319034402522386462131009921
0.0815470231855536381582183480532
0.0662558091458096826142920576785
0.0456027704986566168043893299
0.0219059581258348248788969669931
-0.0152091604406233513874235896424
-0.0380616650086877117420414151638
-0.0707144334918622663455067822724
-0.0903487731867827492671096933918
-0.134034325088650679846935531714
-0.163452748965811939241277173096
-0.210635419444627269847103434586
-0.262262293227471465772993042265
