3
1233.86784660546936720493249595
0.114782799712913788359180955467
0.114866814635905756247780118429
0.114950914109626559089782915635
0.115035098261577178879733196482
0.115119367219607249275270532962
0.11520372111169488449355924331
0.11528816006613995526208782394
0.115372684211460740932864155184
0.115457293676392902526117723028
0.115541988589962035804958873086
0.115626769081409522255121657963
0.115711635280197844277694230186
0.115796587316086274643822662256
0.115881625319046430155900395675
0.115966749419314757441057395226
0.116051959747316787985305097664
0.116137256433816477008136303084
0.116222639609762215529009665715
0.116308109406353846204673629927
0.116393665955069156026091548028
0.116479309387614388127119013916
0.116565039835943656809646995498
0.116650857432267024416105982709
0.116736762309053318520390973845
0.116822754599003236775089931143
0.116908834435080474789536708613
0.116995001950503524357216633689
0.117081257278741635019514433225
0.117167600553508027827476212224
0.117254031908794228988845986805
0.117340551478801569107446312046
0.117427159398054370420538816688
0.117513855801252259380973441694
0.117600640823426333403389776322
0.11768751459981686979805459714
0.117774477265928032010400272611
0.117861528957526995320392870781
0.11794866981066630395869054837
0.118035899961604781593926816186
0.118123219546902483156891605631
0.118210628703355746793590697052
0.118298127568056452019185087465
0.118385716278291683312140492035
0.118473394971675180520342962609
0.118561163786067083614206296716
0.118649022859577707444955763094
0.118736972330587303714466429483
0.11882501233770910442633095272
0.118913143019907546760194350099
0.119001364516331031850882027356
0.119089676966390070611545581869
0.119178080509826880839518992161
0.119266575286617368401032024394
0.119355161436988085887911381633
0.119443839101455867579559821934
0.119532608420794453363278364577
0.119621469536043481540765753834
0.11971042258853552275876808153
0.119799467719887142713730554533
0.119888605071907738963687961586
0.119977834786745493622639457953
0.120067157006819635878258623052
0.120156571874788842269055066936
0.120246079533640165548646905336
0.120335680126564800729305204641
0.120425373797074866666356740552
0.120515160688960773494038392073
0.120605040946272834556651787352
0.120695014713321363553077958386
0.120785082134729937486383732903
0.120875243355380662668707714147
0.120965498520446787522608644849
0.10208765336518103861163098145
0.199932682680142859155125734105
0.194526428960557495884131640196
0.18911286851465475278288863592
0.183691991163351081572940870501
0.178263786720467803936784889629
0.172828244978741829562807197362
0.167385355698191518047934778224
0.161935108614150780059759426877
0.156477493502102216194060702037
0.151012500063467114408410907345
0.145540118011505847928077628239
0.140060337026777392832599389294
0.134573146794911030488250958115
0.12907853695198598376059351267
0.123576497158208259419254204659
0.118067017030863807836027490339
0.112550086182011066515684660772
0.10702569418066190665150827499
0.101493830625863687422416603567
0.095954485053683022388604229036
0.0904076470250361335923017236382
0.0848533060427389823621169284706
0.0792914516296700094821758852959
0.0737220732794276606414385355492
0.0681451604458761101001940119204
0.0625607026027742291196531709829
0.0569686891804989589682683970295
0.0513691095996385918565074746311
0.045761953281842661367395663774
0.0401472095931326641848890801612
0.0345248679312403009000753684177
0.0288949176296529365581822190734
0.0232573480233559011509658631667
0.0176121484692626541213034130351
0.0119593082372090944720532945666
0.00629881661472515320954190798375
0.000630662876484916587634110829441
-0.00504516370089150203298578034605
-0.0107286739173056196866573586135
-0.0164198785471675844094274765439
-0.02211878837309262657573327715
-0.0278254142285092251341005464838
-0.0335397669536936365863866171821
-0.0392618573783147864486586797739
-0.0449916963865105851150261173643
-0.0507292948633347520748237968746
-0.0564746637033665260796411189403
-0.0622278138273276576475367960484
-0.067988756190122928702024296399
-0.0737575017370222241197552648373
-0.0795340614430836284620696119418
-0.0853184463123285719010624461589
-0.0911106673435799346849606195065
-0.0969107355470195941382627324856
-0.102718662007738770203246758683
-0.108534457757357691298771840138
-0.11435813388116485012080403294
-0.120189701485768796196396124287
-0.126029171674973156092036674636
-0.131876555598487682496866568727
-0.137731864392303393618277596033
-0.143595109256981601220104494132
-0.149466301346089819324092218267
-0.155345451875893381110671498391
-0.161232572077231156582044491188
-0.167127673190109821144133661619
-0.17303076647565845957998931226
-0.178941863199363032643773863128
-0.184860974681015005627315872516
-0.190788112219264088809111967748
-0.196723287154007969723679138951
-0.202666510835587398986490370589
4.31738956993414297159313591766e-11
0.310279694882095169461422301538
0.253918040387161703108631627401
0.221529570487214971796774420909
0.176549486369007052610768937484
0.131820803078742693204006286578
0.0945202869741966489325335487592
0.0745095329627662172899960069117
0.0364084061183760285262955846974
-0.0219068872188843688508796958558
-0.0177515295192277842983852309544
-0.0587512707021339772306411930458
-0.0690068570732035591053232792547
-0.0861117715239138187266476620607
-0.10211504637552437646519365444
-0.116594493038693264308491848169
-0.124096603279124431673530182252
-0.137538358328209930903085478349
-0.129325465218766089137147901056
-0.140003077564363004325898032221
-0.14958759650901704008063575202
-0.12972203761802403310099407463
-0.157012211176549593139029070699
-0.136496650887330484014370313162
-0.137855758122957416933473950849
-0.130291401409224405494313714371
-0.111944406656248912623752289619
-0.110225438949111131936575702639
-0.103963921731610106635734780411
-0.107679232055093068720630355983
-0.109006279515593176854260093478
-0.0917705130116227146830354399754
-0.0632652617806538225542212217078
-0.0637777556564425307517041119354
-0.0463174128605930157664971602571
-0.0414179328658294820808549729918
-0.00822937712900510473512660780671
0.00778495430695258072012476802115
0.0150339553056759653304474966262
0.0142932963432305833173519005186
0.0307516408117934833543749562068
0.0584832863584251530508772987105
0.0552999495819939262952757985659
0.0648969837773943208913962621409
0.0839971129762839552324038550069
0.0786897987705060530938538931878
0.106779564355505146577840491773
0.102128321572139413309088240567
0.109248056337385920921967397135
0.0907684860775949675648632819502
0.139243019404335255373439395044
0.152272209594436075397183572022
0.145070742583416678606056393619
0.127769275863683584582020102971
0.121859368246162988458358711341
0.115308848962829973983090781076
0.13268362336869540807349210354
0.10314239550172660253579692835
0.0949309111840856839625857332976
0.110454196166048429494921379046
0.0841362669060276985311119801736
0.087360013583411250115418056339
0.0538838067479664450942777875753
0.0290084586388033201231895219507
0.0219703941612685721418429807272
0.0123094123768328258389237461756
-0.0295291613147992196286573118869
-0.0552852062205396801997103750637
-0.0928806281623618251730434280944
-0.131936320890734593014315123582
-0.152019446299901495045503452275
-0.212305189001759042621841899745
-0.273334546087744156839249853874
