3
3063.43952565446215885458514094
0.114763904654383561143582426212
0.114848426039266787723747142991
0.114933032833310799780690558691
0.115017725166233458766740227475
0.115102503168025935287310801414
0.11518736696890244375346412653
0.115272316699340807155671484452
0.11535735249006133507077009881
0.115442474472018746789458987223
0.115527682776434423295164322099
0.115612977534753302855108358926
0.115698358878720070075374337648
0.115783826940278139483453401226
0.115869381851654879023172384223
0.115955023745313065552942077829
0.116040752753958323340022218417
0.116126569010586544461460789535
0.116212472648407533215575426766
0.116298463800893925323975963693
0.116384542601782853266101369627
0.116470709185057919032857398633
0.116556963684979753015369396962
0.11664330623603694214729387113
0.116729736972975062236912435765
0.116816256030806905896746172857
0.116902863544835922127163030382
0.116989559650539948210123952776
0.117076344483732913692719534993
0.117163218180474787422085114486
0.117250180877029111514708858977
0.117337232710016337033920308386
0.117424373816204491438597301567
0.117511604332732347288903440585
0.117598924396928539160001037089
0.117686334146434298797423423366
0.117773833719105353035061511946
0.117861423253076816330953136003
0.117949102886763329545161127498
0.118036872758839450625600875355
0.118124733008241042386821106902
0.118212683774191557040111888455
0.118300725196138128980649639743
0.11838885741382262906107314393
0.118477080567244832942641608042
0.118565394796691786494235998362
0.118653800242714518864417527766
0.11874229704611259650359755824
0.118830885347981418664886632541
0.118919565289682629960488213783
0.119008337012841525215378624125
0.119097200659354710006176958359
0.119186156371369672557491981024
0.119275204291392850075581577585
0.119364344562077215328166346353
0.119453577326490742449571769157
0.119542902727861846678969470759
0.119632320909718134482879747793
0.119721832015938778326358260529
0.119811436190574382987250601218
0.119901133578026855563969377272
0.119990924322962003167880595811
0.120080808570288757874955365423
0.120170786465265994058526644039
0.120260858153366470557621425996
0.120351023780366175874867451512
0.120441283492325981741011275972
0.120531637435567370864042402445
0.120622085756752192575724791368
0.120712628602755459028550433231
0.120803266120796143345827999838
0.120893998458340867774296611969
0.120984825763150199984252708418
0.263217327635514974915054153826
0.199933709306513690551199147194
0.19452828072556410665683301886
0.189115523120409051438528535982
0.183695426236072323344927781363
0.178267979867553799655510715638
0.172833173744976920094273964423
0.167390997595539603448600018964
0.161941441125494994812683557939
0.156484494025693088303796685068
0.151020145962972640596433393512
0.145548386621644265659369921195
0.140069205635829391320967829415
0.134582592629323039012945173454
0.129088537220500926272492847602
0.123587028994959990946256311872
0.118078057537324074277584884385
0.112561612398916738309040397326
0.107037683144430142978542619403
0.101506259297639511718358562575
0.0959673303469398553122715611607
0.090420885810606102528375060956
0.0848669151646940234101634814579
0.0793054078503750425888085828774
0.0737363533483565564141670733989
0.0681597410408500553602451077495
0.0625755603703413293414925533398
0.0569838007155703610284724902613
0.0513844514620460032783277881663
0.0457775019808055669279234223268
0.040162941585415251610768905266
0.034540759622718235355431914968
0.0289109453890250209240342371686
0.0232734881682383244749789952266
0.0176283772534533006437484914386
0.0119756018941970070190716768366
0.0063151513380913836329111354928
0.000647014802253941998487485331992
-0.00502881850700138272047823306821
-0.0107123594208356556767292033783
-0.0164036187577059795750233917033
-0.0221026073356933201730090132742
-0.0278093360751098320204910407938
-0.0335238157927159122206894892315
-0.0392460574396748876346840972928
-0.0449760719195292438254973887979
-0.0507138701419352008747942761602
-0.0564594630963522609023996778888
-0.0622128617280854404048007211259
-0.0679740770313508047006934020828
-0.0737431200144479104263695035115
-0.0795200016870441783733980400939
-0.0853047330846756352018545044302
-0.0910973253142720734709669727636
-0.09689778936719287139034406664
-0.10270613640891138040878161064
-0.108522377520413340623584019795
-0.114346523846982628391799607925
-0.120178586512108095951667507961
-0.126018576727113612578889956239
-0.131866505602933337115700851427
-0.13772238440631537348401991494
-0.143586224309642268570641476799
-0.149458036590363024798122637549
-0.155337832478870341290644319088
-0.161225623255991573623546742056
-0.167121420223754479916777881954
-0.17302523466881658542604327522
-0.178937077942460248669576117209
-0.184856961375837153260803802368
-0.19078489633095552235886316339
-0.196720894212859181982011591572
-0.202664966407083702026881155689
1.12171608030536299395328581408e-10
0.308905035980219955238368356731
0.264159516666269023055235720676
0.216550126589234198659639218931
0.178397894865713696477271810181
0.137032153472773116087424227771
0.0872125647053463987079524599721
0.0709150592314808925209490553243
0.00921432620514900553587711584669
-0.0183396425831482724755350233181
-0.0451344617959877902890752920939
-0.0481759918462558237028936503066
-0.0742716858178188582551015883837
-0.0756757661651483448661537067892
-0.101656516780076824901790644162
-0.0971572094123760859885052809659
-0.108576647958960770257164085706
-0.162850684117525290606209864563
-0.134809685000505219409916435325
-0.12396134879320164223770461831
-0.123147752286190931281240068529
-0.142898172581085253218802222364
-0.11450394598248987698685397163
-0.140731294716481519779804898462
-0.136272713424577807117543670756
-0.129869695559512443594485375797
-0.111157247843574377710318401569
-0.121435136274472083028896918222
-0.119177815086955782297728489993
-0.107756319747455572843897186885
-0.0755350921377523770727790974888
-0.074152797781753196360021718192
-0.0867616540955084003527986169502
-0.0536226661863177661571100429683
-0.0254862908313724725872795318082
-0.0583939067009864240520577993721
-0.0045148907453415165064170011533
-0.012159273077740522309153625713
-0.000568852814270539674894322512699
0.0244147838153917461079256412404
0.0302948081185490034061835729062
0.0308928180359857584846849931637
0.0237991092229321889173210280433
0.0710081038214805948527441614715
0.0570349579416659577257853186438
0.0579796831830723738421262680731
0.102060825534764157418443630831
0.109149446766036203881888866363
0.114839454888723296877017787665
0.11219610157474309286573799227
0.1207397535958638218334115777
0.132430124039246671641123498375
0.159302897479656313528550981573
0.151740827571956088393179129525
0.131278474818752849406777727381
0.147708579870308998049921456186
0.102135468271086313207796081315
0.123056261854873769112650450097
0.113633337569614856210620246202
0.118795087772057023078886572875
0.0769025222622263110450191447853
0.0905086491841005508218742647841
0.0440925018629755305354933625495
0.0504824836545014893340876938055
0.0591915468433520108870737885809
-0.0106460616744030785868480037948
-0.0315724915169025358019361249262
-0.0688287482274288209271873029138
-0.0929125672884155429098740341942
-0.16307523918673816343272164886
-0.184710937927704516026139458518
-0.192666856385221268999075050488
-0.254847902899205225324408274901
