3
16465.261805824477050919085741
0.114536170434609493873345797965
0.114626787853175177156472841489
0.114717501254390105702718472003
0.114808310795390250413916533034
0.114899216633648756924479528152
0.114990218926922876940821538483
0.115081317833340676659581447439
0.115172513511318394541227405625
0.115263806119610234812711269115
0.11535519581726974558399945181
0.115446682763697017204407302415
0.115538267118607623773485215679
0.115629949042022228677950579367
0.115721728694318015673303534641
0.115813606236169569507765686467
0.115905581828596296323219405622
0.115997655632944049464150282347
0.116089827810866977331194505041
0.11618209852435278095494908257
0.116274467935753370029239306405
0.11636693620769014700933041695
0.116459503503199918172938964744
0.116552169985546419384014882326
0.116644935818398576277132860923
0.11673780116574919429872636556
0.116830766191890034200184800284
0.1169238310614928583186511446
0.117016995939549062200057960581
0.117110260991359654836330150829
0.117203626382593087407180121318
0.117297092279241621515240012741
0.117390658847638565398519006067
0.117484326254476065254372940672
0.117578094666728444339653947281
0.117671964251794478051316161782
0.117765935177371022790637766775
0.11786000761146232795884003508
0.117954181722462234094273014762
0.118048457679116744478697853538
0.118142835650476077380410799833
0.118237315805954160130575303356
0.118331898315343547745115415637
0.118426583348719777211144332796
0.118521371076561493618228837477
0.118616261669668571210323193554
0.118711255299224271997360347086
0.118806352136669679531166821107
0.118901552353953957053001033728
0.118996856123212535472077888699
0.119092263617035384881681636671
0.11918777500835968374826023819
0.119283390470423869555993690028
0.119379110176863839631877795
0.119474934301679297510290211903
0.119570863019211479083558913317
0.119666896504160208403177989567
0.119763034931561859752768839371
0.119859278476832517568162472799
0.119955627315796675702586071566
0.120052081624524617509131019233
0.120148641579558582148656853406
0.120245307357765937594784588782
0.12034207913637696985009739592
0.120438957092957057981585933248
0.120535941405469318454812821528
0.1206330322522739806334612922
0.120730229812030048774929014144
0.120827534263795388635998051541
0.120924945787005438946337676498
0.121022464561472822830445750242
0.121120090767346921811764559607
0.121217824585188413410996588482
2.07219642923397939782148569066
0.199953059392739024291429927871
0.19455699205522297701165257422
0.189153342669095558825631542277
0.183742100532257202072372592738
0.178323254896139121727927090433
0.17289679501070515099669933079
0.167462710095415079347702658197
0.162020989361497530500955122079
0.156571622007334682047385854275
0.151114597199536682126108644297
0.14564990408667471966097650693
0.140177531833661994653539295541
0.134697469541464553977050400135
0.129209706326216144933738405598
0.123714231278705497074632546628
0.11821103344814502811299661289
0.112700101899922008885646107501
0.107181425680705919023516514699
0.101654993800429568895360432634
0.0961207952474523452668364598139
0.0905788190167710893785368853059
0.0850290540677435813243789652915
0.0794714893519906095953331259807
0.0739061137993295841353003083896
0.0683329163223192898035662778966
0.06275188580059405663025273725
0.0571630111346764710478218773915
0.0515662811609301149906592343086
0.0459616847261309982575205879129
0.0403492106615135348590683861403
0.0347288477519519522829227753391
0.029100584799970817539982448352
0.0234644105673814523660425379603
0.0178203138119068654754428848719
0.0121682832718553648326809124569
0.00650830763789728844459503420694
0.000840375632583570571221276424012
-0.00483552409126596083321913965847
-0.0105194028656706174001955744757
-0.0162112720392432498039969601678
-0.0219111429957096828791129894398
-0.0276190271233118685156870952824
-0.0333349358588412997272953930405
-0.0390588806061694937543649075451
-0.0447908728290892302337233843446
-0.0505309239886390301754737208739
-0.0562790455754866997262197969576
-0.062035249107967219139858627841
-0.0677995460916318709587713442488
-0.0735719480758083577143224829342
-0.0793524666204000334035484343076
-0.0851411133186470853173588579921
-0.0909378997534158323157171821549
-0.0967428375563623571542493095876
-0.102555938344390251693027948932
-0.10837721378027836971469355376
-0.114206675542885438545681608957
-0.120044335324676121334874778768
-0.125890204835692187668172437043
-0.131744295811527856177036710505
-0.137606619986126221810707193072
-0.143477189137226152082504881946
-0.149356015056016810937933314563
-0.155243109553819896850868076399
-0.161138484442431284549002157291
-0.167042151568501884284501102229
-0.172954122807793653215924223332
-0.178874410028508956660431294949
-0.184803025142609461672904558327
-0.190739980064216357869000262326
-0.196685286748128018707859610004
-0.202638957145981568608306133683
1.37755382921511247567803239866e-09
0.308974204958279430321965719486
0.25333970963156515754377551275
0.215971040906817512983195683773
0.173017016436664838874293081972
0.134074390213843486208133981563
0.0934304295253177569113844924686
0.0554859271671574311168839699349
0.0361110279812819415234947939553
0.00358450322718608044639254650576
-0.0281036952251212633624444237057
-0.0463459462228073340583911488011
-0.0705081485157021958798395644408
-0.0808376962940997173534540820583
-0.0915475147736619226934706716747
-0.109543594841304964271344601912
-0.124681679001822642849361955086
-0.134242770850144021999028609571
-0.137962482548436460305651962699
-0.134335535515320653177084864183
-0.143803398701881385290946013811
-0.148462163641588817952765566588
-0.142030399857987543743575997723
-0.142758112032718181838575333131
-0.131296700074296918137051193298
-0.128286019367928244561127826273
-0.127740616964553382883806875725
-0.113049066143833795705653244568
-0.109547949488353960068032222352
-0.0960704094665111169026872062204
-0.0890847679711619794273858019551
-0.0727116627084073152698096009772
-0.0753116597820803340690432037263
-0.0642592604166250525032921814272
-0.0432237651757847174405213763748
-0.0411068319386901429024483434205
-0.0288314338077057114029244644371
-0.0133887670061681451905144513148
-0.00157279538083436804321579849386
0.0109043034467425567490828086648
0.032066422051338624998884085926
0.0401600413233942424295896955755
0.0559407949826475903165601266664
0.0710366085193608054471070545333
0.0715079839261174021736167105701
0.0918475655493122822292662021937
0.0961436769334221980054522305181
0.100117600827050901024506401882
0.119551775076593827518145474187
0.119559212314931717635602126393
0.119971916676225906495112383254
0.134128152940211214927401783825
0.125082569736480797573108247889
0.132850080561418615321400693574
0.131620988839426161787216074117
0.133876017394377710978403683839
0.131863387963382178158511237598
0.127162910000040374480789751033
0.110577442040021095559509944906
0.102566733832144652005524676497
0.0970385531886475832807903429966
0.0905075180977991528008530508487
0.0670135544124778048669099916879
0.0447254643010696339988641057062
0.0248974656173735937880753255058
-0.0112477657798158194035753609796
-0.0252126284538202356799718728553
-0.0724827300912810196242830329538
-0.0866421705474545583713918972535
-0.142667663551704959612465017926
-0.168592369487771787106566989678
-0.218158990329750668291097781548
-0.261014776388914460092394165258
