3
15.9152563965161117920388278435
0.114669680606918511500680324389
0.114756726003471268282574158093
0.114843861133721608647206835485
0.114931086138557056464115646577
0.115018401159042368830931479806
0.115105806336576133031002200369
0.115193301812786350057926654245
0.11528088772962503949504053935
0.115368564229297268508567242407
0.115456331454274307990459647044
0.115544189547339790080648924686
0.11563213865149872539017650297
0.115720178910096505031646074713
0.11580831046675885143137918476
0.115896533465320306088841562087
0.115984848049987085416567822449
0.116073254365196554260819539195
0.116161752555668212893991153578
0.116250342766411191020026194565
0.116339025142748020424932064998
0.116427799830251046953044635757
0.116516666974789115385213733589
0.116605626722520297477991846335
0.116694679219867911146302219549
0.116783824613602746356200157152
0.116873063050691741726616612596
0.11696239467849330051496536953
0.117051819644571494793972021853
0.117141338096792113621091857567
0.117230950183382087725902920283
0.117320656052770908028826113423
0.117410455853743281307011159242
0.117500349735351422575391211467
0.117590337846914860797653545887
0.117680420338121094481209638616
0.117770597358857476155691301756
0.117860869059371486944343132564
0.11795123559019915493450980648
0.118041697102171438960027671783
0.118132253746372609115589114026
0.11822290567424510732141840208
0.118313653037503144216380235321
0.118404495988181673871153520849
0.118495434678576608278355308812
0.118586469261317870027561127699
0.118677599889311868874841593424
0.118768826715794778570156609021
0.118860149894276317938945908281
0.118951569578603380539227885038
0.119043085922892158401431572656
0.119134699081581460489154267179
0.119226409209421416179885966358
0.119318216461470713585235614573
0.119410120993042545567419665531
0.119502122959865370033227804925
0.119594222517861420440610231708
0.119686419823329268097289457273
0.11977871503285199283883599719
0.119871108303352999491231400953
0.119963599792024783186050740369
0.120056189656386730346682156778
0.120148878054307073348638823518
0.120241665143914183699891395918
0.120334551083672067206542521944
0.120427536032358700746058843833
0.120520620149081728045281636241
0.12061380359323167765772666371
0.120707086524581563846680865026
0.120800469103127916525863838615
0.120893951489249820707705396217
0.12098753384365520946452932094
0.121081216327324811543597604668
0.00162535260514549886184942906198
0.199940245462132404341559777095
0.194538813188020354161267277959
0.189129943847090337127880843582
0.18371362698017881798229211654
0.178289852142249738431445393871
0.172858608857820811310901376601
0.167419886649120941424229158656
0.161973675010960938003279352415
0.156519963396910488651059267795
0.151058741302153853869327804205
0.14558999813372927589760763567
0.140113723351830754548785762381
0.134629906370309970764509444052
0.129138536540439746724828751212
0.12363960327701226105112652931
0.118133095928520365225367072526
0.112619003836494327441819507385
0.107097316326511149409128620391
0.101568022709341745923872224466
0.0960311122865529498415781972653
0.0904865743046758125300854658235
0.0849343980592550673591745180602
0.0793745727570480952284270870223
0.0738070876284417365376100406138
0.0682319318921008610701051111391
0.0626490947319115476510376083752
0.0570585653046051730075127750297
0.0514603327876089339243392828394
0.0458543863010488564335709327224
0.0402407149553200838010269535516
0.0346193078716309499132108840058
0.0289901541251166468271538434465
0.0233532427814909272767440739926
0.0177085629014760888300106245197
0.0120561034942932073649179969266
0.00639585359168024988885115078574
0.000727802179037570625905195775829
-0.00494806175578724194430435545655
-0.0106317492644789554634421335777
-0.0163232713836512152716373691419
-0.022022639217224998509081501652
-0.0277298638275926892515776955861
-0.0334449563436146346528943240628
-0.0391679278927727775316824931906
-0.0448987896235373412645586199687
-0.0506375526807468501200304444865
-0.0563842282620512780244581563238
-0.0621388275662249287001337449965
-0.067901361826117681563808048395
-0.0736718422448074949926422050339
-0.0794502801031636424200499391191
-0.0852366866658150340585464732612
-0.0910310732086687529607260671582
-0.0968334510695955802406231782697
-0.102643831550036382371793308721
-0.108462226019290092215996423874
-0.114288645816014139411365135857
-0.120123102336976483872632570638
-0.125965606976298660768520676356
-0.131816171156767109051699549127
-0.137674806328824117507281243888
-0.143541523911157320458897856952
-0.149416335408325828826292536178
-0.155299252311657670633238126356
-0.161190286110019093124279265794
-0.167089448365833448395534333031
-0.172996750602566862209386044924
-0.178912204393797957813205812272
-0.184835821341404582529577282912
-0.190767613015538128884429625032
-0.196707591073458226693659867124
-0.202655767129875680199191378961
8.69674928438142172287753914111e-13
0.304473240540805323295359130498
0.25856692021452781782286933776
0.205421751697799415126155508915
0.167169949056113098517784010255
0.125596662954143234447457189162
0.086845817101011565930512858813
0.0686080325306744343016873699526
0.0314840802452365717267745992558
0.00688419720304642851482768151072
-0.00976156125442616089127323419916
-0.0507713891954671286965705689909
-0.0617489207131122139204926213552
-0.0768319761177638227422903582919
-0.108959884567700102109277793261
-0.0974925119307235160670543905326
-0.116162179745794194585251091212
-0.139179236312807708131344952562
-0.139405576471082731648820640658
-0.139269115733201193085832869656
-0.138279130768514030291882477286
-0.143674609580307588441172583771
-0.12253476532497124817933098484
-0.134904230145263259732502092447
-0.137587919749341869302128316122
-0.130140379058283600643974864397
-0.125678005829090638778566813016
-0.129435114847142623828446517109
-0.100802400526008445469372531988
-0.106331132718145912607887737522
-0.101059818948531068838470048377
-0.0749703778679056132006053303485
-0.0648815764685897605756892403406
-0.0503884557052622569783828510026
-0.0476024276146901209605388771706
-0.0494066620745567675054843448379
-0.0229343820881264641442509599756
-0.00775121099756716919193522130627
-0.017694191139804818502234695643
0.00248747618232238437013803533659
0.0211445459671619796770958288334
0.041894763299237351705794907275
0.0603815643145719227469214729354
0.0673347279379302027235709715569
0.072272460805372973347004972311
0.0681345840185967333013650204521
0.102760966586430038671728937061
0.107727881596494962090915237241
0.113184506508400783975076819843
0.11286257181723971521059013412
0.117969690688969022773768813295
0.129173875641807739400590548939
0.131857138771945547883746030493
0.142536062805498242589408164349
0.142457008744559576740584816434
0.14829998518423606612692822182
0.14538256676977798220740112356
0.111495138372392069148197890627
0.112624214467989369747868977356
0.113261221843609857784507255474
0.0860696553694164090408946776734
0.0813677122584949841233026290865
0.0637579725498157862118020489106
0.058082321562140763748782745779
0.0322639562173409819023639499846
0.00966385714949242156934783309907
-0.039311912302420891351939502556
-0.0748624593375923214066958166768
-0.0950000861148358327623597574529
-0.141245684945799726550674790815
-0.171002500531472506617447493227
-0.212236800856940299730979404558
-0.272159491327403191274214577788
