3
193.378956535196181221181177534
0.114205973256735621168544980719
0.114305403968852678509016129738
0.114404946694820791597280162932
0.114504601634862687720151086523
0.114604368989608740303509648584
0.114704248960140142710173449814
0.114804241748003896250729383155
0.114904347555126018498583562177
0.115004566583903455878612476226
0.115104899037198130096193438021
0.115205345118274876670128037404
0.115305905030864297433623733014
0.115406578979117588334979416231
0.115507367167653557382678286558
0.115608269801534019327604596583
0.115709287086252304854738781614
0.115810419227766955851954833179
0.115911666432465046416844245414
0.116013028907207979556481802774
0.116114506859298652341472291027
0.116216100496494723071094767874
0.116317810026988821547888619534
0.116419635659472359145993891616
0.116521577603016388002821202008
0.116623636067250541215045700483
0.116725811262168271964512200611
0.116828103398283575375948828423
0.116930512686529916588362709717
0.117033039338346356306175266582
0.117135683565571149800099703953
0.11723844558059642873004690955
0.117341325596185513946423384368
0.117444323825611762757148426317
0.11754744048264159639316517314
0.117650675781448957324393234103
0.117754029936750714835369535649
0.117857503163630875087086735675
0.117961095677757477062641555676
0.118064807695199849857381479978
0.11816863943254700408669322087
0.118272591106791433168687888156
0.118376662935512744212473990046
0.118480855136631993418383501648
0.118585167928658918867768079508
0.118689601530555091657426203255
0.118794156161727629261726235654
0.118898832042133403841255301359
0.119003629392108664641902748826
0.119108548432595551247459297883
0.119213589384924628644668587185
0.119318752470951458533043876287
0.119424037913042943581665156216
0.119529445934009451169011128968
0.119634976757214087084157938534
0.119740630606409853564642276069
0.119846407705946636501614932513
0.119952308280622629843570337016
0.120058332555736391178413668968
0.120164480757075226025065717295
0.120270753110938183327860429017
0.120377149844098460529373539885
0.120483671183869850418446389995
0.120590317358054033292091844487
0.120697088594894641477850427691
0.120803985123250370858905000659
0.120911007172401233078495863538
0.121018154972164282412450120319
0.121125428752840241797272824442
0.121232828745282766869095780748
0.121340355180838216364591630736
0.121448008291328679586484895481
0.121555788309114759515594528239
0.0361760057957140682138863496675
0.199998569134244907896658105528
0.194614607976344639039822936866
0.189222738080379787595219909235
0.183822948107038003362490030668
0.178415226683320077283312343752
0.172999562433039238973364604135
0.167575943943371524769148095402
0.162144359797759818331286396642
0.156704798560098390591832639984
0.151257248771316521462892978889
0.145801698950774882845848878787
0.140338137615831082261053097682
0.134866553240308328920349367763
0.129386934302301470633977942271
0.123899269253669883084079117452
0.118403546510471177621859339979
0.112899754503193339161271069315
0.107387881626417616698354606797
0.101867916247886769465225142994
0.0963398467307019501504328218289
0.0908036614157013421966269106633
0.0852593486250047827290643454035
0.0797068966544514090344364376506
0.0741462937866817772825100973932
0.0685775282998015850433048967716
0.0630005884242584857091173944355
0.0574154623940387326408441026615
0.0518221384087582739863542258263
0.0462206046739030707026785194103
0.0406108493477274692939893441235
0.034992860584904673937334251832
0.0293666265142200934301630610435
0.023732135253682926784302154033
0.0180893748930605578750796524901
0.0124383335193619260633512979553
0.00677899916596758078668472080608
0.00111135988762116810421587409508
-0.00456459630200059009175195257058
-0.0102488814035367106075602450233
-0.0159415074427661125622268656343
-0.0216424864527005982040019915758
-0.0273518305023491073435515374968
-0.0330695516609395209761679268468
-0.038795662039476264126847127045
-0.0445301737383182322238539541104
-0.0502730989078131532132864833784
-0.0560244497047033759851153433829
-0.0617842383009188367282149556559
-0.0675524768937899172671635028564
-0.073329177699542766322160503023
-0.0791143529462082772951703191211
-0.0849080149009118073655244529618
-0.0907101758308650751860824357209
-0.0965208480380286559796587653182
-0.102340043822381154825507110218
-0.108167775534513926904978120547
-0.114004055522049146942364927781
-0.119848896155242135019847182775
-0.125702309832472575168438311266
-0.131564308967857757082242642355
-0.137434905987020655748764852433
-0.143314113352970978754186148763
-0.149201943537756870350463600516
-0.155098409031945161373755581735
-0.161003522350183586597793805595
-0.166917296047700225436472010188
-0.172839742651469369105754481097
-0.178770874746625230145014029404
-0.18471070491926269707683161414
-0.190659245801588217439359596028
-0.196616510030351909765755635817
-0.202582510249729230711324134973
3.7687532209997458283713632e-11
0.304483055302170124711835796916
0.252407298169336546944663268732
0.214047860343897555779335561965
0.169169322633439478398287292293
0.130619801901679905009601156962
0.0918584955292578442254125548061
0.0645908993664238845200387117984
0.031673879345516998962128951689
0.0038774946869055489269417780207
-0.0183355943543366192716170814947
-0.0443600964403452618922685246616
-0.0632334903250226509907605532135
-0.0779475485819399183107236694923
-0.092738589805768129048502146361
-0.104584631444961731472353960726
-0.119193472563546995490746382984
-0.132134610762017407070700869554
-0.137588143372379456685905552149
-0.138834464299260634811972181524
-0.14300657268559988088973966569
-0.143706309497796502760991188552
-0.145752178569253709738973157073
-0.139802597510207349262856268979
-0.135887373199456928940520583637
-0.134824693534003947625876662642
-0.128898998906947837017611391275
-0.12049422527629986834352138203
-0.110403207935358488311905489354
-0.105084646569620299150216169437
-0.0895810204644864882528310090493
-0.0822024348176979974267553075151
-0.0672168850957540753299213065475
-0.0627765621022692288377697877877
-0.051696150878287834562474500899
-0.0345570917535301114220658291742
-0.021561504242942675091398996301
-0.0124877866552280183953804737484
0.00354901749480643650611066952649
0.0113520005547564483555644798685
0.0296125630843694087612760768025
0.0398275965382991342655927269334
0.049250825692885857876035515801
0.0588946864351751267485646224031
0.070885413673865541039909032861
0.0846062884013867450017087890046
0.0966960408144850458445063168256
0.108250970344541452838882378273
0.118959966006308676123026657478
0.121591048603811799355689515778
0.127231853747363954365567906279
0.130117001688018735228169475704
0.134581792155880508587983968027
0.137135879428610274466393548209
0.1397584031474956300922229957
0.130400527797229881521445804538
0.12829745023156277627940369257
0.126723612528631651708010963375
0.117412843524764581859543000064
0.109178481936308940936086742113
0.0951110743529324648148914889134
0.0790546035656024548288201003743
0.0617790128795011189710706389633
0.0429336295152781266537544979656
0.0206588907630552466587747773019
-0.00233400649157431685706831636651
-0.0313103403736671032087102162222
-0.0626679912145883810659086066153
-0.0992044918750755455594259046848
-0.126234035990982124131321029381
-0.169323582879632561493110642914
-0.216461953494969078226617398286
-0.270104637651691126265518505534
