3
154.82367702992289082430943381
0.11464119296091321298369791748
0.11472900095978369461313661759
0.114816900013977207795079493735
0.114904890267738493681015654602
0.114992971865623710980841565288
0.115081144952437111617093989935
0.115169409673299250052025399782
0.115257766173583589552897876729
0.11534621459898022899359659732
0.115434755095434660177033947548
0.115523387809232477851928422297
0.115612112886885512463841507724
0.115700930475232249827755026672
0.11578984072138634453530414703
0.115878843772767456399286345459
0.115967939777063447359672920811
0.116057128882289528615245899346
0.116146411236686605827905793831
0.116235786988870173908061644852
0.11632525628771180070675228535
0.116414819282348036555418957505
0.116504476122263000981149616564
0.116594226957198648930713602567
0.116684071937219815962016866706
0.116774011212656375624519000667
0.116864044934168673228747081794
0.116954173252708307217950789436
0.117044396319492649549687257604
0.117134714286107083358601244072
0.117225127304343854084400788906
0.117315635526390515952499526975
0.11740623910465279589043774422
0.117496938191942679186041686989
0.117587732941252645635366036458
0.117678623505951568395389017496
0.117769610039719085925469244103
0.117860692696518234989788709299
0.117951871630610077845702221566
0.118043146996560058270553383863
0.118134518949289432643290354008
0.118225987643949648209229508211
0.118317553236063785493392686021
0.118409215881459320418578329281
0.118500975736223215784015394547
0.118592832956817911815861066316
0.118684787699976951325098184498
0.1187768401227477788051345442
0.118868990382504147174103081852
0.118961238636929922396490155734
0.119053585044021872918484916681
0.119146029762079289082699062874
0.119238572949774718212623270119
0.119331214766002363658614626729
0.119423955370042647605721697346
0.119516794921473712420834090153
0.119609733580195373714438744628
0.119702771506426178249604674875
0.119795908860698588349613658011
0.119889145803885932561883009839
0.119982482497156164868989947081
0.120075919101993167092956582565
0.120169455780258574439933738631
0.120263092694095158341482942888
0.120356830005965004248835725775
0.120450667878679251732165766953
0.120544606475341237183940279465
0.120638645959417714625949713536
0.120732786494703911439607679768
0.120827028245294648689522887253
0.120921371375624100985568531996
0.121015816050460064956517669543
0.121110362434903792716589521206
0.0165846692986953633819346975997
0.199942651953839395373435650072
0.19454239189799865661356648161
0.189134663086737792037084204821
0.183719455005794757296300190319
0.178296757156418544942866333258
0.172866558991789376342751438642
0.167428849958639019979145245998
0.161983619500709580263375642062
0.156530857023557595786300566942
0.151070551929203100716136987103
0.145602693600238503046639948479
0.140127271402151698520555100913
0.134644274672881203436247687932
0.129153692756340282565830079875
0.123655514950955267017285166276
0.118149730571771874321207462799
0.112636328878123581631598426611
0.107115299140075670436544896802
0.101586630611507591770426017774
0.0960503125041560212871161184012
0.0905063340384143488748236450192
0.0849546844061599831787745529255
0.0793953527692207866595097698337
0.0738283283141715901409796174448
0.0682536001652680190954214367594
0.0626711574425382750286317445898
0.057080989256500069828348387091
0.0514830846938423014602648208893
0.0458774328366345074403653825357
0.0402640227172213760464813958606
0.0346428434017093389574171169443
0.0290138838730039649860259487468
0.0233771331611897295599256096921
0.0177325802422464290364345629314
0.0120802140678393666456402755216
0.00642002360313498506017015898806
0.000751997771230473598287613601343
-0.00492387451499637970181444401874
-0.0106076043696096636997916462519
-0.0162992028987222759006670003146
-0.0219986812516733860889406315664
-0.0277060505904141475552737716725
-0.033421322082992636903764349654
-0.0391445069375810222878087074605
-0.0448756163612803044005161723362
-0.0506146615782486555823460605552
-0.0563616538474604467090500747872
-0.0621166044407442455299594996632
-0.0678795246266621632447169076841
-0.0736504257167760190139205178639
-0.0794293190372677149202473856349
-0.0852162159277658898259844022505
-0.0910111277397360474150644904512
-0.0968140658522013974884856679637
-0.102625041667904287612245184391
-0.108444066590257098825489379124
-0.114271152054257835173345370094
-0.120106309521853735211571745367
-0.125949550432763873741848215104
-0.131800886304878434041043533398
-0.137660328624910344164078424001
-0.143527888924386087809992318398
-0.149403578751993532103270467815
-0.155287409657724834177727757378
-0.161179393233595785739353800636
-0.167079541066277037497656010601
-0.17298786478095570795510127482
-0.178904376013035021353303477554
-0.184829086422742677742192540791
-0.190762007677738265609690415658
-0.196703151476633641969726795651
-0.202652529525300162394074732219
9.04987129242398730005561269114e-12
0.310048619238487699334427816211
0.25560793164077399985956162709
0.212836023168203769539985614756
0.164925651628899855305476762624
0.133616179830413517315435001365
0.0946258857073619119582019720838
0.0616956808746291704426134572259
0.0331857464530805335023444513354
0.00261175533734349764672377780528
-0.0215220767827953539386154346857
-0.0473739454684223640357210172169
-0.0614791854895282915971499448915
-0.0803898491425994454750991735636
-0.0987555780493439283596046607272
-0.114507381664690918721127843583
-0.122801589051939719077211066178
-0.129795171947884119267868641145
-0.141403900892314277060179961154
-0.12998770777737045367672408247
-0.143163416918763997109920182993
-0.146810945067251175100153659514
-0.144707466005033869027585069489
-0.137484820177692701470562042232
-0.135289911012552638291950302118
-0.130992044585784145338536177405
-0.123563854773975106970951287622
-0.118880447564130492521528026373
-0.11264845145725550790150037983
-0.10830433429808342116196229199
-0.0961607696959534546943260124863
-0.0728655644805474289604774185136
-0.0681355887848883734481120200144
-0.0557203719092915841781810115663
-0.0463545378698506232995057985136
-0.0317319271331566940541613064397
-0.026121369289016940773429098499
-0.00798885185076823878258522881879
-0.00541336385087867830862018436733
0.0153337965624783627294203114388
0.0320157195185488546718133306968
0.0308985617855521178809485860484
0.0405526736036885340763724627777
0.0661848535961745976230474752811
0.0849950820151563479765144393241
0.0784176956236733585514642186354
0.104199400473969153169129242542
0.0997915209003837483381360584644
0.115194421945097699722104778175
0.121525613511962740642680103065
0.133548873649803834240401556599
0.13026127448445312673186435859
0.133406280226937928867769755925
0.14062084819978823424513336704
0.141904822123672141875871943739
0.139992646336694726016958156833
0.127721866413456924815861270872
0.118899728738537768801819538567
0.119583231392318883878900237505
0.110456510934558910230762762694
0.0901201948553612963710435224129
0.0731847144488116663207932788282
0.0531703667888903594440641597885
0.0377057906023251093730053185027
0.0180511063989593975587233387614
-0.00468585729032995178949816406089
-0.0392897882107750770486198632625
-0.0517171841288110167855762711042
-0.0935438465656191070474179127814
-0.122037841058306492647567154108
-0.17845840269894511220805100038
-0.212802287959498570568683817328
-0.263959943656351725405073693764
