3
40.1867059996347464334576216061
0.113558540824154688420044578834
0.113675170614692427895064952281
0.113791946034019444966567391475
0.113908867376385225522739119697
0.114025934936661674234947838613
0.114143149010456579350858419275
0.114260509894078585158005978428
0.114378017884542798610070235554
0.114495673279584889159288252358
0.114613476377633125014021686638
0.114731427477855585372878977068
0.114849526880120400562645954778
0.114967774885024437425684595837
0.115086171793875563507114634376
0.115204717908705858708806601953
0.11532341353225504521073929709
0.11544225896803110564814431882
0.115561254520230138886915938201
0.115680400493781837534257306288
0.115799697194384793030863534113
0.115919144928409656447598763407
0.116038744003027244344750101845
0.11615849472609356130003988028
0.116278397406231095989603829821
0.116398452352806214271652152092
0.116518659875908439649272452243
0.116639020286365871492684220811
0.116759533895803291336790152855
0.11688020101653813498376877078
0.117001021961675111260348103315
0.117121997045053952146709264071
0.117243126581276405073772650667
0.117364410885688247310199017193
0.117485850274431508077910280008
0.117607445064343674179241361344
0.117729195573089889803597429818
0.11785110211905847066304886539
0.117973165021439910238321147062
0.118095384600156616539123888288
0.118217761175926902583732669427
0.118340295070226877993668779254
0.118462986605320841348998328613
0.118585836104227806964139801948
0.118708843890798304565592502513
0.118832010289591422091959316276
0.118955335625987798642277937233
0.119078820226167489404467403347
0.119202464417074743829871863454
0.119326268526451034768243175677
0.119450232882812215629009244822
0.119574357815503906632415009881
0.119698643654646538769803498781
0.119823090731124279328945192447
0.119947699376707267449049254537
0.120072469923887537035511741124
0.1201974027059692640140298181
0.120322498057114701808245627035
0.12044775631226015133456996864
0.12057317780713777688461618709
0.120698762878310938972958865634
0.120824511863173583714470282757
0.120950425099888667079817139438
0.121076502927497262063205596405
0.121202745685814183840278701609
0.121329153715511076083721775376
0.121455727358053905406976014092
0.121582466955758999871406444981
0.121709372851780739388516394683
0.12183644539006534268654746711
0.121963684915425307764280660194
0.122091091773517332330634133086
0.122218666310808521391351177954
0.0125000864810246182373676404609
0.200125325338233989169722804036
0.194761914858659901383930446173
0.189390042537188052484964373434
0.184009696017383456156935039871
0.178620862916058970037980202505
0.17322353083340402690737391822
0.16781768735188928864943136432
0.162403320034353620959777231292
0.156980416418841584036414360526
0.151548964032741151353178565842
0.146108950376334090215380001609
0.140660362932514548806040011186
0.13520318916715501345038319414
0.12973741651985479239606036117
0.124263032417647273364380566818
0.118780024264316011461950495232
0.113288379445847936510816111877
0.107788085320070420314308989873
0.102279129239460864209121382373
0.0967614985239337310751750464988
0.0912351804818501144200837416065
0.085700162395501544576603691894
0.0801564315349258954546129984919
0.0746039751340864115691786651041
0.0690427804260603100727777814427
0.0634728346149967675993153193303
0.0578941248773613137412752394084
0.0523066383901712589343802051189
0.0467103622844250929158071983238
0.0411052836949867272942071849684
0.0354913897188145477379350722913
0.0298686674360404552652781262623
0.0242371039149878522711567541137
0.0185966861999071302047337184149
0.0129474013053260082750650639127
0.00728923623460196474371786123925
0.00162217797433584164611131139822
-0.0040537865248949722998816902475
-0.00973867031585193797249555558437
-0.0154324864809059093123666528413
-0.0211352481249055500212019609307
-0.0268469683685918399096426156802
-0.0325676603537201625471197985462
-0.0382973372443589643587813498016
-0.0440360122289287364560905757571
-0.0497836985040723822848462987167
-0.0555404093050018490829167205902
-0.0613061578746423516128594144448
-0.0670809574879476094855235146497
-0.0728648214223742984874121475514
-0.0786577629953408158369754232808
-0.0844597955377705822410661085087
-0.0902709324009620256434871521378
-0.0960911869577816546428294941506
-0.101920572604742798450416785272
-0.10775910275539603289107759565
-0.113606790847713814973651835771
-0.11946365034392034121246695122
-0.125329694717194406461402422792
-0.131204937470451754588651738231
-0.137089392125992581839000195032
-0.142983072228187790830844505763
-0.148885991346390827994028427383
-0.15479816305898730366408244663
-0.160719600979249699346240731757
-0.166650318739471975382215873651
-0.172590329986595819589112466019
-0.178539648394184818913643653104
-0.184498287658153597989851846251
-0.19046626149166787089761498919
-0.19644358363824451774171109264
-0.202430267857298312739189327658
2.35177050877214343473299070611e-11
0.307198703458192778903423914016
0.257523278458756776920779429929
0.211943397342975237140905164779
0.169187559369543522036494209715
0.130880083749624176459036561937
0.0945495151616990853193911448216
0.0613677943135117268114164801318
0.0311971358611742195787730480561
0.00285599019645951628099123098536
-0.0212154192533431998346493685403
-0.0433889676020386971799780440051
-0.0630421177618718520108131997404
-0.080684377459955491929122217698
-0.0958351136866903569044850996761
-0.108102425311059499590804477975
-0.119538238838156271603985203456
-0.128387503290613574913336947247
-0.13464517039540982445977590487
-0.138482296822721201445816063824
-0.141583100608967865641218963901
-0.143872546593528188862975980555
-0.144127028539356133451931896161
-0.141101592260133967826618572872
-0.138286415447398364220177313655
-0.13265634330705888821455573634
-0.127792132239653022374170632247
-0.120548710375019990648226553276
-0.113044211438300359895414715083
-0.10472947928408261886179531075
-0.0936383438956219643634071303495
-0.0825014274736676073151997456989
-0.0722244030866492636722142606232
-0.0606001723152275115213960532401
-0.0490712830219855386526539575698
-0.0340812593706649319402757214448
-0.0242575487334986648890744476148
-0.00948060870293060929669959335797
0.0018165505290638588042906320652
0.0178186200935501158626461659651
0.0281946212450346900268982608395
0.0417300585419182260005221962729
0.0522095431569536486127169894189
0.0646657445040378225931121392023
0.0752635771049132845655904588966
0.0862330258073311095579072116379
0.0959901108591882379350579412858
0.105578022909125060491142278352
0.112889095352781160253030634522
0.120485206102416669837751328487
0.125361379825251945119291008268
0.129696037706994254934400601087
0.133580464072334176295342444973
0.134538290262159965227084512662
0.135113819096345261216995936593
0.133878936548471050294040196604
0.12956355676239547647377037265
0.123913222928827615465507960835
0.116844234442632852188914682756
0.106668366999810207418342145047
0.0945912526885843152335553440935
0.0792375488361033858408788432826
0.0631146399354748643961698917337
0.0435041623805175053929517048346
0.022240750199183725172025205552
-0.00217017262786742314364940575899
-0.0306456380942369613351594637152
-0.060772296176955190039059573337
-0.0950421147391466714093866130497
-0.131592537193806924378236544726
-0.172692512568328765398817381538
-0.217853067560866142660103150774
-0.263682004563353333814745838026
