2
3.59582703647829449167261373077
0
0
0
0
0
0.706507601351447411808237575315
-8.74025231367310786033644534482e-17
0.707705453725364752592952299892
0
0
0
0
0
0
0
0
0
0
0
0
0
0
0
0
0
0
0
0
0
0
0
0
0
0
0
0
0
0
0
0
0
0
0
0
0
0
0
0
0
0
0
0
0
0
0
0
0
0
0
0
0
0
0
0
0
0
0
0
0
0
0
0
1.50407520341339090469868090133e-06
0
0
0
0
0
0.707705453725364863615254762408
2.08601539155215581012081758787e-10
-0.706507601351447300785935112799
0
0
0
0
0
0
0
0
0
0
0
0
0
0
0
0
0
0
0
0
0
0
0
0
0
0
0
0
0
0
0
0
0
0
0
0
0
0
0
0
0
0
0
0
0
0
0
0
0
0
0
0
0
0
0
0
0
0
0
0
0
0
0
0
