2
6902.63894593805616750614717603
0.115152726798817717224210355198
0.1152268039401843080504761474
0.115300949456759782574266637312
0.115375163436967659302823108192
0.115449445969331834782600765266
0.11552379714259075615956362526
0.115598217045605480834957745628
0.115672705767361258533121315395
0.115747263397001157181342989588
0.115821890023811782666207648163
0.115896585737241236691019707905
0.115971350626853403342764181616
0.116046184782367264864966216464
0.116121088293681562486625580277
0.116196061250805102171845817338
0.116271103743899331672828623141
0.116346215863254817679539598885
0.116421397699359413513420236086
0.116496649342827038320358212786
0.116571970884392903111681505379
0.116647362414972491362341600052
0.116722824025614221876701037672
0.116798355807524567584465557957
0.116873957852038315441411953088
0.116949630250670774667121065704
0.11702537309508020957338203516
0.117101186477049465373134751189
0.117177070488534665337887474834
0.117253025221631654306797543086
0.117329050768604961629826277658
0.117405147221856853700927558748
0.117481314673934314485315155707
0.117557553217552471225282317846
0.117633862945556916246303558182
0.117710243950966200743302181309
0.117786696326940984458353511855
0.11786322016680465807336730677
0.11793981556402031996011459114
0.118016482612243636673987623453
0.11809322140520056576562524242
0.118170032036849143031176367913
0.118246914601271582712094243561
0.118323869192715133702442642516
0.11840089590557820176108805299
0.118477994834413249969351511481
0.118555166073917292446360249869
0.118632409718957901323399539706
0.118709725864546172813263069656
0.118787114605880941842208642356
0.118864576038276673064508770494
0.118942110257227465219820317088
0.119019717358396961981448214374
0.119097397437576232870348746928
0.119175150590745751455479251035
0.119252976913991656782165762252
0.119330876503654439990675939498
0.119408849456108898112738359032
0.119486895867990688957505085455
0.119565015836060578591215630695
0.119643209457239149684504297966
0.11972147682860485862210708774
0.11979981804739904538426031877
0.119878233211021131832119124283
0.119956722417022085269699971377
0.120035285763145538329155215251
0.120113923347276982389608690482
0.120192635267476671812048039101
0.120271421621913371380330204374
0.12035028250900660362621152899
0.120429218027278350788833449769
0.12050822827542810589118715825
0.120587313352320965598174495881
0.186489618039910903801725794438
0.199938805264897462299344965686
0.194514210503584777933738791944
0.189082805541984227959417808052
0.183644581238599086114859915142
0.178199528383576971668489363765
0.172747637784053359455427312241
0.167288900218488634230595835106
0.161823306522943743956943762896
0.156350847321642200116187382264
0.150871513434978982148848558609
0.145385295640940076511427037076
0.13989218452291451999514038107
0.134392170833364132942477908728
0.128885245291714800597304702023
0.123371398525560477255069713465
0.117850621202037014745300780305
0.112322903938542176249804072086
0.106788237402437743983618645416
0.10124661220157468721758675656
0.0956980188615246391004021120352
0.0901424480181606258000215348147
0.0845798901803091612849883063063
0.0790103360118004777179478992366
0.0734337759243915005891167879781
0.0678502004602073716110766099519
0.0622596002258101743898066615657
0.0566619655936451416256005586547
0.0510572870941770409758397875066
0.0454455551490160966632281258626
0.0398267602258876377008256497447
0.0342008927840275339660180975443
0.0285679432261469051779201322461
0.0229279018882593832451277648943
0.0172807592675345428334665598413
0.0116265055534873623654945618
0.00596513132933033322219396055175
0.000296626752960668725166842873975
-0.00537901778436843808206546668771
-0.0110618118975903817480244129001
-0.0167517654208956846828559861251
-0.0224488880382619042375136331202
-0.0281531894380778989483982144293
-0.0338646794254457567108218540852
-0.0395833677749243204035956011921
-0.0453092642569243239658582922402
-0.0510423785860887671561592071612
-0.0567827206830654046543216395548
-0.0625303003841285315322906512847
-0.0682851274970420196730458428647
-0.0740472118552523567158729633775
-0.0798165633580512345890412007066
-0.0855931919347262537556275674433
-0.0913771074605195798845613808226
-0.0971683198342796344837424271645
-0.102966839048489078312087485756
-0.108772675004095140116611162284
-0.114585837729063236278825854697
-0.12040633717837155580721031356
-0.126234183356833118416773231729
-0.132069386255810189423343103954
-0.137911955999472923828363946086
-0.143761902541713115777355369573
-0.149619235998613125948608626459
-0.155483966427686026712251532444
-0.161356103958652991048339231384
-0.167235658666869568822477276626
-0.1731226407246774234849340246
-0.179017060221520252216720336946
-0.184918927387314996346745488154
-0.190828252405866483076835038446
-0.196745045351522956922352136644
-0.202669316546427114023032345358
