3
11.4557223485185506461903059972
0.114294933576041077283313995849
0.114391992720148258366741345071
0.114489159481014166064305470627
0.114586434046894336535871161686
0.114683816606479471733592845339
0.114781307348787497968345405752
0.114878906463321620035067383014
0.114976614139923438706603064929
0.115074430568880781144969205343
0.115172355940869830526196437859
0.115270390447006973455579270649
0.115368534278762521760874903975
0.115466787628042716340459605817
0.115565150687195986045630036188
0.115663623648948027389238291107
0.115762206706417888901761159559
0.115860900053200557846544427321
0.115959703883263556822846851446
0.116058618390979084722403058549
0.116157643771155297263142358588
0.116256780219048574953610852845
0.11635602793027653711899205291
0.116455387100910828790389928145
0.116554857927441649079192131921
0.116654440606767884069938645553
0.1167541353362214068267732614
0.116853942313554198806357931062
0.116953861736972641871545874892
0.117053893805039596620609643196
0.117154038716815178666763586079
0.117254296671754895675654495335
0.117354667869764589527292741877
0.117455152511141663884686181518
0.117555750796639962851841687552
0.117656462927442015398149521843
0.117757289105179088761765626714
0.117858229531902031217427406773
0.117959284410097106632342445209
0.118060453942677431871111082273
0.118161738333013355273237721121
0.118263137784904909244332316121
0.118364652502590553262429295955
0.118466282690745369765572547749
0.118568028554502741256371223244
0.118669890299421848522953837346
0.118771868131506919130657706773
0.118873962257230986194755928409
0.118976172883468636620740710441
0.119078500217582899933788098679
0.11918094446737007019443410627
0.119283505841083603549179770198
0.119386184547402712796682067165
0.119488980795489765918127034183
0.119591894794934247570061813803
0.119694926755793226713642241066
0.119798076888574508980234156752
0.119901345404259743188113418455
0.120004732514237974494442084961
0.120108238430429378751362889943
0.120211863365148788340697194599
0.120315607531201851365665334015
0.12041947114185161393784539996
0.120523454410820657356495644308
0.120627557552298647625121930105
0.120731780780935576968815325927
0.120836124311859999247431574076
0.120940588360676976042995534044
0.121045173143384754421703064509
0.121149878876563824037226879682
0.121254705777176452485832669481
0.121359654062704019894525231393
0.121464723951101846721734034418
0.00195116253901534168410658587334
0.199984669492551725422657682429
0.194597585020988173010181299105
0.189202676049403828439920971505
0.183799931378398062609136331957
0.178389339811549585412819851626
0.172970890120179437987602000248
0.167544571065774555718164151585
0.162110371379564965899078288203
0.156668279794095366419526271784
0.151218285003074243144638444392
0.14576037570033240076128322471
0.140294540547805740571263299898
0.134820768193916445953917104816
0.129339047275198404385321282462
0.123849366396453774985531026687
0.118351714166797475358272606627
0.112846079140524038764148428982
0.107332449893249901040626070881
0.10181081495849927942565216199
0.0962811628582851408708620510879
0.0907434821016348813760288294361
0.0851977611636757087287818990262
0.0796439885135012543004862095586
0.0740821526037814259701974606287
0.0685122418593270832154473737319
0.0629342446875646444048868488608
0.0573481494923021167808840914404
0.0517539446351021475978271269014
0.0461516184761180461859630952404
0.0405411593488958915676434457964
0.0349225555718116129066963537753
0.0292957954485653093712471672916
0.02366086725400862872392693248
0.0180177592482673835927453609429
0.0123664596777154356388450651139
0.00670695675562440595668389775597
0.00103923870604079576079881164219
-0.00463670630621401940602011038095
-0.0103208901069242482001486749255
-0.0160133245404278853896151701974
-0.0217140214880585345758046145193
-0.0274229928386942878315579719128
-0.0331402505036554190231967709224
-0.0388658064057834234938937356674
-0.0445996725006871513885542412936
-0.0503418607508882773315939118675
-0.056092383143800265965506213206
-0.0618512516875184201192716670903
-0.0676184784053796422709226021652
-0.0733940753438527687668724297509
-0.0791780545649379691175440143525
-0.0849704281508317227356030798546
-0.0907712082105730511116803427285
-0.096580406859080952797214081329
-0.102398036248381923973838070197
-0.108224108531831494928177050951
-0.114058635890887230535106766638
-0.119901630532167999265702462708
-0.125753104668268222976479364661
-0.131613070550340660602728348749
-0.137481540425925752302305227204
-0.143358526585360690486226076246
-0.149244041326901166755192207347
-0.155138096965401955928953725561
-0.161040705840247599933690025864
-0.166951880318827766691569536306
-0.172871632773014149986323673147
-0.178799975609078148908182015475
-0.184736921232374368129214303735
-0.190682482103085110258788859028
-0.196636670670142149619508131764
-0.202599499407708105724879033005
1.78811956424444253491296824497e-12
0.305975327566770427534237342115
0.258061315801583424089926666056
0.213666978871652007976322806826
0.171980852003323275711821338518
0.129742261259431751474480165598
0.0961682351084311021205408565038
0.0596832062456857798116161006874
0.0302203045231647406121400223356
-0.00159559071303115975262731929263
-0.021963064683910241831066301188
-0.0448469177875755603546181760066
-0.0622820198307185504682514931574
-0.0813511458287691641144689924658
-0.0950489060677461167214730153319
-0.110095932635317403369690225645
-0.114576839242596706380794557845
-0.126505943258947678442538631316
-0.135890990441626835494304259555
-0.143597752963784602853181127102
-0.146087320488559185838184362183
-0.140933738485920473371137973118
-0.142979071264630414050955664607
-0.139616036939776755332331958925
-0.13681796723791905812106506346
-0.134646076131153591415312575919
-0.124966162954661577644266401421
-0.118718077923186282607304065095
-0.111850562852723905971075168964
-0.104281790126483434044679654562
-0.0962091462457118629103547391423
-0.0906627592919895114453865403448
-0.0713749266701099588372514404
-0.0636503974067407773951288163516
-0.0431065223240216510713906927776
-0.0321634082692296846550661371111
-0.0240695371780085196067311414936
-0.00854902178962569335440857543063
0.00303198467644376053534149839663
0.013182544462830255924123967759
0.0314814799289110797131385766079
0.0440635060153716923148081718864
0.0535043999304071343781075142942
0.0650072165653720474010057728265
0.0763192869967114217999437641993
0.0850070326209863558197810107231
0.0987175994629694297799460400711
0.108710555187960397627300324075
0.117555202386664114921899226829
0.120277670645866932574996610583
0.127453842959724228389717382015
0.12831331964741826690001857969
0.13579656918075663774025940711
0.132223326695115245277278859248
0.13412097349020890568738195725
0.126419816060691830861273388109
0.128902504171925946785393080063
0.12269261825234224760894363726
0.115724809018167368313001475144
0.108799811318748690380786570131
0.0931817671948687309413372759082
0.0792806559424604068153641378558
0.0612220496809507824798046726755
0.0421544139157789959915234589971
0.0237696258725235524955632371302
-3.92602687696735840028848529837e-05
-0.0332579122449745967493583975738
-0.0628487264153455987836238705313
-0.0972219238182778083823265546926
-0.129563565676435593632120912844
-0.17023640475319118392505401971
-0.219492538120046570826460197168
-0.261268625665463993801296282982
