3
242.391789295248742064359248616
0.1149650436302781797426320054
0.115044168153529413611835252595
0.115123369104091682890711467735
0.115202646589321056058707881675
0.115282000716738233792035828174
0.115361431594104890674401531214
0.115440939329346972663792314506
0.115520524030597496190075901268
0.115600185806160327128822018494
0.11567992476453746453213256018
0.115759741014431566386022609549
0.115839634664748142300894073742
0.11591960582453489370102772682
0.115999654603094207172553353757
0.116079781109893725998816194078
0.116159985454575218066786135296
0.116240267747018899413546932919
0.11632062809724443008807526212
0.116401066615541767812480600242
0.116481583412315389813862509527
0.116562178598234825188662000528
0.11664285228409940198268657241
0.116723604580961759502599761618
0.116804435600046122023520922539
0.11688534545278116139055413214
0.116966334250771603064933401583
0.11704740210586697668482258905
0.117128549130075448880816679775
0.117209775435623775319271544504
0.117291081134914126904433828713
0.117372466340573231025068423605
0.117453931165417482795909620563
0.117535475722473442550253253103
0.117617100124970314078964861437
0.117698804486315034001364665528
0.117780588920153764243003990941
0.117862453540307846044932205132
0.117944398460774174663967528431
0.118026423795842869135519492829
0.118108529659911393183691075137
0.118190716167651477253031089276
0.118272983433880540804494785334
0.118355331573677710621517178424
0.118437760702299096915446341427
0.118520270935187771454977223584
0.118602862388025642736977260938
0.118685535176684273106495481898
0.118768289417276365349529498872
0.11885112522604540652437776771
0.11893404271952026651781864075
0.119017042014413751416235243141
0.119100123227642074041909836524
0.119183286476356328775771942219
0.119266531877829762287035464396
0.119349859549648926182463526402
0.119433269609575953840163720088
0.1195167621755579556719339962
0.119600337365811909551283065412
0.119683995298707324117515327089
0.119767736092833559924386577222
0.119851559867046847385196883806
0.119935466740370658134118286853
0.120019456832035145699144607079
0.120103530261506039056307315604
0.120187687148462590824848916782
0.120271927612796800111105710585
0.120356251774616160310493739871
0.120440659754236650824665844084
0.120525151672205593778031129659
0.120609727649278936079113577762
0.120694387806408148788861467438
0.120779132264818303554854139747
0.0129533624192816852749299272318
0.199928591172955139043665440113
0.194513893782664953890915171542
0.189092118108823065147916508977
0.183663254502782508081892842711
0.178227293202759540236002067104
0.172784224392891955224271782754
0.167334038377688648635555068722
0.161876725365881518614585843352
0.156412275552047619342488360417
0.150940679104613478811458548989
0.145461926211995107305341434767
0.139976007033747851249216864744
0.134482911685371603338623458512
0.128982630294724454067534225032
0.123475152993435560722090826857
0.117960469858381156171844850178
0.112438570979546959005546113985
0.106909446377863343036196397406
0.101373086161647252279038866618
0.0958294802791474914505087667749
0.0902786188273526774006327855204
0.0847204917411655128445246987212
0.0791550890578872762270989937861
0.0735824006898611882032668063403
0.0680024166055668566333025637505
0.0624151267472770679423099693395
0.0568205210213611547342971164198
0.0512185893587410387417513391028
0.0456093216056851352702139479334
0.0399927076344630746951303024161
0.0343687373634788337350975950812
0.0287374005489040018623825289978
0.0230986870385423218032805436906
0.0174525866263008540280043945359
0.0117990891467729518832241453197
0.00613818434315214177254826921626
0.000469861955240215940429737706552
-0.00520588823902200844434551285644
-0.010889076551343789336923073563
-0.0165797132587211550058814424347
-0.0222778087104934796602861979409
-0.0279833731179101249941787443731
-0.0336964169517740552706186463183
-0.0394169505088764193789785394983
-0.0451449841860509723523442460191
-0.0508805283504962929663761883603
-0.0566235934169605492627397325123
-0.0623741898249848547575169277479
-0.0681323280084129845324270036144
-0.0738980184043650789593726813109
-0.0796712715318695363642120810255
-0.0854520978533018782385966005677
-0.0912405078833128796444995600723
-0.0970365121454227069763831536875
-0.102840121173087911676802264083
-0.108651345528500226089718694311
-0.11447019582446182894841513189
-0.1202966826049547688359808717
-0.126130816512300902854093465066
-0.131972608151509324114769583502
-0.137822068191477103971109841041
-0.143679207254444635255552498165
-0.149544036023756654607552718517
-0.155416565230841047240417651665
-0.161296805572264057015985372345
-0.167184767767073416688816678288
-0.173080462590178035808818890473
-0.178983900764263320626312747663
-0.184895093103639718279396220169
-0.190814050366201165553903251748
-0.196740783431855636997909186903
-0.202675303076728319240373821231
3.5481329512970961778385404908e-12
0.301433978496238375033300371797
0.175553192206540614739296302105
0.223232280189048448715283257116
0.177917753372021258950752553574
0.138500909598400750999402930574
0.0932938777687854908782227880693
0.0428781920696924834235375101343
0.0170665423375052568988330392585
0.03886681075908166721477599026
0.0347954673170792413983143376299
-0.0464786663511869702070100629498
-0.0564376649919822587220252785301
-0.0351778753656836543073360701328
-0.0752717456336912255077109534795
-0.127042999315023830142479255301
-0.111764313363997308536923469546
-0.137212712074083365010324087052
-0.145670256842340500869070751833
-0.219656888683210010926316613222
-0.161747216626596856947628566559
-0.0940894307471131230435901215969
-0.180848921195857575971999153808
-0.156823032891423436163691462752
-0.163954741686430982561262226227
-0.149383319761732608066395755486
-0.1015007370621486687545242944
-0.126831923271022523058704223331
-0.0632593350483379862625454848057
-0.086603898871914511414793480526
-0.105353508678158236389066360061
-0.0429209624169628253809172235833
-0.0817098551112030724308255003052
-0.0270341939325695300444518665017
-0.0158437495498469881061165409619
0.0472730816416570276405906270156
-0.0261263872959410226037846314284
-0.016523425806294390200124055923
-0.0191638581605711039168582487946
-0.0150352904044713658882059803545
0.0889318715951873534075744487382
0.0419775955659325503144252422771
0.00560999546484216779496101423774
0.0560629090848615216358119539564
0.0461749036423191316913516857312
0.0684034895942054743667171123889
0.0728903548157743552682319432279
0.160694841914358649281879820592
0.124174923113290383569484731652
0.101888073001571377584895117252
0.0930729434818541451202023040423
0.122101437933528178536590758085
0.109836149518636225219658797414
0.155344147113697816919852812134
0.121061340931878091975448796802
0.123148029869648956147187846
0.077164431729011592753231241204
0.0815649124028267336061759351651
0.108814708368892079648482251741
0.190182806221197459040084254411
0.068456857436027765406727496611
0.0850730288946250495785150746997
0.0470064183400812837798632415343
-0.00242884845102829538543431908693
0.0561634941410773802505929097606
0.0135959232469623474831577070177
-0.0152878897285496639923962902685
-0.0769287793436213146458513278958
-0.00259074864452123101304925611998
-0.155211626649977119107859380165
-0.150889625462278936796067796422
-0.259853268916374224861698394307
-0.257515285649190517336393213554
