3
460.877394929810975554573815316
0.114107432745392950446117197316
0.114209488010534307433907486029
0.114311660224974187549662474339
0.114413949602466577526449498237
0.114516356357241486096931737393
0.114618880703953041066966989092
0.11472152285777981184367035894
0.114824283034359972410776151719
0.114927161449824302708044854171
0.115030158320714420705499492215
0.115133273864184509927000021889
0.115236508297720599558466858525
0.115339861839396179421513011221
0.115443334707726247279069298202
0.115546927121714590458445570675
0.115650639300827987043795985755
0.115754471465089964210548600931
0.115858423834951235198431618301
0.115962496631346695386000078543
0.116066690075750211796901112393
0.116171004390081752943864046301
0.116275439796767771083452203129
0.116379996518765974067299850958
0.116484674779467917149489153417
0.116589474802800435737637485545
0.116694396813177947436201975506
0.116799441035528889232253391128
0.116904607695267490075075045297
0.117009897018287623016163934153
0.117115309231024450342673048908
0.117220844560401618594802641837
0.117326503233856335728368947002
0.117432285479323786359096004617
0.117538191525235063972232296692
0.117644221600539278238528595466
0.117750375934747589234952158677
0.117856654757792875254374109772
0.117963058300165693492722596147
0.11806958679288311053756643787
0.118176240467463819494575716362
0.118283019555933538446979014225
0.11838992429085093416318841264
0.118496954905281712266962301783
0.11860411163283769708787218633
0.118711394707640527368397442842
0.118818804364282284979914550149
0.118926340837996233346096630612
0.119034004364417356214289611671
0.11914179517979034406138794111
0.119249713520837560820631040315
0.119357759624864376291064615998
0.119465933729652529216025413916
0.119574236073549819425743123702
0.119682666895412084806515906621
0.119791226434694100810851580263
0.119899914931317616573203110875
0.12000873262574877908814841021
0.12011767975902175320523923574
0.120226756572699697289685616397
0.120335963308879329014544623533
0.120445300210224023884642008397
0.120554767519912342521593018319
0.120664365481673446778287939196
0.120774094339827040012202985508
0.120883954339187457693860494601
0.120993945725128712598284153046
0.121104068743583412337549987114
0.121214323641073901116627098418
0.121324710664605719956377072322
0.121435230061794449674117402083
0.121545882080804482083813411464
0.121656666970317878240237519094
0.0948368394884398224764510132445
0.200015152259615330843089964219
0.194634550208992035402744136263
0.189245948884722153815474143812
0.18384933677518447425747183388
0.178444702327296228494546426191
0.173032033999905243693007150796
0.167611320214101799930261904592
0.162182549383660695729858503
0.156745709890450835022335240865
0.151300790107961685704296428412
0.145847778392101473654562937554
0.140386663072489092929373555307
0.13491743246427814750809659472
0.129440074868950205644324569221
0.123954578558256686693361814378
0.118460931795175625214078252156
0.112959122819687354799533807181
0.107449139853940930922071572695
0.101930971097582631634814731569
0.0964046047416481505232255244664
0.0908700289444985820352940208977
0.0853272318520231637384299006044
0.079776201602584445593535633634
0.0742169262856437195186032340644
0.0686493940124222878917947809896
0.0630735928303451515164468332841
0.057489510807510843526380028834
0.0518971359705919024762899027792
0.0462964563321758976188746714797
0.0406874598874819304317185242326
0.0350701346148925494072834396775
0.0294444684573154230600167124976
0.0238104493559352439757681452193
0.018168065234866394297430503002
0.0125173039893380876053097239264
0.0068581534864885244570653632934
0.00119060159981634406181627561239
-0.00448536384522386401274562928165
-0.0101697550232330343605857692069
-0.015862584131814082971656532095
-0.021563863396890509127601376349
-0.0272736050455116979529535115034
-0.0329918213523753695026741183938
-0.0387185245839620009733472727476
-0.0444537270463461683944750291175
-0.0501974410501489845537470557701
-0.0559496789420084739141714180732
-0.0617104530691727284907877049136
-0.0674797758123447111167081402527
-0.0732576595806823660517181906471
-0.0790441167785749798646577346517
-0.084839159840740821505455926399
-0.0906428012377624436890499737274
-0.0964550534368419920649984078409
-0.102275928935729440438784365597
-0.108105440253579154763485803414
-0.113943599925817942719596942425
-0.119790420518724807785737596078
-0.125645914598832730835198390196
-0.13151009477344047238211999229
-0.137382973659140344979689984939
-0.143264563884442808205932351484
-0.149154878123791051480750979863
-0.155053929048926258937868283283
-0.160961729356789567946250940622
-0.166878291778863374617003501044
-0.172803629052185186987244946977
-0.178737753924504388924887621215
-0.184680679196987829193687957741
-0.190632417662259745494424123535
-0.196592982142864997063824716861
-0.202562385489408303129721389269
1.08689902911963429618277944692e-10
0.306713004275484091287751198251
0.256882126315311321018697299223
0.214119759582136637288130032175
0.168283645271295606571371195059
0.130637994792008854672005213615
0.0952217094685713916213387619791
0.061201555775029330142000816295
0.0331367157852944169138531549379
0.00336473549802902317795716413684
-0.0217804808295931247308363509774
-0.0469803850043550089154997806418
-0.0663842539990773389257938674746
-0.0809225156555330032981387944346
-0.0946983991950335335374688838783
-0.107875614142939071915527904366
-0.117641096608160439229706639708
-0.128202596739889262966727301318
-0.134497204331353620299083218015
-0.142205134773833757888539253145
-0.14253440498402109026798711966
-0.145636077423149740139862728938
-0.143521167457897586006154710958
-0.14217844910167320993110706695
-0.137932630814952050801736049834
-0.134036071288375913113100068585
-0.125763012847911692659863547306
-0.121705879245374820607494825708
-0.108975329415677932298756047658
-0.10330377084656568176246338453
-0.0915718908070713016877917311831
-0.0844675585270949907945592372016
-0.0706829203836772113067610234793
-0.0585251937181818018829382310741
-0.0448936931417165813185121692186
-0.0329271001662176238111712223144
-0.0241531969762122829259443079764
-0.00798710305319098173848502142391
0.00692782535260616592204252484066
0.0165538470812375340668332057703
0.025749400709116646024376962032
0.0402128382227364064571695223549
0.0492847614686828527919004727664
0.0632090911950053957468753651483
0.0751395847805114841522211577285
0.0864009916272152900251768414819
0.094425383718099026308934185181
0.104779187835198517309009957899
0.109423020512824945016383537677
0.120081428129444722774366027807
0.124863980816535158346880507452
0.131397233063888091431081761584
0.134850600447036811369017073048
0.132355102382791800508243795775
0.131947148264670549577814995246
0.134304791179567700742936153802
0.130992690656375282420853523035
0.123147142623954305995503943905
0.119481840289616392247751264222
0.109693551445074755079645001388
0.093355973527279423329616747651
0.0825566187613581137227924955369
0.0663385988613229143906480089754
0.0412871983499582401178074064774
0.0189910318999995351985088376523
-0.00140565753358451320589872501898
-0.0295840368452981450353433956479
-0.0593427766279201115984243131152
-0.0969035071920079510432444180879
-0.13618061436954204124205602966
-0.169693679199837493820623990359
-0.215350616504736580569812076646
-0.266819126080576063397842290215
