3
299.594986989030019230995094404
0.114172978368948976890528967942
0.114273288155609262228828981733
0.114373711601161470730048108635
0.114474248910337722540120353187
0.114574900288268166637095646365
0.114675665940557128252841323501
0.114776546073278931658911972136
0.114877540892939486449897401599
0.114978650606470000905545703063
0.11507987542130224123404502734
0.115181215545281295797863663211
0.115282671186757446069037769121
0.115384242554468635644226992554
0.115485929857695693301344874726
0.115587733306097215080221474182
0.115689653109812246034593385957
0.115791689479494169789930424486
0.115893842626190943234654184835
0.115996112761463002205353234331
0.116098500097266896236014588339
0.11620100484612927438377028011
0.11630362722096629357615427125
0.116406367435146332334205965253
0.11650922570259136801240629211
0.116612202237600659504579425629
0.116715297255018127242642833608
0.116818510970129602055678219585
0.116921843598669056296657231542
0.117025295356897165999221499533
0.117128866461491648598425285854
0.117232557129674341833691642023
0.117336367579085984469422498933
0.117440298027882333853355589781
0.117544348694680278466506706536
0.117648519798605175057382155046
0.117752811559229397797565752626
0.11785722419661631699128179207
0.117961757931348734662613253477
0.118066412984452681622649095061
0.118171189577493840339172948006
0.118276087932464399332666005193
0.11838110827188277895949397589
0.118486250818764959902296141081
0.118591515796600308063624140686
0.118696903429361524939800176526
0.118802413941557591381403824471
0.118908047558150709033242264923
0.119013804504658288196949911253
0.119119685007020428835211589558
0.119225689291716521744923795723
0.119331817585748914400944897807
0.119438070116581612767348019588
0.119544447112199081484362750416
0.119650948801104134444628357414
0.119757575412269126613473702037
0.119864327175242812995037411383
0.11997120431996569078769709904
0.120078207077031109961673394082
0.12018533567742643863862639364
0.120292590352730086045163204744
0.120399971334963648561533489101
0.120507478856725802618399256971
0.12061511315110616526791176284
0.120722874451718115151876986602
0.120830762992670398547900845188
0.120938779008629648803463396689
0.121046922734733539139817537489
0.121155194406715183141898251051
0.121263594260746759845304154624
0.121372122533618717610259807316
0.121480779462550494973704928725
0.121589565285349393564118258837
0.0579177095841231018291672683063
0.200003989181607250147365562043
0.194621164018958625607780277278
0.189230399496755991028962284872
0.183831684213870555355541114295
0.178425006743193947933434628794
0.173010355642943980392089997622
0.167587719448209659933723969516
0.162157086688978296917795773879
0.156718445856227323043086130383
0.151271785446853962442403940258
0.145817093915705658924153453881
0.140354359720521404408799526209
0.134883571283677200502992832298
0.129404717014608566794109378861
0.123917785305983962906850592844
0.118422764540688854606464985864
0.112919643059001664764373629168
0.107408409205870497560297849304
0.101889051299977273501440322434
0.0963615576416529673320354731914
0.0908259165029391274392978061769
0.085282116146444542081894724106
0.0797301448244328025971583429055
0.0741699907527485630120978044033
0.0686016421380503949034590505107
0.0630250871652491689856034895456
0.0574403140061435016350266380414
0.0518473108012959052470769449883
0.0462460656897997202108285819122
0.0406365667751117792816373253117
0.035018802150252589799883651267
0.0293927598895118956379146624158
0.0237584280436337856590167660897
0.0181157946431494375205684121966
0.0124648477125906109036490576614
0.00680557524508303233329309378519
0.00113796520143881084094483746583
-0.0045379944425628223822477558258
-0.0102223157592096509233003942541
-0.0159150108239824797373707099268
-0.0216160917427895248044134035581
-0.0273255706309149561106242032338
-0.0330434596368220714901475787428
-0.0387697709143733290626521181821
-0.0445045166436515912677940320918
-0.0502477090246900987002831584505
-0.0559993602720797317706669105064
-0.0617594826221157452983412383674
-0.0675280883452031716052132992445
-0.0733051897062518276193543442787
-0.0790907990039760866451956644596
-0.0848849285660499969230485817206
-0.090687590715508872851735588938
-0.0964987978080801001024013885399
-0.102318562235834159546143951047
-0.10814689638079721945018718543
-0.113983812666243536360077825975
-0.119829323523861608347118590245
-0.125683441410692431361439957982
-0.131546178809239827645072296036
-0.137417548211239165523167571337
-0.143297562136739581317712577402
-0.149186233118108441120241991484
-0.155083573709477506863407825222
-0.160989596504782034314118277507
-0.166904314082950089304091534359
-0.172827739072091146610432588204
-0.178759884108269373470534446824
-0.184700761855258827059955706318
-0.190650384978506004518550298599
-0.196608766193699130431227217741
-0.202575918208372229845082301836
6.1410148912127724484934310762e-11
0.304664293614990533409780937291
0.261965302522807863550013962595
0.212311227117221862359386364005
0.166987154430653206294010715283
0.134875466049548781155564824985
0.0974043414162038961867651210014
0.0596296219501193519585413582718
0.0279062633312448932221272457355
0.00338801624567079597699637005803
-0.0246341007820296171992868750067
-0.0440690246383621531123253589612
-0.064322109046643191621051016682
-0.0824530152948586420036392041766
-0.0957386609696515844536435224654
-0.1102652742027272203539922657
-0.118521224331022911879784942357
-0.127167033484470642923369609889
-0.135766108985022115884788718176
-0.142491799482496878104242910013
-0.14268134346544428248115821134
-0.143027341424780324308230206043
-0.141249503283659316732467914335
-0.142540415178666807216600886932
-0.139203565574352233769062081592
-0.13244487691132092455070790038
-0.127156186075237098709322935974
-0.116951710886383800080956518741
-0.111983682949217150381926444425
-0.103592494208189292437261030955
-0.0943508856154757075129779764211
-0.0806115883606988714582541888376
-0.0760815014779479270590201167579
-0.0547055309153241658970401317674
-0.0440593643594569123189685910802
-0.0343296255147765294601924779272
-0.0248605116796988753757879919704
-0.00846008539683201776782084380102
0.00237529325229499533450594483952
0.0162678647779055246536117351752
0.0315757365524498082032245349637
0.040532905691892377741947228742
0.0539352380412812318355442187112
0.060788555884822285946267328427
0.0767458008123018536883463980303
0.0870106074031655324363399017784
0.0981671917882487032880334254514
0.104302101388674114956778282703
0.111809466863897269406358248034
0.119311657388617542441267005415
0.123781452302390446162938530961
0.127813259642052257092359468515
0.130671306868671566192574573506
0.130790212828697238744979358671
0.136841949801787543528064361453
0.133573503608729077241079608029
0.128757044674069315304265614941
0.125674931631712172297454799264
0.116589553966853096134137501849
0.106424018561909139446441940891
0.0934252283714959302907132610017
0.0789026390196373994534440043935
0.0671158952753209275821077994806
0.0451821284308849824284948226705
0.020415158346998248800607811404
-0.0026091856529361322214466412106
-0.0281124345800287320229493559509
-0.060432636044256263230245451723
-0.0941186056900531753388605693544
-0.132052620089352534815674289348
-0.17303996123841497434270308986
-0.218024620590876377912437078521
-0.265755648891609852491058063606
