2
0.659615045432899949062743871764
0
0
0
0
0
0.706483907494649288061339120759
-1.19120562043112937956996535955e-16
0.707729106686373010681734285754
0
0
0
0
0
0
0
0
0
0
0
0
0
0
0
0
0
0
0
0
0
0
0
0
0
0
0
0
0
0
0
0
0
0
0
0
0
0
0
0
0
0
0
0
0
0
0
0
0
0
0
0
0
0
0
0
0
0
0
0
0
0
0
0
3.20060352076796164402929878792e-07
0
0
0
0
0
0.70772910668637312170403674827
2.4506462469912820554252392561e-10
-0.706483907494649177039036658243
0
0
0
0
0
0
0
0
0
0
0
0
0
0
0
0
0
0
0
0
0
0
0
0
0
0
0
0
0
0
0
0
0
0
0
0
0
0
0
0
0
0
0
0
0
0
0
0
0
0
0
0
0
0
0
0
0
0
0
0
0
0
0
0
