3
224.107856197067121684085577726
0.11456973565287364991149843263
0.114659455517866035179075367978
0.114749269781414447999523531507
0.114839178596447696878435351664
0.114929182116317210593514630546
0.115019280494581571661072416646
0.115109473885159407924305696724
0.115199762442251732452724866107
0.115290146320410027969138866411
0.115380625674433939797935977367
0.115471200659478606675989453834
0.115561871431005644406120325129
0.115652638144778108220123158389
0.115743500956897213405305535616
0.115834460023731156130821773331
0.115925515501989734312715540909
0.116016667548732924086785089912
0.116107916321274678983499484275
0.116199261977303056059263042243
0.116290704674750944302985544709
0.116382244571952273015646994736
0.116473881827512990017048366553
0.116565616600323718188292332343
0.116657449049729092238614214239
0.116749379335225389464625322944
0.116841407616737155694686123297
0.116933534054490237408252539808
0.117025758809029989393479809223
0.117118082041222482114761760386
0.117210503912276275961801275116
0.117303024583682913295490379824
0.117395644217294550792907159575
0.117488362975294760581768116481
0.117581181020185845942371827277
0.11767409851479525284556615361
0.117767115622276194453199593681
0.117860232506126386131661831769
0.117953449330170490050306852936
0.118046766258546709238430594269
0.118140183455759606445667486696
0.118233701086614503839022916054
0.118327319316284540473560582541
0.118421038310217413558333987567
0.118514858234283634863537315596
0.118608779254605792297105892885
0.118702801537719171420803832007
0.118796925250428689335713272612
0.118891150559925981577968912006
0.118985477633707606437418746737
0.119079906639653509969889455533
0.119174437745934502785871700326
0.119269071121105518784588639392
0.119363806934031937978524240407
0.119458645353941336764158620554
0.119553586550431065194111113215
0.119648630693374197209166709399
0.119743777953078334164160878572
0.119839028500083058514924516658
0.119934382505405140451060219675
0.120029840140319934982393590417
0.120125401576462592645455629281
0.120221066985872829246950743709
0.120316836540869373517459450795
0.120412710414184193075115558713
0.120508688778847031231045150435
0.120604771808301564073317990733
0.120700959676287147837037139197
0.120797252556914494481254962466
0.120893650624679785399173681526
0.120990154054427909158242471221
0.121086763021316518029735220807
0.121183477700892772155327747896
0.0268514415594455629898718029835
0.199949483230564800662065749748
0.194552096862729201331987383128
0.189147164093708686216643855005
0.183734674256337049413900786021
0.178314616719055601956611667447
0.17288698074319647224328377888
0.167451755660780771117757126376
0.162008930722454869144399935976
0.156558495213018095126855655508
0.151100438372166717693190207683
0.14563474942673515499791392358
0.140161417583395037089744050718
0.134680432041277747812202392197
0.129191781967877977743697215374
0.123695456521525096182934078115
0.118191444852306495882920955864
0.112679736080458212099664194739
0.107160319304433440668056221057
0.101633183623949879814674090994
0.0960983180986643287235793309264
0.0905557118092386870156218492411
0.0850053537454245472515523829315
0.0794472329722480247182758716917
0.0738813384604243700293224605957
0.0683076592088334988428499627844
0.0627261841735448494317139989107
0.057136902317107954307751072065
0.0515398025590569561216192084885
0.0459348738144557400264744728702
0.0403221049733085978861168996445
0.0347014849170157319013796382023
0.0290730025130390735965679738229
0.0234366465838490370399149753666
0.0177924059590103614270084619875
0.0121402694751805411560452441222
0.00648022587021168140763993648079
0.000812263933442308717035318377242
-0.00486362757721639591551587855633
-0.0105474599288681945147283514075
-0.0162392444074518672858520318414
-0.0219389923185582431941487158156
-0.0276467149818087273849265272929
-0.0333624237394563316616569181861
-0.0390861299380921567436786290273
-0.0448178449798649763957669733827
-0.0505575802495884796261549354313
-0.0563053471240414979415156437881
-0.0620611570709089857555973424041
-0.0678250215488298002775024997391
-0.0735969519906306685053110072658
-0.0793769599176935847228975262624
-0.0851650567868809937888130434658
-0.0909612541835635307618801448371
-0.0967655636109644584630373742584
-0.102577996631050952225372441262
-0.108398564826889656775854575699
-0.114227279796647179788138259937
-0.120064153176229190811419300644
-0.125909196569933795606388571287
-0.131762421654532974057971728143
-0.137623840100485256288109781053
-0.143493463575816077026914285852
-0.149371303815933331726739652368
-0.155257372556538097985168178639
-0.161151681524634216025049227028
-0.167054242505665251350421840471
-0.172965067268633532204802349952
-0.178884167638349494966476527225
-0.184811555439947233780983992801
-0.19074724248190924602575080371
-0.196691240676838713374863232275
-0.202643561884802092531998596314
1.697515616338130676427590674e-11
0.299652442090168058541621576296
0.244218765925910519243302587711
0.217691101364840905452169295131
0.173002392653011760614845115924
0.130005242577332452702520981802
0.0888119203909467080926276594255
0.0600098341452792380379399617141
0.0359570382607965061128041384109
0.00270214070035969993258118115875
-0.0272709715682208191089852533651
-0.0461385811959802716319956061852
-0.0635290825321711966067184107487
-0.0600550837606035128879433671045
-0.0893779563180701758229318443227
-0.0969468356209650522492538016195
-0.11763911712870685211118626512
-0.130203673806026348769293576879
-0.145117240779403772199529498721
-0.13237666682890866787225547796
-0.135774981992459742308199110994
-0.124372376822342867175308356309
-0.144040486770030173868661904635
-0.140738803171950449533156302095
-0.136677547338932392495536305432
-0.139833261587880619547519245316
-0.137185151509597313967958598369
-0.126274485997744406740039835313
-0.116872372382833794590695219995
-0.103550479183225310753080350423
-0.0889039588797666258113139292618
-0.099305558753186792819711570246
-0.085344613163821358980953846185
-0.0633473117979045236003443619666
-0.0484631065451430059765058899757
-0.0405514581938509338643328305807
-0.0178633341436227853493701189791
-0.0210463292431138371263443787029
0.000237597367758979636587560180239
0.0257977561691198099824706702066
0.0399534689011649610246301733696
0.0421291024308815473253808647769
0.05429260032473691433008156082
0.0650815946913448073463115406412
0.0727477793350830015395303007608
0.0808326399706473380790683336272
0.0979908780850039934362527560552
0.106376652746848640584964584832
0.109225149246354208409925945489
0.118223418281187875322757463437
0.134803606415013016439630177956
0.134524375963320619309371295458
0.132206862497110055887361568239
0.138645402907660697522373993706
0.134349532851688130419276490102
0.127116872618809023665065183195
0.139299306069139011698965191499
0.131199423918634705543695417873
0.115247821434121919259574440275
0.106465889180772238509220528613
0.0995093049963485937192686492381
0.0802235004926311195960764166557
0.0697591299612744103475492352118
0.0342869360609875245549105216014
0.0236912410010084069356128821937
-0.00961783979533819936846850140455
-0.0392332733852631190818449624658
-0.0554515934820278694195039292936
-0.0884336814017138012067320573806
-0.137643262869796167979785650459
-0.173791201228424951885642713023
-0.219792126256093123259915955714
-0.263462385790200204205291356629
