2
6.88435569383091561235232802574
0
0
0
0
0
0.706619479808862638314792548044
-9.12895155227005314077317999432e-17
0.707593746972549397789009617554
0
0
0
0
0
0
0
0
0
0
0
0
0
0
0
0
0
0
0
0
0
0
0
0
0
0
0
0
0
0
0
0
0
0
0
0
0
0
0
0
0
0
0
0
0
0
0
0
0
0
0
0
0
0
0
0
0
0
0
0
0
0
0
0
8.94607406847694005485682831186e-07
0
0
0
0
0
0.70759374697254950881131208007
7.01541444505967893420529539109e-10
-0.706619479808862527292490085529
0
0
0
0
0
0
0
0
0
0
0
0
0
0
0
0
0
0
0
0
0
0
0
0
0
0
0
0
0
0
0
0
0
0
0
0
0
0
0
0
0
0
0
0
0
0
0
0
0
0
0
0
0
0
0
0
0
0
0
0
0
0
0
0
