3
379.012186957209735282958718017
0.11443448260677822891917543302
0.114527817313089905204570584374
0.11462125285352080250600437239
0.114714789398072905535208576566
0.114808427117115585680551248515
0.11490216618138207604893352709
0.114996006761943020402227944032
0.115089949030221683212715788613
0.115183993158027145331523399818
0.115278139317498792837390908517
0.115372387681139665360774415603
0.115466738421805381609175356061
0.115561191712714769752601284836
0.115655747727458929619004379674
0.115750406639978459244488817603
0.115845168624557084968706988093
0.11594003385589167487434991699
0.116035002509008888793573532894
0.116130074759288853813998798614
0.116225250782477904087919284848
0.116320530754724982269721067496
0.116415914852516400035398191903
0.11651140325269113140471688439
0.116606996132513546227116307819
0.116702693669558113520601239088
0.1167984960418063239417918453
0.116894403427572748932483648332
0.116990416005603656279809854368
0.117086533954957591752155110498
0.117182757455091601794805455938
0.117279086685872654949314153328
0.117375521827475806646567946245
0.117472063060491738184509813436
0.117568710565887787899974625816
0.117665464525009436091984582617
0.117762325119569133402563920754
0.117859292531678427895514005286
0.117956366943800267099717871133
0.118053548538829169989305967192
0.118150837499978011990720005997
0.118248234010893696344091097217
0.118345738255596868993002601655
0.118443350418472356788690547091
0.118541070684317684236219747618
0.118638899238308878625325348821
0.118736836266011364093841962131
0.118834881953346058192089174099
0.118933036486698409661677544591
0.11903130005276142677761441746
0.119129672838708122739603822993
0.119228155032024107917720812111
0.119326746820619847277988867518
0.11942544839281211965786866358
0.119524259937301424727706944395
0.119623181643195020118497495787
0.119722213699969812217283049449
0.119821356297535291934863721508
0.119920609626200949660024264176
0.120019973876639360343965279299
0.120119449239947231888869794147
0.120219035907645918626052150557
0.120318734071614252822968182954
0.120418543924184301419089138108
0.120518465658040835331021867205
0.120618499466320860946666471136
0.1207186455425515170247763308
0.120818904080674000001138779226
0.120919275275002749414632319258
0.121019759320317429884816817776
0.121120356411778942740120612598
0.121221066744965536021716445703
0.12132189051584613137535484384
0.0547264333559718818555950292648
0.199965194218817698956769390861
0.194573013606103045747275359645
0.189173146001780645431011862456
0.183765580492739721840678157605
0.178350306131303398826659645238
0.172927311952062068289848184577
0.167496586978241490673013913693
0.162058120217328044398996667042
0.156611900662309233567270894127
0.15115791726320232379876529194
0.145696158993357194333384541096
0.140226614774422525533381644891
0.134749273526707430415072508367
0.129264124144537695393353260442
0.123771155516215272673896663491
0.11827035649928915872486356875
0.112761715935948733657845366452
0.107245222660940789372041592742
0.101720865484389258459607674467
0.0961886331928406279612175922011
0.0906485145456664559437953698762
0.0851004983287286798088189243572
0.079544573257418454970135712756
0.0739807280650342513617090389744
0.0684089514444979618357223216663
0.0628292320746301619083240552754
0.0572415586285824548595790872696
0.0516459197514986811938797472976
0.0460423040692927651451604731392
0.0404307002016901020913230979659
0.0348110967237192370227205628908
0.0291834822206516290854505513153
0.0235478452531630785826699536756
0.0179041743442725116708391652764
0.012252458021861034609401031048
0.00659268478404863300657012814554
0.000924843119920921129251123460335
-0.00475107853270947434742854653678
-0.0104350916959483619450566038722
-0.0161272079607279843205258629268
-0.0218274389257146900211736806341
-0.0275357961916681132086281991178
-0.0332522913866572511487618157844
-0.038976936164412917529276114692
-0.0447097421988064541720220290699
-0.0504507211666961469243020133035
-0.05619988477159351680789711736
-0.0619572447555021624254756318351
-0.0677228128263858975000033524339
-0.0734966007817424438197662084349
-0.0792786203893502960937667012331
-0.0850688834352739675637167238165
-0.0908674017653914034564621715617
-0.0966741871907440958322510482503
-0.102489251588870664000374688385
-0.108312606818795981178382703547
-0.114144264793097000021404596737
-0.119984237405612759186368521114
-0.125832536613262241376176575613
-0.131689174356346333505385359786
-0.137554162611751074063448641027
-0.143427513357302915952828925583
-0.149309238622820417141667803662
-0.1551993504381707356110098317
-0.161097860828639138919271545092
-0.167004781889766917846174010265
-0.172920125702382188048744637854
-0.178843904378504642282976533352
-0.184776130037844654729894955381
-0.190716814836811326960841483924
-0.196665970937416390018626088931
-0.20262361053516844688893172588
4.20491510738405979510228650059e-11
0.304621081471212196145614825582
0.25686788227109658144797776913
0.215321317867047612448772042626
0.168300504122653626914996038977
0.129328238931859851312822229374
0.0930316865601981263234065977485
0.0574576318246287146007666990499
0.0300550434183563947021511353341
0.00396050796858863837779374250658
-0.0234085141236355723237672066261
-0.0409805606783040926588412844467
-0.0605252639520756571811510582393
-0.0868547906047935636131285264128
-0.0948370991032643079199360158782
-0.103252460136002102708552286003
-0.118062955886282405781884108364
-0.12965119323076329527211214554
-0.133686945513992322398522105686
-0.138133094097720315884814112906
-0.13510743062369851008597265718
-0.147000246666272732509739284978
-0.142426796163964308750138343385
-0.138413238116536274624479574413
-0.141121278832915170164952201048
-0.125201073080342395460462512347
-0.12647828369549407590000100754
-0.119871612662600046661509622936
-0.110539793315029180598152436232
-0.105333081655119925601482577804
-0.0938478158326732092575639399001
-0.08542491449060468644560728535
-0.0709016517561669029623416804498
-0.0572119792421453415842691470061
-0.0467615364497106084096245126602
-0.0452617598732323739296745657157
-0.0296042534088567024785909609363
-0.0158555765154685043838433955443
0.00313435766332603119727062690458
0.0140932910811893841868114307658
0.0287772632864781614803195708419
0.0415832418276766285769596720456
0.0533119186856746210545487940635
0.06610258569688100271921626927
0.0749976526630049822319534769122
0.079689968836924376938135594628
0.0888145802808837231401284384447
0.109453841376390206829860574089
0.116703023602325525742706702204
0.128210265941664763866825182959
0.126632418470344121352866295638
0.129528515072087319071059141606
0.137698617110827176146514716493
0.132490419981230733714738789786
0.13166972467828974568959665703
0.137006367395281658527750323628
0.132546229806069032486348646671
0.124392570331576995945610519811
0.124876796887530908120034212061
0.108065821008626397614627023813
0.0915365629011371667589358480654
0.0800806492967534033766696666135
0.0616744021204178247130833767642
0.041826816286109784470692574132
0.0207952554254368753017256921112
0.00358208442965398440177571259824
-0.0295190846047580328359583035081
-0.0672053416014723598026492368263
-0.0990034921730040956555640718761
-0.13227839627941345712613951946
-0.174301402304741087645467700895
-0.217048083904434335744682016411
-0.26306360669282580211358890665
