3
338.956225429611379240668611601
0.114221210248937637965482849722
0.114320234909868159722812208656
0.114419370827533173340384564654
0.114518618200097441195417502513
0.11461797722612662719932075106
0.114717448104648039874930987025
0.114817031035066477451245248176
0.114916726217268491683221043331
0.115016533851554469958244908412
0.115116454138688623087816154111
0.115216487279798870946301292406
0.115316633476519159184903173809
0.115416892930893286162152833185
0.115517265845413621971893292084
0.115617752423008451900798831957
0.115718352867032678310543758471
0.115819067381318294152059422686
0.115919896170092490139680307948
0.116020839438063530502098785746
0.116121897390397021965213752992
0.116223070232642985977200567049
0.116324358170878439100448531462
0.11642576141153601620992219523
0.116527280161617924347794428286
0.116628914628463711822270454377
0.116730665019906823531847805953
0.116832531544281359447978729804
0.116934514410297396569404781985
0.117036613827171301349672205561
0.117138830004553579078319103246
0.117241163152548857895318690225
0.1173436134817477105585226127
0.117446181203188060315767415887
0.117548866528345286042167572305
0.117651669669179309574147396233
0.117754590838127864982354253698
0.117857630248035846753928979069
0.117960788112281861339525335097
0.118064064644654465041639923584
0.118167460059490747603661020548
0.118270974571467124558665773293
0.118374608395877531363815649001
0.118478361748338312242623260317
0.118582234845090922492616414274
0.118686227902742760798027177316
0.118790341138375915575053909379
0.11889457476962568549527787809
0.118998929014517390578831168568
0.119103404091638595541091660834
0.119208000219982665490725537438
0.119312717619053071382850816917
0.119417556508829944550420520955
0.119522517109791434619658900829
0.119627599642899110077287616605
0.119732804329572770085654553895
0.11983813139174297190958640158
0.119943581051812103721587732252
0.120049153532684915735018194027
0.120154849057761636821339834569
0.120260667850890651253692453793
0.120366610136489859961272941291
0.120472676139395926120378987889
0.120578866084981486950233886546
0.120685180199091218744555931153
0.120791618708101275436739285851
0.120898181838846846547497193569
0.121004869818676197290585605515
0.121111682875462894903861865714
0.121218621237539264656746240689
0.121325685133796865033950496127
0.121432874793562614601505345036
0.121540190446746299013369707609
0.0624337281091474766148152752976
0.199996113157312888075622936412
0.194611623410804790434980304781
0.189219239181700860097379290892
0.183818949154571753545894807758
0.178410741979577375238008585256
0.172994606314998078389066904492
0.167570530768261449772182913875
0.162138503961399532693476999157
0.156698514466525273824970554415
0.151250550861881938313757700598
0.145794601697328413125731572109
0.140330655509411789116924751397
0.134858700805881109863193501042
0.129378726087797990551564453199
0.123890719835046056451766105511
0.118394670499839552157972377699
0.112890566534236763684972970623
0.107378396351526322893832343652
0.101858148357611782985898685183
0.096329810941854249195515080828
0.0907933724594019442299952515896
0.0852488212833098085718930292387
0.0796961457178350929364540888855
0.0741353340882756201013492614038
0.0685663746780461047514165784378
0.0629892557727242535792200328615
0.0574039656139832682457679879917
0.0518104924485358817043412216208
0.0462088244877190273962597188984
0.0405989499272789780559556049866
0.0349808569566889757118666182123
0.0293545337218885267482892942326
0.0237199683747371832531758428786
0.0180771490349075844572546145628
0.0124260638015635110908974070298
0.00676670077179538330403030244042
0.00109904799812533555264382201244
-0.00457690647408643194737898340918
-0.0102611746109216705330480223779
-0.0159537684075315294718322434164
-0.0216546998761823206169907507501
-0.0273639810519039350378278641074
-0.0330816239799074374161591549637
-0.0388076407330600128831044060007
-0.0445420433964917386604476234879
-0.0502848440845427915868448565107
-0.0560360549195919044329627922707
-0.0617956880559040674927295810903
-0.0675637556535030742166370032464
-0.073340269906669142141453221484
-0.0791252430200425349582360468048
-0.0849186872092692057734097943467
-0.0907206147345565594442007295584
-0.0965310378527268753146017843392
-0.102349968856144737938684841083
-0.108177420048119865558788887938
-0.114013403746877170497064923893
-0.119857932299630751127317296323
-0.125711018074006836142686438507
-0.131572673461004263639750888615
-0.137442910853954103345131443348
-0.143321742678505531509713932792
-0.149209181388698070014342533796
-0.15510523943765561205587744098
-0.161009929319838929195896071178
-0.166923263538597266286700460114
-0.172845254617423393916908480605
-0.178775915095798432208340500438
-0.184715257551129524715705088056
-0.190663294558337442774487158204
-0.196620038732991081475987016347
-0.202585502702195718871536200822
6.29325471868223856549182352917e-11
0.305069408392483698566621796999
0.260410780869857638730735516219
0.213973036751528289389767678585
0.171391113529876931709239329393
0.131246761959239094386120427771
0.0936039290586395955617859954145
0.0600919176090002823964475453522
0.0295974795056254368075254745918
0.00346051644385990918306728048037
-0.0235972113225333957053919675673
-0.0462581438476158957051609377231
-0.0684426181149958984262227090767
-0.0838632316626764795497450677431
-0.092242974746416989129116359436
-0.109130772082276089607333346976
-0.11756228128827879431117509057
-0.127584394014200214195753346758
-0.135066486348720038446202806881
-0.138640562554431717723346650928
-0.143872369119325688169297450258
-0.140333200167283983494925792002
-0.141445252874519755703630607968
-0.143051838702578731910008968953
-0.138954012467384147022642082447
-0.133072262192224677335161686642
-0.127767565289355122803982567348
-0.122534817391880421211247664814
-0.109017650077379402162591759406
-0.0996115825398333765150482577155
-0.0941275452897143982688987762231
-0.0835723221152251949384037743584
-0.0704276048609280280743405455723
-0.0565586147218330934083319050387
-0.0462734751344624772873004303619
-0.0382839422301750470500891765369
-0.0231211674212834922270687343371
-0.0110083034939634557408671966527
0.00589344266373797998070926951186
0.0151561004777472242005531555264
0.0263837818576679143667274018981
0.0417284750405116297566898708737
0.0502526880990775831614669755254
0.0617109592736226134079835503599
0.0775203078114866939163363213083
0.087995473082115277518866491846
0.0934107050928735527239865632509
0.105689685063680413601439056492
0.114071148180632353508201504155
0.120484136998547139429938113153
0.126420677564103106638171425402
0.133914416171594941040723369952
0.129808246604308646920955538917
0.136277411248271723698266555402
0.13489844624767999281544916812
0.129688800502985812634904050356
0.129075520732722326400221390941
0.120845020535540567663268518572
0.117370449691820102899875166713
0.106967870811435772360198370734
0.0945932751048060016518803649888
0.0832234740230667763283278759445
0.0635851176177809340739344179383
0.0467341609765871343618037769829
0.0208727895750719857903554554923
-0.00133639888707012756581538059919
-0.031802199922523186059741817644
-0.0627229611749693660716076237804
-0.0941602231990996130228666061157
-0.13520136243147140575615594571
-0.173646203042294472451700926285
-0.215079700381559324462443782977
-0.263998802002014198997414951009
