3
252.737853315470204051962355152
0.114269352065317783551101626927
0.114367093393095434206152560819
0.114464943596326446106914431766
0.114562902866676363800024773809
0.114660971396189997895120882276
0.114759149377392288826627009257
0.114857437003160325894590698681
0.114955834466837630847280138369
0.115054341962169140445304549303
0.115152959683269967561258795286
0.115251687824724682873700487562
0.115350526581548804005983299703
0.115449476149107166378371402971
0.115548536723244804624854964459
0.115647708500225043781739486803
0.115746991676705712759343214202
0.115846386449786703520814512558
0.115945893016997481073104836469
0.116045511576265539255281566966
0.116145242325971689845154344312
0.116245085464942304875890499716
0.116345041192363440885060299479
0.116445109707920144148651786509
0.116545291211696280808673975571
0.116645585904216461670124260763
0.116745993986447707535525353251
0.11684651565975524845075739222
0.116947151125990592146486335423
0.117047900587391756621613581046
0.117148764246664219279558949438
0.11724974230694561183607760313
0.11735083497181569844869386543
0.117452042445271992443522890426
0.11755336493179822932031441951
0.117654802636266278548227148804
0.11775635576405293902801929562
0.117858024520926168987600135551
0.117959809113094851729108825111
0.118061709747297946537791801802
0.118163726630598708844388511352
0.118265859970633935294159755358
0.118368109975402091560425787975
0.118470476853378497983371175906
0.118572960813497413345984909938
0.118675562065161846470040529766
0.118778280818181897204866004358
0.11888111728286830659495620921
0.11898407166997293504806521014
0.119087144190708996149830056765
0.119190335056725701945445905494
0.119293644480169339083808210944
0.119397072673630366690389337236
0.119500619850150258116627810523
0.119604286223249811627056260477
0.11970807200693128757862382372
0.119811977415589868134482287587
0.119916002664168505620345683838
0.12002014796806434460130219577
0.120124413543078220611981521415
0.120228799605601968658596945261
0.120333306372346446333487790525
0.120437934060637047428699020202
0.120542682888180721634263647957
0.12064755307321864408187650497
0.120752544834400551976294480028
0.120857658390923217162082892173
0.120962893962417467053072073213
0.121068251769016019259161964783
0.121173732031320396940188288681
0.121279334970415486605332944237
0.121385060807866512755381904753
0.121490909765740839887371294026
0.0442604565810786124147035991427
0.199988555809402390739393240437
0.194602378844711099148412358772
0.189208352892880099505035218499
0.183806466730166095935317116528
0.178396709094468614020811969567
0.172979068721265172303702684076
0.167553534317764707406439583792
0.162120094581690715740407426892
0.156678738172039089260323407871
0.151229453762222132429116072672
0.145772229988042345549814626793
0.140307055464982621817426888811
0.134833918793621387877124107035
0.129352808556769977021971840259
0.123863713339646713817998602281
0.118366621659566614854774968535
0.112861522061700927932470506221
0.107348403059176047968925615805
0.101827253137632578461335697284
0.0962980607763406354360213867949
0.0907608144228845559187135449974
0.0852155025277594041499540367113
0.0796621134915495576755972706451
0.0741006357270547338922384028592
0.0685310576024542733586386589195
0.0629533675031251210851834798632
0.0573675537440032773384146480566
0.0517736046812207403866601396203
0.0461715086020520054654880937051
0.0405612537898738592656577850448
0.0349428285328763424399944881316
0.0293162210554900812264911280636
0.0236814196163921200644075781838
0.0180384124084518732145099306763
0.0123871876350808516470403120024
0.0067277334735513939084627921261
0.00106003805778082712402143883423
-0.00461591045439552812718053687036
-0.0103001239438955689148302852232
-0.0159926143254557687201078408634
-0.0216933935136753679173704512095
-0.0274024734495059187067145245464
-0.0331198660877705802763060205507
-0.0388455834055661183845664652381
-0.0445796374180368673578733762497
-0.0503220401235125874839226867152
-0.0560728035647444639222314322069
-0.0618319398006909742848691280415
-0.0675994608961342086095314130034
-0.0733753789609392498283213512877
-0.0791597060985329559201773008681
-0.084952454445328395848946456681
-0.0907536361466465268943437649796
-0.0965632633930102318720045673217
-0.102381348356921614284331667477
-0.108207903260124985167500710759
-0.114042940341720244745715717727
-0.119886471839583882981195017692
-0.125738510036315642715010199026
-0.131599067217621379377590074
-0.137468155687916093743439205355
-0.143345787785652767354349634843
-0.149231975858387155842166293951
-0.155126732281972462557106950953
-0.161030069446157164669841677096
-0.166941999756208325766948519231
-0.172862535639408287924112528344
-0.178791689557944416533175058248
-0.184729473979033748110012425059
-0.190675901388778962219916479626
-0.196630984306827877317047637007
-0.202594735253615682024630473279
4.22774619222251283000938109673e-11
0.305511146993864168841525952303
0.259138779157725707147363891636
0.215890452893496953556962125731
0.170634138952799080390931862894
0.130880952502459291242331573812
0.096951060641756972580118656424
0.0568415400347923038815167728899
0.0336851427977195305718538520523
-0.00137315163234689660565202018461
-0.0211971497782228006367954975531
-0.0477865247611819962680890228057
-0.0609650026666868766200835239033
-0.0846110450977274469730460282335
-0.0947841261883484165196023241151
-0.116071040315596230030337210337
-0.119414103726409218109161258781
-0.129894806688404917949242189934
-0.133816226457457665421912906822
-0.137772339000575810841198176604
-0.14478049582417179541593554859
-0.141853793794244675829929747124
-0.143958012107247429467449251206
-0.143945694976314542135042984228
-0.129241312836961830257109795639
-0.132449510766902339709005786972
-0.127801354238894077086641232199
-0.118520008058861980870801744459
-0.114350433561044101393733285477
-0.0991509812301664544831325542873
-0.0912994981170244662704860161284
-0.0806891480656389548098417208166
-0.0715703049711270133936835691202
-0.0609012982156624665952548980385
-0.0491916908030648400429463151795
-0.0339790349940961022845442585094
-0.023511453281195245773593782701
-0.00899540590138311370316248627432
0.00137534180662950817307377260335
0.0139716047568589473576450288306
0.0278328024567772933095533005599
0.0454067871617669926997962193127
0.0536005309895811049569758210964
0.0634149092924971014006985114975
0.076919881062977799035529358207
0.0845190341099495007215480768537
0.0941186076582498365450391020204
0.107773599366774802676971489745
0.112260226958317554935007365202
0.118705831847036466508704677381
0.125023990767435783100225421549
0.128637702248089541567921401111
0.135365135907877992549330770089
0.134791877347577221391006219164
0.132717813790398764250966223699
0.132106638893728062233989817287
0.126962113555006389509216546685
0.127712498302195442967388316902
0.117812710194186889833822817764
0.104951452688716612149377738206
0.0944469266888457448239080349595
0.0783818886053384844547764487288
0.0618343925229627514039698610304
0.0466536275841569203493008899386
0.0247890163813143937776573011433
-0.00443756009593411753638703132196
-0.0312634816506773619004810882416
-0.0584547915134449591612053609424
-0.0949297218689434257887782564467
-0.135045019420427930834094354395
-0.174970991323945390671923405534
-0.215265815565321594338143995628
-0.263331003832927179608702772384
