3
2624.08448171090094547253102064
0.113912248390795750596637958552
0.114019494908973020863562908289
0.114126868348190982360712553145
0.114234368949834255713149389067
0.114341996955868566154812526747
0.114449752608740476511606232179
0.114557636151499789289864850161
0.114665647827770916800105283073
0.114773787881688238421418191137
0.114882056557985140488042929974
0.114990454101906586226178319521
0.115098980759299196474643167676
0.115207636776572266978924119485
0.115316422400658979974252815737
0.115425337879105638361210139919
0.115534383459980710684433802271
0.115643559391949077297390147123
0.115752865924241762907165309571
0.115862303306660793800197950532
0.115971871789558880760928616382
0.116081571623892432221225590183
0.116191403061182418898766854909
0.116301366353521257179792769421
0.116411461753576597755177601812
0.116521689514591339498217337223
0.116632049890400740776996713066
0.116742543135440912660527601474
0.116853169504699580527606883606
0.116963929253755052894980792644
0.117074822638776623873191340408
0.117185849916537354609147314477
0.117297011344372786867396030175
0.117408307180234927624695728809
0.117519737682629549224699871957
0.117631303110732096661728007803
0.117743003724221029226981727334
0.117854839783438747335964080776
0.117966811549296515804208240752
0.118078919283312058774448871645
0.118191163247613098552513122286
0.118303543704919342238746082785
0.118416060918573179394641670115
0.118528715152497673979148373746
0.118641506671233951109023507797
0.118754435739951966222172075049
0.118867502624401585875624220989
0.118980707590961923281192014201
0.119094050906636814146644098855
0.119207532839018068293590602025
0.119321153656341660820316974423
0.119434913627438327177188170936
0.119548813021788755128760328716
0.119662852109481979145932939446
0.119777031161209163157010948453
0.119891350448308051102053184422
0.120005810242758095829351816519
0.1201204108171362167079010419
0.120235152444672435678718613872
0.120350035399201804597879572611
0.120465059955214823239622035089
0.120580226387861644266052962848
0.120695534972865545220166438867
0.120810985986642735467988529763
0.120926579706216105747351718946
0.121042316409275041433346586928
0.121158196374116275406684906102
0.121274219879737535365826772704
0.121390387205693131567052489572
0.121506698632319276587310241666
0.121623154440455821800881608397
0.121739754911713057849986796555
0.121856500328283420819808213764
0.637943267074406961114618752617
0.200051206402209080792431450391
0.194676985131474605816848111317
0.18929459273817314524102073392
0.183904017386656321031423999557
0.178505247222633250947509964135
0.173098270369998114004417288925
0.167683074933446252252622343804
0.162259649007527317898791352491
0.156827980659286519982131835604
0.151388057935426839639703189277
0.145939868866232641542168835258
0.140483401470093943741446196327
0.135018643739056282138122355718
0.12954558364396714931210397026
0.124064209139497477751845622151
0.118574508166290309985058115672
0.113076468635178353783210525307
0.107570078445643022013733514086
0.102055325478720440579571970829
0.0965321975921960978572755607274
0.0910006826244943445303192675055
0.0854607683922411071053559794564
0.0799124426990928532488211999407
0.0743556933340865089387961006651
0.0687905080467507423769291108329
0.0632168745855420377566247225332
0.0576347806732710743471415071326
0.0520442140143353368375578327232
0.046445162287479108131904581569
0.0408376131641025180707416097903
0.0352215542773288217692773116596
0.0295969732663312751208550821502
0.0239638577282186016059739586126
0.0183221952457333185637633476972
0.0126719733903336451846799448617
0.00701317969984305202707508541948
0.00134580170946665576489631455104
-0.00433017308178181535571749094515
-0.0100147571848353666296160824345
-0.0157079631340825039143016539356
-0.0214098034856334967779289968348
-0.0271202908147647123171530836316
-0.0328394377147550459161706726263
-0.038567256792828269462702905912
-0.0443037606922176141477365263199
-0.0500489620677802352077812031439
-0.0558028735920984494955909838154
-0.0615655079616823225352462145565
-0.0673368778907201537275994951415
-0.0731169961147321995076353573495
-0.0789058753899452569591232986568
-0.0847035284957258632898557948465
-0.0905099682281899076130571302201
-0.096325207405640864144480417508
-0.102149258861607486470468586504
-0.107982135461798883779849234088
-0.113823850083807881494735170236
-0.119674415625340355151529081468
-0.125533845010356998050937704647
-0.131402151175072839928148482613
-0.137279347085755898394410223773
-0.143165445725374929075712771009
-0.149060460095072011554862001503
-0.154964403225195251900814241708
-0.160877288152758896044858261121
-0.166799127952225040294464974977
-0.172729935703480108610818888337
-0.178669724524347456329209649084
-0.184618507537360060366538050403
-0.190576297890284740432775834051
-0.196543108768630070404270782092
-0.202518953347486180271985745094
8.88914044921780468802277612092e-10
0.306881714082763878970183668571
0.256693167046028070110708085849
0.212531101179004838774844188265
0.169583098763068429448708229756
0.129084142282948344249149386087
0.0945474315250210139982556256655
0.0629856798216628932518545980201
0.0322645677418088513976890396862
0.00370374747409871109965484592408
-0.0204118782789914562925126517712
-0.0450149328299128057007116865407
-0.0640370747900231573890295067031
-0.079692105613675678910112765152
-0.0970518067755206520486055410402
-0.110048819177223880516613974123
-0.119768647425430307951188524385
-0.127218093893432609986504644439
-0.135585005852929096903380923322
-0.140133215909431951828878482047
-0.142132538546658443445735997557
-0.143494681137173230034420612355
-0.141713650685749037450023024576
-0.142625381188234673368597782428
-0.13756049701878353408446287176
-0.132428303645622663653469430756
-0.12673712409259141331574483047
-0.119695072076025421647926805235
-0.111426376366127344308409874429
-0.103270976055805679960641896287
-0.0937970516910402174470817726615
-0.0835694982016557674775469877204
-0.0720479438147950540516362138987
-0.0618758714925452812938289071099
-0.0490458740528159423122112059445
-0.0364899872204752021009888096614
-0.0238544576391951021476778294073
-0.00877507677910482203342823481762
0.00300114089662304253658398067728
0.0147335584182279252796199386921
0.0292717855961624612293192626566
0.0419525440621153489217931564781
0.0540883913135858929166488451301
0.0642013330696219325366413954725
0.0752972672935449949260799940021
0.0867341434688482237902462657075
0.0953681906525913614114386973597
0.10592175196417605298471187325
0.113178029239638211489449304281
0.119086504520570402032575429985
0.126120795407223429407395087765
0.133082106390705029452803387358
0.133353915769917036326930315226
0.133582775875466130965918409856
0.133274506707572570896047636779
0.135666389902165479552920146489
0.130249964108019394837256754727
0.123145482979162987358101588597
0.117295041854553361293511670738
0.106320185412326309593034068257
0.0941143363238817476368325287694
0.0814018276010686492316636986288
0.0643141024699817598353490666341
0.0417829517408484368834464817155
0.0214820324971781301259809993098
-0.00306724358455015425409251328404
-0.0313946609957326538964395012954
-0.0627203858195572172551379708239
-0.0950303699345033531242776803083
-0.132625365056207422664869000073
-0.172811215481185637132810484218
-0.21633932434180005999202478506
-0.26275375092698532997204097228
