3
46.3227486158596306609069870319
0.114564566936662420859605049372
0.114654425036686130612295642095
0.114744377778606312934250865965
0.114834425316039864806150205823
0.11492456780295723373086502761
0.115014805393574087721830778719
0.115105138242413598814728459274
0.115195566504363494653162547365
0.115286090334590418660098976034
0.115376709888577316798219385419
0.115467425322107214435973787658
0.115558236791307916702109537255
0.115649144452587268605547876632
0.115740148462696160192031413771
0.1158312489786616078513148409
0.115922446157891947948748168074
0.116013740158055267404080268534
0.116105131137156106224672669214
0.116196619253524494053131377314
0.116288204665792913039545908305
0.116379887532943579464550509783
0.116471668014242038524663769294
0.116563546269315934655885769189
0.116655522458083665826578112501
0.116747596740780237856149881281
0.116839769278006322394958260702
0.116932040230648917611411263806
0.117024409759932307428798026194
0.117116878027421184027545564277
0.117209445194970549031232565085
0.117302111424814933804405825413
0.117394876879485049459006518191
0.117487741721815183715271757592
0.117580706115025787616978902861
0.117673770222630869053404012448
0.11776693420849533577854373334
0.117860198236790142400920444743
0.117953562472046288855942464124
0.118047027079119126735662348437
0.118140592223196227994463924915
0.118234258069800063362109199261
0.118328024784796662083330431869
0.118421892534366926530431385345
0.118515861485069068370634681742
0.118609931803760462742935999358
0.118704103657641349411910880463
0.118798377214296049797503940226
0.118892752641589161122226414591
0.118987230107767724684997290296
0.119081809781408323734019916174
0.119176491831426631384793779489
0.11927127642708318377984255676
0.119366163737997299509885351654
0.119461153934121946940116743008
0.119556247185752043127315857873
0.119651443663522677463006971266
0.119746743538460362343833764953
0.119842146981869152044808402025
0.119937654165480217516304151104
0.120033265261308891291847089633
0.120128980441783675403577547058
0.12022479987961862124556944309
0.120320723747919119950289257304
0.120416752220165429454468153381
0.120512885470119249231579772186
0.12060912367199963513009208782
0.120705467000272223532242321653
0.120801915629835290855176310743
0.120898469735949837255972738603
0.120995129494177733331383706172
0.121091895080507702675554071448
0.12118876667118179402127253752
0.00559308538951979426767646685903
0.199950019193261302463682227426
0.194552837181136278887905177726
0.189148103243864745826030571152
0.183735806716580296615859424492
0.178315936918194056781672429679
0.172888483159689243517931345195
0.167453434707898779487678098121
0.162010780843819007790429509441
0.156560510826694837538397564458
0.151102613872236390957226603859
0.145637079204636504803360708138
0.140163896019079942112384173925
0.134683053505846306308058046852
0.129194540827312132069693006997
0.123698347132099054079823474694
0.118194461535124667461715830541
0.112682873165919378299903996776
0.10716357112418237185202940509
0.101636544466658845786710685388
0.0961017822706374119645644782395
0.0905592735718019486990115751723
0.0850090073944452656595771600223
0.0794509727588291331246139748146
0.073885158634575481828576926091
0.0683115540092308626274331118111
0.0627301478420149022374729952389
0.0571409290440967054802712254968
0.0515438865578921601162676324748
0.045939009283495944868658256155
0.0403262860914019444225075972099
0.0347057058589016684257977374273
0.0290772574269530410806527953582
0.0234409296292367452796412408134
0.0177967112832220220042245273362
0.0121445911742364288238293923428
0.00648455807708048833498670759923
0.00081660075805212498610552440681
-0.00485929204726315809581560500874
-0.0105431316121144813546806062732
-0.0162349292396301060625862788811
-0.0219346962465968020605799893019
-0.0276424439589262223304633181442
-0.0333581837296817729221487525137
-0.0390819269233198263169271058359
-0.0448136849316074087345995735632
-0.0505534691682739331652918224336
-0.0563012910457442589118315368069
-0.062057162008343685899447450538
-0.067821093528369555403223500889
-0.073593097061755582966036115522
-0.0793731841282288019812085622107
-0.0851613662411069838320543112786
-0.0909576549308589721309914466474
-0.0967620617400632709870222925019
-0.10257459827666698393144883994
-0.108395276082314112597870803256
-0.114224106810596678918123814128
-0.120061102065925767723442163515
-0.125906273509328869852907928362
-0.131759632788251673796153795593
-0.137621191602746467674833752426
-0.143490961655208526526195100814
-0.149368954662459585414069351827
-0.155255182379751999199868350843
-0.161149656543765423810654624504
-0.167052388962311948450434329061
-0.172963391416210865436653421057
-0.178882675722553091679500880673
-0.184810253727332785000925241548
-0.190746137276629507129044327485
-0.196690338269211922872514719529
-0.202642868572388556991370478499
3.56504241111603525466766910332e-12
0.302283741010893780565282895623
0.258938543618231320486700042238
0.213679546730568242773884435337
0.167711215696055820911780642746
0.126427866469259880810582785671
0.0994269326592430863209770564026
0.0578013196312988919434161516619
0.0311263772776901523342552025042
0.00170637526809178769436614597765
-0.0141471527726704446314975882615
-0.0467639192182555951671218963384
-0.0653393242631358783789607969084
-0.0807852530525863532506747333173
-0.0952761965531350452085490587706
-0.102851003928841167045504789712
-0.11924698213780150768403842676
-0.133350913295964934590642769763
-0.134260373207826383401553016483
-0.144642587649225717871814822502
-0.134256731766398157423836323687
-0.142794456084901294490308032437
-0.137458795280538365046751891896
-0.136902618864143038601710600233
-0.144985360558939652131371644828
-0.133545802215609660246187218036
-0.12228157115021610901184345721
-0.118748891434696787761104985748
-0.115495067640063800440408670056
-0.109072522517616510295823673005
-0.0919913649962802448811771682813
-0.0801023742529149568314394969093
-0.0735677843038534257091853874044
-0.0724931174060257643709803687671
-0.0432599464533952315914433484068
-0.0355575847918888354737276813466
-0.0333869786604450782818709342337
-0.0119758040398965561607047547454
0.00310003183180826164672128086863
0.0217686393321830790048565518191
0.043364376615897960720591441941
0.0473828920366432052024840970716
0.0531958222272556902066042994193
0.0694065762676588787760678656014
0.0719556185696192396328285667551
0.0758679675134507486289336952723
0.0932213185548465272933782443943
0.105638564884153823841828057084
0.107272598238724314878567156484
0.11560120098437294544613251901
0.126854917304321246351861418589
0.124848625306353100405942768703
0.139756650879073934801155587593
0.13388846055817291147427283704
0.126871225524339659163075566539
0.147881800496754006735145026141
0.138199028898682796384633775233
0.125221244095105460614192338653
0.12333913721351158487848920231
0.10438591128443340527720550881
0.0964941335567201380341018079889
0.0755632160231517885362606534727
0.068369599201980685299062656668
0.0374843103296267146640197154284
0.0241641424690896278182350442876
-0.00100223809634888321243306741337
-0.0322755043674708280709850782841
-0.0741158237965757749066142423544
-0.0988790189551017467683990957994
-0.137987325091795176579267945272
-0.166932467290162089845750870154
-0.211364991949171687757313975453
-0.263059454980728024686698063306
