3
22.5733015693509777577219210798
0.114119035858653017356800773996
0.114220782213903623847350843334
0.114322644933828820867915965209
0.114424624230532442914487489816
0.114526720316668259580517030827
0.114628933405262964373427791998
0.114731263709865360933548572575
0.114833711444496597287034944657
0.114936276823634803134766002586
0.115038960062228703962183828935
0.115141761375733550631927926133
0.115244680980042049633915723916
0.11534771909156954494690694446
0.115450875927153792654955566377
0.115554151704146554346941400127
0.11565754664038598031883253725
0.115761060954180955429038135662
0.115864694864310807664864455546
0.11596844859008445527415176457
0.11607232235124896602140864843
0.116176316368044554860894379544
0.116280430861229827632641331547
0.116384666052026353177950568352
0.116489022162144614802592457181
0.116593499413827739186189091924
0.116698098029759750327016831761
0.116802818233146393778199012559
0.116907660247670505682116015578
0.117012624297542985885023369974
0.11711771060744448347268331645
0.117222919402569208946474077493
0.117328250908607184532783662689
0.117433705351755623969012276575
0.11753928295870558207170120113
0.1176449839566680866109749104
0.117750808573329535100526754832
0.117856757036900391955036582203
0.117962829576127581354683115933
0.118069026420206682481683913011
0.118175347798897475981583227167
0.118281793942462104540780387651
0.118388365081656232735696221425
0.118495061447757649153444958756
0.118601883272564989635355914288
0.11870883078838845303693005917
0.118815904228047067303641881608
0.11892310382490445253012012472
0.119030429812851668014417327868
0.119137882426242486255674180029
0.119245461900013727252201078954
0.1193531684696034073089876415
0.119461002370976093756027580639
0.119568963840635991702221474497
0.119677053115615411593708472537
0.119785270433444418491930605342
0.11989361603221070085023569618
0.120002090150546317226520898203
0.120110693027585799241840902596
0.120219424903040272845089475595
0.120328286017086366621597903759
0.120437276610545956900821806812
0.120546396924687410079357618997
0.120655647201376614585655033807
0.120765027682939396491690331459
0.120874538612340848287018957308
0.120984180233063731702003451574
0.121093952789111627965645823224
0.121203856525044256775558437766
0.121313891685996974589833996561
0.121424058517607055818210426423
0.121534357266087078563998602476
0.121644788178232141073742411663
0.00459515387316201777412327800221
0.20001313897696340604603904012
0.194632146537745964742782689427
0.189243165343643604536794100568
0.183846183903091625611025961007
0.178441190687902762057603922585
0.17302817417377339137551928161
0.167607122795421503713697575222
0.162178024990515340375552000296
0.156740869166529794842546152722
0.151295643707699878355299460964
0.145842336990779586347599661167
0.140380937370510383566113432607
0.134911433183837414784278507796
0.129433812740566756005478055158
0.123948064343456648694896671259
0.118454176274113212596894584294
0.112952136787319135091678390381
0.107441934128308200224743984563
0.101923556522938260626709450207
0.0963969921685065705974082561625
0.0908622292545612220138195880281
0.0853192559442901565791572693342
0.0797680603876978339128456241269
0.0742086307095285030444031804109
0.0686409550320957323465975719046
0.0630650214336628128775075197154
0.0574808179853943321258036291965
0.0518883327485592654726431760537
0.0462875537497949227083715584286
0.0406784690017698638553333978507
0.0350610665043851604805169586143
0.0294353342311860048663429978433
0.023801260138831048518426314331
0.0181588321634424190720302760838
0.0125080382259631882335693120467
0.00684886622191061347764140521122
0.00118130403271912470981874765386
-0.00449466049033711307486571584491
-0.0101790394924721194769290377735
-0.0158718451642672377099874125861
-0.0215730897019961037619495414219
-0.027282785324052753750390110099
-0.0330009442639259895080350304397
-0.0387275787831730874954949683797
-0.0444627011583569875519117431395
-0.0502063236911153773500693375809
-0.0559584586913063758428776850451
-0.0617191185015363366628271535319
-0.067488315476866414521772696844
-0.0732660619879312857705144779175
-0.0790523704378488928368184929241
-0.084847253243194281635553011256
-0.090650722833473973416573699069
-0.0964627916677804064793377847309
-0.102283472222448448829545952776
-0.108112776997525875111172410925
-0.113950718506395418105903161177
-0.119797309281215458298675002879
-0.12565256188542320292533815973
-0.13151648889434577882617816158
-0.137389102905033394508294009029
-0.143270416531639632751193857985
-0.149160442412186150518138560983
-0.155059193213868629079854599695
-0.160966681606609041121913605821
-0.1668829202871078276615435243
-0.172807921982037121511055488554
-0.178741699428466821464311919954
-0.184684265387284524129185570018
-0.190635632637315616255690997605
-0.196595813988589052101474408119
-0.202564822250130643910281946773
5.19979619974781163944286001107e-12
0.306736899011294306127695108444
0.258810074523522504197359239697
0.211978876011373468246645757063
0.1728559783774236968678650328
0.129145030661613147149324731799
0.094877589180467902796323187431
0.0589658278533679233723852064486
0.0304291762210074437366991162435
0.00363621488219844409689462949586
-0.021735678845004088866055269591
-0.0427870162290013220096618340449
-0.0654480077258645237536782701682
-0.0824024288775223601177799537254
-0.0949962717541392304143599290001
-0.108644813817440191727747844652
-0.119595909295004701466957897082
-0.129095557133386551473819281455
-0.136473925608800894515582058375
-0.138940223264269552272409669058
-0.143361364118774370357556335875
-0.144911655171638231731634505195
-0.144288063813541200808288067492
-0.140777401207102276226024173411
-0.13652495547492077276885424908
-0.132363669582607701435961189418
-0.129804950884295500213028162761
-0.119968731553305119064134487417
-0.111571131278940041675618033423
-0.101870384880484873835193582181
-0.0935145954363923032071070906568
-0.0791908363690032174320165836434
-0.0713172607258522467388317522818
-0.0595968598476162153554369638186
-0.0487257776369897158130761738448
-0.0346817625705077223208228076601
-0.0228815559054470658850721775934
-0.00674802847407812798202764170696
0.00410434874237352448345106381566
0.0156128628292138884464668180385
0.0274042323775505435035082513195
0.0410063820381729102204637626983
0.0523951750220078699138426259196
0.0638882105211481809980966772855
0.0728871197185574221100168301746
0.0864774021617553678709100495325
0.0951671948057777605800566789185
0.107498312185598882129156095289
0.114794150551397952653154277414
0.119005420609270717857697263753
0.124158429248415386192405662769
0.130988409448338755103335984131
0.133463317269215425708850375486
0.136271509004293328581880473394
0.133737349284913459301904481435
0.133352039571993624678114542803
0.127227089127786296973710022939
0.123550359736271361810189262087
0.117573392187183684010065576331
0.109583334547893457289191587734
0.0937183935560595704483688450637
0.0819840117609895724370971947792
0.0623427775153378022077177433857
0.0393908241011879795001604520621
0.0194354095839832027858840035606
-0.00460723450084887624356166924144
-0.0294911518989241817900737174796
-0.0603778336476811644528694955625
-0.0933948128804765048682767769606
-0.130801124463499729433380025512
-0.169560630717995791671981464788
-0.21979020886659517142192044048
-0.264162498571872406127880594795
