2
61.6082091884764722067302500363
0
0
0
0
0
0.706392132095335911756706082087
-8.1634715476543190111245869582e-17
0.707820708734779313608953543735
0
0
0
0
0
0
0
0
0
0
0
0
0
0
0
0
0
0
0
0
0
0
0
0
0
0
0
0
0
0
0
0
0
0
0
0
0
0
0
0
0
0
0
0
0
0
0
0
0
0
0
0
0
0
0
0
0
0
0
0
0
0
0
0
4.62810766307796158085946514049e-05
0
0
0
0
0
0.707820708734779424631256006251
1.08450761001662352737204242727e-10
-0.706392132095335800734403619572
0
0
0
0
0
0
0
0
0
0
0
0
0
0
0
0
0
0
0
0
0
0
0
0
0
0
0
0
0
0
0
0
0
0
0
0
0
0
0
0
0
0
0
0
0
0
0
0
0
0
0
0
0
0
0
0
0
0
0
0
0
0
0
0
