3
80.366459389839931759524915833
0.114367067019562729246473509193
0.114462201640033969796128587859
0.114557440353563647073009690303
0.114652783338842323423989455478
0.114748230775012879933960618928
0.114843782841584071685581136535
0.114939439718434219250831063164
0.115035201585817967173674958303
0.115131068624375332287712581092
0.115227041015112052768643025047
0.115323118939432298080127736739
0.115419302579135601982684988798
0.115515592116370177655504392078
0.115611987733697144098421460967
0.115708489614055304306461380293
0.115805097940748252804965545693
0.115901812897499345567098316678
0.115998634668392358593180802018
0.116095563437923335325940854545
0.116192599390961784355802421942
0.116289742712796767554195298544
0.116386993589051399022871180478
0.116484352205785360312439991048
0.11658181874945680589483743006
0.116679393406905251850957938586
0.11677707636534184754140142104
0.116874867812407398637297717414
0.116972767936152327594712119208
0.117070776924967617782513684688
0.117168894967701997522624424164
0.117267122253556635436133603889
0.11736545897220738987609678361
0.117463905313627478554927563437
0.117562461468288845245488971614
0.117661127626996153683336387985
0.11775990398102231804244865998
0.117858790721975803528209780779
0.117957788041951130986184637095
0.118056896133387823066840383035
0.118156115189152144395734467253
0.118255445402572670343666061399
0.11835488696725846025081807511
0.118454440077371547790363592867
0.118554104927409129088822226095
0.118653881712337969100978796178
0.118753770627444507623771130511
0.118853771868529620170384930589
0.118953885631755448826218923841
0.119054112113715943044311984522
0.119154451511428685628324330992
0.119254904022337585023372241722
0.119355469844308240134900245266
0.119456149175568196452168479027
0.119556942214867983897974568208
0.119657849161330681608816917105
0.119758870214475399151865531167
0.119860005574289704699531000642
0.119961255441170644431281289144
0.120062620015974161336025360924
0.120164099499930579484363590836
0.120265694094717046080944555797
0.120367404002508504579083137287
0.120469229425800503086030346367
0.120571170567614668889255824524
0.12067322763136492658198051231
0.120775400820909914467726764542
0.120877690340502011445700247805
0.120980096394912278734423694004
0.121082619189313983598665913632
0.121185258929260311622222445749
0.121288015820856048820886030626
0.121390890070578585935301418886
0.0126061278897735638132582280946
0.199974223933384348539377128873
0.194584537190039347231973465568
0.189187096153578954149665491968
0.183781889769606548989955285833
0.178368906962614870437278113968
0.172948136645333316874229012683
0.167519567699542792915679001453
0.162083189015455736425863619843
0.15663898943786452866433478448
0.151186957808511462930667335058
0.14572708295494365970945693789
0.140259353669110853335411093212
0.134783758750384674574007703995
0.129300286944749709405755311309
0.123808927023568035585832092238
0.118309667704775398067162939242
0.112802497706100068874945918651
0.107287405721271739134081713019
0.101764380420063582644019106738
0.0962334104804091761131701332488
0.0906944845271665384123238595748
0.0851475911891807490938788305357
0.0795927190604016482344817973171
0.0740298567405369700722417292127
0.0684589927941227222030207144599
0.0628801157682812444926767625475
0.057293214191079050445765119548
0.0516982765761230533829717614935
0.0460952914212551106976079040578
0.0404842471986840632403037432141
0.0348651323701174090108345637873
0.0292379353643724450295682260048
0.0236026446167074931137275228821
0.0179592485160067968918973235759
0.0123077354459851118911872802641
0.00664809377981321475425957601146
0.000980311851718924974832813923342
-0.00469562200292928007272497126223
-0.0103797194773462136963004809331
-0.0160719922903023795801580320131
-0.0217724521649888154428698072707
-0.0274811108565816281101845675039
-0.0331979801219002973455829419436
-0.0389230717436587422830562843501
-0.0446563975421446143765358272049
-0.0503979693350130666940067669657
-0.0561477989718267705976373349586
-0.0619058983035737225852912501978
-0.0676722792183455934544866750002
-0.0734469536227443653420010605259
-0.0792299334255895659762103377943
-0.0850212305740997570380201864282
-0.0908208570246350488375242093753
-0.096628824753897848975903173141
-0.102445145761669242912006438928
-0.108269832053837791741024432213
-0.114102895685173372219978205067
-0.119944348687981261480928196761
-0.125794203165016466039460851789
-0.131652471189949521468420812198
-0.137519164881514110998494970772
-0.143394296368831580812397419322
-0.149277877820345294956894122151
-0.155169921389506082487486082755
-0.161070439283532512719787632705
-0.166979443701779473041568735425
-0.172896946880460200546281157585
-0.178822961085944726056240483558
-0.184757498571223366390370301815
-0.190700571632729520832327807511
-0.196652192588903429459890048747
-0.202612373752495023015995911919
1.05790445246247046747249822444e-11
0.311562956750025599195197401059
0.253457220649617842589407246123
0.214719455994756613925744659355
0.174449002833676952706198903797
0.124364740070812052064042063648
0.0897149288390653026903365230282
0.0641040573907140365239598622793
0.0293543577830000894379747222729
0.00398130386321405346089497001572
-0.0214051996129081788244885586892
-0.0514297403522146825971539385591
-0.0637653123919408731934410639042
-0.0789840447252423971669088587078
-0.0987177966362476622119714875225
-0.108599961354159821325104928746
-0.114483449992276789530798453143
-0.127474534305292291902489409949
-0.132059137394689357636323734368
-0.135211268563844161372244911945
-0.140377159228080000685778827574
-0.145716615041864616664213372133
-0.142008748994020911338154178338
-0.143877547611946071670629976325
-0.136956805155459382383753563772
-0.132376219160837055310864229796
-0.13196078235246885834719421382
-0.119261608981488978487028873587
-0.1157250071217789250122010003
-0.102623556519217729032789065968
-0.0928322884814794524466208258673
-0.0829569939804444961284346504726
-0.0725331818271695571986867889791
-0.065945397879950393149606213683
-0.046750461467089617084713637496
-0.0353443193478735970258775012098
-0.0247673773715112802151772086745
-0.0123718571629984272486346696951
0.00501349522604573917539116933995
0.0228811077160166360944248964415
0.0307053600989034350399187189851
0.0472407114957478710404181754257
0.0529546969391825814166274710715
0.0637472226006653985841410303692
0.0727322993574149728734923314732
0.0843489568930091554443961854304
0.101450757281372858087387101023
0.102346800007896657214168101291
0.112075935658501185665514299217
0.120208131808036328136424231161
0.125808935621311707153680004012
0.133311330154598395303366942244
0.132946233943296382440379943546
0.13585539151788753042815471872
0.136788137789854130632605233586
0.13249341361577710030061894031
0.131940184744424704454957009148
0.121386612249455211332005433178
0.115426257778855179125798713358
0.107959883452614396892599302191
0.0964534867954931762756842772433
0.0758673502131184673835662124475
0.0619053951589323345205961857118
0.0400808302445680372794178936147
0.0232546577574029057766669126295
-0.00385677118342544903231705610835
-0.032866771774275500839213037807
-0.0618695028848169070734286378865
-0.0956943588638549252900489250351
-0.132989031666722046232109732955
-0.173717989385799465029691646123
-0.217438616822629965374957805579
-0.257896702350112805302018159637
