3
40.3433075213516474377684062347
0.113926629457723721516870796222
0.114033493815940648041795668632
0.114140484351758525471964844655
0.114247601304496071428218328947
0.114354844914033318414858797496
0.114462215420749829908331207662
0.114569713065605940927049744005
0.114677338090090424893574549969
0.114785090736278100331801965694
0.114892971246751976477362688911
0.115000979864659971796392312626
0.115109116833749303143719089348
0.115217382398251133590605377321
0.115325776803007609694340374062
0.115434300293404012993647711482
0.115542953115380403472656212216
0.115651735515426207223654841982
0.115760647740628663804329789855
0.115869690038600897663556565931
0.115978862657574122163595120583
0.116088165846280469417628466999
0.116197599854081470849287427427
0.116307164930857381834883312877
0.116416861327105242152057940075
0.116526689293860424845306056341
0.116636649082765386786775252403
0.11674674094599785112436052259
0.116856965136358723067466769407
0.116967321907183216533887559763
0.117077811512427826245996698162
0.11718843420658917042764812777
0.117299190244793072324114291405
0.117410079882716275601062250189
0.117521103376637028881113167245
0.117632260983410327770393166702
0.117743552960490424630357608748
0.117854979565929801621493311359
0.117966541058353177606754513818
0.118078237696973786796661443077
0.118190069741623243748662730468
0.11830203745276163251887169281
0.118414141091346250544980023278
0.118526380919039928119040894217
0.118638757198022734562492530586
0.118751270191161717448835588584
0.11886392016185225173341422078
0.118976707374136903005990006932
0.119089632092671232621583499167
0.119202694582678264678676782751
0.119315895110027686554232673188
0.119429233941217419201485938629
0.119542711343299329351808069077
0.11965632758398801749333273392
0.119770082931604501808031670862
0.119883977655074400181511862229
0.119998012023978334328333517078
0.120112186308486648678162111992
0.120226500779379991135087379917
0.120340955708116245648220399289
0.120455551366722674044851260078
0.120570288027889466198061541036
0.120685165964948895589436972386
0.120800185451812022718875994087
0.120915346763060788104482412564
0.12103065017390650381923222767
0.121146095960211364062075745096
0.121261684398442537435869326146
0.121377415765709303907549099222
0.12149329033979429370848635017
0.121609308399098309250163651996
0.121725470222671883213649834943
0.121841776090218276151766474413
0.00969656324620613019327208803588
0.200048418093047658539163080604
0.194673737935030150003612448018
0.189290899013632663017148161089
0.183899889509882230598236674268
0.178500697589629636619079633419
0.173093311400269650457417469624
0.167677719073602987664983743343
0.162253908721338990783777944671
0.156821868435500166860663284751
0.151381586286024272247630051424
0.145933050326881114111543524814
0.140476248597089375946822542573
0.135011169111043299873031742209
0.129537799867034814083055493938
0.124056128841983026589446126309
0.118566143992461126011050964735
0.113067833263920808350988522761
0.107561184568691722840405589068
0.102046185819129997529586262317
0.096522824881849864087079993169
0.0909910896331918017665429943008
0.0854509679092650548115628339474
0.0799024475410005513564826173933
0.0743455163255402617927813935239
0.0687801620512640404792037429615
0.063206372487191617159929535319
0.057624135370366424968580076893
0.0520334384379954328903039595389
0.0464342693929265457053467969217
0.0408266159214253909759406724334
0.0352104656915211977619151184626
0.0295858063520656154599119957993
0.0239526255345289783293960539368
0.0183109108414682593413136402205
0.0126606498650633780833629771223
0.00700183017723896190809274031608
0.00133443932404767799486389190378
-0.00434153516528093790655118411337
-0.0100261057775067278369229839541
-0.0157192850265310199442403416015
-0.0214210854424442508070480783999
-0.027131519576937237342439956933
-0.0328505999982415669569135729944
-0.0385783392951531689529787172432
-0.0443147500819279643868853213462
-0.0500598449868774608706445405915
-0.0558136366636102984606360166708
-0.0615761377830648035103244808397
-0.0673473610351351531511099324234
-0.0731273191329152305595329153221
-0.0789160248076231363167920562773
-0.0847134908186248508643600985124
-0.0905197299247365028129763686593
-0.096334754930560484442736424171
-0.102158578647551734341902829328
-0.107991213912501188287862419202
-0.113832673576931914238841159204
-0.119682970516063441612786277801
-0.125542117632029381901759279572
-0.131410127836200235629249277736
-0.137287014068735196969939238443
-0.143172789283520701664187413371
-0.149067466468755738251417142237
-0.154971058619256391031271391512
-0.160883578757880285614589865872
-0.166805039918535985554726153168
-0.172735455176693142309574113824
-0.178674837610171055590768673937
-0.184623200322588471022910994179
-0.190580556443069870642403884631
-0.196546919112362106218938606617
-0.202522301510899893628447898664
1.33700010124197699010477492743e-11
0.305706668663469405267107958935
0.257301896947279007399345118756
0.211880682240000006721913905494
0.169838087691641492771310595344
0.130495459772352967453556971122
0.095525024514373932382760301607
0.0602988986031959481315389837164
0.0307667608517104528009777908437
0.00428303440381140512055457847396
-0.0208086845908728237941609506834
-0.0434684685853193794602411514916
-0.0650605850807136759650362023422
-0.0791727267199817119625038230879
-0.0975256058894747035470373930366
-0.108556623120522360848028142755
-0.118098733117118895319386240317
-0.126658311682977670065142206113
-0.135422467197615553624601147931
-0.138727700713625140549467573692
-0.141174364211003572355807023087
-0.14248075496049836252687725846
-0.14230454018861551923613717463
-0.140547096815991007234813992
-0.137584466726857757024049533356
-0.134703101513204775985244054937
-0.127725114965439284775428063767
-0.121023604229389222797230729611
-0.114021034928253633955463897109
-0.105155608104917405731804080915
-0.0937274617372086393807251170074
-0.0836532344213038875357923984666
-0.0717375180157746872300350560181
-0.0626027048673255120947445107049
-0.0493043210827345673719079854891
-0.0362396266703334732350860747374
-0.0228389560166301942845112904479
-0.00953635791389194353850911056725
0.00166991976562533912982477790621
0.0173405573947894645070455510449
0.0283510412176194957767361159995
0.0407934083852548728943432365668
0.0531634245717262088337662362392
0.0661548493315444602336228285822
0.0760239413845126138502550361409
0.0873042591883559093712818821587
0.0983813285056123199012745317305
0.105520264868046886874708434334
0.114207958704355155843401803395
0.120273925934712908047963253466
0.125127201526330139591536294574
0.12977583948980156436370236861
0.133407064491403826167470469954
0.134949007258787001539701577713
0.132293339749110283598554360651
0.133136352065054031079682772543
0.132077561233593432366006936718
0.126026795311533990062713428415
0.114816081947670928231630682603
0.106985438417032799329753345319
0.0946685703091876135095716904289
0.0780209018008426180568193331055
0.0647739704672121996420486311763
0.0443729724842128331330215473827
0.0222505684626914911061756896515
-0.00261182013154367563198543500391
-0.0323443894544714338756818960974
-0.0616116066575880041988888535798
-0.0968780718526028317150178281736
-0.131903901871464612760576073924
-0.173881548501494953562485079601
-0.216840107788085156848012502451
-0.261980569810161656452152101338
