3
2727.77924941491664867498911917
0.114396491490886390018921758838
0.114490840664862703057735870971
0.114585292505336777679758597515
0.11467984718724158477165531167
0.114774504885857331348830712159
0.114869265776822965241521501412
0.114964130036161960024543304826
0.115059097840281746027990550374
0.115154169365915007294809413452
0.115249344790194344079203858655
0.115344624290616051820457244048
0.115440008045051861751417732194
0.115535496231742390582653001729
0.115631089029306591275947369013
0.115726786616739366064798844036
0.115822589173391818362368610451
0.115918496879013205314024048675
0.116014509913713731448225985332
0.116110628458023903974982715681
0.116206852692795362114175361512
0.116303182799261620172792675021
0.116399618959107234439365186063
0.116496161354318825131848313958
0.116592810167303342905320562295
0.116689565580844867298537792522
0.116786427778135498689593418931
0.116883396942690911957107857688
0.116980473258490813570631416951
0.117077656909820901343088905833
0.117174948081445559622260077504
0.117272346958441131548056546308
0.117369853726287540207628978806
0.117467468570910130165607654362
0.11756519167856627205992481322
0.117663023235912364561350784697
0.117760963430040901944728659601
0.117859012448401287431742900935
0.11795717047884213268815756237
0.118055437709609814533884275534
0.118153814329370984714806525062
0.118252300527148773712227125543
0.118350896492407986482220394464
0.118449602414996302268690442361
0.118548418485148146506169553049
0.118647344893529335663195922734
0.118746381831175543131173810707
0.118845529489555998270411407702
0.118944788060533213069902558345
0.119044157736368033662088805613
0.119143638709735988356896996265
0.119243231173743802209230580047
0.119342935321863005682097025328
0.119442751347986639287590548975
0.119542679446449640057181795783
0.119642719811972830790125499334
0.119742872639692632397157012747
0.119843138125160147966496992922
0.119943516464325466985840762391
0.120044007853614215219906213861
0.12014461248979597940422792135
0.120245330570094288713534069757
0.120346162292148770034394544837
0.120447107854021906447883338842
0.120548167454183938196443648394
0.120649341291528350295081395416
0.120750629565389705488698268709
0.120852032475508422426635490865
0.120953550222079583842393901705
0.121055183005663050122002744047
0.121156931027308456538804648517
0.121258794488472071426699017138
0.121360773591011023020413972517
0.412991200020227267053485320503
0.199970192004814056874195671298
0.194579424424439761942551285756
0.189180931719615808006551560538
0.183774702893395786018615467583
0.178360726927098228733470364205
0.172938992784820999570882804619
0.167509489413365547649803488639
0.162072205746432801420908731416
0.156627130695258659498492193052
0.151174253155204524334820348486
0.145713562002815461005056363319
0.140245046100998554949867980213
0.134768694287364321215960671907
0.12928449538838449051070256246
0.123792438209005581373212123708
0.118292511539377101503767164559
0.112784704146826078585696961909
0.107269004789249833287101409951
0.101745402191267403368968302857
0.0962138850823827523894848923192
0.090674442149558470704917567673
0.0851270620774378233841517271685
0.0795717335227539152020526103115
0.0740084451392922365586812816218
0.0684371855420066871333872882133
0.0628579433488149069697570325843
0.0572707071310318491241808658287
0.0516754654823261341811679869807
0.0460722069382563381712003547364
0.0404609200345755690153559669398
0.0348415932983244316933912898548
0.0292142152152030445955155357751
0.0235787742674979580725924677154
0.0179352589116367998334222733092
0.0122836575968556030447054183696
0.00662395873800775570466869979214
0.000956150743472549704236873591157
-0.00471977799842528827900522969685
-0.0104038391279207120126981678254
-0.0160960442839774738044145152571
-0.021796405156534144620383841584
-0.0275049334147937259154037548115
-0.0332216407818635151016906092991
-0.0389465389684194793207261398038
-0.0446796397392908717360882064895
-0.0504209548516231856329916638515
-0.0561704960856808238611748151925
-0.0619282752457128507495021096929
-0.0676943041495040587207654425583
-0.0734685946490568897448980578702
-0.0792511585899463716353707809503
-0.0850420078588429856347730151356
-0.0908411543615270516971449410448
-0.0966486100009571053037760179905
-0.102464386717555117067846026657
-0.108288496473872161707241446038
-0.114120951236795040162341763335
-0.119961763006819696619764670231
-0.125810943797229207730126177012
-0.131668505633761367956680032876
-0.137534460582864281885662194327
-0.14340882070049051910665127707
-0.149291598088410998323993794656
-0.155182804859772011107921230177
-0.161082453144388237920026085703
-0.166990555079081198774915151262
-0.172907122854365574715629350067
-0.178832168650141676291553949341
-0.184765704674011599362160040982
-0.190707743153925329826492429675
-0.196658296347596406317137507358
-0.202617376520304925957560726602
3.35591042823582423886139672916e-10
0.311609241720099128247767339417
0.256023183880029481240825361965
0.212196160814697803997930236619
0.170737901036818712219300664401
0.128168316708439811169029098892
0.0909685090893986858517905602639
0.0583141378137155066974095518617
0.0321205313247623427952426311549
0.00615456813844703163468574658168
-0.0242457151261576096812344616183
-0.0397197569208333906010111036267
-0.0659936127319385029688092458855
-0.0813443703299459724975761787391
-0.0982207260826983563628544970925
-0.104142479161905762707895917174
-0.11891748833815916908118737183
-0.130831723905122154771873965728
-0.135136634884952283597314703911
-0.144496676708916110820624112421
-0.145222895204057289575416689331
-0.141773043693168676604443589895
-0.143926025803601947972154562194
-0.137240467112758363077418266585
-0.14080811759288092144259962879
-0.131396910324871885045183717011
-0.128725777985797595892591971278
-0.12020839691542457849937619585
-0.10980701986117991086899792208
-0.105210365680120696008081893069
-0.0896728749161485316765407560524
-0.0828452882906034332455291746555
-0.0695636377717067516668336679686
-0.0609131972065590568399251480969
-0.0437074709580096351646538721525
-0.0346786214045919499726622348135
-0.0194931906540358017287939418338
-0.00917079815436789430593833571947
0.00210018152456567042465906958171
0.0150136157855139101141572766096
0.0229776342472978491182633575818
0.0397343203754817186901249215225
0.0540244382125791497428757281796
0.0636330662233749455580777976138
0.07797974709717626906613219262
0.0899675171346692864604577266618
0.0978097771567884438637108246439
0.103571003066439931705744470491
0.112840337259501613531575969773
0.116949732889950447356497420515
0.127850010430380189863086570767
0.126540825475182305837051899289
0.136526531256765087940507896747
0.130761988243974586199058762759
0.131780361120068301161722956749
0.135316737345035409401106107907
0.129147093255689238144867658775
0.126245741953320250727799134438
0.118091488059988203307426601896
0.111062152042212744507132526905
0.0932989070523907865206680867232
0.0819949807903902483374736220867
0.0595593539671266172796926241517
0.0367991233522419122770052979376
0.0224325019314112958368490069461
-0.00385883533647445259653907534414
-0.0293287015448246701776469080869
-0.0605542735399855619471409795551
-0.089526576758624853979995350528
-0.138699779739987899551678651733
-0.171677961084625047005758347041
-0.215184257632934139436997611483
-0.264012976319795367174947386957
