3
59.5785381517375398630065319594
0.113558746603735577496152586718
0.113675370944127940298074008751
0.113792140902245042521911955191
0.113909056772240377397586996722
0.114026118848951515949430302044
0.114143327427982554933549863563
0.114260682805580285337221368991
0.114378185278767696697599376421
0.114495835145210125838310943891
0.114613632703336645879410582438
0.114731578252261698369629527861
0.11484967209181110026072758501
0.11496791452256993615321789548
0.115086305845818637205724144223
0.115204846363516341667398990012
0.115323536378417884629143941311
0.11544237619398509120394180627
0.115561366114351110612190609572
0.115680506444463510051789967292
0.115799797489936545646926902009
0.115919239557153913589004901041
0.11603883295321198998450995532
0.11615857798596031236204595416
0.116278474963968356248322777446
0.116398524196575287037447310468
0.11651872599384539841427255169
0.116639080666586417156516120031
0.116759588526354832205278455604
0.116880249885449788438407381364
0.117001065056952055498662446098
0.117122034354650281229304198405
0.11724315809311870728581794765
0.117364436587674966783190200204
0.117485870154402274878613354758
0.1176074591101332750264774063
0.117729203772495488733440538454
0.117851104459814559621833041092
0.117973161491275457812832883064
0.118095375186756723628889176325
0.118217745866931511766750872994
0.118340273853248495461443212662
0.118462959467948103498002865308
0.118585803034008341327876223659
0.118708804875203924322768500588
0.118831965316110149677442109351
0.1189552846820624981694081157
0.119078763299202305958601755265
0.119202401494410317739358617928
0.119326199595429227606757649482
0.119450157930718892096422223403
0.119574276829596634619257145005
0.119698556622118618131267453464
0.119822997639199069208615355819
0.119947600212485835924347554737
0.120072364674508519355455860023
0.120197291358487987067427127386
0.120322380598560998987700543239
0.120447632729638570703301070353
0.120573048087397716177093798251
0.12069862700839892322157709259
0.120824369829925629127309605337
0.120950276890185490219487007835
0.121076348528147803573773444441
0.121202585083593675219226781792
0.121328986897123722310531945823
0.121455554310227212266859453393
0.12158228766514456165026558665
0.121709187304972585308426857864
0.121836253573654768045386731501
0.121963486815973853882866251297
0.122090887377513335199097355144
0.122218455604723455487636840644
0.01852957120452184205938728212
0.200125279450957566096391815336
0.194761862922568584899352117645
0.1893899847130046665277802731
0.184009632466265171668595712617
0.178620793802989591414487335896
0.1732234563189471443500622172
0.167817607603104212987688015346
0.162403235214229724192591675092
0.156980326694327682046647964853
0.151548869563751020805852931517
0.146108851329190547740921601871
0.140660259477323995591646621506
0.135203081463370400339130128486
0.129737304732725877709498263357
0.124262916718376970059978248173
0.118779904811772987760498665466
0.113288256413691890145400975598
0.107787958873403824644476856065
0.102278999542533485800355208539
0.0967613657474633709343336818165
0.0912350447928960001098275256481
0.0857000239607181996115414790438
0.0801562905202972408869044329549
0.0746038317156586111567051489146
0.0690426347681846741544120504841
0.0634726868834091101367889109497
0.0578939752496132886694368835379
0.0523064870298268203008262844378
0.0467102093675347482260029607914
0.0411051293856881314048301589992
0.0354912341907451106548521124751
0.0298685108632656369509472682466
0.0242369464664815535692721226724
0.0185965280461546367263281354099
0.0129472426189555390313445926154
0.00728907718684870722242186147355
0.00162201873533104044301789148363
-0.00405394577861996948525691308873
-0.00973882941201288307442318625817
-0.0154326452464117556268030639899
-0.0211354063868061554931632173293
-0.0268471259501715832362922498078
-0.0325678170798297181298686098216
-0.0382974929421340190560663074848
-0.0440361667216085383991241997137
-0.0497838516187745216967641681549
-0.0555405608713934809128609515483
-0.0613063077140865025915772434928
-0.0670811054169342946273957295489
-0.0728649672717991137016468883303
-0.0786579065857960224583678154886
-0.0844599366936941570171981652493
-0.0902710709419350665339010220123
-0.0960913227088628779659629230991
-0.101920705390085478136974472818
-0.107759232392242179643382371523
-0.113606917161215542622088037206
-0.119463773151817775897143292241
-0.125329813839055614899109514226
-0.131205052728310817000689780798
-0.137089503345568297643097821492
-0.142983179225713463722513552057
-0.148886093940131081225786147115
-0.154798261070266451877586177943
-0.160719694226995279962011409225
-0.166650407036345621358819357738
-0.172590413155088912011692059423
-0.178539726255651842734550882597
-0.184498360025365848446909922131
-0.19046632819293224381240747789
-0.196443644480284146380810739174
-0.202430322656294986449765360703
3.47750242619105770893579160199e-11
0.308498620868991491050792319584
0.257678089857396652728738217775
0.212084451219838432400877081818
0.168537184007343826541713838196
0.13051383866979696102283980963
0.0935296974181235724055127889187
0.0611406893448281710257141696729
0.0313537590784310274405477514392
0.00383606224407221155225933273414
-0.0210882406039519937346327083105
-0.0433789900444554316072398592041
-0.0643995174159424504933824096042
-0.0814249223296300422836324628406
-0.0953344273112693846305987221967
-0.109032115628712039656633692175
-0.117992240198157155584013366934
-0.128241366749829222015932828072
-0.133933158690822340375348176167
-0.137918100431713042119952206122
-0.143469603775768089759523604698
-0.143881970613904425215778815073
-0.143828643448712295560554252916
-0.1395017101727488995077663958
-0.138613576780070052452131790233
-0.134086721461350644180043900633
-0.129038164115913650542566415425
-0.11972703572392753845754498343
-0.113505623265228061669063208683
-0.102434937817573235019352750896
-0.0942914363030833979628653196414
-0.0830676825508353672278261115025
-0.072144303337688911459402163473
-0.0604935699333941159783201158007
-0.0475468378655975951185830297163
-0.0360367768740489299861273764236
-0.0230432872481000014519558760639
-0.0107158909599602159695708181175
0.0017654739675629644701099207893
0.0151446048555833965437722454794
0.0293205966975627133064286056197
0.0408965535320732348489869423247
0.0546292441421672089751915279976
0.0668547228709681640168582816841
0.0746987305731006689946127607982
0.087381425144042138009048414915
0.0966203897578736675688659829575
0.104455298349639971733360255257
0.113527416536223085818946287873
0.120423590564927740498291086624
0.125261942301314571635018069173
0.129231509030678731742014520023
0.133665222994789750776689629674
0.135209228333062869698011354558
0.134565807496242834107036401292
0.133179534897917423164059869123
0.129344894050400893714680705671
0.123795191604515131267305605434
0.116581710769996821364102856933
0.10551542413327594238658946324
0.0939804741686922490151445686024
0.0802398119303017742787176302954
0.0628795063950514376838185626184
0.0428972315289802633153648514508
0.0224261111379894413631053140534
-0.00149383095968792030568128570422
-0.0298703167817325025701347129825
-0.0611909902006888203884749088957
-0.0950960443853163944760709114234
-0.132918469564692443007913880137
-0.172406156388904802101436075645
-0.218156681478454878009287654095
-0.262304983387278034534517701104
