3
2622.44368979120054063969291747
0.114211155443739165171734839532
0.114310448062366495913799724349
0.114409852437165990290957040543
0.114509368767641131481305194484
0.114608997253749636535680167526
0.114708738095841172865974044726
0.114808591494746203842680642992
0.114908557651731843551878853305
0.115008636768435743014116212635
0.115108829047012542479144769914
0.115209134690002740208925047227
0.115309553900436664863882185728
0.115410086881716139606268711759
0.115510733837776768950789119117
0.115611494972914077838943569532
0.115712370491942329042700521313
0.115813360600053816273913298573
0.115914465502923974549176477922
0.116015685406662780176922922237
0.116117020517836247450738085263
0.116218471043481777482675454394
0.116320037191062666814822534889
0.11642171916848062518390349851
0.116523517184128122536890259653
0.116625431446840024940492241967
0.116727462165879411482016791979
0.116829609551007213008588792036
0.116931873812433320680703729977
0.11703425516079360435561795839
0.117136753807220495016139238942
0.117239369963295272936143476272
0.117342103841067885161564277041
0.1174449556530373361962205081
0.117547925612183079557837572793
0.117651013931957870717326386512
0.117754220826238473196490019745
0.117857546509418195657126204878
0.117960991196354184062933256882
0.118064555102334642344708015571
0.118168238443158116202091889591
0.118272041435106486928496849487
0.118375964294867255799381666748
0.118480007239702353483146168855
0.118584170487261927884325984905
0.118688454255737291243022468734
0.118792858763727651738584256691
0.118897384230397404336621036691
0.119002030875336714532686244183
0.119106798918634251838177817717
0.119211688580848310103910137059
0.119316700083045235114553861422
0.119421833646771877179837417771
0.119527089494023006088774252476
0.119632467847356621648557961635
0.119737968929755370095513455908
0.1198435929647166664491209076
0.119949340176227964294142225299
0.120055210788772556695924720316
0.120161205027326023486722306188
0.12026732311736013092406949454
0.120373565284839376121617249282
0.120479931756251185115402790871
0.120586422758520453446529074881
0.120693038519134029917800887688
0.120799779266067497385250817388
0.120906645227776984863332643272
0.121013636633260202035700103806
0.121120753711962625409626070905
0.121227996693895237467764047778
0.121335365809544654114304762516
0.121442861289908055066888437068
0.121550483366512793170777229079
0.488019775754142570711735515943
0.199997730460021005960413731373
0.194613589808286552296223703706
0.189221545268264568218086196794
0.183821585495651390607108055519
0.178413699127139030453648160801
0.172997874797001349733704955725
0.167574101111477857806164593057
0.162142366652867631060530584364
0.156702659995775595014322334464
0.15125496968847906842370321101
0.145799284264980649750143015808
0.14033559224385236396948073434
0.134863882120894035265834531856
0.12938414236745207630541187882
0.123896361450293340800143937486
0.118400527812325392917891520028
0.112896629872944326278272342279
0.107384656037783243753835904499
0.101864594691940535398089195951
0.0963364342044993188229895508812
0.0908001629223651879341261405898
0.0852557691730927158513253516503
0.0797032412785493998841346297013
0.0741425675221299151917975223114
0.0685737361753140234332803970574
0.062996735502194270428510947113
0.057411553733673334476428351536
0.0518181790889176846492958361523
0.0462165997699006542154265275713
0.0406068039524607252155341541311
0.0349887797939127040414142300051
0.029362515446583897088528303243
0.0237279990193891322791674980408
0.0180852186263596934057140686036
0.0124341623461037848602517286167
0.00677481825108910279409357713121
0.00110717438240924147437038715935
-0.00456878122625224876440785948262
-0.0102530605785724360928812259885
-0.0159456756787305191369608081686
-0.0216466385549204595739603007587
-0.0273559612611340499666034986603
-0.0330736558672986707962948571549
-0.038799734461202987911843109714
-0.0445342091478262772086260667947
-0.0502770920577601670986567228283
-0.0560283953413597546333591026269
-0.0617881311570162086721502703313
-0.0675563116986725442636441130162
-0.0733329491685689727198393939034
-0.0791180557944515389090511803261
-0.084911643820869367460524301805
-0.0907137255090764427212235432307
-0.0965243131450536639981407915911
-0.102343419038440255897093322801
-0.108171055507759100722253720051
-0.114007234897287160202417055643
-0.119851969578102332536495566728
-0.125705271924109518444367949996
-0.131567154348989412415704691739
-0.137437629269354294470062427536
-0.143316709134461484076439319324
-0.149204406407892703478879070644
-0.155100733566332804613807638816
-0.161005703121298249236303945509
-0.166919327607233353161220179572
-0.172841619544685742848599829813
-0.178772591516420331636538776365
-0.184712256102980559857584808015
-0.190660625908891295798852638654
-0.19661771356747193006953011718
-0.202583531715404774331545922905
4.95517571589440256566787619704e-10
0.306599026785387418492234701262
0.258954575557777122440938910586
0.215852525627155705789661510607
0.166788516323235075367037438809
0.132970623302049756331300045531
0.0931730725429862072228814895425
0.0629880020727276723757626086808
0.032115695241980893315236755825
0.00252159834301317808610831683325
-0.0251092302583423333806056376716
-0.0472415709188352891945150702213
-0.0662028786929110824033273274836
-0.0791146183621487669723748581418
-0.0967354084482828641133878022629
-0.109482105106251378923154504719
-0.120033597859702870214171355201
-0.126120952833827570938041162663
-0.136320407482381056318843093322
-0.141579966976704885173177217439
-0.143371759881734950337062173276
-0.142914903090375910998943709274
-0.143243214150314546184716846255
-0.138497257199281714745708882219
-0.138556708529299466015061170765
-0.132802954358871710960343648367
-0.127279917331540343150564353891
-0.120836552264222921171388236417
-0.11287152110164677676351629998
-0.102370038273530125638721699488
-0.0912383782134873339009217829698
-0.0821904233167791015146619315601
-0.0719099108139119175264752925614
-0.0618282472162791085779076638573
-0.0472928069003738932307712161673
-0.0376956068031132351947576353268
-0.021686529454253318516254722681
-0.00949016420081078351800307757458
0.00438408384675697745946898464808
0.0184489300711197061477530922957
0.0294717762643141589773421173959
0.0422374093683030860102434189685
0.0538345892007908999321585952202
0.0645836670464148693282524504866
0.0751036642878326332617433536143
0.0839351743205558747940031594226
0.0999173559241990499879548792705
0.105757410894406683743440567014
0.112807342408862767979549346364
0.122592491129017572282222658941
0.124575510531539743186435487132
0.131368155052718621478291538551
0.133869495756235662442534817274
0.136802895023856341261137004039
0.132092875847412666301394779111
0.129974281818214271178035801313
0.129941225380665020816550736527
0.121621291420760432866465805546
0.115619367384892687833364277594
0.105945045128840953374549371802
0.0908191736726657872225132450694
0.0814720729348431121907836427454
0.0622197203106465146493775364434
0.0432552823227587424081974631918
0.0225431306859043036061596154696
-0.00342647731218831018071280247739
-0.029738834326608801217339816958
-0.0604274092376853658170610117395
-0.0938216210059782534935735043291
-0.134263361426819438637636494605
-0.174042522907827568179328636688
-0.215402485518546848997090137345
-0.261969107916157017967861975194
