3
537.406188858947871267446316779
0.114168273665148797824109294652
0.114268708774987626242136684596
0.114369257778912380985048002913
0.114469920882273479278978811635
0.114570698290866537782939360568
0.114671590210977461521402176459
0.114772596849268257446219365647
0.114873718412906028474296249442
0.114974955109497345429048209553
0.115076307147133766184410319511
0.115177774734293233982462822951
0.115279358079984878271417869655
0.115381057393649164022342290536
0.115482872885162138332226788862
0.115584804764891982409302784163
0.115686853243660667245329420894
0.115789018532722526311218302908
0.115891300843849603952051552369
0.115993700389255993687953605331
0.116096217381597074935761781944
0.11619885203402159634666901411
0.116301604560135052324199023133
0.116404475174044161334130365049
0.116507464090279302948438555632
0.116610571523888068012908547644
0.116713797690351436808775531517
0.116817142805612575462426150352
0.116920607086172301247728455564
0.117024190748935483230575016478
0.117127894011289077069726261016
0.117231717091120429818928982968
0.117335660206798031435226903341
0.117439723577166810208893821255
0.117543907421521792722174382106
0.117648211959729367959148760292
0.117752637412028543506536948371
0.117857183999237793980974231545
0.117961851942591885999966905274
0.118066641463856702998214132094
0.118171552785279229680348578313
0.118276586129622746090817031472
0.118381741720073221935116691839
0.118487019780362204390833369416
0.118592420534724088398981223236
0.118697944207858147036560581
0.118803591024984750434967395449
0.11890936121180077644776673651
0.119015254994498761997867575246
0.119121272599815752890606290748
0.119227414254948205218909151881
0.119333680187596491428791978251
0.119440070625999150699669826281
0.119546585798868662542382423908
0.119653225935444834648890832796
0.119759991265441789742851597111
0.11986688201912526485770627005
0.119973898427264885624410339915
0.1200810407210952668322079262
0.120188309132433057691002886713
0.120295703893559716157746208864
0.120403225237304664640980433887
0.120510873396974499405231995297
0.120618648606434453185443089751
0.12072655110005368894743327246
0.120834581112716193951328591538
0.120942738879835906540272105758
0.121051024637359894153831874064
0.121159438621726456286609163726
0.121267981069933111770708933363
0.121376652219495104190194467719
0.121485452308451064018512965959
0.121594381575399021477856820184
0.104370770652411154477690047315
0.200004773135410596207606204189
0.194622109009007837610027991104
0.189231501186815809223418227702
0.183832938253496974700951227533
0.178426408774771366738676192654
0.173011901292379088879158643977
0.167589404353110565937257092628
0.162158906465008190167509383173
0.156720396116279303555529622827
0.151273861788574187636768897391
0.145819291935270767268661984417
0.140356674994042557313989050272
0.134885999392505617766602199481
0.129407253532626526082438545018
0.123920425793656460711211764192
0.118425504541358653232130393462
0.11292247812475657287034636056
0.107411334866964219836305005629
0.101892063086364947910311684609
0.0963646510689336460719900401273
0.0908290870793738713828702202591
0.0852853593811624122178471907318
0.0797334562045423217435669016595
0.0741733657639045695919577383393
0.068605076262182498880726200241
0.0630285758700106363283666155439
0.057443852744736900728383943715
0.0518508950384117192622390746237
0.0462496908572317538821394578008
0.0406402283079373080609819623987
0.0350224954809389144028131113373
0.0293964804300211046683699578352
0.0237621712015620226154943850361
0.0181195558269949229257544942584
0.0124686223074222130718924361759
0.00680935862871506671772925400887
0.00114175276178896632772730157512
-0.00453420734642027718069856589977
-0.0102185337637350510259226510357
-0.0159112385876674540530206769517
-0.0216123339195888920782895326056
-0.0273218318971566072328460705876
-0.0330397446623613838534438968964
-0.0387660843879227834385403639317
-0.0445008632510191654008124828579
-0.0502440934781025888566929893386
-0.0559957872816707613594644499244
-0.0617559569117561504847380149386
-0.0675246146364050919830290808932
-0.0733017727452365680518298063362
-0.0790874435286103572018134855171
-0.0848816393309640149222872196333
-0.0906843724833712172550548302752
-0.0964956553606345357465556844545
-0.102315500342514242859692785714
-0.1081439198428774117743955685
-0.113980926276868427260424709857
-0.119826532097741536575519205599
-0.125680749760916504742525034999
-0.13154359175648075441777962169
-0.137415070596992983098516560858
-0.143295198794997163949105356551
-0.14918398890963147085386708568
-0.155081453496371063360825814925
-0.160987605145768819525642356894
-0.166902456468386028998196479733
-0.172826020084832943091157630988
-0.178758308642977092883796785827
-0.184699334820007332602642691199
-0.190649111297318096802655418287
-0.196607650773384018405565143439
-0.202574965996410921720283226932
1.12179513124312480296579041842e-10
0.307656245760144053669193908718
0.255669526641621458473707662051
0.214531884664954347607945805976
0.168826444535237402133631690049
0.130139957442177600643873347508
0.0930587220741622145325777637481
0.0596468461110777267708549231884
0.03356707306380781602461738089
0.00328527158794829441529339320027
-0.0218940651611637462914394802738
-0.0411485631798490444910321173211
-0.0639209901458552137709645535324
-0.0843276685660676039724137353915
-0.0982778066274886674680288933814
-0.111153855449195662630224035183
-0.117277067408660048974944345446
-0.129379662349399821019702017111
-0.134684099429310366602408066683
-0.138198725217470341775083397806
-0.142705221654823410926127280618
-0.140763555245387472769635905934
-0.140980211654276821331421842842
-0.141190994297755972874952590246
-0.137715644417745336491876173568
-0.131770642786438879623389652807
-0.124665014084125738702546470904
-0.122451164879189625112054784495
-0.11247560816912315073690109557
-0.10133095482095733075311727589
-0.0939916376298847860981666713087
-0.0807354126816141465239340391236
-0.0750197545233166340761243873203
-0.0597523974219542411412398053017
-0.0495903031159969642782670007364
-0.0353897509505338020430187384591
-0.0226153184086474792757748275562
-0.0112355113024547592637247817038
-0.000924505794681527016780353545045
0.016666488928517863427058998127
0.0289932222653061719142009167172
0.0410475746909070779433470477215
0.0511129208287965583479284248369
0.0668682904965464813829001400336
0.0755669411687157205337328491623
0.088102562578322191066959589989
0.0960940936009920393390260073829
0.106334533930395089273979181144
0.114761825293681257731392975074
0.119715507358202410959080452812
0.126941123285709805967869101551
0.12779887050889973676426336624
0.12994211153635315536547523152
0.133505774998997933655786596319
0.131387785757228509053717857569
0.134577042325747547879544185889
0.130999142960031761395711669138
0.123822135579057884813281020797
0.117239689987706591223215468744
0.104944742685692579686751457757
0.0976649896911427617407497336899
0.0800987051025575658158572878165
0.0648923702304320670908310830782
0.0456923317142399615375936150485
0.0244685412184503341126440290054
-0.00250054937437919596113222731049
-0.0299097803727798351725031267279
-0.0591359939320165589604627598419
-0.0988508812123407298866339942833
-0.134135704503374614260380326414
-0.175113705190514418186253919885
-0.216314180229578489900177373784
-0.26404621928551819109998177737
