3
62.2602880388444077652820851654
0.114145805674670169915785322701
0.1142468392042949032472165527
0.114347987753291413515199792528
0.114449251530072709792662521977
0.114550630743551179469008616252
0.114652125603107807316760613503
0.114753736318526269877260403973
0.114855463100078464266928790494
0.11495730615850827116553034557
0.1150592657050364675530573777
0.115161341951292114926808096698
0.115263535109454431926145900889
0.115365845392099652944040144575
0.115468273012257996446017216385
0.115570818183503273846035597217
0.115673481119862947563703414744
0.115776262035785643123020349776
0.115879161146225734269066265369
0.115982178666634572206106668091
0.116085314812857123834000105944
0.116188569801329896757913218153
0.11629194384889121605120010372
0.116395437172856650032137793005
0.11649904999103552483141754692
0.116602782521766035195298627514
0.116706634983783211212404751222
0.116810607596361845650356769966
0.116914700579253807988244773242
0.11701891415267957896606532131
0.117123248537339269548240849872
0.117227703954500675487260252794
0.117332280625795939976718784692
0.117436978773433509104506811127
0.117541798620105455985829223664
0.117646740388960183154587468835
0.11775180430365866923736462013
0.117856990588390012075770130195
0.117962299467793865770381955826
0.118067731167039197126555905015
0.118173285911763098487980983009
0.118278963928130101401769991298
0.118384765442802242230158071834
0.118490690682925392529512009787
0.11859673987616756174467980145
0.118702913250723518512330656449
0.118809211035239198350765832402
0.118915633458894581808706902848
0.119022180751404998977349691813
0.119128853142968310629967731984
0.119235650864298020623621710001
0.119342574146622665276495922626
0.119449623221686410112774012759
0.119556798321733409595779562551
0.119664099679547580867833289631
0.119771527528451771082984578243
0.119879082102205894444502121132
0.119986763635190646359873767324
0.120094572362231241657859470706
0.120202508518717388064089846011
0.120310572340547705660895871915
0.120418764064151487258591544105
0.120527083926492056820123366379
0.120635532165040193497418385959
0.12074410901783741434378782742
0.12085281472338985087056073553
0.120961649520810121671843262448
0.121070613649696429137136988174
0.121179707350169835189390710184
0.121288930862959831724623427363
0.121398284429277025786575450184
0.121507768290865986182680558159
0.121617382690038272619048598244
0.012357199864576354220169207565
0.200008554455101045244092006214
0.194626656213945148365951354208
0.18923679363880843706802181714
0.183838955263749243007609379674
0.178433129619227887063814819157
0.173019305219125452133255294029
0.167597470562596800869314961346
0.162167614104253926532450691411
0.156729724322345664866418246675
0.151283789639100080259837000085
0.145829798482145167604073776602
0.140367739241842037767327155962
0.134897600307377241168893533541
0.129419370030297881113412472587
0.12393303677160896758557839803
0.118438588846193418313568201938
0.112936014567276810094398342699
0.107425302218914206497935026619
0.101906440066139053479687959225
0.0963794163716104601569156784535
0.0908442193564162059349342825953
0.0853008372420313853989881636153
0.0797492582177610070948148290881
0.0741894704677925759250811665879
0.0686214621393967244555867068811
0.0630452213660773058689912318187
0.0574607362834288967756712906976
0.0518679949724938291200082574051
0.0462669855337577359821743527846
0.0406576960156806860302580730604
0.0350401144604970335438842710118
0.0294142288901180874727270264657
0.023780027321075598856214838861
0.0181374977302641259002680129697
0.012486628076748060647838123316
0.00682740631641610713070678073677
0.00115982037519473291271865367236
-0.00451614183774685234995516225354
-0.0102004924448420471183585078734
-0.0158932435703063069942775342724
-0.0215944073632783409277813291283
-0.0273039959933446575723881011299
-0.0330220216572063018922733590443
-0.0387484965506889322828243393815
-0.0444834329174242232296521137869
-0.0502268429968906679472517851082
-0.0559787390598740219882500923632
-0.0617391333957674828813999567956
-0.0675080383111271581375589789786
-0.0732854661300021831271678252051
-0.0790714292112471850426658193101
-0.0848659399094188610090938595931
-0.090669010611553663148143300532
-0.0964806537365402866468500064911
-0.102300881696916326490942594774
-0.108129706946679546297751528527
-0.113967141965422888438830284485
-0.119813199214303944817316960325
-0.125667891223492672603256892216
-0.131531230503540097487302773516
-0.137403229613192956470868466567
-0.143283901112283396095392618008
-0.14917325760151156632815627745
-0.155071311671107353591381183833
-0.16097807596135738084086597155
-0.166893563124146909748546363517
-0.1728177858199901606450765712
-0.178750756746881234171553387569
-0.18469248861228959590619069786
-0.190642994138864679820599690174
-0.196602286093014305690118703751
-0.202570377238320609158961360663
1.36526063661871263234325232532e-11
0.305706097145674038362272995073
0.257255883967921650246069020795
0.210399951760926851029864792508
0.170170920535885145108423444071
0.130149169799341490882937932838
0.0947931401983629906560224753775
0.0642149133077069833586136837766
0.0271295812572644248761299934358
0.00370545381997215055383532167355
-0.0184290254529153735285618154194
-0.041632701938583649425851263004
-0.0650659615415528358450814039315
-0.0800454139245950768710713418841
-0.0962434145832142956544785761253
-0.108729641495285050956098871211
-0.119278070537095326475451884107
-0.126472043144814694226596429871
-0.131842770895298277977758516499
-0.139712903210454458813316591659
-0.142195218819290314371528438642
-0.14461268999404833235367107136
-0.142553100398016524552602390941
-0.144273362286764711415187889543
-0.13548334403811845838561112032
-0.135721435060535938754711082765
-0.129186621005176222043431266684
-0.119729219401575659453840216884
-0.112545336888353289528375000828
-0.10074179708100208796572871961
-0.0972475812046759285900421332371
-0.0880958431300984251555163950798
-0.0742450239953654084201772889173
-0.0640206498756417524687023501428
-0.0475834250624198734636038921053
-0.0372760945920122752084147066398
-0.0234997333631581338531102431944
-0.00839992798291651007747127266612
9.23996716774667595098793904107e-05
0.0169133215755886516518113893426
0.0319092088441308985302669043449
0.0447509529376749204399033033042
0.0572506986692050898191119756575
0.0687655909048194291521838295012
0.0782023653872580132295766475181
0.0880794602184042790815610146637
0.0978952763689721061624027242942
0.106137484361173040081638418997
0.112421420648713785150896171672
0.122933252540869342173124323381
0.125392681312303994056733813522
0.129032025180377124540243016781
0.13491915852092728478339722642
0.131892868692160658561363106855
0.132710269799360541798094459409
0.13078291153851842598676569196
0.128214692280345127217699996436
0.124577784866241506045447806628
0.114808558730942131265173600241
0.107866779402607582127870955446
0.0942696979391557943195323332475
0.0780859766381617470543119452486
0.0635064582847594816250591520657
0.0403181900570769788383351794891
0.0240488385616316087400878842573
-0.00135449968855385423534276601032
-0.0327317010842722785901592885693
-0.0614830887294028072265206219527
-0.0975753740076763520505664928351
-0.129567593537728092956129444246
-0.171903795938589398772933236614
-0.2159097042306629965491282519
-0.263866870990069168900760132601
