3
189.165448157412868113169679418
0.114631618230185042262014860626
0.1147196824884583882253608067
0.114807838247685853327872962382
0.114896085653285559557978956491
0.114984424850962857478364753661
0.115072855986695241070627560021
0.115161379206749112102947663061
0.115249994657702206635185859795
0.11533870248638418420927820307
0.115427502839960380298656161813
0.115516395865847262824921415358
0.115605381711763710583795727871
0.11569446052572873728792046677
0.115783632456068819038819128764
0.115872897651357151249662535974
0.11596225626050524204480041135
0.116051708432718586605503219289
0.116141254317448774924237397954
0.116230894064499643003607332048
0.116320627823942035483639756421
0.116410455746160088064122817286
0.116500377981818434292016206655
0.116590394681905726304016468475
0.116680505997680053487108864374
0.116770712080706620672465589905
0.116861013082896134096522189338
0.116951409156387464705062484427
0.117041900453658920255861630721
0.11713248712751715696622767382
0.117223169331021934147507579382
0.117313947217595707095405543896
0.117404820940880866286804007359
0.117495790654916457129708362572
0.117586856513994308937043342667
0.117678018672707357383799831041
0.117769277286021364914425646475
0.117860632509136017964657128232
0.117952084497593701062356785769
0.118043633407225442844001861431
0.118135279394235848116068154923
0.118227022615047458464765384178
0.118318863226446219227838696497
0.118410801385572000965495931268
0.118502837249789105822372903276
0.118594970976830596520734673049
0.118687202724743715021027412604
0.118779532651871813642152631019
0.118871960916910698879966901131
0.118964487678786437485634053246
0.119057113096858221967799806862
0.119149837330726801609692699913
0.119242660540326492202289898614
0.119335582885946700493207117688
0.119428604528158538444770897513
0.119521725627856789664349435043
0.1196149463462907180932859319
0.119708266844968602704568638728
0.119801687285791574888449417813
0.119895207830951269767361111462
0.119988828642971251392523868162
0.12008254988472615021333211871
0.120176371719351388067664743176
0.120270294310361333667280803184
0.12036431782159438819146402011
0.120458442417199246277093038771
0.120552668261672865646083607771
0.120646995519843786004443586535
0.120741424356850576837807409447
0.120835954938184900187003734118
0.120930587429654928799394042471
0.121025321997397891649050905016
0.121120158807950129009611828224
0.0205825759363026661308282427854
0.199943502611588719286572768397
0.194543633031199258986987388198
0.189136284139989674368820260497
0.183721445409210787369502781985
0.178299106314627281433260463928
0.172869256293496781351493041257
0.167431884778927758672395498252
0.161986981157720089097296067848
0.156534534858091628484189072879
0.151074535252533087570370184949
0.145606971681672969776144554999
0.140131833495108215625890579759
0.134649110024757295844821669561
0.129158790579139703957878282381
0.123660864452874455499120642799
0.118155320915169836926139623756
0.112642149214409001412029454059
0.107121338619341338604940006007
0.10159287833041723281279899993
0.0960567575555156816236035410839
0.0905129655010509237555993422575
0.0849614913170902985584120870044
0.0794023241741910745794541526266
0.0738354531863824464776868694571
0.0682608675054424546280174013191
0.0626785562131018658682535260596
0.057088508411177421586479852067
0.0514907131332496478814952922676
0.0458851594603177301290308776061
0.0402718364006295279078351256885
0.0346507329943333622357393153379
0.0290218382221590666392163626597
0.0233851410673314059895933070266
0.0177406304926107996622342000137
0.0120882954358373581604801927369
0.00642812483261048610294619010119
0.00076010758213512633670733142921
-0.00491576740967445552366044125847
-0.0105995113090834557068031784866
-0.0162911352289218068489784485564
-0.0219906503217546546447014321757
-0.0276980677880760209341737265731
-0.0334133988295313294480948229648
-0.0391366546556590824690324836865
-0.0448678465056755321205272935003
-0.0506069856230054945789298415093
-0.0563540832886965936676659794102
-0.0621091508003361394973929066055
-0.0678721994545358059403028505585
-0.0736432405877023160689631708919
-0.0794222855231046104274028607506
-0.0852093456317439268410396380204
-0.0910044323128263721311981271356
-0.0968075569269572638875231973543
-0.102618730944902813995156520832
-0.108437965761638416273271445789
-0.114265272836891501606615406672
-0.120100663662198250958290657309
-0.125944149715647546461383399219
-0.131795742500680629349929517957
-0.13765545356295261214540914807
-0.143523294436581461130941761439
-0.149399276699847927130093694359
-0.155283411921607272798695476013
-0.16117571171879774283297592774
-0.167076187709128548553039195212
-0.172984851522339000418071464082
-0.178901714837960607029643256283
-0.184826789316192924284010246083
-0.190760086679755747063325088675
-0.19670161862041207756490734937
-0.202651396873316930191677442963
1.17166576507305625799664316639e-11
0.303856417148162527563926005314
0.264150372837547886550879638889
0.206738207359959735853749407397
0.16688930468445484223138919333
0.132985623924343321355934222083
0.101542705568292770945681979811
0.0588401720711474451874778424099
0.0165961129458804430847340682931
0.00250301936686496851597327761851
-0.0189317982694629481643655566359
-0.0388234760904334758047085074395
-0.0578430937272645870339538021199
-0.0794824214602318918077017428914
-0.0980957451186572904067162426145
-0.113206280144102722218235612672
-0.110599224127029244213460401625
-0.142150925721633153431255891519
-0.13524214288284872043099937855
-0.14915365292771440297592278057
-0.138983268845571800165217268841
-0.138746678914985543951132740403
-0.138772571546028622435642319033
-0.148232404413454782465819903337
-0.118534294349817562186366615151
-0.128237087760471629716008123978
-0.133972029736767750396353449105
-0.128860421700017907520319226933
-0.10733046979716492907996894246
-0.0973664340875938505437403591714
-0.0943181249218603967587881697909
-0.0917692751173034282352602986066
-0.0711134224326629565959834167188
-0.0638836472718435077755572137903
-0.0518385933728616465909766475306
-0.0305663290365030849982108662743
-0.0116056510550193257153006598514
-0.00362809036706078112330398077745
-0.00574357783309837905544315006523
0.0190119862755332678927455702933
0.0246583479112983741665665604614
0.0381221579956912207109986923115
0.0560780291478511355718339359555
0.0684861399414398164253725553863
0.080622366940580059146981284357
0.104376277417324289653599578287
0.0984354231040751592729520780267
0.109570421696407280243157345012
0.109058548723969278571033214575
0.101259045749696463545319602417
0.127491757672770850140508969162
0.131307642977001870487896439954
0.12417271094800606812125209899
0.125077276388975894283461798295
0.112457165291858729450069631639
0.141497921031195128538371363902
0.117687015962569169191809237418
0.124411169481333044872783943902
0.128135431733211097027336222709
0.10584400314146850952123912748
0.100100841282395172648911341184
0.0811201211265115545989701217877
0.0620234429465019859728514006747
0.050758962859021948543780666796
0.0144750343507822291228004374375
0.000746857683242088525067681192837
-0.0150630363736986329359357483781
-0.0584641030098402084136388623392
-0.0925798048786927313402728145775
-0.120864753774404171116074735437
-0.176372398911782329866682061947
-0.237266824163059608654435805875
-0.263404396652874739359617706214
