3
184.098024720695491396327270195
0.114966852675342887102338806926
0.115045928602474215041162608486
0.115125080877717986260755367312
0.115204309608256047492425011569
0.115283614901421596621311493891
0.115362996864795633311651101849
0.115442455606093827280567154503
0.115521991233254156528076350696
0.115601603854385573399987663379
0.115681293577824015339494678756
0.115761060512041213943490447491
0.115840904765740340676138941944
0.115920826447807906456333171263
0.116000825667328597012861735038
0.116080902533560390010869411981
0.116161057155985972255685112486
0.116241289644232081990082861012
0.116321600108201500534121919372
0.116401988657883509459267656894
0.116482455403568663232505286942
0.116563000455661577858812449904
0.116643623924814213155265463229
0.116724325921841620701258079862
0.116805106557781424037045781006
0.116885965943845315795357464594
0.116966904191462564566172943614
0.11704792141225421608918821903
0.11712901771801748074253168852
0.117210193220804670399814995108
0.117291448032795023181940052837
0.117372782266423336672289678972
0.117454196034290317407489112611
0.117535689449207322865298408487
0.117617262624197013720639404255
0.117698915672492507300539443804
0.117780648707475177339176752866
0.117862461842790991473073347606
0.117944355192255670439216430623
0.118026328869890950734600210126
0.118108382989926305461914068928
0.118190517666793809548053673097
0.118272733015142642032380138062
0.11835502914979249833304919548
0.118437406185798774216344497745
0.118519864238409447509958738465
0.118602403423091723455584656222
0.118685023855500143552532676949
0.118767725651509920004045284259
0.118850508927183087792833759977
0.11893337379882518156648529839
0.119016320382921994558422795762
0.119099348796163753694266063121
0.119182459155500741765365546598
0.119265651577978443187433299499
0.119348926180982667366592409053
0.11943228308205293408672531541
0.119515722398923454616870287737
0.119599244249576394660827816097
0.119682848752146242521376962031
0.119766536025039532775693373878
0.119850306186854493883942041066
0.119934159356429162479606986835
0.120018095652731179856509413639
0.120102115195030112460017335252
0.120186218102780836836096511888
0.120270404495643565279117126465
0.120354674493493227216411867175
0.120439028216455343289759127856
0.120523465784795683064523075245
0.12060798731908312086957835163
0.120692592940065804296700946452
0.120777282768674498747429879586
0.00978740067768726039465487787083
0.199928610583723187499316509275
0.194513824347733760289358428963
0.189091962266016933025269963764
0.183663014661429868645825536078
0.178226971745535450741826366539
0.172783823780274764514430785312
0.1673335610289980457388026025
0.161876173697685254992961745302
0.156411651984719346497598735368
0.15093998610570522056484321638
0.145461166197092983676242283764
0.139975182454876195814463812894
0.134482025011394445979107103994
0.128981683990709278253561365091
0.123474149510773664739637922594
0.117959411674424488603030169998
0.112437460520139212438728293364
0.106908286176544423118350835011
0.101371878681602245464432598965
0.0958282280239963896173449597882
0.0902773242698155092833545154463
0.0847191573835795880276222646899
0.0791537173948682892810069233747
0.073580994249149475616711413295
0.0680009779135280212347680617313
0.0624136583055942203990262839852
0.0568190253574763215471676858215
0.0512170689925514899254466172351
0.0456077790536469213078518691873
0.0399911454885741660114639728363
0.0343671581153324121049585926357
0.0287358067526010466097297069155
0.0230970812856073556829095139165
0.0174509714665037896086374757942
0.011797467119991422029867678134
0.00613655805040459745303138561212
0.000468233954293232679851749500344
-0.00520751538477980287222823818638
-0.0108907002370701722071544281789
-0.0165813308768572448270717245578
-0.0222794176788613067230482300829
-0.027984970872454863199951802244
-0.033698000840332489880246669145
-0.0394185179138140523447120244782
-0.0451465325124829897074363316278
-0.0508820549701901880812471290483
-0.0566250957169391541667913259062
-0.0623756651371657408478021977771
-0.0681337737155621042672848375332
-0.0738994318930325660987890046272
-0.0796726500884086807907635829906
-0.0854534388738466127444226572152
-0.0912418086968606878439658203206
-0.097037770076683696474084683814
-0.102841333582948168956505696769
-0.108652509734416674591628293456
-0.114471309116015676488053998128
-0.120297742337736282558502409756
-0.126131819936509126378609835228
-0.131973552612458105981474432156
-0.137822950965876683815380943088
-0.143680025644230435766246500862
-0.149544787348449031982866586077
-0.155417246740495645918045397593
-0.161297414552921014596620352677
-0.167185301486557469363702921328
-0.173080918289992863323689675781
-0.178984275717199325939077425573
-0.184895384566564291439760836511
-0.190814255622955258884232421224
-0.196740899663686824583308521142
-0.202675327555723816530530712043
2.65525472551464156698580855417e-12
0.316604430917290180502732255263
0.25028721866858022471191702607
0.235494398659940790130562504601
0.146988929061269785192322956391
0.116154300357062464921220623637
0.0889772353416726918817758473779
0.084284479753506100219162533449
0.0177962582227936157164283059728
-0.0421923377480923206261920199722
-0.0487814220729390624065047177282
-0.0387715715497359697527812727458
-0.0798661014831902188459977764978
-0.0823538262763339051764077680673
-0.0989762842621512844987208268321
-0.111645868884725649183842222101
-0.099316207757119648324994898303
-0.171525561262151848840318280054
-0.102594306937665094570100166038
-0.111519014434205268604394234444
-0.151371867358220862920248350747
-0.0692225318556160124083831419739
-0.171625098168363909856282134569
-0.125427205470676150778075452763
-0.163348820534137517679340589893
-0.144431412244000384470510311985
-0.115545930589372333741060572265
-0.079334928466520029943787051252
-0.0599146982856344281764826575909
-0.14929724131865579339617511323
-0.0313485826312227128243037554967
-0.0577490721117853572641465120796
-0.0810348455790732835612999451769
-0.00515144636510449227539965022515
-0.0594710360345575769769332907799
-0.0858087574991088508635783682621
0.00538023692775187883929888243983
0.0469008180304361921297839899125
-0.0425280186606422569428609392617
0.0202062323661416319564576582479
-0.022126490263177017031592797025
0.0830232539416881770710787691314
0.0824063669609338411703447491163
-0.00680781218588205703362570275772
0.0657014119621152914429984548406
0.0556032918355461730497424355235
0.094632743371013156030713275868
0.08773490519050537728151795136
0.130003063431679638517479702386
0.126281516478760180710594340781
0.102253118637720838424165492597
0.095696382896393220041098004458
0.0746222399216820569955999076228
0.108120469333675417455964407054
0.135434328041916823837098604599
0.138520518167187106639559601717
0.131000603239749574546735289005
0.109308471558955441760296878329
0.11411284154562596759863168927
0.160260775472521460605079823836
0.0823462546709561177271652354648
0.0660991214821987915772893984467
0.11250527775599812596585280744
0.0381687802690135816185978967496
0.0534555550918453872832891704547
0.00780917147558666830536866498846
-0.0177987677743021120713162730453
-0.0764558910129422564239121129503
-0.0499552611453063580282396571874
-0.156072002815678428921941645058
-0.147107651683334339498543386071
-0.252041466426058069494331448368
-0.275620757417559869573153719102
