3
209.208360574035850731888785958
0.114112249331924944795169096778
0.114214176369192135784835784307
0.114316220112965563626694631694
0.114418380776342240578991038547
0.114520658572825617671497866468
0.114623053716439243787661439455
0.114725566421704616715260272031
0.114828196903523693794824112047
0.114930945377389182038285753151
0.115033812059187168230778297584
0.115136797165333509829210356656
0.115239900912670847898944259668
0.115343123518584264597386379592
0.115446465200905082348903363254
0.115549926177890574519047106605
0.115653506668405015034295502119
0.115757206891742903120956498242
0.115861027067632543774422515526
0.115964967416341796502265992785
0.116069028158624978908086688989
0.116173209515731068464106101601
0.116277511709380387827650338295
0.116381934961777316894782074996
0.116486479495676170659024251108
0.116591145534258144866868178724
0.116695933301226087430713107551
0.116800843020782280090585913968
0.116905874917679508673273858221
0.11701102921702771775258611342
0.117116306144586596049705917721
0.117221705926573979694715887945
0.117327228789659260277389307703
0.117432874961069813601888256471
0.117538644668519029479192283816
0.117644538140238799628356503035
0.117750555604960949196424735419
0.117856697291936859950389759888
0.117962963430904871353632756836
0.118069354252156893947400817524
0.118175869986427109492588272133
0.118282510865055492943476167511
0.118389277119830230167174534017
0.118496168983087610260263033979
0.118603186687674777566314787691
0.118710330466955102379777997612
0.118817600554809374435727420405
0.118924997185663142151845761418
0.119032520594450935691455129017
0.119140171016611395859996491708
0.119247948688159119412510733582
0.119355853845601100893247803469
0.119463886725962503687625826387
0.119572047566828709719288781343
0.119680336606289600132058126292
0.119788754082998466499176970501
0.119897300236137496765032040003
0.12000597530539408586136573831
0.120114779531016360736295212064
0.120223713153817315935079079736
0.120332776415054021335038214602
0.120441969556654343564972009517
0.12055129282098051013427664202
0.120660746451043007776426918554
0.120770330690259664052632615494
0.120880045782709374946328750866
0.120989891973006399861212400992
0.12109986950624694601597042265
0.121209978628140591094819455975
0.121320219584923477684768045037
0.121430592623413866060211319109
0.121541097990917293381052388668
0.121651735935370930441479231376
0.0428579045350001228142922116149
0.200014314620693467450252001072
0.194633550679359446089478069553
0.189244791828000219480188093257
0.183848026550580190274786218652
0.178443243332085610397541586281
0.173030430606354423961334987325
0.167609576820767075533424872447
0.162180670395081633072820181951
0.156743699720209517245450570044
0.151298653173846969766103143229
0.14584551911807613899796365331
0.140384285898806387971049502994
0.134914941835226925848090218096
0.129437475235081034252715426192
0.123951874386950322559641790576
0.118458127548588226796155709053
0.112956222980078957451866017436
0.107446148907042918207999093738
0.101927893542321817976770148562
0.0964014450754681617716812525032
0.0908667916702722844313200312172
0.0853239215038763265663845913878
0.0797728226966440551182202511882
0.0742134833682372846430652657546
0.068645891615387644169032910213
0.0630700355252466760003215995312
0.0574859031422475033612506933878
0.0518934825236977703699636776946
0.0462927616781808326518188323462
0.0406837286049539503807181972661
0.0350663713047509387199518471334
0.0294406777247321130297486035943
0.0238066358157070778744923700287
0.0181642335065283627715260195146
0.0125134586926697044528822289067
0.00685429927353656178595775472218
0.00118674310645988352955204625516
-0.00448922195381594359847587938361
-0.0101736080903137102865452234823
-0.0158664274863054531594652729609
-0.021567692351258088007126545449
-0.0272774149211485981980640502798
-0.0329956074419079786741448856446
-0.0387222821870734784654999316444
-0.04445745144478651517117029357
-0.0502011275212000812606660815618
-0.0559533227507450145465917046295
-0.0617140494756341015381018166863
-0.0674833200698101154380026400759
-0.0732611469246004648470105280467
-0.0790475424442639434952084798169
-0.0848425190584120303416426622789
-0.090646089213407471385508529238
-0.0964582653776124565592198223385
-0.102279060046081352042257606172
-0.108108485721678734825523804375
-0.113946554930760557411417721596
-0.119793280230354903803657862227
-0.125648674178969133041761097047
-0.131512749374434273486045299251
-0.137385518426753810983242942712
-0.143266993957137656057199137649
-0.149157188629613413066721250289
-0.155056115104165087581478132961
-0.160963786069714537285690880708
-0.166880214254235381687863082334
-0.172805412369900324165428173728
-0.178739393178138389339792979627
-0.184682169460714140640789082681
-0.190633753991947929584682697168
-0.196594159601197276954209769428
-0.202563399129336574322479691546
4.86730554733530369711502540538e-11
0.303180250495400316346206182061
0.258972050032757250548343108676
0.210718479193413410488489034833
0.170439218776510692521242162911
0.12874338174977481563665548947
0.0946427712214907707055644436878
0.0619798620640179681595682836814
0.0335566313236734733993493762227
0.00679514331175770473769670587671
-0.0206162696697929324896048086657
-0.0453148598520636686215468103001
-0.0643044283329971683160763973319
-0.083310107748425232809807994272
-0.0938750762668298099899999442641
-0.107952749361486216583827513205
-0.121723756220553078200019569977
-0.128518148371746021574324458925
-0.129118654195379489735273637052
-0.141059182185562070888096286581
-0.141514892692802318752143264646
-0.142265419682944954660186454021
-0.145277296767345243111435593164
-0.139973321152551538615327331172
-0.140683435926571481777713756856
-0.132371852742272338998574809921
-0.12927416431217050862834128111
-0.118594802421513420553900175491
-0.112323011527959301658619040154
-0.102498427419438917218563744882
-0.0915999050041904905317124985231
-0.0853695142455298261463525477666
-0.0730567446591107172437773442653
-0.0623674600199029469105305167886
-0.0499623671977611413796971362444
-0.0376900461541052334002444013095
-0.0248510223287332944475114260285
-0.00807235091971004667388278619455
0.00262893579482106768199778379369
0.0174451140642514143652697100606
0.0304650877093103795989481596962
0.0394598492809158374328148966015
0.0544081772722587800328319929122
0.0671568706473132936984882235265
0.0731980612510684802707316976011
0.0879901677294748219004816291999
0.0917493783009730168309658893122
0.106371070909015139061004617815
0.117921412009680939836364643725
0.122390435537063108073496664474
0.126095178243084388158834485694
0.125847508850471551111738222062
0.130799760769256256942583149794
0.135610976907480085262847069316
0.138222878469304172321940882284
0.133075618012688134950138874046
0.128364635196258902727350914574
0.123968420671537696287067831236
0.117169176284470696880468665313
0.107957194009269868972822337128
0.0966455150842835397639873917797
0.0779364394932681309180466655562
0.0633946958683255373800946586016
0.0446766431644693082225749947156
0.0223622843578052989121918159299
-0.00152619685515150826232710912223
-0.0356634163916236673896875686296
-0.0590852750959206252101552081513
-0.0956800417528747698669988608344
-0.132222460895428939320339623009
-0.17391795467590420720682686806
-0.217383738846242957620802371821
-0.263272020937383388616837009977
