3
244.70638741511623948099440895
0.114510435680945960035259645338
0.114601741049404654004817416535
0.114693143620903187374082676797
0.114784643555780774271113386931
0.114876241014764457482044690551
0.114967936158874697860632352331
0.115059729149457612429330310988
0.115151620148201086490935551865
0.115243609317101175504305388131
0.11533569681849270560647369166
0.115427882815081359058062560052
0.115520167469862405917879755179
0.115612550946147987773748866402
0.115705033407634882980374868566
0.115797615018295413369386892555
0.115890295942522161820598114446
0.115983076344950017388946150731
0.116075956390621362612769473799
0.116168936244832973758711602841
0.116262016073320928466472423679
0.116355196042095834774166007719
0.116448476317537200075413750255
0.116541857066338391812898578337
0.116635338455538237201203344284
0.116728920652543047276061827233
0.11682260382508176388416387681
0.116916388141222779561978484253
0.117010273769406952792948573006
0.117104260878388266586824784099
0.117198349637294307878931931555
0.117292540215553769966660979662
0.117386832782995845225748610119
0.117481227509767222061398683763
0.117575724566383418845383346252
0.117670324123701944274422714898
0.117765026352911555962421630284
0.117859831425588118536396109448
0.117954739513643214188221008953
0.118049750789295956887592353723
0.118144865425255846114183100326
0.118240083594410294587362386665
0.118335405470124346849480900801
0.118430831226098126629509010854
0.11852636103636218778412114716
0.118621995075306282951821401639
0.118717733517693782574475847014
0.118813576538678716820740532967
0.118909524313710879273031650882
0.11900557701865634163684859459
0.119101734829686528582826099409
0.119197997923433163247608490565
0.119294366476777866092895408201
0.119390840667046985168475714545
0.119487420671875996247557338847
0.119584106669353873453331971177
0.119680898837838015080770048826
0.119777797356133752781914836305
0.119874802403334021483338744929
0.119971914158973624875414998314
0.120069132802948425053912728799
0.120166458515503046799999253835
0.12026389147726654349490615914
0.120361431869218576951041654866
0.120459079872733687555097503719
0.120556835669591536075451188026
0.120654699441911386625925217686
0.120752671372195655163928051934
0.120850751643338832908014524037
0.120948940438559846000110553632
0.121047237941564272967198689912
0.12114564433632819817621140146
0.121244159807270268647272359885
0.0319368776588375424818622150269
0.199955950619741751328461987214
0.194560882037242838249468945833
0.189158204440554950087616248311
0.183747907051637265896104622698
0.17832997910197465052384302453
0.172904409755766763634454719067
0.167471188209338539554238423079
0.162030303596569669188909301738
0.156581745072251282691055962459
0.151125501754094088147084562479
0.145661562747225470371148503546
0.140189917137021752280290343151
0.134710553991623571690183780447
0.129223462365063018753019719043
0.123728631285821344398812016152
0.118226049777549163666279241625
0.112715706839988535903351873912
0.107197591444249076819694721507
0.101671692574566291389359662389
0.0961379991495899255404822270066
0.0905965001246588907957146830086
0.085047184395340508222815856243
0.0794900408536572122830676789818
0.0739250583818991946483123456346
0.0683522258349019834477999779665
0.0627715320534228821136579767881
0.057182965854051609477792794678
0.0515865160459703306350398577251
0.0459821714140041110097101295651
0.0403699207226779904766900131108
0.0347497527224571514659068327546
0.0291216561456129618967736405466
0.0234856197114981339602035603775
0.0178416321156475432552213078452
0.0121896820207728559526394462864
0.00652975809742360312898368235324
0.000861848969579610195250463089423
-0.00481405670894577419893778369442
-0.0104979703578918278500387017971
-0.0161899033879793451118356273355
-0.0218898672231884194872009175015
-0.0275978733156795885683720825909
-0.0333139331416235084937227384216
-0.0390380581820609570686819722596
-0.0447702599585133448334417494152
-0.0505105499773559826759417035191
-0.0562589397884324035614689307749
-0.06201544094873231299791527249
-0.0677800650488073058719251662296
-0.0735528236924194167567492286253
-0.0793337284841971607241006836375
-0.085122791063773031727812679037
-0.090920023086302551029724838827
-0.0967254362403011103133110282215
-0.102539042191793938751942505405
-0.108360852676176233622129529977
-0.114190879415999799184611163128
-0.120029134164559167508024017934
-0.125875628678153467232547768617
-0.131730374765623325927776932076
-0.137593384215967173833661263416
-0.143464668870786432597341786277
-0.149344240555156021477145600329
-0.15523211115281651539810070517
-0.161128292535654804584765997788
-0.167032796614759698750063421357
-0.172945635304116385189132643063
-0.178866820555897254596544598826
-0.184796364320623213162164688583
-0.190734278577685906208571964271
-0.196680575330353685226114635043
-0.202635266606775693576381058847
2.21557757197842105133531755262e-11
0.317262092931843597831687020516
0.257686947080154549194475066543
0.20535486085260115651784929014
0.173859317638300481245750006565
0.133277717195248252002315325626
0.0869168605245787817548119846833
0.0635885403281179761858510346428
0.0257173579288505239903717125571
-4.65581290999310328133919956173e-05
-0.0254968541325717550083407303418
-0.0434887509530098165244638153126
-0.0653867854268954940000213582607
-0.0832205195651285756230919332666
-0.096445533900989047215723815043
-0.110759154237437304479918509514
-0.108361701263277585005617709157
-0.126562434866692663515408412422
-0.134180361679219456449985159452
-0.145532586287999615715094137158
-0.144316812113653047955352803911
-0.141769104546353413853765346175
-0.143539552112139312534111468267
-0.146023383673038714691827522074
-0.137614044664816331797752013699
-0.132449372792295905210124828955
-0.129744600000228055280970806962
-0.113415404970904173942436443667
-0.115484775332179670503940371873
-0.103499483123904750803134788839
-0.0950802519070857304894772710213
-0.0806038100817321884195010284202
-0.0634621985656318304824807796649
-0.0683203213267856851453885269621
-0.048254888286393890495240555083
-0.0380362890484502724763871128744
-0.0154097668163356623510784615405
-0.00490975680273388406793522165117
0.002833258558234815968623898641
0.0223011852073762700809922421286
0.0216927037246047484109201519686
0.0440008545540360590520023720273
0.0592900355614431537332187360789
0.0706778824327835980545486904703
0.0672351037175028948267296868835
0.0893211198418787932773454940616
0.0918223450780852046282376477393
0.104361432027500297681221752555
0.107740510243584400318361815607
0.125178674715209325984943689036
0.131754659026431464319273345609
0.128455240878718152108817207591
0.13883745772592087641683633592
0.126558034127395024892592800825
0.132124255133226592429096513115
0.141802486061096022496030855109
0.12645693145739714258191099816
0.126263247585015697671551038184
0.118087193656511185713142708664
0.111235126079654897401916002764
0.0933366912576601009954302412552
0.0727646338566039774242710791441
0.0618712146580155872288564466999
0.0332631718188862932072957789842
0.0274078335273156559193097336902
-0.0126522136536212879975860090553
-0.0309516426512482165089856778195
-0.0643667515654313543427278432318
-0.101561395901557452448038532111
-0.139057729467801011180583259375
-0.161483896941506416267131385212
-0.213710737311102572100196539395
-0.255094129740889241642065599081
