3
23611.1281970120980986393988132
0.114338438531203942516434324261
0.114434337127275811973881047834
0.114530341210401204188329415956
0.114626450963039944186405705295
0.114722666568107423135103317691
0.114818988208851349708261579963
0.114915416068943329608309511514
0.115011950332429641052911506449
0.115108591183781069910985195293
0.115205338807804577583304705968
0.115302193389726317929167009879
0.11539915511518032686932855313
0.115496224170164793476622833168
0.115593400741081570037849246546
0.115690685014762942306454363006
0.115788077178359760655013133146
0.115885577419514218533436178404
0.115983185926193763104485867643
0.116080902886811179741677335642
0.116178728490136273787669551893
0.11627666292540791981302561453
0.116374706382180975738904749051
0.116472859050495772259559146278
0.116571121120739737420102244414
0.116669492783735090357666308591
0.116767974230682733405295437024
0.116866565653223633547419524348
0.116965267243397119667491779182
0.117064079193634068554175087229
0.117163001696803339979346958444
0.117262034946136406432515286724
0.117361179135357387992577571367
0.11746043445853567022130192754
0.117559801110162578940965261154
0.117659279285180731755566796437
0.117758869178904615471203953803
0.117858570987124530726752880128
0.117958384905960098065769159348
0.118058311132034493562414922962
0.11815834986236124770631050751
0.118258501294381160318103241025
0.118358765625901987683654681405
0.118459143055240745390221945854
0.118559633781092910176369059627
0.118660238002594592421345964794
0.118760955919283997528346219497
0.118861787731146653634972665259
0.11896273363858810012683164814
0.119063793842449777704572966286
0.119164968544011151685424465541
0.119266257944960957226854247892
0.119367662247425246335730264491
0.119469181654008799187138833986
0.119570816367661245105402656463
0.119672566591841667005269300716
0.11977443253045017002023087116
0.119876414387759561153146137258
0.119978512368535822352200170826
0.120080726677984486738814950968
0.120183057521694489078178946784
0.120285505105795498259624309867
0.120388069636759048597340893139
0.12049075132158316991937141438
0.120593550367635790609988077904
0.120696466982804243017746159694
0.120799501375355403109956853314
0.120902653754070499303452379536
0.121005924328126443501041364925
0.121109313307174101814744915373
0.121212820901306472798353297549
0.121316447321116821500552873658
0.121420192777569893594069583287
3.82942759440329849596196254424
0.199978276419616990411398660399
0.194589630337952207428386941501
0.189193201879831185419078565246
0.18378897994184723030386408027
0.178376953393358406163571316938
0.172957111094741322609991129866
0.167529441877482476730421012689
0.16209393456144038925259565076
0.156650577957461789591064871274
0.151199360842948549166209204486
0.14574027198820349582319977344
0.140273300139375695083643336147
0.134798434027755736908105177463
0.129315662367024492018785508662
0.123824973852394853990332990179
0.118326357158378303591206304191
0.112819800940392789279087537579
0.107305293842241897261935434926
0.101782824485665099323306037604
0.0962523814827306728458822249195
0.0907139534003768149839075363161
0.0851675288302993910294347301715
0.0796130962942710879159946557593
0.0740506443395261143569641149043
0.0684801614707093858624986637551
0.0629016361901813675361339051051
0.0573150569693514216895735557955
0.05172041226851967904432072487
0.0461176905137766421360900892523
0.0405068801365413774795420920327
0.0348879695331621164644531063459
0.029260947090732996461737158711
0.0236258011643769617882160360978
0.0179825201077038095143212359517
0.0123310922438969582798362623066
0.00667150587900493512866217926671
0.00100374930388927264754417301162
-0.0046721892082064600884572236339
-0.0103563214085244902074034456518
-0.0160486590680309036682782419803
-0.02174921397004544315612051264
-0.0274579979228271077451584147866
-0.0331750227480624576559264937714
-0.038900300293002718077239876493
-0.044633842412028952584268637338
-0.0503756609965697182973443091214
-0.0561257679462360201116943869692
-0.061884175174420394394125821691
-0.0676508946269150646113388347658
-0.0734259382573775043479002988533
-0.0792093180462451057488593164635
-0.085001045985683990058312531346
-0.0908011341044227399121879784616
-0.0966095944290764618855860135227
-0.102426439015004214216908451363
-0.108251679943939263517371784928
-0.114085329291763792891600814983
-0.119927399197849712808583433343
-0.125777901782052725643268331623
-0.13163684919058166178373880939
-0.137504253603877107936526158483
-0.143380127219067454724665822141
-0.14926448224382618534811228983
-0.155157330905640405971368522842
-0.161058685450389565962936444521
-0.166968558174271725080828332466
-0.172886961342377909467415975087
-0.178813907281940659421692885189
-0.184749408310123541809844027739
-0.190693476789097343671031126178
-0.196646125085609468907676955496
-0.202607365581274290189384146288
3.31646813466048484440077561797e-09
0.305539954792211243539412635073
0.263585932380826448717670018596
0.21103973705474859956510158554
0.169761990785909616663573729056
0.129635647397173897621414084824
0.0925292942511214133727293074116
0.0590016736143527467661762386797
0.0274571114713959042730184734182
0.00199276259543611873256696576107
-0.0210207846955890141626976941325
-0.0423372403136889965957756487569
-0.061858250160947939044753240978
-0.0829535929725466192330429748836
-0.0973413314751218478049210602876
-0.107723549554119474302993353376
-0.118429663989001413004764629022
-0.128703305178764715321904077427
-0.134552778636726821925861941054
-0.138425884478819538614402517851
-0.13968896029339750164410816069
-0.142354931317007354918402484145
-0.141170471103327282991202196172
-0.14225135532513355496320173188
-0.145735718320709528583734027052
-0.128348867331784383116755066112
-0.124929070594679614281119484076
-0.119394723040894462640082451799
-0.115001884987175145846904911195
-0.1058710887083348789472481144
-0.0926792150296766176209573018241
-0.0817233954698758785495371625984
-0.0680769592637060771966872607663
-0.0607185595646307779693628958739
-0.0481598701731108386203672466763
-0.0362092367749276625166210408224
-0.0231724445310089385841045839243
-0.00963045076317704459856194887379
0.00246269760542615389134479819688
0.0163978512610326900011958883852
0.0302260566593833858439754891378
0.0433919606722452735891870645446
0.0519269399817871707414340676223
0.0613712296747001492813744505384
0.0717324564107564982551323851112
0.0857275327369693002088624211865
0.100331839358214325308438219508
0.102804695131534132301887041194
0.11482204102397561285009430776
0.122360164238385069057635234913
0.127483597116205049637471802271
0.127432081487452941725990740451
0.136446680465267283777208717765
0.135178295222381533724487212567
0.130438670040741583333598896388
0.13154103715783335704081480344
0.129694520390639556062239989842
0.125927375507605382454201503606
0.111609687834644907833414606557
0.105995205496204253359238123267
0.0953743694883801701456249588773
0.0820431671994424904781340046611
0.0608194714285442833423545039295
0.0497106704261983251003087502795
0.0227378390045146309972334819349
0.000458769390909535357617188289225
-0.035282705927121377209587649304
-0.0589166708212768425179106657197
-0.0968205785416686448563439171267
-0.133888348699924025764218527002
-0.168656728037080150262028155339
-0.219134547676145347017140352364
-0.265781958632622716809379426195
