3
7834.42959065893774095457047224
0.114945167699181449716405722938
0.115024826078912525972874902891
0.115104561757769591201494563393
0.115184374845256953800998189763
0.115264265451023015240927804825
0.115344233684965380426490355603
0.115424279657150810618482239533
0.115504403477830780433421864473
0.115584605257481681794828887178
0.115664885106776263445915731154
0.115745243136547951157133695688
0.115825679457872046662636478231
0.115906194181985833235870586577
0.115986787420346210142341192295
0.116067459284594207136187549168
0.116148209886602543639000373332
0.11622903933840098011920360932
0.116309947752234105200486169451
0.116390935240569926012454970987
0.116472001916038403468434125898
0.116553147891530692326078622045
0.116634373280057268562615035989
0.116715678194888136665063882447
0.116797062749486604826820723702
0.116878527057507342057363075583
0.116960071232828491383237690115
0.117041695389499753043871521641
0.117123399641829273321036453126
0.117205184104256163180046712569
0.117287048891490816582283684966
0.117368994118412520166749857253
0.117451019900110087412770099036
0.11753312635188467583091664892
0.117615313589259376514384314305
0.117697581727944158846987932066
0.117779930883865138757649049239
0.117862361173159527205633878566
0.117944872712143572490717247092
0.118027465617399629493888824072
0.118110140005672256680036014131
0.118192895993916496921727343761
0.118275733699321469738485745893
0.118358653239311120697330181883
0.118441654731440540460063459705
0.118524738293562650892631893385
0.118607904043660353221589787154
0.118691152100007857317365278504
0.118774482581048113072341720908
0.118857895605451874265767742145
0.11894139129209178873392005471
0.119024969760067392265945329655
0.119108631128668915333257416478
0.119192375517446158550427526279
0.119276203046139533947567201722
0.11936011383468519975181720838
0.119444108003272639328962156924
0.119528185672289941066104290712
0.119612346962351040469130225574
0.119696591994279746828944155368
0.119780920889107675431084487627
0.119865333768114395995851850785
0.119949830752780553511094296937
0.120034411964819454077257887548
0.120119077526141038170237607119
0.120203827558898135308140808775
0.120288662185462705278560235911
0.120373581528387993411222112172
0.120458585710546267621978699935
0.120543674854934446116772051028
0.120628849084802591828946560781
0.120714108523662891347960623989
0.120799453295195702295927731029
0.442576132515832443292680409286
0.199928464300177133328162426551
0.194514735582162645588510940797
0.189093902376610445426052820039
0.183665954939280617885799529176
0.178230883482165064490843064959
0.172788678161357844853540655095
0.167339329202392722573122796348
0.161882826733608597979952037349
0.156419160913761012832168262321
0.150948321895874232323464525507
0.145470299752640697121819357562
0.139985084632822914807448455576
0.134492666593623605431062628668
0.12899303570338321867083664074
0.123486182015230872011102292163
0.117972095609037500030247258564
0.112450766441490532243641098376
0.106922184549464588387834851346
0.101386339956951593288536628279
0.0958432225739744431125544110728
0.0902928224174047028283141003158
0.0847351293850383130434877898551
0.0791701334274068635465937404661
0.0735978244527957098375381406186
0.068018192339065322582492001402
0.0624312270172515879074204292465
0.0568369182862895130914360208862
0.0512352560197509993011877327262
0.0456262300556443123333849598566
0.0400098301968625155722314445939
0.0343860462250707293874185666027
0.0287548679621008849982555233282
0.023116285147978258424084074818
0.0174702875297109705421405578818
0.011816864842660996376411119968
0.00615600681670851797994137299952
0.000487703129344700724110556189217
-0.00518805651659657966756622471394
-0.0108712824590050383122274979542
-0.0165619850618188187152401980029
-0.0222601746538684322485046607198
-0.0279658616582999057509351104045
-0.0336790564741709791407586749301
-0.0393997694717243066020451180975
-0.0451280111307164888412302161669
-0.0508637918810775843669880202924
-0.0566071221836564816842773950611
-0.0623580125470074783655682892913
-0.0681164734247284853196902076888
-0.0738825153653924898700111612015
-0.0796561488841828063689476380205
-0.0854373845638631557175557418304
-0.0912262329409428140980509169822
-0.0970227046074714216672418842791
-0.102826810164294332738954551587
-0.108638560223118435521527658238
-0.114457965414463444520087875844
-0.120285036411770740460980277931
-0.126119783860360851202031540197
-0.131962218466017244811183672937
-0.137812350906749508938631265664
-0.143670191925300755331207369636
-0.149535752278931011183260579855
-0.15540904263876204050021101466
-0.161290073875501094313733574381
-0.167178856692745236856012525095
-0.173075401985010229877204324112
-0.178979720484861243301466515732
-0.184891823112341036061678778424
-0.190811720664277484349469204972
-0.196739424048184813331729969832
-0.202674944158718117748207987461
1.21117970823659326032284504149e-10
0.290833587202904753077348232182
0.270634118943535617596296560805
0.249044768440165403822206258155
0.0927835849330419099034727992148
0.144080497241357380344695116037
0.118085657178277111944986188519
0.0612846181898358821626970893703
0.0345633444784852333908631294435
-0.00930786461166276807288610939395
-0.0456854556408780587695162012096
-0.0586415790894300736901811887947
-0.0588460388917898466476508190226
-0.12554719912878409271428381544
-0.0981031374702749925376110695652
-0.096615424765182741917435293999
-0.123291072692362280172062583006
-0.097604554602161802678850222037
-0.0939698059779567607119332706134
-0.139171679554201788153733332365
-0.158608374702188165139560283023
-0.186418284468175377011078808209
-0.159844786727470766773961940999
-0.188685431051643148769869640091
-0.0869503287134141822356525608484
-0.0900646814095522746379529621663
-0.120460883942174787342160868775
-0.0947456729635393762878337042821
-0.0710912532529061613750798187539
-0.0980165286851224504260926551069
-0.0308439570922795780472114302029
-0.0567439512949754407133973188593
-0.0436392264221658193745767562177
-0.0771221409522418188675629835416
-0.0735930438934641883985676713564
-0.00991200581165893254698140424352
-0.0243636680609907001204827992069
0.0633164560128745279588002858873
0.00247873920906478781983617309947
-0.037386183729510143181062886697
-0.0361752102302395350807984186758
-0.0151646220059560073861737450329
0.0744665454956811995179677410306
0.0488958000820616037196408854015
0.0689953548144996986479782208335
0.115872964592017388407718669896
0.0478192204823158634185986670673
0.135493691739232313686613906611
0.0881645729344843753771954197873
0.0938645219088474896951268533485
0.0940505188386314971982216093238
0.140089865725563200715697576015
0.113060878495356481598932418819
0.13635973235942377979057482662
0.109724223163193371211043825042
0.0944103781820679610614632792931
0.126961329925106808369505984047
0.163971124966730857908103757836
0.130698555636899194087874320758
0.105702268793285328318809490611
0.13675690708998788913675070944
0.0846443255337127886672732302031
0.109619491812665684205008176377
-0.0101954145571042133211481228727
0.041603672917467256209267389977
-0.0122764398827973943151281588371
-0.0262528248218914968259429798536
-0.0539130140479431724243042367561
-0.0662146864527318745885509088112
-0.143982842725028814534482535237
-0.196014278325117863310822485801
-0.214054697158420903502218379799
-0.25877772831623069293982553063
