3
462.925386050933013848407426849
0.114269012219387261497516306008
0.114366762608696187486501116837
0.114464621890216070032586515026
0.11456259025563715614470794435
0.114660667897074214360841892812
0.114758855007079912935452625788
0.114857151778612734394080518996
0.11495555840501901767591874659
0.115054075080097961691905084081
0.115152701998024062368664033329
0.115251439353442272639505006282
0.115350287341371024463221317546
0.115449246157243196053698852666
0.115548315996988684717372564137
0.115647497056866027653754258608
0.115746789533582750131301963847
0.115846193624317431170034353727
0.115945709526635451491749506658
0.116045337438489895576232413532
0.116145077558341039414280260189
0.116244930085025496846462544909
0.116344895217813312782162427084
0.116444973156423783877677635701
0.11654516410099584333703859329
0.116645468252080566906592196119
0.116745885810704247420588330897
0.116846416978292330646205243738
0.116947061956727826892432631212
0.117047820948316991240822915188
0.117148694155788699045039891189
0.117249681782356507397935274639
0.117350784031625368641904572087
0.117452001107675077506975469532
0.117553333214995378575018492029
0.117654780558542171320368652232
0.117756343343707284287980030513
0.117858021776341262421006206296
0.117959816062716757456563243522
0.118061726409553230388027600384
0.118163753024063983287916812515
0.118265896113830065727867690839
0.1183681558869590783045211424
0.118470532551983198654710349729
0.118573026317870533485887563074
0.118675637394074495745144304237
0.11877836599046152910030826888
0.118881212317392903621282584936
0.118984176585663570246964582111
0.119087259006555312712549721255
0.119190459791761668717491318148
0.119293779153467893738849170404
0.119397217304328728815221438708
0.119500774457434719155735081131
0.119604450826379521410913753243
0.119708246625154030029491991627
0.119812162068270292025751189158
0.119916197370717389492078552848
0.120020352747892397604623226925
0.120124628415736622866205607352
0.12022902459060816338087818167
0.120333541489341361296894206134
0.120438179329259612004854318457
0.120542938328150731064347667143
0.120647818704286174940065734518
0.120752820676432767732499939939
0.120857944463759026110238892215
0.120963190285991881167682038267
0.121068558363314898729257151899
0.12117404891639527164670653292
0.121279662166363488839948558962
0.121385398334812502629809216614
0.121491257643911262920077831495
0.0810989032534341625080287485616
0.199988608054201905117608362161
0.194602443095645116777347993775
0.189208428821557944621289948373
0.183806554016648499016994833255
0.178396807409950369782691836917
0.172979177745349571582167413908
0.167553653721752404681666348552
0.162120224029544485189191505015
0.156678877352187995164456424391
0.151229602343995073177040922019
0.145772387633433475606636875455
0.140307221842195739558434297578
0.134834093582983177705969524141
0.129352991432235803204164881208
0.123863903950158518729729451024
0.11836681968893658645214372882
0.112861727173481432573431959554
0.107348614920126539384881425576
0.101827471416371370671605234293
0.0962982851390391386692257924551
0.0907610445297851314849779669203
0.0852157380391574820199807049903
0.0796623540820100145554150117277
0.074100881055188569379588159336
0.0685313073378048254191696742055
0.0629536212903239467131299988978
0.0573678112711243845533992669061
0.0517738655808291439730517424778
0.0461717725455667860057218376824
0.0405615204407996851609929933602
0.034943097541152164098310350937
0.0293164920903178187472359894628
0.0236816923232475370908467482423
0.0180386864501109328573491552561
0.0123874626680184219545965973452
0.00672800914611184838753921155785
0.00106031404131316374546412095725
-0.0046156345168782931739914765501
-0.0102998484031835910168517500551
-0.0159923395153380581978908026031
-0.0216931197935727113068615778957
-0.0274022011611356891558344273108
-0.0331195955832409918984104990614
-0.0388453150414026365799813333979
-0.0445793715379132204912338011127
-0.0503217770780548870335202593651
-0.0560725437026310044585919456495
-0.0618316834742417345549547746941
-0.0675992084691641598181988115357
-0.0733751307761623533520989326462
-0.0791594625147840347256789073072
-0.0849522158127857252019055067649
-0.0907534028244657703377029633884
-0.0965630357363370800394264392708
-0.102381126730299656935052610152
-0.108207688012485453432631743453
-0.114042731835346786151141884602
-0.119886270431602992569963817004
-0.125738316088900958789054129738
-0.131598881076972346049203110852
-0.137467977728509493928754636727
-0.143345618367867549958205586336
-0.149231815348549706756742239122
-0.155126581041651528947156180038
-0.161029927827653435157273520417
-0.166941868127878451089074474112
-0.172862414376048434405674925074
-0.178791579025046803996801259018
-0.184729374533384393952673008243
-0.190675813403828803282991088963
-0.196630908139088539376970743433
-0.202594671284795802002065556735
7.66220377710201889653681190623e-11
0.306411548231109609474742683233
0.26170957663290073114126244036
0.215025884793101113023894299658
0.166540467079701659525170498455
0.129067819998115562718510318518
0.090243739409719317401403770873
0.0580539892858632430860943429707
0.0302254612253241503050382732454
0.00804424395880784688650511071728
-0.0216621116499415636291736575458
-0.0450389920460232406895784151857
-0.0654288247335220590761295511584
-0.0785591428112524386984105717602
-0.0966350844151343119081687405014
-0.106876466269211739534839011867
-0.121054106034286165782809518987
-0.127337714766541182376258234399
-0.133201108952634955651106452024
-0.140484486163876903797032014154
-0.144679994154030988617876118951
-0.144908250996477055982936121836
-0.148057830232664139336051789542
-0.136388677396338031666545020926
-0.140987814696983987383660519299
-0.134209703715523098743744867534
-0.128374574174375144508530866005
-0.111952231606894783699779338804
-0.109783956255258968726096213686
-0.104970205674168953757785516245
-0.0901527844550958218361458307299
-0.0804191023754614320306899344359
-0.0686992999286872990660768323323
-0.0610473247076719072179429304015
-0.0498912003358071565184417295313
-0.035622059587186248597046045461
-0.0186628223508182068679506215858
-0.0132805021525059813863878233064
0.00277466504869760405282974602414
0.0175124706031852782339708340942
0.0267915566566614277155267132002
0.0405390952970922022191579969785
0.0508865450368465102592985260799
0.0706257045859040311075460749635
0.070067227647598040451981660226
0.0859160525322701790207347016803
0.0945346588777875168618791690278
0.100041600573435390808541001206
0.11001012122040693119728871352
0.121412552192992420629913397079
0.125193158991408148850155157561
0.133030360500923927613570185713
0.132717741077062606480652107166
0.132177452066556982979150802748
0.136220127484825925812117475289
0.131735235838904396477033742485
0.129208094260743477921238309136
0.129261526004090687713699026062
0.116618795158394947253377438301
0.110595727601867740985674970489
0.0911062476205229260228790622023
0.0796835860496790671092526281427
0.0631055837257789714600519914711
0.0463419096613042480470312511898
0.0202691916631427514194907502088
0.000849882211127582368540012147662
-0.0312239388515235770371614165697
-0.0603267663587745348041657678095
-0.0946409876207186945284988155436
-0.133487252686150165148504243007
-0.172387238087444855105800911588
-0.216602054175964037208146351077
-0.267468166161138665160024174838
