3
461.284252716872686050919583067
0.114616672201463251634656614897
0.114705136425102355302030332496
0.114793692846810457819373141319
0.114882341613768895749458920363
0.114971082873523033907048329638
0.11505991677387010507782605373
0.115148843462914832191934522143
0.115237863089049583087408734627
0.115326975800982903241909127701
0.115416181747676913071920523635
0.115505481078436653130658839927
0.115594873942805292932334282341
0.11568436049069058535465615023
0.115773940872246100530773560422
0.115863615237948094915942931493
0.115953383738563758909023704291
0.116043246525158683102318946112
0.116133203749114025105093617185
0.116223255562080074465569623499
0.116313402116046502032808973581
0.116403643563298353491575198859
0.116493980056382659404867752073
0.11658441174820394214961538637
0.116674938791937132798182119586
0.116765561341070731038449537209
0.116856279549416450236343223423
0.116947093571084057006537193502
0.117038003560461845165008298864
0.117129009672277364928483223139
0.117220112061550515991648069303
0.117311310883639038915582375466
0.117402606294197450753635791898
0.117493998449151107466015275804
0.117585487504776237122072757302
0.117677073617682662054484410419
0.117768756944740329850596083361
0.117860537643171101040984183328
0.117952415870486507221137628676
0.118044391784552143986886107996
0.118136465543476093520425251882
0.11822863730577062857385328698
0.118320907230206065485766941947
0.118413275475912058154470685167
0.118505742202260899720300812987
0.118598307569048475040851542417
0.118690971736333930608431330711
0.118783734864485304716374969303
0.118876597114212279038270025922
0.118969558646551509806243984713
0.119062619622857315815345202736
0.119155780204810268774195947117
0.119249040554394947211136468468
0.119342400833963302453355481703
0.11943586120615222456731174816
0.119529421833953916620707502716
0.119623082880658829219022720736
0.119716844509927769490964521992
0.119810706885711465430333078075
0.119904670172295835239850703147
0.119998734534329964951382407889
0.12009290013676260366892734055
0.120187167144902712356824281414
0.120281535724336460790873104543
0.120376006041033309368337711476
0.120470578261305930056757063085
0.120565252551762758237430261943
0.120660029079365821447211715167
0.120754908011436221104695221129
0.12084988951557770753275633524
0.120944973759797180790087622881
0.121040160912415359351079757744
0.121135451142039468619415742978
0.0514102043474155903646227727677
0.199944871417387814993560368748
0.194545607926829150491343511931
0.189138848760433159190696983387
0.183724583340257957564389812433
0.178302801110618469593305235321
0.172873491482240182470775380352
0.167436643845237292937966344653
0.161992247583529813681479936349
0.156540292060750291236459474931
0.151080766611286165801431025102
0.145613660561203311916145253235
0.140138963252030679385029543482
0.134656663938728521356935630138
0.129166751926413886364386485184
0.123669216448533916818952604899
0.118164046772884251401691813044
0.11265123209694813399828206002
0.107130761668634916228270981264
0.101602624628006760199028235547
0.0960668101989285705410992477482
0.0905233075015077354175119239699
0.0849721056849265798938120042294
0.0794131938770601952803929179936
0.073846561174557776019433674719
0.068272196662846298953475354665
0.0626900894077767611989315810206
0.0571002284713621605094502342581
0.0515026028841545080450003979422
0.0458972016604870039491181898939
0.0402840137814878956890041195038
0.0346630282551444873773149879526
0.0290342340425050297880726901667
0.0233976200632086787922769843817
0.0177531752726126958175090209124
0.012100888582128502268808745157
0.00644074886174694511559168930148
0.00077274498911730099028061236055
-0.00490313416074829137858426264529
-0.010586899768050496775662061566
-0.0162785629932079255188792643594
-0.0219781350674115132093344726627
-0.0276856271684849247760595858381
-0.0334010505504615529126510864444
-0.0391244164558839091494490958212
-0.0448557361646498634066837496448
-0.0505950209607869266781321471171
-0.0563422821395748660289193310291
-0.0620975310434541821758003266041
-0.0678607789984458642518205806482
-0.0736320373752015477908372531601
-0.0794113175527832587663468189021
-0.085198630922720758329447221513
-0.0909939889008894997601828436018
-0.0967974029276648662012405566202
-0.102608884451582185737272823189
-0.108428444948020979987646228437
-0.114256095897329629229588476846
-0.120091848811859011614266989909
-0.125935715234538420093102217834
-0.131787706679336202864050164862
-0.137647834738685831412752236247
-0.143516110978346739246447327787
-0.149392547003992071097400184954
-0.155277154442057391259268683825
-0.161169944917854135457702113854
-0.167070930105608278504192298897
-0.172980121675402442882329978602
-0.178897531322014496923955562124
-0.184823170751829995994697242168
-0.190757051713011688276466770731
-0.196699185949616911495141380328
-0.202649585232927587075124620242
3.08023804536991344526468864568e-11
0.296808969496094476880898582749
0.268446072390211787350722261181
0.206424729118756922208177684297
0.168916831696641650539802981257
0.143576084298860040533440951549
0.0879598988799222269996391787572
0.0600192879584348221166933967652
0.036136860956562669167091428335
0.00400859394797581716773926530095
-0.021521154372043053287777425453
-0.0484726475038579976417629779917
-0.0714310398238324345543404092496
-0.0815576195164480627353142949687
-0.0896370946385104117037911919397
-0.111334287838919868129927692735
-0.11699503673997167785270079321
-0.132205909056129777834343030918
-0.138933350085078954894157732269
-0.141322182516012972985919304847
-0.145009969167556707070332322473
-0.142075713069910708474807847779
-0.143873595166242984610960320424
-0.145273259326263726176620139086
-0.137920286516808376919840384289
-0.131567008198319818079724541349
-0.112118277138373967360962524253
-0.112617135706621240842650877312
-0.106723112980574699748537170763
-0.106048792143157891154636729425
-0.0990114103071035173142533380997
-0.0900891532954345847228339039248
-0.0694733023416995443266586107711
-0.0602223699139847606920383782381
-0.0511010841048806715991581484104
-0.0221965292208874467871915214801
-0.0277319184272826549375601246084
-0.0213300660854587598169729290021
0.00554455449020610936089470399679
0.00655893755914041531873692747467
0.0394826136285014658855452296393
0.0578903711894668826509757764143
0.0566849357713399351621497146425
0.0691372491376731901357999277025
0.0635871588234523388294405776833
0.0849996790838485061225782146721
0.100519746009203173042756418454
0.103607809255906693768345405715
0.105320046992047652856250294917
0.110731142466682544456268999511
0.134038568043254646688922093745
0.125593727352709044753353850865
0.14160939577417758217237064855
0.12747762801083292738546504097
0.133984833789597218567379854903
0.124466752419864559731088604622
0.129480980490551927930553688384
0.124053947599710598370670311397
0.117035230724689687242801028333
0.111225658488597084483373578223
0.103313175165023071744307969766
0.0737836960463631730267053399075
0.0714017094267468260815334701874
0.049141762296250869612723732871
0.0179640468155327533150700247688
-0.00699373147763614980837454382367
-0.0274306019461834811601352868138
-0.0725799128293533879485721627134
-0.0956346851483341475752553151324
-0.13440047038011129765244788814
-0.164119056647249850211522925747
-0.212716682485114300105166762478
-0.269222418143476027729832367186
