3
149.820456820419622090412303805
0.114274734759625642976921255922
0.114372332561149439578151998376
0.11447003897288977880553062505
0.114567854185773643216350592411
0.114665778391190575913327620583
0.114763811780866337164397350534
0.114861954547021777317539203978
0.114960206882221208091188202616
0.115058568979490793982023433273
0.115157041032224058407784639257
0.1152556232342822339909105267
0.115354315779908039862888813332
0.115453118863773226965285800816
0.11555203268096694846356342623
0.115651057426980855002973669343
0.115750193297765605060511973079
0.115849440489672175780277996182
0.115948799199450974795055913091
0.116048269624318453607791923332
0.116147851961888259886279683997
0.116247546410219559920307119683
0.116347353167765829584645587147
0.11644727243343085121285440664
0.116547304406556251343829444522
0.116647449286900156684154694631
0.116747707274654569098437661978
0.11684807857043598422475128018
0.116948563375290831567454574724
0.117049161890722216994298321424
0.117149874318660987548845753281
0.117250700861445511513636574819
0.117351641721906194137936552124
0.117452697103246767040829467987
0.117553867209174753294398385606
0.117655152243756902508131645391
0.117756552411608067520987219723
0.117858067917691683446079764508
0.117959698967473963771013245605
0.118061445766825048875325876452
0.11816330852207149182397927234
0.118265287440022348608437141593
0.1183673827278756141012650005
0.118469594593338875543331312201
0.118571923244517846152135120974
0.11867436889001342636973390654
0.11877693173883237254262468241
0.118879612000468079524573283834
0.118982409884867135207997534962
0.119085325602415456613947242204
0.119188359363960230674628348879
0.119291511380823792021210749681
0.119394781864772661639229056618
0.119498171028035254925825370265
0.119601679083290557414898103161
0.11970530624370341599149725198
0.119809052722876327456980050101
0.119912918734903034545524747045
0.120016904494313944584682474215
0.120121010216143075943762141833
0.120225236115843930884139467707
0.120329582409381949381632637142
0.120434049313200564057524388772
0.120538637044135824027968340033
0.120643345819604064228514062052
0.120748175857389838938615866937
0.120853127375864108361547266668
0.120958200593782691512068083739
0.121063395730413997375407575419
0.121168713005509479097021596772
0.121274152639275448195554929498
0.12137971485244605784892257816
0.121485399866193721774010327863
0.0260856162531067879706281331664
0.199987730454613044095424356783
0.194601363179519593060717852495
0.189207152058463362598317303309
0.183805085864361339442751841489
0.178395153351192131685465369628
0.172977343253640641895785279303
0.167551644310547254157484076131
0.162118045203320154667991914721
0.156676534628092917200703482195
0.151227101247452644372515351279
0.145769733704750659164517401223
0.140304420642864163815133338176
0.134831150667846982882380757474
0.129349912368944247598179231318
0.123860694326647008400854588217
0.118363485093350123689148745143
0.112858273208253034880499399151
0.107345047200334109405162053008
0.101823795565717412081596648932
0.0962945067900636275659564944363
0.0907571693288400788146574882376
0.0852117716445438128092249030487
0.079658302158224461586577547223
0.074096749281045301560588711709
0.0685271014014103008182843268514
0.0629493468979472614588388523771
0.0573634741109951898363483735466
0.0517694713916859797220304528764
0.0461673270534657953501067595425
0.0405570293843866419569721415428
0.0349385666742519432337310547609
0.0293119271807647623073744824751
0.0236770991399641757280125631269
0.0180340707816301765165079018516
0.0123828303060755252201774467835
0.0067233659049588632983240898966
0.00105566573131823221963487835495
-0.004620282060217942472768459794
-0.0103044893476763130962803316493
-0.0159969680106997746982244734681
-0.0216977299739101944786590081549
-0.0274067871555342783274067386401
-0.0331241515120831234164633372075
-0.0388498350113656507054393784983
-0.0445838496281092747097751782803
-0.0503262073865990075538512371622
-0.0560769203081439363001159392752
-0.0618360004248149353056618338087
-0.0676034598206781828233502551484
-0.0733793105660291572478470811802
-0.0791635647753028137696418298219
-0.0849562345552394709846666387421
-0.0907573320626232499241936579892
-0.0965668694609269490092273713344
-0.102384858917327292715526709799
-0.108211312647691779154079938507
-0.114046242871377948024935733429
-0.119889661822856860573516257773
-0.125741581761175058584711905496
-0.131602014974983971828947915128
-0.137470973765462356475097749353
-0.143348470445205100620711391457
-0.149234517358865614866658688697
-0.155129126863718824758109349204
-0.161032311340432693347324288879
-0.166944083189738218253594936868
-0.172864454828166119737531403189
-0.178793438703770207753862564459
-0.184731047267495618324772976848
-0.190677293010947684903655385824
-0.196632188427960652443715616755
-0.202595746028351425538360786049
2.46081390986014295150245455928e-11
0.309242528901937374641306632839
0.259287268692691919014237100782
0.211903131247456522068262074754
0.169549921758565924623241016889
0.130600396960912967792012295831
0.0906967665501653697024408984362
0.0631900312305701122861378848938
0.0337904823307459065140356813117
0.00223788654053328232504394001978
-0.0277210256545481203982461693158
-0.0465732019416739487227552274362
-0.0647193546226793592346382411051
-0.0813356305158227793628000767967
-0.0958614937340939443632947813967
-0.109085464378029545207127171125
-0.120116697234803088134569293288
-0.12747113888114630642078850542
-0.130283335276465239704890564099
-0.136362878001564546970314495411
-0.14371943107985485355015953246
-0.147429009537570987475874062511
-0.141897201712887249813732637449
-0.140146107842104211682610070966
-0.137403412213143921727365182051
-0.13170395223855013711045103264
-0.130990049980513029170836603043
-0.121912701681704427336683238536
-0.110914202279298240716443046949
-0.0993122903378092086734696408712
-0.0925667132344235588092828947993
-0.0856815435226872951224308394558
-0.0717674422948435669633582278948
-0.0612746769202926269692888183727
-0.0483509468453781343644237722401
-0.0347266512537536958804551545654
-0.0266187353770950575759801637332
-0.0114635930393574714952764637133
0.00756655823955370773759021574278
0.0172585454111475987415413868575
0.028932630073232136480587683991
0.044735205964145298429546215857
0.0555598523051792636540113790034
0.0648439997265766315814872200463
0.0774194617595652667674244185037
0.0868230606658227932470595078485
0.0946743584738888310781135260186
0.107526406085495074282931682319
0.114267470310658036947160098862
0.118019210097898549771677778608
0.126680584742827589961322587442
0.129190486221908817920933643109
0.133233249112194945817932989485
0.132023508377269976898915615493
0.133748937012204138774507100607
0.131684575325381525434664808927
0.129559438146271937997155987432
0.119548133742144513380623038756
0.114824963986889155842519016915
0.107759841813078099947986743246
0.0962695936192112800000586503302
0.0797669590555388219321741871681
0.0637949591280695116335408556552
0.0431897075818088102550085238818
0.0215216895403958219379347838185
-0.00353130694164393655123945769958
-0.0273239317500326012178035739453
-0.0624793434830766131193868773153
-0.0959730783405664394924983184865
-0.130501578413366514652693695098
-0.171921169707842158569377488675
-0.217014274507387333601471368638
-0.264721491355641547205124197717
