3
133.454589058863376749286544509
0.113938332399310407461179295296
0.114044885727294653676722191449
0.114151564628947155277671754448
0.114258369341851684364286256823
0.114365300104195599661949245274
0.114472357154688633706918210464
0.114579540732590579033001176867
0.114686851077702656187540242172
0.11479428843034751583918051665
0.114901853031428524687385106517
0.115009545122392115024112513311
0.115117364945214156746189360092
0.115225312742426963530384398382
0.115333388757132948576611397584
0.115441593232992856243868118327
0.115549926414180104128348602899
0.115658388545457915808079008002
0.115766979872178321642195442109
0.115875700640157772158822524489
0.11598455109588466649395144259
0.116093531486326159707367366991
0.116202642059061556079058163959
0.116311883062222010121189441634
0.116421254744480798248851272092
0.116530757355099684469124099451
0.11664039114393606744179976431
0.11675015636140238795004364647
0.116860053258415988453045031292
0.116970082086597232384761468893
0.117080243098019662340014690471
0.117190536545404441759465896666
0.117300962682018491967106399443
0.117411521761746906467038797928
0.11752221403900212082227483279
0.117633039768828551174806307245
0.117743999206817773206523725094
0.117855092609169875839114638438
0.117966320232668717138402314504
0.11807768233466284235610999076
0.118189179173138633749395864925
0.118300811006622097476537192051
0.118412578094268361450502879961
0.118524480695816433750700014116
0.118636519071597487662295122846
0.118748693482530448539691292353
0.118861004190174313066563627217
0.118973451456625814448564426584
0.119086035544635690519577053692
0.119198756717537879268320466508
0.119311615239278884237350553121
0.119424611374391906326586365594
0.11953774538805811422648162079
0.119651017546020574378040635111
0.119764428114667781377633559714
0.119877977360986431865086387916
0.1199916655525900405221406686
0.120105492957694209854579980856
0.120219459845145162923962800505
0.120333566484385340311646928058
0.120447813145504276088892936514
0.120562200099193772562244930668
0.120676727616795209652167386594
0.12079139597025850827449744429
0.120906205432134983279723883243
0.121021156275660346501865660684
0.121136248774669011418758657328
0.121251483203614687789162474019
0.121366859837594848192665608622
0.121482378952381203651711416569
0.121598040824317271679788632355
0.121713845730424444213646495427
0.121829793948368209077770529802
0.031776374259899611840474165092
0.200046163645608815473408981234
0.194671108817001475843611046912
0.189287905307086307127306668008
0.183896541317275813431919573304
0.178497005038369238594242460749
0.17308928462798198188998810565
0.167673368246640697165616984421
0.162249244016925864286804426229
0.156816900048907859055447033825
0.151376324434721709621953777969
0.145927505255085104840517828961
0.140470430547612656901890204608
0.135005088358995634090220505641
0.129531466705563119701238861126
0.124049553586632596569039321821
0.118559336967655248873398932119
0.113060804816661628069418554787
0.10755394507042172203004071207
0.10203874564708514949273876482
0.0965151944518793242222542971831
0.0909832793618044893824148289241
0.0854429882442580834744916273849
0.0798943089389749505624394032566
0.0743372292722914024265534749247
0.0687717370445376230403411454972
0.0631978200438439996489137229219
0.0576154660309415797558862948335
0.0520246627604933273292253659292
0.0464253979482952133794881888207
0.04081765930856975227447591692
0.035201434526235919619807646086
0.0295767112679842583689016066728
0.0239434771817283557904243451731
0.0183017198980081306769474025486
0.0126514270215507367012275352636
0.00699258613919222053734170430062
0.00132518482838146853947103309679
-0.00435078937077112721382166071749
-0.01003534892674639092402522067
-0.0157285063254678850186429883706
-0.021430274087680344780038055319
-0.0271406647387680693972455969742
-0.03285969082403217278454121697
-0.0385873649286947797976132790154
-0.0443236996284083681341137150866
-0.0500687075439295581347209918022
-0.0558224013062064775003712213675
-0.0615847935651769040621417161674
-0.0673558969918098965345976125718
-0.0731357242825682180020763212269
-0.0789242881438985272035679940927
-0.0847216013136573853348210150216
-0.0905276765441406644496780131703
-0.096342526604654976640773611507
-0.102166164297495185020459018688
-0.107998602430044526867547460824
-0.113839853838296659049866832447
-0.119689931387007397756150339774
-0.125548847937647450878628774262
-0.131416616401342778441829750591
-0.137293249693204444383809459396
-0.143178760744798516668652155204
-0.149073162523458563333278448226
-0.154976467999013323151302756742
-0.160888690181269111700856910829
-0.166809842091802357222363184519
-0.172739936769750496159403496677
-0.17867898727684999871101467761
-0.18462700670551562831533942699
-0.190584008154034006965460434913
-0.196550004758282159667004407311
-0.202525009654628218580540988114
4.30641080233044154847178384339e-11
0.306103801007583442572723697594
0.258544672838215083832125174013
0.211638363631317910629192624583
0.169968494962930122271771438136
0.13198782865156527543959441573
0.0955620217645060526789890786858
0.0605676964946862336769406454096
0.0325570315245448174690245934926
0.00238367649456276264191556535366
-0.0205845550448457877135144400427
-0.0471518645910970896073521885228
-0.0647874112166100524223821821579
-0.0795585066525831274830693473632
-0.098715880441279185708580712344
-0.10786888200285106587106298548
-0.119168469150448153026644604324
-0.130131281274987409268817373231
-0.134733214609773194192499090605
-0.138954193552336069394925743836
-0.141716711034548276115785370166
-0.141383377328604509237663933163
-0.144053541215265784591892384014
-0.140418854424456590601621996939
-0.138696250211360200266241804457
-0.13200629931122351279348947628
-0.126022753579592139416831741983
-0.121118726346101518442921474161
-0.113356561275137837641047156012
-0.104201977820018207299135326593
-0.093421899140519903959045677766
-0.0841973515435154584718446812985
-0.071075851481456356339982960435
-0.0586745912827478163786842912941
-0.0495000083126956938461837864907
-0.0354205479697328323718252818253
-0.0214595991392578511192112955541
-0.0104732841723011813744870224241
0.00353136362315500766662079712432
0.0155339672789053771795320102456
0.0271182507168628676719190906397
0.0434023285075149228839919146594
0.0515263496831924669439040087582
0.0625126305970292450719938415205
0.0762831471462919463721874535622
0.0870548286357147038660997395709
0.0949523810071631196860764134726
0.104868549953226780635517911833
0.114220469570640595358135271908
0.121468402922189647186179684013
0.12824077906774894453079127743
0.131680019287343741396512086794
0.13330843412325746322188990689
0.135475220794051220973841509476
0.135178843817786747960596471785
0.134338250035712342134175401043
0.129361495841514767546343023241
0.122813300540472736255281915874
0.116123199930685497283100460209
0.10467116540009381575604407999
0.093755401320085002270232621413
0.0786803253372871103099583933727
0.0621551163465353870285490245351
0.0416224996385513024144131577486
0.0235776883318472955941569324523
-0.00054728612021923887884927717451
-0.0322154207034777984031137521015
-0.0627139301293113127222511593573
-0.0952485908815875748079093909837
-0.131348911997514750105153780169
-0.172436967761772030893752116754
-0.216237583582708503548985845555
-0.263115740379244844593387142595
