3
394.902569257863092389015946537
0.114149972676006836169726454955
0.114250895230228494137136863174
0.11435193259483908412299513202
0.114453084977749058870344356365
0.11455435258722604374703735175
0.114655735632076871688411756622
0.114757234321522544329141624075
0.114858848865263166172390185693
0.114960579473461013688684317913
0.115062426356733735199888712941
0.11516438972614284619311320057
0.115266469793262188447968696892
0.115368666770092942464032148564
0.115470980869119152489865598454
0.115573412303272810008891724465
0.11567596128596993598769415712
0.115778628031093469563650444343
0.115881412753032014828491469416
0.115984315666572870839878817151
0.116087336987047151648511089661
0.11619047693019995959318180212
0.116293735712305584817372050566
0.116397113550101169443529158798
0.116500610660769943205394838515
0.116604227262012374866095854031
0.116707963572003775576391149116
0.116811819809378603096661208838
0.11691579619326440686588597373
0.117019892943312928124122151985
0.117124110279578072524309106939
0.117228448422672493212104427585
0.117332907593678301139128450359
0.117437488014156848903368768333
0.117542189906149022182724195318
0.117647013492200108730756369368
0.117751958995367680960164591397
0.117857026639179171545457336379
0.117962216647657450185882055393
0.118067529245333077692059475794
0.118172964657215454065131154948
0.118278523108827873788762019558
0.118384204826187749981514230058
0.118490010035837423085780528709
0.118595938964769540002741621265
0.118701991840525836185982200277
0.118808168891143123291342931225
0.118914470345149833607756306719
0.119020896431596648334938493008
0.119127447380037929103302474232
0.11923412342053300860822417917
0.119340924783665661146336844922
0.119447851700525381479778275207
0.119554904402686373865449809273
0.119662083122294995995993360793
0.119769388091972392440531791635
0.119876819544872420530978729403
0.119984377714651577195859033509
0.120092062835514587493257465667
0.120199875142150247597783163656
0.120307814869825321912877313935
0.120415882254252218364065640799
0.120524077531753801006964010867
0.120632400939135964179627080739
0.120740852713714652555410111745
0.120849433093350111523278656023
0.120958142316470146360174453548
0.121066980621986425292746503146
0.121175948249347964491562379408
0.121285045438572686160583202764
0.12139427243018711954913868567
0.121503629465249271546234410835
0.121613116785379393736121755865
0.0780663271606729797236212675671
0.200007848523152370612265826821
0.19462580863406045428298796196
0.189235808219052253908998295628
0.183837835832675405844938154587
0.178431880017536487192941763169
0.173017929281606142044580565198
0.167595972127973058540817419271
0.162165997043286824741414875461
0.156727992482856959277626174298
0.151281946894866098363152673301
0.145827848703692086740346667284
0.140365686321678118098077447939
0.134895448118192096131906509981
0.129417122486070623743614760315
0.123930697766546485394378862566
0.118436162301759573267645464512
0.112933504390439296005688163405
0.107422712341586665263371003221
0.101903774426634383121204052713
0.096376678908309657001218795358
0.0908414140153491478368863454307
0.0852979679828729658863650797684
0.079746328998577101221378882201
0.0741864852581168993106430775697
0.0686184249189790013145895386515
0.0630421361284830283899793812452
0.0574576070154745668916440592966
0.0518648256752589909002182366748
0.046263780206512984671807231507
0.0406544586809843150332355321552
0.0350368491378174815031876221383
0.0294109396195554595454524360321
0.0237767181197642910039924402099
0.0181341726490102557456385312662
0.0124832911799529905350070180248
0.0068240616565934698878326258864
0.00115647201368836052663702229637
-0.00451948982156524271813768933725
-0.0102038359649141222029733455656
-0.0158965785429155126440292633561
-0.0215977296829093015628764362646
-0.0273073015618772486912124719538
-0.03302530635408017223308974053
-0.0387517562683185184946310641863
-0.0444866635159631845786165627032
-0.0502300403490406402462475909942
-0.0559818990171445443615461101672
-0.0617422518151580432266278819498
-0.0675111110293283162020472332188
-0.0732884889843110065577036493778
-0.0790743980191734446849594064588
-0.0848688504936945670165115984673
-0.090671858788279643959207021453
-0.0964834353014993595376580515222
-0.102303592456543565591964295436
-0.108132342682423859825391332379
-0.113969698452856246784214988566
-0.119815672232154432630402141058
-0.125670276526768681657486581571
-0.131533523865276363862264474847
-0.137405426766883415057307615825
-0.143285997817102633833385993967
-0.149175249574312190903313535273
-0.155073194647381867872226735017
-0.160979845663530601873603131935
-0.16689521525209624619456860728
-0.172819316079623169768453294637
-0.178752160831028239496021114974
-0.184693762205594746994563593034
-0.190644132929467940984480378575
-0.196603285740386823920999859183
-0.202571233407704665019366530032
8.54836844533042869221923849125e-11
0.307947841095436436464893859011
0.257329740901017955945206949764
0.209869946103523996594475420352
0.168135761576234832315179801299
0.130930357221205495577009969566
0.0942269664763734637880077116279
0.0617998481835965035591229366219
0.0321514844749834563519819141675
0.00215311833147658433437743319416
-0.0218057865259925313938804691816
-0.0423350239651214266256573637293
-0.0621120918971726776458552876647
-0.0814237430439427312123257252097
-0.0948414023575571141222440019192
-0.105776595297098333081642351772
-0.120692113406431267286222919211
-0.127209903513243349770789336617
-0.132709435645130852110540331523
-0.141488941677438639921149388101
-0.142464236898873969350276524892
-0.144923933116026470990789221105
-0.142944919939141101838941949609
-0.143267654510793956967873441499
-0.138801348083795406118667870032
-0.135811439915422466073735563441
-0.125554943912852379206412933854
-0.122042665638200056865692033625
-0.114741501163525744244608972622
-0.102261179511473468406457243418
-0.0964685400589285202421763187886
-0.084517956931338220072369438185
-0.0680300070692439889930014373931
-0.0607143780549149608694037283385
-0.0469851897894092568330748349581
-0.0331685335911639442296738877758
-0.0220076581542472775321339639731
-0.0101801718016341878614294813588
0.000793694152444247174628400021135
0.0196910533590454600583186106633
0.0307496117281626200889999012134
0.042100730907992586771193543882
0.0517625848288905329730447135717
0.062006325964553007934476624996
0.0742689715713800574503622442535
0.0881473130229209478336827032763
0.0973504998555620726374826290339
0.105876951610452255114758202126
0.110805891027053460273776863687
0.119377214645760468259005904201
0.129520980556625697754924431138
0.134042371652466935083580779065
0.133589057935952049138705888254
0.131370618757755436289968997698
0.135131889517315084692228310814
0.131573424119274418053748831881
0.130832220027828932673585882185
0.123886330003693242995943535334
0.113270093616421471671706910911
0.106515756950379250622695792572
0.0967263075195717997312172542479
0.0778680065099431606423507901127
0.0639224010082284632705551530307
0.0435682352559818714121675498063
0.025084262079308316389925082035
-0.00650270593265509649905098399358
-0.0327238724351764445619217269723
-0.0583446839751640897175910538408
-0.0947150827893030872184354507226
-0.133563448008866048066778375869
-0.176010250038372784153750671976
-0.214712736954004917988569900444
-0.262475374360792212957704805376
