3
245.121508344020099912086152472
0.114614133957869415714192484756
0.114702666100255382120032265902
0.11479129055924028324220387276
0.114880007482366097715242858612
0.11496881701745918780144251059
0.115057719312629078145526762
0.115146714516315917808952917767
0.115235802777175919131558146091
0.115324984244268999300508937722
0.115414259066886334959001203515
0.115503627394575383857677763899
0.115593089377272514872707631639
0.115682645165160732925180298025
0.115772294908729186935225641264
0.115862038758784716141470028106
0.115951876866371095253782641521
0.116041809382911254022729963253
0.116131836460087373152916256913
0.116221958249885529146361307085
0.11631217490459290486715104862
0.11640248657684698629921626889
0.116492893419506235441751584858
0.116583395585800997373837617488
0.116673993229222366929676013569
0.1167646865036224834710765208
0.116855475563088354040708338744
0.116946360562085613366001268787
0.117037341655331250667160247758
0.117128418997875183293899681303
0.117219592745103781683546628756
0.117310863052662750494192778206
0.117402230076524116686442766877
0.117493693973010973619075514307
0.11758525489868508484558873306
0.11767691301049564012171089189
0.117768668465700956926589526574
0.11786052142177526336208615021
0.117952472036640790276074142184
0.118044520468459479545231261
0.118136666875712587065905267991
0.118228911417215823420612252903
0.11832125425210242297691110025
0.118413695539818217272731715184
0.118506235440148668947024646059
0.11859887411317307503999529672
0.118691611719297152038876674851
0.118784448419259711093864950726
0.118877384374102335051759382623
0.118970419745215882922906303065
0.119063554694302783931725286948
0.119156789383388278524833481242
0.119250123974815991356734912188
0.119343558631291105087690596065
0.119437093515799591658677059058
0.119530728791667137378418317439
0.119624464622576059946723603389
0.119718301172505856011518687865
0.119812238605794624257683267388
0.119906277087089160882094063254
0.120000416781369065311046995248
0.12009465785394944636887970546
0.120189000470483059457293961714
0.12028344479696988222894304954
0.120377990999714579167800820869
0.120472639245370244376331925196
0.120567389700924190720776607577
0.120662242533726302151642073568
0.120757197911435479320552133231
0.120852256002040303606293036864
0.120947416973908955517558183601
0.121042680995701174007095346496
0.121138048236462445017558309246
0.0274291022752291280273340134954
0.199945108767312140773952933159
0.194545947801782997954589404799
0.189139288381733605692858191105
0.18372511994498028076172602141
0.178303431903655218437876328608
0.172874213687083971846547569839
0.167437454660937540262821698889
0.161993144217120049743741105885
0.156541271715556318255835321906
0.151081826463082075084898292516
0.145614797829062031508939867308
0.140140175071609279777717915749
0.134657947517758252997666090778
0.129168104417129919747608823855
0.123670635029239417423951863384
0.118165528590352841842303632802
0.112652774312349587826354024855
0.107132361415477703192600245075
0.101604279072659647864540488627
0.0960685164559147014573525780179
0.0905250627003225810662812023111
0.084973906960601253146592171106
0.0794150383510214413762540175412
0.0738484459570156875907187554731
0.0682741188499608187001399528526
0.0626920461230763143012367777374
0.0571022168049168943326776570757
0.0515046199211093222447566120081
0.0458992444856177808643060700433
0.0402860794890829154724087857176
0.034665113905867753207878934063
0.0290363367014795405174343301269
0.023399736809716697311101185619
0.0177553031520252015129646139258
0.0121030246438034883721401868684
0.00644289015593954572658219603909
0.000774888553575616497066935739468
-0.00490099128632791748022556888031
-0.0105847605542009302881378829397
-0.0162764304463887295171264923965
-0.0219760121387745019361226184174
-0.0276835168525872594991188435642
-0.0333989558458124488615759162258
-0.0391223403687779858195483484451
-0.0448536816836106050354615604192
-0.0505929911120457445616871439142
-0.0563402799467389164833619474848
-0.062095559516703327518349908587
-0.0678588411735611546360402712708
-0.0736301362876082970965185836576
-0.0794094562370382534011170605481
-0.0851968124362113138348107099773
-0.0909922162978249321474422117717
-0.0967956792554021394625607399576
-0.102607212785995424719764912425
-0.108426828343767961415622380628
-0.114254537460658306402550010716
-0.120090351606022507913174024452
-0.125934282350052439980458984792
-0.131786341211625690483799644426
-0.137646539787918964492519080522
-0.143514889639022813483393292699
-0.149391402409289913988388320831
-0.155276089706411102309147054257
-0.161168963179337570990057315612
-0.16707003446491325293621343917
-0.172979315290799517956799036256
-0.178896817321156864633024952127
-0.184822552296346226397005807485
-0.19075653195705549736160833163
-0.196698768041393023953133933901
-0.202649272353414344749467090878
1.57034608164824516475023005633e-11
0.3117531902035564628228314632
0.262122137777558994464754960063
0.211598478854186422548622203976
0.155453127496416793063005457043
0.130440134037067279049182388917
0.0935783463485613670185259138634
0.0697374997945044566849404077402
0.0287648783170338581682834444564
0.00433193994555021531095428954927
-0.0143462037077342185326100931775
-0.044514133622454148120350936324
-0.0707926860599940310780908703236
-0.0773277828477140216634211355995
-0.0901931359275266741892806976466
-0.113041681455897338737237589612
-0.123382084622439644472358111216
-0.126025190381981955223267277688
-0.145936825324222779753924328361
-0.136830626800564569833795758313
-0.146672512604174021255687421217
-0.151569365105464093357312549415
-0.15363642643358685346832714913
-0.141478104039665986135787534295
-0.145681562193183983255906355225
-0.132163474725999374737028801974
-0.123560667915166899621937091069
-0.111803058982886782679599946277
-0.114837367980201082717783833687
-0.108431116980556851991934763646
-0.0921342773199825965102505165305
-0.0861729066802391641122227383676
-0.0552414351065055458933628074192
-0.0309813458457679768986992030477
-0.0562210464688278135914067945578
-0.0294479464440606693298452256613
-0.0230306096390800046913582832531
-0.00259355654749388866639470130337
0.00593189875779299210373229911397
0.0132771285132853491400828360725
0.0307453138004858475551550611726
0.0523780204250702124957328464916
0.0535458470195780550371367212392
0.0586111475387109323587075948581
0.0856189482118852873693271021693
0.0865523097329965324098210999182
0.0894509745493882457711976030623
0.0938929243570967575482910660867
0.0949610363920436184592688277917
0.118317885192056368448554337647
0.123102835717565584072730189291
0.131960196935389628691837060614
0.128012524960549572972112741809
0.13255948048707219544262159161
0.133825336188720223074000159613
0.142858182129829397455367256953
0.130702754287542438627056640144
0.122964059440310455317835192091
0.115788010202864527498078928147
0.0953375535707761262438353355719
0.101768656854089714625111184887
0.0812973143915235590961643197261
0.0699604692768155678184172074907
0.0460119508492401949051320286799
0.0272763330773120662997577312581
-0.018624009255420150704685156029
-0.0287620576304174202508789903732
-0.0585376283227523122598690008545
-0.0951669805812161567759588365334
-0.136419535889787030269459933152
-0.181217978433623028156063128336
-0.212937142543530216753921990858
-0.254734496173365798643573043591
