3
39.4867909957873024495711433701
0.114766150944841133219043172176
0.114850612125838996702142935646
0.11493515861378239550916191547
0.11501979053815475362299025619
0.115104508028644303418985828102
0.11518931121524464411542965081
0.115274200228147855051830106277
0.115359175197802879542230414245
0.115444236254933399465905097259
0.115529383530456983275591653637
0.115614617155604573750515839947
0.115699937261808327715328914564
0.115785343980772656435895839877
0.115870837444430122009642047942
0.115956417785010396093170470522
0.116042085134932929091355902074
0.116127839626926729343914246328
0.116213681393922144136077179155
0.116299610569141675942006486366
0.116385627286044138206655418344
0.116471731678342335647435845658
0.116557923880017164086630998554
0.116644204025258102497275558562
0.116730572248600575346877405991
0.116817028684757046042008710174
0.116903573468716534544675766938
0.116990206735727159115256768018
0.117076928621326861734708302265
0.117163739261260099744355045459
0.117250638791548331130165649938
0.117337627348505446622795034273
0.117424705068662385554212335137
0.117511872088843227768251153975
0.11759912854609266830152591865
0.117686474577775992966799378792
0.117773910321460020811379365568
0.117861435915045512090593149424
0.117949051496606047151338714229
0.118036757204552159028487778869
0.11812455317753998984553476248
0.118212439554485043702314328584
0.118300416474559869084437480069
0.118388484077222660983963464787
0.118476642502215193109016411199
0.118564891889500756416708782126
0.11865323237932012823137029045
0.118741664112223602178808334884
0.118830187228999920034944182134
0.118918801870708523704678327704
0.119007508178680859733944430445
0.119096306294541140480269802993
0.11918519636016300378145160721
0.119274178517678949851266168025
0.119363252909537947976659211236
0.119452419678419199944308104477
0.119541678967320721960199136902
0.119631030919469374951269458052
0.119720475678407725639296188547
0.119810013387933456119327502165
0.119899644192119472774216148991
0.119989368235314419752768344551
0.120079185662177012616780302778
0.120169096617599072129856097035
0.120259101246783156602404574187
0.120349199695206826588034232373
0.120439392108629944599940131411
0.12052967863306020268598928169
0.12062005941484243987105173801
0.120710534600555627338103192869
0.120801104337109735387123521377
0.120891768771655985781343645158
0.120982528051636076260599850229
0.00337779409865378906635546840675
0.199933582008185922740395312758
0.194528055774159408519707881169
0.189115203147388638571513297393
0.18369501391922535282752448893
0.178267477822544095911183603675
0.172832584644046105548653713413
0.167390324082927838267309539333
0.161940685875470530286079906546
0.156483659721413204124473850243
0.151019235275297425413754126566
0.145547402232269473820736038761
0.140068150233371740975840680221
0.134581468905957762904890273603
0.129087347877966523990167502234
0.123585776741061886818684456557
0.118076745071971037082114719396
0.112560242449144018439532999309
0.107036258427976538332160316713
0.101504782526183723323498497848
0.0959658042701981850441939059237
0.0904193131697277191483053115917
0.0848652986781580770392352519593
0.0793037503012604533259022332459
0.0737346574492031836545180567555
0.0681580095793556661742940150361
0.0625737960937865350663500407791
0.0569820064087501881866515418551
0.0513826298924154739600211883044
0.0457756559113133149052643489085
0.0401610738255791660522575625691
0.0345388729565714938662956967619
0.0289090426007602672997531811916
0.0232715720960624122826132520458
0.0176264506824382535810080696592
0.0119736676399716541335793706935
0.00631321221784282658046061342816
0.000645073638466026055837687636085
-0.00503075888815701557227333395872
-0.0107142961797149910418980311988
-0.0164055490430830980264076401909
-0.0221045283222201550954455484543
-0.0278112448649937837874546175954
-0.0335257095765820467558882000958
-0.0392479333394954235658680374854
-0.0449779270537276690267169954041
-0.0507157016551597825126940222162
-0.0564612680904891320321503656032
-0.0622146373225248502936146621778
-0.0679758203310451836198780029008
-0.0737448281131049404590882545563
-0.0795216716855883104519975290714
-0.0853063621038477049030035459509
-0.0910989103851317233440099130348
-0.0968993276224750649250339051832
-0.102707624900608279761016206066
-0.108523813320489395661816445227
-0.114347904005069458954757521951
-0.120179908103635518790142100443
-0.126019836771611881687249479
-0.131867701177297930170695394736
-0.137723512533257042012024840005
-0.143587282038161290209643539129
-0.149459020927718261306793579024
-0.155338740453603435520690823068
-0.161226451879112081533307332393
-0.167122166504140412524037628828
-0.173025895620540964836564512552
-0.178937650545841125948598460127
-0.184857442647671427193856175109
-0.190785283252922127639195082338
-0.196721183736272897668584391795
-0.202665155537185670553412819572
1.46788357358214078432535440632e-12
0.299445013031090445654314180501
0.256545723704541095422371199675
0.221906726319585662077216170474
0.165812354240538556426898253449
0.139647512275611757059934348035
0.0848069440066235719077880617078
0.0674407467319620423928938635072
0.0157240594059127603010495022318
-0.00127436988709842533885885362821
-0.00807486416689318087236415522057
-0.0311212018547373479859796674418
-0.0696199498735293187401396153291
-0.0879510810116443664252727785424
-0.0966862880944272251593218925336
-0.098048098637702252311498796189
-0.128371011391792022582336585401
-0.128190878286003728803166268335
-0.136652119045359288218577376028
-0.145617708233305304110771771775
-0.151131471230952912909728524937
-0.135616455275771069510781785539
-0.147850922413651497677733459568
-0.144025849505911351933207242837
-0.133058886158370887065061083376
-0.127510177563363941155571978925
-0.127426797227357169184358554048
-0.105100769334534049903595587239
-0.114307039422944151096928067091
-0.0925328976240150230525571828366
-0.0985346889567275951993252647299
-0.0779046318449842234432622944951
-0.0733343126998703687124958605636
-0.0731552699917869808654558028138
-0.0649092946261819042641505461688
-0.0383841180138415685729746940069
-0.0198746298879284091776220577685
0.00230905850060147141769584244742
0.00852020993020470920886744181644
0.0132383422625461169563898522483
0.0282212849800800719135551730687
0.0527533383951227577424170078757
0.0686908993111089993810480791581
0.0562745469707153014859990491914
0.0734809660634981182125713417008
0.0857708728988519075731034035925
0.0757272458397299508270350543171
0.11183520810961737612654331997
0.115127736079272277591734052749
0.108930019882434683808902775581
0.13113087202186593516195500797
0.128971112886198696623196724431
0.137148678144659558197915316669
0.132995654971287874390739602859
0.147978656519557938420206255614
0.141448013545124734458013904259
0.131016670585125505343881968656
0.114281267250614326780322471677
0.115196321810825369480468793881
0.0969796539779773231204629269087
0.0917078699906041239220400029808
0.0753951433185850311557985037325
0.0605991702175628782489624768459
0.0373719213143910086727395025719
0.020770061546683846881444779342
0.00913455981918824370946463631071
-0.0359030095562282575150092611693
-0.0409207482212989304137806811923
-0.107599331517131399649223055803
-0.126903145967209252109597628078
-0.168498723786728449303140564552
-0.224544622744895783217344842342
-0.263659569944695026944003757308
