3
445.735742955005719068140024319
0.114066576456869600564303368628
0.114169719164574287595392831918
0.114272980887531752647312544013
0.114376361845224039370805257931
0.114479862257549497295272544761
0.114583482344927156670877366196
0.114687222328263269122139433875
0.114791082428961035977188487323
0.114895062868906508435351554454
0.114999163870470391679567967458
0.115103385656543572013177367808
0.115207728450528706920508170697
0.115312192476284228193073033708
0.115416777958199073816913937662
0.115521485121121619821238368786
0.115626314190467774367654385514
0.115731265392095702959629477391
0.115836338952417919334614282434
0.11594153509832276494062597294
0.116046854057205356403059681725
0.116152296056973303173265321675
0.116257861326066719298566454199
0.116363550093410650365655101268
0.11646936258843448852573487784
0.116575299041121960286204739532
0.116681359681916563264536534916
0.116787544741828314132092714317
0.116893854452369577723302995764
0.11700028904555605235859871982
0.117106848753929307371812740257
0.117213533810551689962053956151
0.117320344449032498701512849948
0.117427280903461633831952326545
0.117534343408512154116607462129
0.117641532199318193940840160394
0.117748847511588677905436384208
0.117856289581533824062375970243
0.11796385864591328596073793733
0.118071554942026202272842283492
0.118179378707669799353219275417
0.118287330181209821011734106833
0.118395409601522005882401344934
0.118503617208055272991273909611
0.118611953240760431560474330581
0.118720417940136171996989844502
0.11882901154722667891316945088
0.118937734303636744037646622019
0.119046586451489577740403547068
0.119155568233451594761795888644
0.119264679892769689950604572459
0.119373921673207691873663804927
0.119483293819091868082082896763
0.119592796575281462567730272895
0.119702430187200878353159794187
0.119812194900844479206192261245
0.119922090962740257591434556161
0.120032118619954761284951416656
0.12014227812017505558905838825
0.120252569711579951339253113929
0.120362993642968513219315696006
0.120473550163625459097360703709
0.120584239523467112720211957821
0.120695061972962633389805375828
0.120806017763119402652627343286
0.120917107145521979250091249014
0.121028330372335846121245594986
0.121139687696312212117355500141
0.121251179370733083717759370757
0.121362805649475907765477700195
0.121474566787010671009561235678
0.121586463038348260856658100693
0.121698494659084402447213335563
0.0951928739089270559148303618713
0.20002236377868459760165364969
0.194643125932029398272860021279
0.18925585206141271044089080533
0.183860530567578672744843970577
0.178457149859213792808532161871
0.173045698298857714148013542399
0.167626164253254605895904205681
0.162198536051634728538672902687
0.15676280202707187916288944507
0.15131895047073948279425792407
0.145866969675535668171661995984
0.140406847899046727246030741298
0.134938573390306848498454428409
0.12946213437449277661173141496
0.123977519055039051010247419526
0.118484715637649756780902521314
0.11298371228043814495922703145
0.107474497128956500424656894666
0.101957058328939462188422737654
0.0964313839867044220177660918125
0.0908974622074094351642514766354
0.0853552810535865014163192654451
0.0798048285920038846796842335607
0.0742460928539875192333497011532
0.0686790618642337952204357520714
0.0631037236224642611448487627968
0.0575200661009897112885269621074
0.0519280772606659918322336011443
0.0463277450572251864313599867273
0.0407190573964254509675697590865
0.0351020021922837516248350198111
0.0294765673344317344350962173394
0.0238427406714480684402079901929
0.0182005100541252559653848663856
0.0125498633163165437820474323871
0.00689078825185894441179845770762
0.00122327266005324520811714528179
-0.00445269569643667092323502387785
-0.0101371290824507041816726626848
-0.0158300397534218151296414589524
-0.021531440004999614218350600936
-0.027241342157772994309050673678
-0.032959758530150339017605887193
-0.0386867014827318167480285637794
-0.0444221833872565016743116927955
-0.0501662166258973751808980523492
-0.0559188136136934965669809116662
-0.0616799867826460582187486636485
-0.0674497485788812661811064685935
-0.0732281114837099733616554431137
-0.0790150879701707886670902780679
-0.0848106905634043450881165426836
-0.0906149317876173004959738932484
-0.0964278241983088091338061076385
-0.102249380356982902395834855724
-0.108079612865207175254056437552
-0.113918534326296769232378380821
-0.119766157384152291398571321679
-0.125622494672273737892354006362
-0.13148755887796009789170170734
-0.137361362692788674388921776881
-0.143243918821615329184382403582
-0.149135240007410962981282409601
-0.15503533899318003297373991245
-0.160944228562520996739237943984
-0.16686192150761425256888514923
-0.172788430644494811483369289817
-0.17872376881612517252051475225
-0.184667948867995035389100166867
-0.190620983687017880869873920346
-0.196582886170227039146496395006
-0.202553669229202454316052239847
1.13307737978153481945498833103e-10
0.306112513347616244097082471853
0.25713906121849439134763315451
0.21406223358130024858603235316
0.169743271613436191858070856142
0.132653058516333216543259254649
0.0949685004349258704570146960577
0.0591555396513664261126663745927
0.0286359683317608006147825250309
0.0026236936778525252710048132343
-0.0206881767685516762544928326406
-0.0441118882227928207906408886174
-0.0675235691493448059175008779675
-0.0822385524985809190923191636102
-0.0958295618209615701621473249361
-0.110618714095874690062082379427
-0.117439934559670111635654166093
-0.124890851564014304653227327435
-0.133706473184976720736116817534
-0.136117355069776679865611868081
-0.142516061830811557875620110281
-0.143923808286799764788455036069
-0.137552517059348455852330062044
-0.143473363620387373007503128974
-0.139160402586382792033958821776
-0.134190583968609250531400789441
-0.126222673153911002508209548978
-0.120960497122866592056844581293
-0.110876306316610648283749185339
-0.10627869752514512713403860289
-0.0970385000379529460978744737076
-0.0825520077145986269639976740109
-0.0726789294193589674453193083536
-0.0612487466446004352738086140562
-0.0440361384320366450184636164522
-0.0341774740037748755994151395043
-0.0201085063065734037657250610209
-0.0111004540684790341253940226807
0.00304803907038672574486559696538
0.0135404248006237241247484703877
0.0254594561802510901959983868892
0.0456612127922773405885870090515
0.0547710388833004338526855292457
0.0617594036224828404901820988471
0.0742858957246298745591417400647
0.0834578199878757837071319158895
0.0971786156246216142884364330712
0.109845111629188141311175286319
0.114180926089066006601235869766
0.116153389930529593598862447834
0.125236216705294334250453403001
0.128941704418051111824539134432
0.135713683819133706931481242464
0.13626772340909995562263645752
0.13271990228421937096925375954
0.13183154594293489125789164973
0.126122853545287544330122386782
0.123696933581016327297064094637
0.1190945340682587338942965971
0.104954883084307087903752631064
0.0935790078923638551922081774137
0.0803580388784329580076359889063
0.0655053995648414294494799037238
0.0458189728396104362095897499785
0.0226612292534530204712872603068
-0.000807366449699186100423531353698
-0.0297469468350082082153118534507
-0.0609697986474419389990586637396
-0.0953414222018042767370360479617
-0.130656862005531088088972069272
-0.171817737007464277354529258446
-0.219385585465030674701125690262
-0.266901848616974191052975129423
