3
121.912292232339837028121110052
0.114379399929787115008927855797
0.114474205368288520223707394052
0.114569114301123944898996853681
0.114664126905439062165115160496
0.114759243358747903274164059439
0.114854463838945944353930883608
0.114949788524261825584105167763
0.115045217593351248308586320945
0.115140751225204063246110308683
0.11523638959923122870865341838
0.115332132895159297780729446004
0.115427981293147838282031614199
0.115523934973716810303834279239
0.11561999411774206980574319914
0.115716158906536123462949205987
0.11581242952173431692841631957
0.11590880614537729664803578089
0.116005288959910718427082088056
0.116101878148125073342278312793
0.116198573893206175133840929448
0.116295376378772866154953646856
0.11639228578876816000420291175
0.116489302307546796488857410168
0.116586426119865513295614789513
0.11668365741085608144889107507
0.116780996366039460654384640748
0.116878443171353874063811417727
0.116975998013081325388462516912
0.117073661077937624108713521309
0.117171432553050555713802793889
0.11726931262586651194546050192
0.117367301484315442183792299602
0.117465399316654853234531685757
0.117563606311602217302514361563
0.117661922658209391889805317533
0.117760348546009654957522627683
0.117858884164842955821761449897
0.117957529705022642896317108807
0.118056285357237097932703306924
0.118155151312579989597573160154
0.118254127762585231620207082415
0.118353214899104455803957591797
0.118452412914494611961835346392
0.118551722001478884727099227803
0.118651142353161292986030161956
0.118750674163112163173039448338
0.118850317625248558250916630641
0.1189500729339932894035314348
0.119049940284071273377541899663
0.119149919870697992840824497307
0.119250011889488430338879254577
0.119350216536442760295599896381
0.119450534008011255426850993899
0.11955096450104527039393076393
0.119651508212837431877062499552
0.119752165341067001724795204609
0.119852936083854222371058995122
0.119953820639745106779727734647
0.120054819207705026906651823992
0.120155931987107791880653451244
0.120257159177762293356117595522
0.120358500979919819107166745198
0.120459957594227715094170605425
0.120561529221798177657909434402
0.120663216064135478400309864355
0.120765018323206310690842713029
0.120866936201368360692676162671
0.120968969901456793736294059727
0.121071119626720721806911740259
0.121173385580816167506057468017
0.121275767967895478638418182982
0.121378266992491989917368755414
0.0188437980825275352980696652594
0.199972517275119360258273104591
0.194582378929394422817367171774
0.18918449846919405121781210255
0.183778864870914410145630313309
0.178365467086167739374502616556
0.172944294044860502612692698676
0.167515334661619746947636144796
0.162078577841008097948360955343
0.156634012461269594984614172972
0.15118162737707280252053010372
0.145721411440846243534608106529
0.140253353475521980175955150116
0.134777442293398413974969685114
0.12929366667525271639149764269
0.123802015401346013345751373436
0.118302477236668854287948704496
0.112795040903163515388918369808
0.107279695128906102374877207239
0.101756428609125953999026137353
0.0962252300234584939664372882362
0.0906860880394320945097064168294
0.0851389913197600073369031292714
0.0795839284644746791652636375147
0.0740208881016491820892255759645
0.0684498588209467712095701585895
0.0628708291955307196907654088136
0.0572837877751649834912051062474
0.0516887230970079561420682523476
0.046085623689386005785717514982
0.0404744780458081085394717035797
0.0348552746463084636707741026385
0.0292280019630888968085180579237
0.0235926484210025703969204613486
0.017949202468043837233047099744
0.0122976524957254477327106556572
0.00663798689847789648299514198015
0.00097019405188747387912273634214
-0.00470573770479614482409314035749
-0.010389820029870247899972390826
-0.0160820646183812178409144877378
-0.0217824831573391747285839414872
-0.0274910873837055334811818596563
-0.0332078890448399277612878677246
-0.038932899882810692582246758775
-0.0446661317071648175658360457874
-0.0504075962978193931052217635624
-0.0561573054726183101825753851699
-0.0619152710780331502760098771887
-0.0676815049602661616967580471282
-0.0734560190071863461369616743468
-0.0792388251067226434543044888414
-0.0850299351720306961777140486447
-0.0908293611385411897574115869247
-0.0966371149554771519119000799947
-0.102453208599118855692822194214
-0.108277654066387382658653848466
-0.114110463349776106167787759205
-0.119951648498631185946194932512
-0.125801221552429953742802126726
-0.131659194573931326299742750052
-0.137525579668151987089430576816
-0.143400388928591332460271701166
-0.149283634486951144459965235001
-0.155175328491795300189792783385
-0.1610754831114134533187609577
-0.166984110523775042267402568541
-0.172901222950065547312448188677
-0.178826832604074892341117219985
-0.184760951732539702163649053546
-0.1907035926111917134573303656
-0.196654767499860938517741715259
-0.20261448873941820258970381019
1.56588885690630465790645889357e-11
0.307579482775437895725190173835
0.25285023178324667059158059601
0.211290856880159166886201660418
0.171254961379379178065818223331
0.13029999235685602032575047815
0.0958433775682775573878657837668
0.0647988765396836918775136382465
0.0258001605397989511314627009142
0.0074623569562550940564849000225
-0.0247038496989322939323407979373
-0.0456099821224565313282361955771
-0.0658972997984288710870970362521
-0.0800432903662063183203301264257
-0.0874070568737254360858202062445
-0.106169223910622473328047021823
-0.115283573216327123178714941787
-0.127602686796402603475186765536
-0.139817032318371892163355596495
-0.137670231889842287209546611848
-0.141445837230451426647093171596
-0.149708372495379188338304743411
-0.145258349004747044919128029505
-0.1442366310933634598878683164
-0.137988987850972605331278941776
-0.138721287170454066206559673446
-0.129620941762997654578271067294
-0.117757234309839670105546360901
-0.11457700532097739309911332839
-0.0981069512032282514679693008475
-0.0960792841256385421466745810903
-0.074831738142703871363714540621
-0.0649692268991483717899271255192
-0.0642416575836119996267825627001
-0.0487550243618647960452960887778
-0.0370181029182827456280868716476
-0.0224533626007012050707078998357
-0.0114957510456046383545691824679
0.00428590021263016308222804084949
0.011700454243088992400956271922
0.0283147501120741343361153496971
0.0411838748007477759016659035751
0.0570257239286333997285716179704
0.0645390424957628661140063286439
0.07825535662063963504575525576
0.0898618632252650567648899482265
0.0967674135350405362210324256012
0.102997378375098050384828241022
0.108052372581721428668188877964
0.123998362171892848038190493298
0.124364903873604382145146018956
0.129513723594785606918478038097
0.131157483386090734089890474934
0.135413998267087082316706414531
0.132170378226726642489907703748
0.135162640799210836961563586556
0.131969658959590147029317108718
0.122281678734234899863508871931
0.121226335976367768920702872038
0.105054210942371661907657198753
0.094101494379199193685003876908
0.0831217811986671994972653010336
0.0657458737788688685199645078683
0.0343801776954804697017387127289
0.0261799986358466803271216605253
-0.00397659607945416004176619750865
-0.0300682385010041380857259696313
-0.0614075285514293148225739571444
-0.0948538860991964827285016781389
-0.136061525717981607330742122031
-0.175751208388697427453806199082
-0.216206745721999243903255205623
-0.260166115676208176132888638676
