2
23.8250395641884864517123787664
0
0
0
0
0
0.706591935064000975508236024325
-1.05518217385493622334979187234e-16
0.707621252721051918754824328062
0
0
0
0
0
0
0
0
0
0
0
0
0
0
0
0
0
0
0
0
0
0
0
0
0
0
0
0
0
0
0
0
0
0
0
0
0
0
0
0
0
0
0
0
0
0
0
0
0
0
0
0
0
0
0
0
0
0
0
0
0
0
0
0
4.63358311501071903079976288531e-06
0
0
0
0
0
0.707621252721052029777126790577
5.41766225127092597206292875247e-10
-0.706591935064000864485933561809
0
0
0
0
0
0
0
0
0
0
0
0
0
0
0
0
0
0
0
0
0
0
0
0
0
0
0
0
0
0
0
0
0
0
0
0
0
0
0
0
0
0
0
0
0
0
0
0
0
0
0
0
0
0
0
0
0
0
0
0
0
0
0
0
