3
11.2960623694521693494152714266
0.114532921404618889815729687598
0.114623625687483784996167912595
0.114714426106789613157843632507
0.114805322820068694822381871745
0.114896315985192287723037907199
0.11498740576037287663968555762
0.115078592304112312105779381
0.115169875775255670102836802471
0.115261256332952741199271429196
0.115352734136688839239326398456
0.115444309346246748448905350415
0.115535982121777736075785014691
0.115627752623715690516448262315
0.115719621012860054976023604922
0.115811587450277392319364366813
0.115903652097438664148043585556
0.115995815116072611972164452254
0.116088076668273171287992795442
0.116180436916491269805362662737
0.11627289602343376939685981597
0.116365454152189823355811881811
0.116458111466193586780448754325
0.116550868129151413699062800333
0.116643724305175500166598112628
0.116736680158652073036051888266
0.116829735854334620936967326088
0.116922891557309269194853129648
0.117016147432997860700076842022
0.117109503647130838710488376364
0.117202960365821146071496627883
0.117296517755502677227141816729
0.117390175982946751154223363756
0.117483935215267648599635208484
0.117577795619887709444029155748
0.117671757364652088129197693434
0.117765820617666286396207908638
0.117859985547430060059959089358
0.117954252322764033267255001647
0.118048621112820009693145095753
0.118143092087141590718069039667
0.118237665415573831029227847011
0.118332341268366919573296058843
0.118427119816031573007464317016
0.118522001229491080742661779368
0.118616985680017689164245098254
0.118712073339226897861209408802
0.118807264379053797997976005263
0.118902558971845304092163075893
0.118997957290251588080565170458
0.119093459507293747412504103522
0.119189065796358448223735138072
0.119284776331166672558303787355
0.119380591285826620495669203592
0.119476510834757257417670928135
0.119572535152792522317177770219
0.119668664415074205153999287177
0.119764898797151131404348234355
0.119861238474895021033361786067
0.11995768362453819444457536747
0.120054234422729291797971029609
0.120150891046407928830497269246
0.120247653672921117617988784332
0.120344522479963855765561220323
0.120441497645626199863855276817
0.120538579348327110074556856034
0.120635767766878843065825321901
0.120733063080447608483858346062
0.120830465468572137432978763627
0.12092797511115591091446219707
0.121025592188507377655604102529
0.12112331688125434203673336242
0.121221149370436140357831789061
0.00142826729041246663562403362846
0.199953417392822685449971231719
0.194557476726686356949258538407
0.18915395061167131207646718849
0.183742828301705601878879292599
0.178324099073156272510232156492
0.172897752135665605521808174672
0.167463776732244412626116059073
0.162022162062589125675060586218
0.156572897289926848962693384237
0.151115971603455551131034440004
0.145651374151622936548022835268
0.1401790940625919912321251104
0.134699120444754433245648783668
0.129211442409976423606465800731
0.123716049037226799578448321881
0.118212929381369638570653535226
0.112702072497565614073167239439
0.107183467404327145700015933016
0.101657103125844985869186132277
0.0961229686410781242189571571544
0.0905810529445863626962776038454
0.0850313449701650958534315805082
0.0794738336697078801007521065003
0.0739085079710033177047279195904
0.06833535676987613494137718817
0.0627543689621540001777333372956
0.0571655334037705006866580959013
0.0515688389559238249959527422561
0.0459642744518709567280723149452
0.0403518287092959684891901872561
0.0347314905171100460345989802136
0.029103248663565794290830623936
0.023467091901043773266577474601
0.0178230089834014969463193978072
0.0121709886281033997923461953405
0.00651101954386161790172549146405
0.000843090418499374267928547777018
-0.0048328100705980550633178438602
-0.010516693276762703601612258808
-0.0162085705587789036252743812838
-0.0219084533152751961826432136604
-0.0276163529304582627821318396855
-0.0333322808438925310969835891228
-0.0390562484724448558126574937432
-0.0447882672886270385981255515162
-0.0505283487636902922668369342318
-0.0562765043965034600370600514907
-0.0620327456922503128744494915736
-0.0677970841915022937040902206718
-0.0735695314319582543971520749437
-0.0793500989918734800365740511552
-0.0851387984542110037855522364225
-0.0909356414308023774939471195466
-0.0967406395443998340377689260094
-0.102553804429675557430279297932
-0.108375147758853998536388019147
-0.114204681212356010111541593233
-0.120042416483899891388453795571
-0.125888365296461218756363109605
-0.131742539388221530094469358119
-0.137604950518440877216264084382
-0.143475610450381568794497866293
-0.14935453099461909465262010599
-0.155241723956974081444215585179
-0.161137201166309085298422587584
-0.167040974492820570862505746845
-0.172953055788932746894559500106
-0.178873456947055059496065609892
-0.184802189877271177964601633903
-0.190739266526793099787440155524
-0.196684698831329357604502661161
-0.202638498744600797918380408191
9.52167934763100875055528349161e-13
0.306466610233410541308529673188
0.253991189913372106268241168436
0.212854323194969607957460766556
0.16993618974661839349238334762
0.137845954199108333693146732912
0.0900682251245344123180558426611
0.0615654293017896953044143515399
0.0293278804977488184724254693947
0.0069714706454533474644374990703
-0.0180236415472355727962483484816
-0.0392403683792662064111489428342
-0.0695842211675990751640341613893
-0.0790292092217400182763142879594
-0.098834795690051199801295922498
-0.108427521317773875586532028592
-0.127071028910058420047235472339
-0.130001781461434401387933235128
-0.135298351731174715251171392083
-0.143130328169003090410527079257
-0.14572995962132612168815626319
-0.142614043579893629010157951598
-0.146274430050233855693520013119
-0.142942927346189935233766732381
-0.130606884775251341768154134115
-0.131634233572687442404003377305
-0.129905723236009629228959738612
-0.122354325973519487136265126992
-0.111966763691265652758133342104
-0.0992160158842977507598348552165
-0.0934482004559109569186148291919
-0.0810162937777312575082788725922
-0.0660875962352473200756008964163
-0.0543846433624029859665860442419
-0.0436052368496100961614558855217
-0.0351293925406520810006405497461
-0.0241673091787193011770185080422
-0.00753859161404535436240559320709
0.00298093910587574582871095429937
0.0111068614576864434229097611251
0.0283194447034549323660712616402
0.046019823273308599342890090611
0.0486787521838860925971204096641
0.0668970088619895153492223016656
0.0737709115871760801042000821326
0.0777651657879981222931675688415
0.094488083035544456755872033682
0.101189682254394994198598567436
0.111998091332494997818258752886
0.122135014735216207437673574532
0.124278606656284817955082644403
0.134146364679058271995870654791
0.133429618043862996401571763272
0.140366796925249198713103737646
0.133616725849658585234536190001
0.136816732236595017813129970818
0.133599157944137264530937159179
0.129398651837072165005082524658
0.119306547873612556198708034572
0.104032755879229610318503773669
0.0868281308601276669012491993271
0.082677745611516029189402843258
0.0683085987294466262520487020993
0.0354966683444191133389722381253
0.0175399729653319819133727719418
-0.000391692741662307648484175892634
-0.0392942149125388717756379719503
-0.0649594497608062815263707534541
-0.0934776366140030734452892602349
-0.14080400216013636005563114395
-0.163298519035243533403800597625
-0.211005436731235701541820048988
-0.263682243831144302870228557367
