2
594.986249709981166233774274588
0.115005152899149101775044812257
0.115083199727782969912226462839
0.115161321235215663438822275566
0.115239517524611631560382818407
0.115317788699296958077056274306
0.115396134862744470517270656273
0.115474556118657617487244237964
0.115553052570889117078856145326
0.115631624323497925188597434953
0.115710271480681470279705536086
0.115788994146842419419307645967
0.115867792426581073250702047517
0.115946666424654648563929981719
0.116025616246013818511073623085
0.116104641995803073428739082829
0.116183743779321238531743176736
0.116262921702096830300909857669
0.116342175869764932749639285703
0.116421506388242376739405870012
0.116500913363525651633700874754
0.116580396901902375028647895761
0.11665995710978119270784247874
0.116739594093758197734800319267
0.116819307960648113842161421871
0.116899098817403901406919430883
0.116978966771213152564534709654
0.117058911929421735620415745416
0.117138934399602032132570172962
0.117219034289449713925890250721
0.117299211706901010399128892914
0.11737946676005225898897776915
0.11745979955721712328919892343
0.117540210206893813715822716404
0.117620698817721552886794711412
0.117701265498604240589131109118
0.117781910358577768249688233482
0.117862633506913436209906365093
0.117943435053035991511016788991
0.118024315106588659207709213206
0.118105273777391897582766944197
0.118186311175490874059157420106
0.11826742741106285872199066489
0.118348622594534491625495320477
0.118429896836494644163373379797
0.118511250247742089269920029437
0.118592682939281976461920464772
0.118674195022284434397619179435
0.118755786608141594706822274929
0.118837457808401672498810341949
0.118919208734880182953830285442
0.119001039499516264585921021535
0.119082950214488073048535454745
0.119164940992165388489176791609
0.119247011945092323825790003866
0.119329163186064388102458622143
0.119411394828022987546489730448
0.119493706984112546543030930479
0.119576099767724194911089341531
0.119658573292397263365671733482
0.119741127671889935335514110193
0.119823763020187129546556548121
0.11990647945143589891969782002
0.119989277079994891006542445666
0.120072156020455525493595416719
0.120155116387546959111354283323
0.120238158296306171801681728084
0.120321281861841281046743290517
0.120404487199566936905803515856
0.120487774425065988226357660551
0.120571143654143397849765051433
0.120654595002767234257490258642
0.120738128587162221738715572883
0.0282086747042504248916827691573
0.199929342237688656425120825588
0.19451264883308772013492671249
0.18908893120704539647647379752
0.183658179750405547991931598517
0.178220384882273957805054465098
0.172775536913476301936753998234
0.167323626184237572722679487924
0.161864643061670115953276649634
0.156398577814424288856542943904
0.150925420773177665356712395806
0.145445162181608633744644976105
0.139957792335748121281824296602
0.134463301480197028325846986263
0.128961679870462919694773518131
0.123452917681563120733123639639
0.117937005161462604707622858768
0.112413932446523784358660691396
0.106883689758637892563974958193
0.10134626724887756121784576635
0.0958016550505783742730514518371
0.0902498432793134991447558945765
0.0846908220580455950443621304657
0.0791245814726937585215083004186
0.0735511116237198142586706239854
0.0679704025528052035998172186737
0.062382444333271100389559649102
0.0567872269668237283912759494342
0.0511847405018475698490476588631
0.0455749749001763265754405551888
0.0399579201570849779079352970257
0.0343335662843559236145907220816
0.0287019031774213666252659749034
0.0230629208187359338588784396507
0.0174166090979915033631897358646
0.0117629579492678961599727571752
0.00610195721798576038580330660466
0.000433596806047539492286885254302
-0.00524213342751052562701330472805
-0.0109252436428496774167840044356
-0.0166157440366376946139226333798
-0.022313644771327093008217445913
-0.028018956065430512814007357747
-0.0337316881441546284614574346961
-0.0394518512576836968830384932971
-0.0451794556682700021443821469802
-0.0509145116424066790372648938501
-0.0566570294306319582888775698848
-0.0624070193966516709171976629023
-0.0681644918182136155815342704045
-0.0739294570888803376229603259162
-0.0797019254937111065739685500375
-0.0854819074525498684424817952276
-0.0912694133498526405379180914679
-0.0970644535978818362442765987907
-0.102867038572778013438835387205
-0.108677178751945865964323445496
-0.114494884585455786174534864585
-0.120320166547690024505534722721
-0.126153035118841710948700551853
-0.131993500803734786774867870918
-0.137841574134336120049937335352
-0.143697265633244863902717725068
-0.149560585892365677240789523239
-0.155431545423594774657516381922
-0.16131015486371977352142437212
-0.167196424812141752891392343372
-0.173090365890398445447573294587
-0.178991988719996025780645254599
-0.184901303992327598058054149988
-0.190818322341853807699862954905
-0.196743054505424924682799314724
-0.20267551115340706746614785061
