3
489.10446214347979321246384643
0.114530015711226673680300791602
0.114620797676621435923216552055
0.114711675916073327363697842429
0.114802650587463417330980064435
0.114893721849058466633053399164
0.114984889859411423818080777437
0.115076154777393191430689967092
0.115167516762207280955898625052
0.115258975973394378611303068283
0.115350532570766786677474158296
0.115442186714539055114592258633
0.115533938565175520185590585243
0.115625788283516398036177008635
0.115717736030688841952773771027
0.115809781968220851244844027406
0.115901926257860277136302329382
0.115994169061793467312426741955
0.116086510542439194648700606649
0.116178950862627361484413768267
0.116271490185471143563589180303
0.116364128674435213239846120814
0.11645686649329832496047032464
0.116549703806195670274803433131
0.116642640777575121169284955158
0.116735677572249785249880460469
0.116828814355356372378658136313
0.116922051292333170624537785898
0.11701538854900452035767699499
0.11710882629149768630050232332
0.117202364686310692154513901642
0.11729600390027879186494175201
0.117389744100540552307343489247
0.117483585454594252617255278892
0.11757752813031782657127166658
0.117671572295876131208913761839
0.117765718119810958164350722654
0.11785996577099415449918495824
0.117954315418669963833053770941
0.11804876723238538760440974329
0.118143321382065832891861134613
0.118237978037973645584202131431
0.118332737370728496850702526899
0.118427599551291395929553118549
0.118522564750976791558834122498
0.118617633141433198584735464465
0.118712804894712045666871347294
0.11880808018315949792231833726
0.118903459179479378815535994818
0.118998942056789583365805640369
0.11909452898849860746910422904
0.119190220148399222965807098262
0.119286015710629120234465005979
0.119381915849705644294687090223
0.119477920740493182005792505151
0.119574030558212029973219614476
0.119670245478429304597511872998
0.119766565677102060361036706126
0.119862991330513368737342716486
0.119959522615355751451460264434
0.120056159708652812612150739824
0.120152902787804466422372229317
0.12024975203055808525842707013
0.120346707615064912877400615798
0.120443769719790261252256868829
0.120540938523626531275745321636
0.120638214205774460530129488234
0.120735596945845499727845151483
0.120833086923832919157284493394
0.120930684320062417635988083475
0.121028389315241541313028506011
0.12112620209046590091794826094
0.12122412282720566867322276039
0.0620989010070080657555102732204
0.199953739288264653595206254977
0.194557911776198716458097237592
0.18915449575574214136075568149
0.183743480474059611706749706173
0.178324855213424060540461368873
0.172898609176478867954784846006
0.167464731585167420080395572768
0.162023211626975111032678000811
0.156574038494913414520937067209
0.151117201349861451920020272155
0.145652689325472428638619248886
0.140180491551068042710426198028
0.134700597146916623003676249937
0.129212995198474261959731279603
0.123717674783900249968482398799
0.118214624938758838812447038435
0.112703834739213137883240278825
0.107185293185218161182703511258
0.101658989283190212549179420876
0.0961249120257938738376424225862
0.090583050379059934509307083772
0.0850333932908383244297922942678
0.0794759297132345554626198236292
0.0739106485442604793645315908179
0.0683375386797061001864506124548
0.0627565890145457272453199948359
0.0571677884012968332005932836637
0.0515711256928676753386042719285
0.0459665897103451667748963416216
0.0403541692647366168067435410194
0.0347338531537205036370252742017
0.0291056301396171897277742601773
0.023469488978320147271050544191
0.0178254184214703646771393863446
0.0121734071665039831483534626955
0.00651344393574489373410774106787
0.000845517400191441023324379067105
-0.00483038377367543247248304894015
-0.010514270940341911148019349298
-0.0162061554646983699279338964061
-0.0219060487494829175814103905395
-0.0276139621967290728454802462011
-0.0333299072275784896701722459511
-0.0390538952996462226940899142846
-0.0447859378640629163248476629633
-0.0505260464146724194711701727556
-0.0562742324431762044878446715757
-0.0620305074763726690956211484718
-0.0677948830399217328146477257178
-0.073567370697220565989304930099
-0.0793479820307725347561245143879
-0.0851367286266961342811043778056
-0.0909336221004614364549212268685
-0.0967386740788898774612292186248
-0.1025518962085533031247663871
-0.108373300167705272079032852162
-0.114202897643617268252924645822
-0.120040700333130093135913796232
-0.125886719968805876890272088531
-0.131740968303951822004904670393
-0.137603457083276786709902239636
-0.143474198090007665218337251645
-0.149353203139784812547574688324
-0.155240484049495003349150579197
-0.161136052655315165083038664307
-0.167039920809205322260737602846
-0.172952100399286434750933949545
-0.178872603321003686982493263713
-0.184801441487592005286089147376
-0.190738626837778368905418346912
-0.196684171326190537776312794449
-0.2026380869280260121900738568
4.13123213362113594100748261415e-11
0.304926402337642232787118246051
0.257331334658491117650669366412
0.21200116084626755008635257127
0.167887030765722977676546179282
0.137567480791253804461859999719
0.0987158405105309777471944698846
0.0656811431299450937393302751843
0.032575361536263620909625871036
-0.00304969903089156741532450567433
-0.0225273924984569044738247356463
-0.051724775320902721675864199824
-0.0768687804726254086951087174384
-0.0846242190295283108758539469818
-0.0985393988282041027870761240592
-0.103420293048937822488753113248
-0.114699242418842453639094003393
-0.127108166496645247356411800865
-0.136205729166396283247308929276
-0.141919714061964019613526488683
-0.137407874533166718400423178537
-0.145576875278393857993108895243
-0.136659828998550808565326519783
-0.133826862337950575065903535688
-0.136920483125644365518525091829
-0.134349921997604371259882327649
-0.119222520236260537407346760119
-0.118932020887723477464703591977
-0.103634498773335359533831478984
-0.106770244658286758698828577963
-0.0997505297149552661029048294949
-0.0935548235871921235462522759008
-0.0719109887376136736047982367381
-0.07586095420388591636928765638
-0.0419872449961064611589911521605
-0.0390155162419394269113226414447
-0.0236705441285928949723960101892
-0.0104196500616276725020847848668
0.00145529901812470178514014040871
0.0228956116866622823302623856989
0.0348393246627771713264110076125
0.0484888326472181219184420797319
0.0586089526873012148233677010012
0.0668616165595562195189671683693
0.0860526181757728103605131764198
0.081620528450226520478238967371
0.0910885589725927286020024098434
0.0988601871303984164329747841293
0.113817115124903694978186763365
0.122503981640312162304518039946
0.126339448390430375557258457775
0.125314140588450945168474959246
0.118381078137772557945517348799
0.138118265662580563812866785156
0.140017330916059667966777624315
0.132686707684198323953239651019
0.13793483646813306520151343193
0.122472331515395840839666163902
0.113443197348809504676481196839
0.100979079995487247556340548726
0.0900711129804417504063351884724
0.0774176684251815100390459178925
0.0653481940149842066567487108841
0.0549713773299476821110332025455
0.0179418528323234925669904527012
-0.00820685661915309012937047583591
-0.0269724778739016367301584153893
-0.0559606699033904156359575665647
-0.085930191093129104640269133597
-0.143829184622843692098470569363
-0.174561684469772215866356646075
-0.21648382992693462889555178208
-0.263068191476075741164208920964
