3
251.897571396923552811131230555
0.114018005935784288995549218271
0.114122440855446635743497552085
0.114226997261219279100608048338
0.114331675379389124946882816403
0.114436475436723458787291463068
0.11454139766052554016972919726
0.114646442278589666408095126826
0.114751609519222599886667524061
0.114856899611235019342814211996
0.114962312783983056085901353072
0.115067849267287664050130047144
0.11517350929156255912033657296
0.115279293087649378768411168039
0.115385200886993916080669464463
0.115491232921509576203611402434
0.11559738942363659286449717456
0.115703670626368201879152763922
0.115810076763186900472568652276
0.115916608068123871966292881552
0.1160232647757286905676465949
0.11613004712107176386037821203
0.116236955339788713970072819848
0.116343989667991282166426003641
0.116451150342385040259429729304
0.116558437600163863900881722202
0.116665851679063750645504171644
0.116773392817363597107060968483
0.116881061253896828544540653638
0.116988857228003270694038917554
0.11709678097962719633962080934
0.117204832749146822812313928353
0.117313012777574526834811763365
0.117421321306452400290432080965
0.117529758577835818922352473237
0.117638324834363428017525166069
0.117747020319198203441857231155
0.117855845276051376946391258116
0.117964799949205056961432092066
0.118073884583497226707926586187
0.118183099424290033452322745688
0.118292444717555317312829288312
0.118401920709744215565173419691
0.118511527647932324303070572569
0.118621265779726689504336434311
0.118731135353308592250698438875
0.118841136617409817710644404087
0.118951269821339869481313655797
0.119061535214966943141412514251
0.119171933048695985468690139442
0.119282463573565936099107887003
0.119393127041141106081667544458
0.119503923703560430147341264728
0.119614853813554480876923946653
0.119725917624368974334636561707
0.119837115389945500498747321672
0.119948447364674637416470659446
0.120059913803591392089664680043
0.120171514962337355747479250567
0.120283251097038801358252158025
0.120395122464498516290376528559
0.120507129322039330254767719453
0.120619271927662849441809100881
0.120731550539839971314393096691
0.120843965417713805621247047384
0.120956516820964976588470563001
0.121069205009896013747194842836
0.121182030245427591053086757711
0.121294992789027722412953380626
0.121408092902766065468433964725
0.121521330849357248049535940027
0.121634706892063057526165437139
0.12174822129473689136247571696
0.0561338842522418890457203133337
0.200031176385421394225971880587
0.194653539950689097315361664187
0.189267824347114532734792646806
0.183874017915681031709596027213
0.178472108960709779923448081718
0.173062085784249336528617391195
0.167643936658250475302267545885
0.162217649843586664282213405386
0.156783213579374219870388174058
0.151340616091288904243583601783
0.145889845579085797311336136772
0.14043089022438196011854927292
0.134963738193574378509964617479
0.129488377632119067150995306292
0.124004796666458083631567888006
0.118512983401296567720351049502
0.11301292593564467303668408249
0.107504612328558998846084193701
0.101988030637217771956493095331
0.0964631688931789077479095340095
0.0909300151122604538578286792472
0.0853885572820909516389420446103
0.0798387833796880830306008647312
0.0742806813558650608220190747488
0.068714239158055370748634516076
0.0631394447001709102629263270501
0.0575562858691375661690514675684
0.0519647505599673403819949157878
0.0463648266118161719862023062433
0.0407565018816870988649370133317
0.0351397641812518576887036658718
0.0295146013120729383549800672881
0.0238810010599245017837155558027
0.0182389511767065901071127598243
0.0125884394143139892452420980362
0.00692945349602426714785696759691
0.00126198111557414413205768788373
-0.00441399004309360378645044065138
-0.0100984723062778353891433269496
-0.0157914780379111337194064645928
-0.0214930196194481060167902342073
-0.0272031094334533596335035099401
-0.0329217599058302529124730995136
-0.0386489834708757459824646218749
-0.0443847925770028892134000386704
-0.0501291997148298196229632139875
-0.055882217358326671807766672373
-0.0616438580441752703720226236328
-0.0674141343016441824120832393419
-0.0731930586753224282636764996823
-0.0789806437533341065826419935547
-0.0847769021299937253210998733266
-0.090581846418727796077519087703
-0.0963954892591850215355364639436
-0.102217843305499475614617210795
-0.108048921237490602731412536741
-0.113888735751176986554789039019
-0.119737299558065640736614909656
-0.125594625409819443673242744808
-0.131460726059922816677527634965
-0.137335614283805057533882632015
-0.143219302884163846023568567034
-0.149111804680041121207167975626
-0.155013132516415380601770834801
-0.160923299250920665004471743487
-0.166842317769335141131037403284
-0.172770200968863252288798548761
-0.178706961785509405027383422748
-0.184652613153585082317320598122
-0.190607168037682572769853095451
-0.196570639430567073446809445159
-0.202543040340010110922364106045
7.01792303610925051817816322302e-11
0.308725568219346491183330272179
0.257170696478619786873309749353
0.214204044524138798033519037745
0.169851717607704316703731706184
0.13072862708450111446367714052
0.094281742738521148727848242288
0.0554210227618239723024196052847
0.0335093677658086508408530335146
0.000855770308668860057998983847938
-0.0199413463294618245602585204779
-0.0451711534825449817498466131838
-0.066646675546136610601699601375
-0.0802240237898060454257986862103
-0.0973284214053506263608639414997
-0.109271009411971278812991670293
-0.118573566092863458276696064786
-0.126093226692892607099238944102
-0.135358652660161338232569505635
-0.139653793639242712609771501775
-0.143043336118653746646955937649
-0.141498630776376504991631577468
-0.143185764995639230878765602029
-0.136875093541892922655023312473
-0.137690690800564174978148912487
-0.132814975753109104639193560615
-0.127980857291116550955578645699
-0.119759636676338820926446260273
-0.110606982225717520584851172316
-0.107251389672811447972833320819
-0.0918654631196584164909424430334
-0.0830845826095165662650288140867
-0.0740219246998299468254245425669
-0.0574296981073537105011439507507
-0.047221024257055876915956105222
-0.0352823589232586498631860649766
-0.0226533171491115833950935609664
-0.00980485296783964975497749350097
0.00265578572312521197021362162616
0.015953076894081937020519745829
0.0260085137602902062570198182812
0.0382625665727821112627182742472
0.051957522693925457801800149582
0.0648945697043182972985064793647
0.0787803604785738270654960047068
0.086131268599726806822758362614
0.096348379344615583952382564803
0.107200690691708233615031531372
0.111644676325540301298211431913
0.118024973910490105222237389171
0.126529508494485104508342487861
0.12901181123468868916503993205
0.135753546060181723431625755438
0.134721033281725355301716717804
0.134541023579960478118167088724
0.131351865635707221180439319141
0.130038170012881287851413958379
0.122956685685907146643458531798
0.116501680342910030052649972276
0.106723807315139695983674528179
0.0944271233072454668766582130957
0.0820360364518846751913372372655
0.0607504098802543954227495248688
0.0444602795658936150724471758622
0.0218824411451833608643902095992
-0.00301411969661661031591459725121
-0.0296181755637502548694772741555
-0.0607867446663285931895970293226
-0.0938324583774585857520733611636
-0.128340613652484059059588616947
-0.17333465775690118371166192901
-0.218361522522119960720843323543
-0.266625505066085455307955953685
