3
14.8537310937497952778585386113
0.113961560167269854160210229566
0.114067496066680595934172970374
0.114173556343673807123018093534
0.114279741232570564157811077166
0.114386050968160180030253059158
0.114492485785863656877481275842
0.114599045921516748403057306405
0.114705731611600858510513489819
0.114812543093026839247094983421
0.114919480603354634551394042319
0.115026544380589901273026498529
0.115133734663314127311117829322
0.115241051690650533889659357101
0.115348495702287723307932765238
0.115456066938424847800881423154
0.115563765639794202577661508258
0.115671592047728588603661137313
0.115779546404070718401690953669
0.115887628951203122684709967416
0.115995839932104036207327624197
0.116104179590273345890061307273
0.116212648169741653014774840358
0.116321245915157939210260451546
0.116429973071689618624446893591
0.116538829885015543519344305423
0.116647816601474774156343983122
0.116756933467914353341754463145
0.116866180731721114316457033055
0.116975558640875110238965817189
0.117085067443915946672206018775
0.117194707389961544352630085086
0.117304478728670211196138950527
0.117414381710292226035363682968
0.117524416585658125766755688346
0.117634583606114492826399953174
0.117744883023665966592652409872
0.117855315090809598110865863418
0.11796588006069869125624904882
0.118076578186970981843018080326
0.118187409723957942420113909066
0.118298374926459920475352305402
0.118409474049929019923155237848
0.1185207073503900393474097541
0.11863207508443650295415494611
0.118743577509244996326387422414
0.118855214882643292484409869303
0.118966987462920351092954263095
0.119078895509112686612596121449
0.119190939280741134420615878753
0.119303119037943494706865976696
0.119415435041473838584380473549
0.119527887552672337778680855536
0.119640476833469594497572074943
0.119753203146434977766077167871
0.119866066754664699067767230645
0.119979067921944987373805702191
0.120092206912607316060537243629
0.120205483991601594362386151715
0.120318899424497430250546869956
0.120432453477485101878130535624
0.120546146417323876698368678717
0.120659978511440307835655971758
0.120773950027836432519201537161
0.120888061235142049709700984295
0.121002312402594819351620003545
0.121116703800091665699234511067
0.121231235698084902074889157575
0.121345908367686980411370711863
0.121460722080651603582701625328
0.121575677109319130186904089896
0.121690773726654002939717713616
0.121806012206332650582574217424
0.00347061376138646949379706896366
0.20004172853483254135298352594
0.194665926688355334084334913314
0.189281996267918167786703520505
0.183889925520869385033861931333
0.178489702663728766474093845318
0.17308131591216641131936171405
0.167664753439657532307904830304
0.162240003420527245658888659818
0.156807053997708972792324289003
0.151365893304469645297416491303
0.145916509448070635945882145279
0.140458890518392248702994606901
0.134993024586685911314631880487
0.129518899714751278828828162659
0.124036503930371980186642133503
0.118545825246764463534177025394
0.113046851665324896152320377496
0.107539571168080869134620058958
0.10202397170323934671998244994
0.0965000412022871401074297637024
0.0909677676042935923206300685706
0.0854271387977050128403888606954
0.0798781426666855948193202152652
0.0743207670737651010517410554712
0.0687549998598298295338082652961
0.0631808288486505331693621201339
0.0575982418415020430702000453493
0.0520072266219337650539067396949
0.0464077709595548254517538566688
0.0407998625961183344901250791281
0.0351834892543084892801985574806
0.0295586386463214702280399848178
0.023925298456012045189567061243
0.0182834563407970815407388442964
0.0126330999668171402999794494804
0.00697421694573796026317413776496
0.0013067948881345708891238421856
-0.00436917861266246463497475716053
-0.0100537160030797455279039098741
-0.0157468297176801066972195997096
-0.0214485322394293055625613675375
-0.0271588360606463963264900485228
-0.0328777536828680841396455036829
-0.0386052976479500792317267610088
-0.0443414805133217487798091838158
-0.0500863148363967156107001699183
-0.0558398132112015929684467607785
-0.0616019882628866047302729214152
-0.0673728526173012071120993482509
-0.0731524189246718498091937021854
-0.0789406998623386063629325803959
-0.0847377081181800023701455870651
-0.0905434564121643387091253885046
-0.0963579574701539653958093367692
-0.1021812240617894357308514941
-0.108013268948037644001658463822
-0.113854104932739813582642796064
-0.119703744825803870543978746355
-0.12556220146400223769411752528
-0.131429487713573628360208545018
-0.13730561644344219107694016202
-0.143190600552627084196544160477
-0.149084452967713221305245951953
-0.154987186621267286623648828936
-0.160898814475259277489982423504
-0.166819349513144032925993087701
-0.172748804738058509000708795611
-0.178687193175616654272630512423
-0.184634527862084507621176499015
-0.190590821870612797672706051344
-0.196556088283390772986081174167
-0.202530340213146614614103668828
4.60366803127906823578332414712e-12
0.309958026721114887624963785129
0.25793826925948704076319017986
0.209950129621493120080089056501
0.170568564626675994722049267693
0.130756928687660561871908271314
0.0952191197627633711952910289256
0.0603151450562542726374637425124
0.0311287963157696120908290993157
0.0013124808289745742984067078396
-0.0197717601692927076595385216251
-0.0462410387244467854794827132991
-0.0641407569520916764904683304849
-0.0822419339514474240226959977917
-0.0979553250273566544770176278689
-0.109973733844178245266931526203
-0.118958526259840532968148352211
-0.129114690872655646369793203121
-0.134795553676059526315711423194
-0.140302557949282896698761646803
-0.141475475772282865971618548429
-0.143852454169711346798621320886
-0.13956439362476721899319898057
-0.140862255407901842962914429336
-0.138136657155471881397446054507
-0.130842237813281109248819689128
-0.125537802163339456962276585728
-0.119555179883528178708118616669
-0.111657482748228897850850671603
-0.101941381717027657050067546152
-0.0946697642205924783098680563853
-0.0843328576206818364413564381721
-0.0720792755358788811426151710293
-0.0598108094302644763273768546696
-0.0480064872537878176150805131783
-0.0411490781155566531790412909686
-0.0233280562891117482227087975843
-0.0100159794669309847037208527354
0.00316646583983788351690513707126
0.0192270763191198894304090316609
0.0289980588735910364828196605913
0.0412627645936517392644127255608
0.0562762281636686872987596075291
0.0691602420733804790220489167041
0.0739031441185381970937484652495
0.0873814534547979610001888772786
0.094242822089616803959977175964
0.106570398911609021119772933162
0.109697163924907220566851151489
0.118412847044186517186936669077
0.125609791876885118488971215811
0.128852353261066976397586358871
0.134135957784573517370674267113
0.132976313338721396917208039667
0.132574831376515184233610966658
0.132877237861732028223471502315
0.132196366698690309648966945133
0.122484418587995441685123410025
0.115078951207750565521870100838
0.105336335569393396704995780055
0.0941205609911289625690855586981
0.0818490074564703629089734704394
0.0635985135963839515182982609076
0.0466789870973567944112403438339
0.0217973082077997509786726482162
-0.00101268468155719720477647705081
-0.0295818744706708748604118142111
-0.0642849301642053339023163971433
-0.0937416391812096461144676595723
-0.131497439342200456158238353055
-0.172191088515094986588493952695
-0.218411074649635827960025835637
-0.264527997140193815717168490664
