2
74.5376615102856732164582354017
0.11503410680725463521856255511
0.115111375352957151507737876273
0.115188717324434780620023843767
0.115266132821884692560843177489
0.11534362194561084691279972958
0.115421184796104553393902847347
0.115498821474032314915447727799
0.115576532080230581778224063783
0.115654316715730523523752992787
0.115732175481701934915967910911
0.115810108479498213851499599514
0.115888115810680883410732633365
0.115966197576938517821432128585
0.116044353880171771664642221822
0.116122584822399468884590589823
0.116200890505907539207441914186
0.116279271033075129460065966214
0.116357726506511077735339654282
0.116436257028947984237809976094
0.116514862703371080421277383721
0.116593543632862686743045799176
0.116672299920750760504617460356
0.116751131670470936763095437527
0.116830038985707249099554871918
0.116909021970280788127460880332
0.116988080728214399739428586145
0.117067215363684168361046999962
0.1171464259810824637408899207
0.117225712684921823392159012656
0.117305075579966833210221466288
0.117384514771143144695741966643
0.117464030363500310238933366236
0.117543622462362537528512973495
0.117623291173162447531552743385
0.11770303660154804448190191124
0.117782858853339389426650996029
0.11786275803455938115948953282
0.117942734251387390531640164681
0.118022787610187446238896313844
0.118102918217543761958410186708
0.118183126180197897725498989985
0.118263411605057378039873583475
0.118343774599275267100928488162
0.11842421527012261806000026354
0.118504733725117397669102103919
0.118585330071892300352054405721
0.118666004418353718263823282086
0.118746756872540479288424819515
0.118827587542663204445148039667
0.118908496537183716590391213686
0.118989483964667658311142872662
0.119070549933979044632259558512
0.119151694554092177358306514634
0.119232917934177215513180669859
0.11931422018359966186196174931
0.119395601411940999181382494498
0.119477061728964023545884742816
0.119558601244600812285590052397
0.11964022006898296368593292982
0.119721918312471364842508592119
0.119803696085543143201590510216
0.119885553498950844786286040744
0.119967490663600351297191082267
0.12004950769057649850868330077
0.120131604691208732083040899852
0.120213781776953410052044546319
0.120296039059517093083861993819
0.120378376650774610023830746286
0.120460794662807013644112430484
0.120543293207897667107530992325
0.12062587239851307874261010511
0.120708532347302374687636472572
0.00321806968499455418528110151044
0.199930323421717709431177922852
0.19451215259544882285602795946
0.189086997549596930179305331876
0.183654848784197743949420100762
0.178215696744192575451393167896
0.172769531865178599394639036291
0.16731634458878646976032200655
0.161856125298114716937192270052
0.156388864388140175210040183629
0.150914552277397029378391835053
0.145433179262136169640484695265
0.139944735759551269760336822401
0.134449212073885798757189036223
0.128946598532571371498178791626
0.123436885400548992941516246447
0.117920063014468765039133302253
0.11239612161134472645418469483
0.106865051479342096363289726924
0.101326842813643389074051981424
0.095781485915136896358568208143
0.090228970912024128447903592587
0.0846692880792780239174177836503
0.0791024275312747771060628565465
0.0735283794503969329037218471967
0.0679471339954886704992631507594
0.0623586813070108811341007992723
0.0567630114811818881070948350498
0.0511601146206372495162106872613
0.0455499808261763464156679503958
0.0399326001525954904503024067708
0.0343079626701410372868750187081
0.0286760584107433533218589616354
0.0230368774030143830255923376171
0.0173904096203212933657855643332
0.0117366451233433012613094348353
0.0060755738309222389118002816133
0.000407185717515453802443220476803
-0.00526852928897529257379339640011
-0.0109515812437390672867687513303
-0.0166419802237339140016381122678
-0.0223397363699484076404733201571
-0.0280448597703815312442987561781
-0.0337573605471239227004964789103
-0.039477248936557150782444836068
-0.0452045350250764310651163668808
-0.0509392289940815423676667705877
-0.0566813410952997573377665219141
-0.0624308815333465549901603708349
-0.0681878605052950725884386429243
-0.0739522883185042140263831811353
-0.0797241752079961840671273876069
-0.0855035314284549458063722227052
-0.0912903673668097187521297541934
-0.0970846932236240772740032412003
-0.102886519412909133164291120011
-0.108695856265305201837634285766
-0.114512714135586016195311742649
-0.120337103426470928835279039504
-0.126169034491329906666479132582
-0.132008517785081269657609936985
-0.137855563732560804091065165267
-0.143710182780097284194198437035
-0.149572385380605299420864184867
-0.155442182060142652932910323216
-0.161319583254521836668260448278
-0.167204599507951828796237236929
-0.17309724137360976703448045555
-0.17899751937069435792082572334
-0.18490544406720102466046284917
-0.190821026035086965810805281762
-0.196744275904056187265211974591
-0.202675204284273574595331979253
