3
551.790760223155302810482680798
0.113567240164510446787105024669
0.113683639542297459934516723479
0.113800184079223098976285655226
0.113916874068162699007444871313
0.114033709802635857544217401482
0.114150691576924104286838712596
0.114267819685975782761921948349
0.114385094425458119782312849111
0.11450251609174902367449533358
0.114620084981910633215029804433
0.114737801393729452192893347728
0.114855665625728700640628687779
0.114973677977113428183564280971
0.115091838747821945121430076142
0.11521014823848066410683088634
0.115328606750497150712497784752
0.115447214585928506491718792404
0.115565972047610709960707708888
0.115684879439081483853968279618
0.115803937064601902839910962939
0.115923145229167801062430953607
0.116042504238505914115897610372
0.116162014399085342097883710721
0.116281676018103824477023522377
0.116401489403500785213552148889
0.116521454863925885692133022076
0.116641572708801308233539373305
0.116761843248288560426217941313
0.11688226679328198032159491504
0.117002843655437116510142914194
0.117123574147155379288065546461
0.11724445858155213562312724207
0.117365497272555144303574081732
0.117486690534823606801850814918
0.117608038683736829121961875444
0.117729542035487841356022897799
0.11785120090698816830432349434
0.117973015615949874956847054364
0.118094986480818162077888189287
0.118217113820807351309838395537
0.11833939795591298660415446875
0.118461839206928959411513346822
0.118584437895337638235737642844
0.118707194343459748742120041243
0.118830108874412643249485199703
0.118953181812043812248802510112
0.119076413480977513770220355127
0.119199804206671228223868297391
0.119323354315317001206331326557
0.119447064133932454033093506496
0.119570933990283054249026406524
0.119694964212980994866519779407
0.119819155131369065037105769989
0.119943507075615157786430131637
0.120068020376721415476417575974
0.120192695366416399394005054546
0.120317532377268901488953645185
0.120442531742661604332589320165
0.120567693796767586023044316335
0.120693018874578533727870421899
0.12081850731187679381939403811
0.120944159445281765319357702992
0.12106997561219563774859153682
0.121195956150869504908129670184
0.121322101400361953560391725659
0.121448411700535191526384437566
0.121574887392096098182037167135
0.121701528816574686131524174471
0.121828336316322907717513146508
0.121955310234519984091683397764
0.122082450915180565353956865238
0.122209758703157200798727899382
0.170714374228736087690805334205
0.200123388067130147938144091313
0.194759721559307430460705745645
0.189387600089397895031240182107
0.184007011308658235959612170518
0.178617942850862548853640987545
0.173220382327051669602013816984
0.167814317329964685088228293353
0.162399735437111142344335235066
0.156976624200621139859634922686
0.151544971155500779458336069183
0.146104763814192101234468168514
0.140655989676316400815991869422
0.135198636212226691588611515726
0.129732690882902762519179873379
0.124258141129745924846616844661
0.118774974352154533141501246973
0.113283177963608247540427953481
0.10778273933170888498889183893
0.102273645820255831839773463798
0.0967558847637171454136861825646
0.0912294434764094330780892505572
0.0856943092579418030929616634239
0.0801504693840081605671343822905
0.0745979111148827311872366863099
0.0690366216854268466285304839403
0.0634665883089894355961746441608
0.057887798192054092105696128101
0.052300238503094488573541553933
0.0467038964013832408328497081129
0.0410987590195283220007027580323
0.0354848134774571888350180870475
0.0298620468714595362069719186593
0.0242304462770020559436723317503
0.0185899987414175731081922293697
0.0129406913058736725702368985935
0.00728251098232764789569548824488
0.0016154447660134581277180387815
-0.00406052037224657966923979657281
-0.00974539748084506628200696098929
-0.0154391996231819112611605149255
-0.0211419398959419128913861385399
-0.0268536314010453490419561006775
-0.0325742872771094330031083075028
-0.0383039206713826352324048230003
-0.0440425447498400887691438754246
-0.0497901727139485397732876492682
-0.055546817770864884145076700861
-0.0613124931647297186088074738564
-0.0670872121401431265041992446641
-0.072870987977098178323132060541
-0.0786638339727900176567843004705
-0.0844657634489969361135663916684
-0.090276789742180355013978498846
-0.0960969262127295276165739323915
-0.101926186244022595750458037855
-0.107764583235022359808397141023
-0.113612130614882650414543263651
-0.119468841832112537826304787814
-0.125334730339820843436626773837
-0.131209809640628227711545150669
-0.137094093235917674489243722746
-0.142987594661155098529903284543
-0.148890327460622612365526151734
-0.15480230521695659273717637916
-0.160723541520440743601838562427
-0.166654049991496272520308252751
-0.172593844264897711138218028282
-0.178542938002821505172335037059
-0.184501344884701962145712172969
-0.190469078618656750823134871098
-0.196446152925249861720402577703
-0.202432581550204937492765111529
3.19181281364259929379029306624e-10
0.306190103932392043706300910344
0.257820795481810860483307124014
0.211979240832665588589733829394
0.169722131042364221542584346025
0.130488097250093110224256065521
0.094349177125883712524689883594
0.0617819009945161021213344554326
0.0313182792383821725912262934344
0.00449091048139917559806066904571
-0.0217747355326202221559306337895
-0.0429953651951973520040084508764
-0.06322371456848201176637047638
-0.0809864379303104897633858172412
-0.0954544856692437770906423111228
-0.108498912438956068848838754093
-0.118735951214008872423022467046
-0.128299359620711178608942759638
-0.134899025696313096256417907171
-0.139986157165755409348406601566
-0.142266644914711193337097938638
-0.144332390007149369282046791341
-0.142715087984577243540584845505
-0.142062306729190152010389169845
-0.137919887315929273752246331242
-0.133690164756417706470870143676
-0.127830054188523778435637723305
-0.120834631775624992688911163441
-0.112184520614629162915676374723
-0.102738272522817405962847203682
-0.0937543942668051660804806601845
-0.0837241356567631628271541899267
-0.0717661851359541191897051248816
-0.0612864143419566270720721945509
-0.0493641091811774443409710499964
-0.0355513074459242739422393242421
-0.0231241438516888164755869183864
-0.00982664166677841600938680954869
0.00365855959590460390329358375539
0.0163408512747490186622911778613
0.0280956634048422221328067394097
0.0411664667214257790073261844555
0.0531672162428928063437894024901
0.065604606870962922648971016315
0.0761452021781792165455726717482
0.08606653901587059396494083785
0.0971778170449384554041571959715
0.105144828745316554208244497204
0.112436706329879648746938869408
0.119654493266150449559681590017
0.126440923952037931332625930736
0.130713153152859001826513463129
0.132105740243231573050053384577
0.133762919829584353559326359573
0.135276379913458866255382417876
0.133304538844943198938608475146
0.129395137195731396717590655498
0.124273836411924798461825503182
0.11596390264377975931608943938
0.106482789232568916815147019861
0.0954296600184222909568632076116
0.0797179786464654871469548425011
0.0636861957125175737193245595336
0.0451789313284648094692919073623
0.0204943981193447984090472147045
-0.00347276335842856441124548716459
-0.0305379352129172727814410137626
-0.0609910623548788471959269941181
-0.0951532476012933031705998132566
-0.131794614055233821892088030836
-0.172624821507859183000732627988
-0.216028265732548158117865000349
-0.264542308880608423304892085071
