3
1397.53821122831823231535963714
0.114677317381340959645541488499
0.1147641583050200836391141479
0.114851088609245907679046183603
0.114938108433947930309138030225
0.11502521791929590233571900626
0.115112417205754227755853946746
0.115199706434050086478748653462
0.115287085745204506692651591493
0.115374555280480600716330741307
0.115462115181453384149534713288
0.115549765589938888132870431491
0.115637506648061286207429532169
0.115725338498213037308204320652
0.115813261283045323968288187189
0.115901275145501525543068055413
0.115989380228816621465348646325
0.116077576676496721508335951967
0.116165864632311821580401556275
0.116254244240322504588824870098
0.116342715644899521998389957389
0.116431278990657152694332410192
0.116519934422522619676954036549
0.116608682085656514826332852408
0.116697522125570926632143198276
0.116786454688025162496067821394
0.116875479919070712764295194575
0.116964597965029601378539325651
0.117053808972557807366321469544
0.117143113088523931342166406466
0.117232510460160185838951463211
0.117322001234955938797632768456
0.117411585560659781357628617116
0.117501263585387455412600843374
0.117591035457453654822224109466
0.117680901325522890843444656639
0.117770861338542906504578411386
0.117860915645751851421607625525
0.117951064396674548673260574105
0.118041307741149681387327063931
0.118131645829255255142342662111
0.118222078811450276303318673854
0.118312606838391412567013105672
0.118403230061157896391144106474
0.118493948631001530524819997936
0.11858476269952923642936326587
0.118675672418634275961935031773
0.118766677940561712900624513622
0.118857779417748443684388348629
0.11894897700305773202700265756
0.11904027084956492199552258171
0.119131661110646047685435178209
0.119223147940059573390847447172
0.119314731491790296247224034687
0.119406411920154054140397192896
0.119498189379773009366481062443
0.119590064025588069251959666417
0.119682036012813797221099321177
0.11977410549699876729512482143
0.119866272633981446604778398068
0.119958537579922627780426580557
0.120050900491309106565829267765
0.120143361524884889623976391704
0.120235920837750392964338175261
0.120328578587295717539085160297
0.120421334931239285004345163088
0.120514190027612086431041404921
0.120607144034708166357994230111
0.120700197111221110835010961182
0.120793349416090489700792431904
0.120886601108622523947921933996
0.120979952348370917158959514381
0.121073403295283127389936339569
0.140862962306472355722419820268
0.199939632758926483235839555164
0.194537883533205613328931349315
0.189128705793529916512341060297
0.183712089129476008331209868629
0.178288023090311137375252314996
0.172856497223640159788260461937
0.167417501068451601842212994598
0.161971024127009810555932745046
0.156517055897789331142533342245
0.151055585842871931134823171305
0.145586603453263380147930661224
0.140110098154965112549064087943
0.134626059362813826902893765691
0.129134476518489443863657584188
0.123635338999592211961520149544
0.118128636186318969336639383982
0.112614357428982764242064718019
0.107092492082136628295252478438
0.101563029472581473067194224313
0.0960259589048814560241495996706
0.0904812696687230383352229523553
0.0849289510358536003931106961318
0.079368992276833999488516724341
0.0738013826193833905042751553083
0.068226111298674077532133708246
0.0626431675104283103294733336952
0.0570525404456699858357637822337
0.0514542192728639560805881103533
0.0458481931531790551370697528455
0.0402344512217521904640094021488
0.0346129825949352890046561981308
0.0289837763626671490735375869008
0.0233468216262990094223006565244
0.0177021074594058483442360341087
0.0120496228828450655662374302324
0.00638935695302784642524152047827
0.000721298681978759046590221615247
-0.00495456294593255887337424070438
-0.0106382389492594587460105870491
-0.0163297403680629678313085406671
-0.0220290782498897101671087028762
-0.0277362636792215407066652943513
-0.0334513077419289137082181184724
-0.0391742215470430865664752673183
-0.0449050162309411401984071687821
-0.05064370293674740064471251344
-0.0563902928294375688222928033611
-0.0621447970761209583789863586389
-0.0679072268968837489122591932755
-0.0736775934993678383033710588279
-0.0794559081210975681752728405627
-0.0852421820257915074936505561709
-0.0910364264652816640444044082869
-0.0968386527525469248400824540113
-0.102648872176731728589338388247
-0.108467096070625906856221831731
-0.114293335783854380083290891434
-0.1201276026843166450097655229
-0.125969908141120051636718812915
-0.131820263568230539030778913911
-0.137678680369052397480800209451
-0.143545169992448956586272856839
-0.149419743894415257834396015824
-0.155302413530349930903540212057
-0.161193190419922305345323820802
-0.16709208605449690776545423887
-0.172999111968695995500411299872
-0.178914279716761465133245678771
-0.184837600863476586576794602479
-0.190769086991592562441155678243
-0.196708749696981294308173460195
-0.202656600611895137964424407073
7.35244806937878479005972858912e-11
0.311497666647821080943003835273
0.270358396157758140709859162598
0.211228316411831928967046678736
0.159668076293871197268714468009
0.120423405186435142355527716518
0.0998675262992132634076725139494
0.0605390341925262365219140292538
0.0239954498045155568963782144465
-0.0113195521645172506031151726802
-0.015449587005401664227544067387
-0.040233116271257821083828787323
-0.0686673578121442668154017496818
-0.0865051677862945789243553917913
-0.0897198294145591657144933606105
-0.111755767231670619099581642786
-0.11553682209059781826887558509
-0.128299427505649654701613826546
-0.130836769237070993376903516037
-0.129633375790592475507168046533
-0.146855892473079396864932277822
-0.137497483712275603284780345348
-0.141910829226906509692440749859
-0.140916751625908942546772095739
-0.133568160779439698560011606787
-0.145464967543957102158458383201
-0.129149237100463998295651890658
-0.117764203953194798724091185704
-0.109877596342989436450920948118
-0.0960119821163215730885909238168
-0.098642990527996382565945054921
-0.0758398102123362949367191276906
-0.0729514784227644624836628395315
-0.0537639287612953695183470870234
-0.0449322198861995467100705070607
-0.0296457430477907665777870249713
-0.0375594560905627636304693339753
-0.00731092435756340152525067921374
-0.000627114996466257719996695296771
0.0126300520265037411610231643522
0.0231193403851830958650737102289
0.0505921796855123492853145705794
0.0490541027347796282365166575801
0.0614616376912398773568746435103
0.0706815620620929313533409299453
0.0898072714149652367998655222436
0.104234367034492000914092102448
0.0936838065519127599634074954338
0.119970280496216066823400581143
0.123074133392265139264054596424
0.127282224229468055032299389495
0.127338722288708461327644272387
0.127492837602799419238763789508
0.143596076644140036027152973475
0.133274871802130601139424470603
0.125014796414432527438265196906
0.133472651906672540311760144505
0.113867139510610920760669273477
0.124522263700066054825654759952
0.103789681155268223577969877169
0.103278750349961104260110289488
0.0741077251757546184851577208974
0.0687952331135984612719980191287
0.0420416705884406882720583098489
0.0184645224510527720951369445856
-0.000485258988574230581535678963334
-0.0306101832138121650317419408793
-0.059618065990955100563741808628
-0.0968602616904420815613363515695
-0.128702101476464242368891177648
-0.172827755422999107537407326163
-0.220407168741739351025543669493
-0.26442650814420654015179934504
