3
60.6772731684148425301827955991
0.114696742027420195420006621134
0.114783062784860306893008896623
0.114869472026618735238656654474
0.114955969890311093806190001487
0.115042556513794663741734325413
0.115129232035216175211722600125
0.115215996592970090772745095364
0.115302850325708569623195387521
0.115389793372398338777706783276
0.115476825872251387394840094203
0.11556394796473583308493715549
0.115651159789607535510747027274
0.115738461486881535900117512483
0.115825853196844200110326994491
0.115913335060085040395527755663
0.116000907217406093452360948959
0.116088569809955993727967893392
0.11617632297911284489089212002
0.116264166866538495859195734283
0.116352101614161526632607035481
0.116440127364198287018837163487
0.11652824425912648720338182784
0.116616452441753087887477136064
0.116704752055070762328803368746
0.116793143242444191765017080797
0.116881626147466569087818299977
0.116970200914023811367137284378
0.117058867686267178975789704509
0.117147626608645555323917619717
0.117236477825885795911453612916
0.117325421482996988808977789631
0.117414457725282861400017964115
0.117503586698283701839073955853
0.117592808547890573245275902536
0.11768212342027999095517287742
0.117771531461808132146273919716
0.117861032819234379243056309861
0.117950627639557964476679785548
0.11804031607008383386592242914
0.118130098258342017270017265673
0.118219974352274201367940520413
0.118309944499967414910379659432
0.118400008849912780073410090154
0.118490167550825586939566846922
0.118580420751744866625365659729
0.118670768602006079794897175361
0.118761211251214526818387184903
0.118851748849261473761629304136
0.118942381546359707278348594173
0.119033109493005787027364306141
0.119123932840019999823688578999
0.119214851738445051787529394005
0.119305866339683916410585595713
0.119396976795435191820438092236
0.119488183257646596313605869
0.119579485878643365648343888097
0.119670884810955488464223606115
0.119762380207480853555601640892
0.119853972221403481945856128732
0.119945661006208556531582587468
0.120037446715674608888058116918
0.120129329503882345542287168882
0.120221309525233105430785940371
0.120313386934405505690470761238
0.120405561886393591697341776126
0.120497834536552633766248732172
0.120590205040434675365368377697
0.120682673553963726309490311905
0.120775240233397931910452882676
0.120867905235246098083479182606
0.120960668716349722950909040264
0.121053530833877154293531930307
0.00591118521467604452618305188594
0.199938137880578375993323447801
0.194535577146877025622728751841
0.189125609827218488234734650177
0.183708225559928883807714328213
0.178283413941890650500354809083
0.172851164564114007093920122315
0.167411467004002417757746457028
0.161964310815521039810249703805
0.156509685527231517943036465113
0.151047580682351079151004569212
0.145577985750819149934898177889
0.140100890255857396526906200052
0.134616283654321711171775177718
0.129124155395924061773271773745
0.123624494936672921219233955981
0.11811729167615561686410785569
0.112602535037042872367862855754
0.107080214387273484066831485961
0.10155031911735851180011991346
0.096012838572423264693611599796
0.0904677620919029923385323854745
0.0849150789805827033163154737849
0.0793547785592140231258895255451
0.0737868501027978684891905913901
0.0682112828890579364626844949271
0.0626280661471506211457338508808
0.0570371891402508199298004853972
0.0514386410675199828856918315978
0.0458324111144816706553406504554
0.0402184884974670017743214600614
0.0345968623560346313916546989731
0.0289675218496426509218188982686
0.0233304560959916133799918469549
0.0176856542202430688792702540013
0.0120331052996116415892968731782
0.00637279843231968422256894513112
0.000704722658075573383552880901703
-0.0049711329694951860228013806875
-0.0106547794306386736651326430092
-0.0163462277070263242717551577243
-0.0220454888136034227175130695286
-0.0277525738023879330051979508198
-0.033467493669963072067119469466
-0.0391902595358019634197432878864
-0.0449208824517748003812833701431
-0.0506593735122812249827006780833
-0.0564057438509572711682338308492
-0.062160004593747229806321996648
-0.0679221668954756302438724446802
-0.0736922419394938493786284539055
-0.0794702408836506363210006043118
-0.0852561749536745738797804960996
-0.0910500553975367721282196953325
-0.0968518934189591534922314508549
-0.102661700301985667205251218093
-0.108479487336169633238114329288
-0.114305265778660639086616868099
-0.120139046978689045808152968675
-0.125980842273521076446485267297
-0.131830662998193376411748545252
-0.137688520531923458412038030474
-0.143554426251323807850468483593
-0.149428391587900583070691595822
-0.155310427951550422687176933323
-0.16120054679142822862125683514
-0.167098759556059572872754870332
-0.173005077764492976033494642252
-0.178919512869470109794889367549
-0.18484207643082969929615444471
-0.190772779941445230766916552057
-0.196711635013821106721110254512
-0.202658653172950814491670712414
3.04509210014465472779458821801e-12
0.295887967201795665239671961899
0.249330459270669296811817616799
0.219132996894837839274572388604
0.185473681279553881395827374945
0.134083464675643138086513772578
0.100914167813494978775956667505
0.0637114736594011077386312535964
0.0259682436162762854403585066621
-0.0184750908630753746253461144988
-0.0299183950599995751584714298588
-0.0369164167090139799798365061179
-0.0551535081904406601638335416737
-0.0910185393825139882340025110352
-0.0897582206012220162882897511736
-0.101044102027369783747268172647
-0.121162305284590113285680956778
-0.130143780931303937320464569893
-0.138287956622101249060108330013
-0.133695987329336157811709995258
-0.151357681098204827074837908185
-0.148828029506010178772967833538
-0.152666343077507177250495828957
-0.130950788279629137811355121812
-0.122190903954367963146765418969
-0.144068209067145819313182641963
-0.122081300721947311194170993076
-0.129481572773205710902288956277
-0.1134671519909810494253221691
-0.101402966385370219004613545621
-0.088404509012645154930609692201
-0.0674929687276549089558486116402
-0.0728482418178826446331086685859
-0.0547394193970381082170462150316
-0.0410276739162921261216965262975
-0.0259436813445008719603013247479
-0.0262138145730871005567585996232
-0.0192948375407814391724325986388
-0.00839419204962001466729937249056
0.0194162648678139031221956400941
0.0370815779210222976058908272989
0.0410695782040792212175261965967
0.0423056645292407829117564688204
0.0660278929658106861211308569182
0.0778120619989590561749182029416
0.073838899968139110052689488839
0.102884200310784060250490767885
0.13099375421380554662675876898
0.117820150556041849942978672061
0.106320002207597658072657509365
0.1251965645052781073154335445
0.120749997844842596461667483254
0.1298281305919955774808016713
0.120358808319698085131932430158
0.121801175574319658911903729859
0.118924590178126177164585897117
0.122790985788197817840661230093
0.121882893741916034646699529276
0.136662199287817864856720007083
0.107832953014860719043177539334
0.120059284160259363560818712813
0.0822411022568296790069553026115
0.0663446291245567004724037474261
0.043175849632711892078784643445
0.0188588116979523275074104304849
0.00600408928974789906501952074791
-0.0241367691453620095143328683207
-0.0811263948004889989817911555292
-0.0844851909050519517263566626752
-0.129629095426268409196879360934
-0.190852908608675903012752428367
-0.223168560185474568191565936104
-0.252916533697044254580532651744
