2
1195.21280714676231582416221499
0.115190148045109533314622751732
0.115263217395595612968506316065
0.115336353556497794858870520329
0.115409556612683594778445694828
0.115482826649244973982177953076
0.115556163751377422022059704432
0.115629568004367230815709888248
0.115703039493692746986219788141
0.115776578304943658648262783117
0.115850184523852067774996044136
0.115923858236300830748533030601
0.115997599528291958637105096841
0.116071408485967239587743904394
0.116145285195609668238425626896
0.116219229743646929042810711508
0.116293242216621336981852152803
0.116367322701266290296828742612
0.116441471284384909234965732594
0.116515688052971022603543360674
0.116589973094158153021915325098
0.116664326495168280128922333461
0.116738748343414480701518698424
0.116813238726438214931668824192
0.116887797731922898902823249045
0.116962425447682066836918579611
0.117037121961660953162187581711
0.117111887361970617993378596111
0.117186721736851115482913598953
0.11726162517472572821564114065
0.117336597764057068427057117788
0.117411639593556230143356344797
0.117486750752033949907193743911
0.117561931328437188626345744069
0.117637181411866159619350469256
0.117712501091574689437990741681
0.117787890456940685934839052607
0.117863349597493186071694992734
0.117938878602913299609156183578
0.118014477563011463412401269579
0.118090146567760026496962666442
0.118165885707281426153514303223
0.118241695071820113183136413681
0.118317574751781021125118797954
0.118393524837707569963285436643
0.118469545420303662419669876726
0.118545636590390288112040195756
0.118621798438988512724989732305
0.118698031057195563242601110687
0.118774334536344408630448299391
0.118850708967815840710890995524
0.118927154443231292146876398874
0.1190036710542886760899605747
0.119080258892884982557802686642
0.119156918051023838489577144628
0.119233648620894902570022111377
0.119310450694823821926604523469
0.119387324365283847837915232049
0.119464269724884816770149598142
0.119541286866423832058181631055
0.119618375882804578447249355122
0.119695536867122587221246021727
0.119772769912604298836455996025
0.119850075112623230544350860782
0.119927452560716268914475790552
0.120004902350555192613867916407
0.120082424575984281212015503115
0.12016001933098760523499493047
0.120237686709717669919506022325
0.120315426806450881391796770004
0.1203932397156512873470646241
0.120471125531932954366709509486
0.120549084350040358604161383482
0.0267715163355680338397313278165
0.199943224084240173121784778232
0.194516457811959003754154196031
0.18908294028359887151147233908
0.183642662353440899725143253818
0.178195614959547610212098334159
0.172741789088806690921629183322
0.167281175499049639121551535936
0.161813765233359607709218153104
0.156339549106721459326152512403
0.150858517993965879355755532742
0.145370662775070796923770899411
0.13987597419183475655479753641
0.134374443092109135955425358588
0.128866060357540529457409661518
0.123350816732221993388129988034
0.117828702985219427312735263058
0.112299709838669103945107963227
0.106763828161778609460164091161
0.101221048532811844222756292311
0.0956713618199123150276363958255
0.0901147586417122142821156671744
0.0845512297215087471613514935598
0.0789807656961096921088838485048
0.0734033572615169632724629877885
0.0678189950437199512434105486136
0.0622276696707678572684230289269
0.0566293718164815815252488562237
0.0510240919693733460671403179276
0.0454118208447441551456336128467
0.0397925489192907239077712233666
0.0341662668294535065705019860616
0.0285329650559113592866999908892
0.0228926341148033320183063921149
0.0172452645891862099691849152805
0.0115908469506171632468216614598
0.00592937162034306349672752034508
0.000260829166294149423013792876702
-0.00541479000884157075923486246438
-0.0110974954400665775516854338889
-0.0167872967647852040784517413385
-0.0224842035380491446494577445492
-0.0281882253333101441550301302641
-0.0338993718825675791062046471325
-0.0396176526614723106822779641334
-0.0453430774239566014571778396203
-0.0510756558451355285876971379366
-0.0568153975666254446030833946679
-0.0625623122823957683591444833837
-0.0683164097802089753663778992632
-0.0740776996616527017014419698171
-0.0798461918296440587017315237972
-0.0856218959049664524174616531127
-0.0914048216956039744074402619844
-0.0971949790573658767289799698119
-0.102992377698034875965760193139
-0.108797027512028909868035952968
-0.114608938311059463388552615015
-0.120428119959850005171730913389
-0.126254582266307646687408805519
-0.132088335246234533926212861843
-0.137929388663294766326217200003
-0.14377775252564231611707157299
-0.149633436709965539357369834761
-0.155496451174294891828253639687
-0.161366805849874367373431027772
-0.167244510805290402810641126052
-0.173129575918320177674303295134
-0.179022011301269073912934004511
-0.184921826877468109540103569088
-0.190829032821095423422264047986
-0.196743639033210737654400190877
-0.202665655688643586707087251852
