2
3.08351705638146533772214752389
0
0
0
0
0
0.706594678520371499708119245042
-1.01911466898419500928822687563e-16
0.707618513244737568079756329098
0
0
0
0
0
0
0
0
0
0
0
0
0
0
0
0
0
0
0
0
0
0
0
0
0
0
0
0
0
0
0
0
0
0
0
0
0
0
0
0
0
0
0
0
0
0
0
0
0
0
0
0
0
0
0
0
0
0
0
0
0
0
0
0
5.79065572512090326251965512888e-07
0
0
0
0
0
0.707618513244737679102058791614
5.418921230407272132515355375e-10
-0.706594678520371388685816782527
0
0
0
0
0
0
0
0
0
0
0
0
0
0
0
0
0
0
0
0
0
0
0
0
0
0
0
0
0
0
0
0
0
0
0
0
0
0
0
0
0
0
0
0
0
0
0
0
0
0
0
0
0
0
0
0
0
0
0
0
0
0
0
0
