3
28.9832261624856819537399132969
0.114953907610588684784502788716
0.115033331256521736962739055343
0.115112831817763619501882033092
0.115192409402884429758806561495
0.115272064120608294657266412742
0.115351796079895943525350787695
0.11543160538985365592967724524
0.115511492159822329317542255467
0.115591456499294836790525664583
0.115671498517992604737614215082
0.115751618325814875642976176096
0.115831816032877982225457458298
0.115912091749462736745002189309
0.115992445586068027019166493119
0.116072877653365574834865014964
0.116153388062257223456441579401
0.116233976923831458516467307618
0.116314644349353304986216528505
0.116395390450298730211642350696
0.116476215338365093887595946853
0.116557119125408198412330307292
0.11663810192350565486663072079
0.116719163844951692721174651979
0.11680030500218442635063098578
0.116881525507920525086547058891
0.116962825474988776908169541002
0.117044205016526486895500624996
0.117125664245773142280171441598
0.117207203276222249321847357351
0.117288822221555372182777432499
0.117370521195655733159846079161
0.117452300312637772372603706117
0.117534159686764116958812564917
0.117616099432586315720605796287
0.117698119664752340329805235797
0.117780220498203275214521568159
0.117862402048058520498408086041
0.117944664429616111189780269797
0.118027007758413224336457858499
0.118109432150207652179041417639
0.118191937720931797284329434206
0.118274524586739746001562423316
0.118357192863966509399631377164
0.118439942669202658009908191161
0.118522774119247151225486902604
0.11860568733105163186092312344
0.118688682421807911726574502609
0.118771759508960156326295987128
0.118854918710100468381973826126
0.118938160143081214648042021054
0.119021483925912038848160534599
0.119104890176875644058895886701
0.119188379014436296454704233838
0.119271950557278294535734630699
0.119355604924282265866253283093
0.119439342234547413168499474523
0.119523162607440294746830034001
0.11960706616244788647041019658
0.119691053019356480335844139518
0.119775123298118249537402846272
0.119859277118928159167055014223
0.119943514602199208241017913679
0.120027835868544457964546268158
0.120112241038786288216400066631
0.120196730233984777624911544081
0.120281303575445364106855095088
0.120365961184618050494599117428
0.120450703183263091444743508873
0.120535529693274107154721264124
0.120620440836814016294376017413
0.120705436736283103216216261444
0.120790517514264422738179405314
0.0015982634266247096755525491929
0.199928500800305913864818307957
0.194514347719030422645403177739
0.18909310166621712268053556727
0.183664752882470194705888388853
0.178229291607797907248667002023
0.172786708046589215781452253395
0.167336992402909834343205375262
0.161880134845220874373339370322
0.156416125592401200616876622007
0.150944954758857941001792823954
0.145466612499141612069308848731
0.13998108895277491803277314375
0.134488374197075488680752641812
0.128988458353119506138995120637
0.12348133149373154149319731232
0.117966983653194010250864209866
0.112445404919170349744561576699
0.10691658528616714007863919278
0.101380514809537275455753047027
0.0958371834157056984304645652628
0.0902865811799353906730303265249
0.0847286979860965849820075845855
0.079163523849974465340650908729
0.0735910486768437954729904504347
0.0680112623618956829707471456459
0.0624241548399276993674966718118
0.0568297160287659641753066352976
0.051227935721507869559765424583
0.045618803827344012180589061245
0.0400023101535656733229728843071
0.034378444556512573193618464984
0.0287471968153348161889582002004
0.0231085567259623168856474961785
0.0174625140748455726091847850512
0.0118090586063895469637330393198
0.00614818006772699116729841151141
0.000479868172537130464189170098166
-0.00519588736608432143898594901543
-0.0108790968577906228126339627238
-0.0165697705945927128978745201948
-0.0222679189634676956421888149862
-0.0279735523197791186023053455756
-0.0336866809992689419939182471353
-0.0394073154268947956069268911961
-0.0451354659768388802310035146093
-0.0508711431155225990430324145564
-0.0566143572698089431183277042692
-0.0623651188770399378391573463887
-0.0681234384153256850025215385358
-0.0738893264266726468303403407845
-0.0796627933245421249175421962718
-0.0854438497138454711166133392908
-0.0912325060945158028413715101124
-0.0970287730668264319922045046951
-0.102832661135716527112116125409
-0.108644180956515221114777602907
-0.114463343099015915638183571446
-0.120290158226589324885758003347
-0.126124636948924867541066419108
-0.131966789918948501636464243347
-0.137816627854333656477692215958
-0.143674161425184937490584502484
-0.149539401338877497860124776707
-0.155412358331642325159904771681
-0.161293043140907532695393911126
-0.16718146654052221111719234159
-0.173077639303943014992270832408
-0.178981572230465402206789349293
-0.184893276145435048185561299761
-0.190812761854641216308081652642
-0.196740040234721802470119200734
-0.202675122131009660675360350979
4.96915284385417478641316543502e-13
0.310846031999764960129795099419
0.280193880647259863092557452546
0.198526516255122353893369790967
0.172727823972510269312508057737
0.142102930374907177046850392799
0.0684408144299711029834298869901
0.0437184176916418018588039728911
0.0205974055735708948267070894644
0.00372473085893524962983192061472
-0.0210139675133010420116086436337
-0.0344128076501152985189335709038
-0.106566806588313175985227587717
-0.113215680827255651963447746766
-0.0637142562252146077428349713045
-0.147674372342838977623102891812
-0.154512478684968479480943415183
-0.0884705206988860570760380142019
-0.092494649810050039162589996522
-0.148806334475932833250055864482
-0.148956972562748785060549039372
-0.0907540926921621554646080198836
-0.118040974387455227523346934504
-0.141132003282734203031267838924
-0.107948202362334003123756076548
-0.154424104399099565432251779384
-0.120824851161577817570957904536
-0.122837570125403153231680164481
-0.10485331509161918694950088593
-0.0854338373059415068233590773161
-0.0960561103139229849334768118752
-0.0507461169406325449116046399922
-0.0674922861281093827701127452201
-0.0559166084108140559738586716776
-0.0823553134438994999255712059494
-0.0461577295648590291143875674607
-0.0560572359650848978107617881506
-0.00852110019832365457592704416356
0.0203703050462466228598401585259
-0.000376517104691949703286490969134
0.0525468493276643328071529026602
0.0324408285380280644871753281677
0.0651906224967897657274207290357
0.0729847980838300852690636588704
0.0405353929826645295597664642173
0.0850425041165662198849872766004
0.0761109305568550692511209376789
0.127120794222386063188068305863
0.0568951535471781955077830161827
0.155960743750366392923467628862
0.104608000568731776547259926247
0.16466709545543209425311204086
0.159646224594334418256380558887
0.141241996817253467888519935514
0.157333107744320910281743408632
0.113676157572319247446301915261
0.124560534593990968055265966541
0.100465354474795473538328849372
0.103385573139812406151527568454
0.0728206181009327241371309469287
0.0928141623687796790687087877814
0.0916219799977311122329837189682
0.0762131471029258433791397919777
0.0502296427816017257428349296333
0.005989949708068516634473787974
-0.012865622965704546012966069668
-0.0396886015239744163740631677229
-0.0336948283445884788633861717244
-0.111565669341706849571060899962
-0.102586332940939065072605274054
-0.17280831470648208569862447348
-0.277086542437625593660044387434
-0.205252634102595810094982198279
