3
1076396.87119595357216894626617
0.114348979760963365137627079093
0.114444597080902460417561883332
0.114540319373870352892552659796
0.114636146821015458274750642431
0.114732079603823089453129568938
0.114828117904155799222642997393
0.114924261904304159109813099349
0.115020511786932289055584988091
0.115116867735061800814833077311
0.115213329932107047537392929826
0.115309898561905391223270100909
0.115406573808645912526671395426
0.115503355856915304600285310244
0.115600244891716386064217658713
0.115697241098398559411286612431
0.115794344662739009943486223619
0.115891555770919113532713140557
0.115988874609493378131652718821
0.116086301365353833370264169389
0.116183836225939488007163902239
0.116281479378943591873607488196
0.116379231012530032218776909758
0.116477091315213901467906509879
0.116575060475977168583661125467
0.11667313868414606881085404666
0.116771326129453970055216416313
0.116869623002093914188037615531
0.116968029492584127404519733773
0.117066545791906867490794752484
0.117165172091432387424525529696
0.11726390858290866581192801732
0.117362755458543924214076525914
0.117461712910912202678659355115
0.117560781133025260558611080342
0.117659960318289680269998598305
0.1177592506605579236733660764
0.117858652354018517138811716904
0.117958165593356950617831557793
0.118057790573625920327316407565
0.11815752749033610335960275961
0.118257376539354516764568359122
0.118357337917006741334624564388
0.118457411820030791838043171538
0.118557598445606551806896789003
0.118657897991268232451567143926
0.118758310655067200745094169179
0.118858836635395800906955798837
0.118959476131084693206751978778
0.11906022934146316683001742831
0.119161096466167362728505452196
0.119262077705364663571252492602
0.119363173259593419173185679938
0.119464383329842036007839567446
0.119565708117526911524741706216
0.119667147824484773610542731603
0.119768702653003752955918059797
0.119870372805789687786770514322
0.119972158485992394516550518802
0.120074059897171958599670915646
0.120176077243363058077996186057
0.120278210729037896009607777614
0.120380460559064095260595195214
0.120482826938781747982964986932
0.120585310073985318979339353973
0.120687910170854659219763505007
0.120790627436076256073782531075
0.120893462076730642817956606905
0.120996414300420240817146577683
0.121099484315080135887754408941
0.121202672329150440422296242104
0.121305978551582607782854950074
0.121409403191655648757141250371
172.463330278233456738234963268
0.199976769685616589944388010736
0.194587741649083434403166847915
0.189190941553453728651845722197
0.183786358300536273313596780099
0.178373980781129065631418484372
0.172953797868418440719651130166
0.167525798422313576541142765564
0.162089971290419215810274522482
0.156646305285078946134547095426
0.151194789231078263735952305069
0.145735411883721355241760875288
0.140268162029729692719115519139
0.134793028416477111974813851702
0.129309999779464890323765757785
0.123819064831798317238842344068
0.118320212271001617976295960943
0.112813430765890246321170309329
0.107298708991991550987243897453
0.101776035580923476797643445479
0.0962453991636549877064510383207
0.0907067883376365402536833926206
0.0851601916963602434407221153378
0.0796055978127896551876929720493
0.0740429952284452769228906277021
0.0684723724855034326930436350267
0.0628937180869120621151679983996
0.0573070205308326141580010926191
0.0517122683019112863722632766894
0.0461094498554020723601887254972
0.0404985536280919392049248983767
0.0348795680505282132410904694098
0.0292524815117982395218376723278
0.0236172824068552299203727073973
0.0179739591035111348493735761167
0.0123224999361781512724478560017
0.00666289325072774718528023640829
0.000995127342527106668879088857693
-0.00468080949442197143117727620165
-0.0103649289785206471375955672443
-0.016057242876488037747195747329
-0.0217577629283515344704724725489
-0.0274665009402532377114081185709
-0.0331834687191008420592552852213
-0.0389086780616677979649509211413
-0.0446421408252660467663730514687
-0.0503838688701331721686571540886
-0.0561338740783585907201391762555
-0.0618921683423782828525894217364
-0.0676587635874782294953533323678
-0.0734336717504398273081989145794
-0.0792169047790149127852288302165
-0.0850084746641388416810158901171
-0.0908083933799492537541908632193
-0.096616672961577776401753681057
-0.102433325440862976751787982721
-0.108258362857260911904511146986
-0.114091797294285549058123763189
-0.119933640842740801835120123542
-0.125783905615354629770052952153
-0.131642603731852214643538445671
-0.137509747363900702854522251073
-0.14338534866334190498449174811
-0.149269419830969918283614106258
-0.155161973078928289160316467132
-0.161063020625610758829182600493
-0.166972574728097677976279555878
-0.172890647654938889310471950012
-0.178817251699733809067183187835
-0.184752399165783925960582223524
-0.190696102377833409668994590902
-0.196648373698238870810328648986
-0.202609225485434307767462769334
1.46279845049573401129447956272e-07
0.306216977526113653951256310393
0.263494732797523723011323681931
0.207340699013956741847408693502
0.169344355455053635628459574036
0.126938699593138221155541600638
0.0920702663816756888826020599481
0.065063000429754977438356888797
0.03087217416886248871898956736
0.00723740341936333908545719850736
-0.0230953786063635632674895248329
-0.0395925725488426166753797019737
-0.0642160061462053177727682395926
-0.0838574964949548029569115215054
-0.0970206076976586340165908950439
-0.107659953044653741716096817527
-0.125728722473696180594870952518
-0.124947192521215541538559534729
-0.134841848066469066624861739001
-0.141933162797093587181862517355
-0.143956622211383999943024036838
-0.142596737339894252816208108925
-0.149336790205552683019618598337
-0.143534282030163523602439568094
-0.135666655509347228170113908163
-0.134006651024107997782763845862
-0.125435226878536670858110824156
-0.117680548099152598728878160728
-0.108566168905856019755162833462
-0.099036240216357818155756831402
-0.0959371043959574426596148555291
-0.0842480425398936388914350459345
-0.0688730390504210532309770087522
-0.0576648283894908367241960434058
-0.041975008146836731426354560881
-0.0362391301620759095913903991004
-0.0178355098553332515332048302525
-0.0131806543050727569682534223716
0.00855541922075119670720866338343
0.00849391889223316542967268105713
0.0326203192742826608707673585741
0.0414506916159237959185190902645
0.0505831862783643268488553701445
0.063100549397415800489952175667
0.0752806984199720363726271443738
0.0856247466051192757108267983313
0.092499688335992827359355317185
0.0988978256200015171106798561595
0.114164561414821688623000284224
0.12131947068774469322693931872
0.124923530005038127543848247569
0.128968883066108958024287289845
0.133301738225058558073854442227
0.133030545178822040552901739829
0.13241322078106609883008104589
0.132756425262476912552145336122
0.133448316659848104093200049647
0.124922818586711267818678550157
0.114787919802499388532979196498
0.107367715545679087707497956217
0.0936697594308684017283539446908
0.0847971990420833265922340160614
0.0635156988071715195021127442487
0.037970880985609370417144248222
0.0213835500671457866272984205125
0.00110618859995788429081975401402
-0.0283516865389776412387234927337
-0.0561374399549069286186053773235
-0.0964188822379733606604546025665
-0.128617258356990227241567481542
-0.171311435616984253371697377588
-0.22013207343763019352422816155
-0.269857096171472077283937096581
