3
272.820006440500264943693764508
0.114567796069380431478457182948
0.114657567808560109656745851225
0.114747434037571025000623592405
0.114837394909636777984296429622
0.114927450578303072536989759556
0.115017601197388089073747607927
0.115107846921058354361377951136
0.115198187903744628246549552841
0.115288624300233441544172308113
0.115379156265594737251767298858
0.115469783955199037372985060301
0.115560507524771607923419480812
0.115651327130336545323530117457
0.11574224292818560688722584473
0.115833255074988566990512595112
0.115924363727699000770066106725
0.116015569043587951636453681203
0.116106871180241627561358086496
0.116198270295578443001005553015
0.116289766547816864061815067544
0.116381360095507938035019890322
0.116473051097541399623302993405
0.116564839713050497072011069122
0.116656726101589919286638519225
0.116748710422960297328209833267
0.116840792837327775433031717967
0.116932973505181295181820644302
0.117025252587276820670503241217
0.117117630244778836434704771818
0.117210106639141678486204511955
0.117302681932104593820476168275
0.117395356285810673058200848118
0.117488129862672027736714142065
0.117581002825444730364168322012
0.117673975337257694095960403047
0.11776704756147073072103381719
0.117860219661892931530822181685
0.117953491802566229340598624731
0.118046864147917873744120242918
0.118140336862720962685102676915
0.11823391011203146505614824946
0.118327584061270127402387686288
0.118421358876210774946358128545
0.118515234722918569310046166265
0.118609211767849123675411249224
0.118703290177750775402643057532
0.118797470119713782787940203889
0.118891751761208461224406107704
0.118986135270018555942783677892
0.11908062081424934663953507652
0.119175208562377163423740000781
0.119269898683214498058546837456
0.119364691345908158215394223589
0.119459586719971921908722833905
0.119554584975235814181537818968
0.119649686281895470396641201205
0.119744890810473889053433538265
0.119840198731848951441136819085
0.119935610217318203152281341772
0.120031125438376615188751372898
0.120126744566984633433293083726
0.120222467775438254800057791272
0.120318295236369984801960697496
0.120414227122738984321337341044
0.120510263607900583449072939857
0.120606404865556335326282066944
0.12070265106973096513875987057
0.120799002394856136444190042312
0.120895459015678691239159547877
0.120992021107293207249355759814
0.121088688845209999089824748353
0.121185462405259347651309553839
0.0327827310316242265253450227647
0.199949683708192965658767548121
0.194552374079627748981735635425
0.189147515979622315995811732137
0.183735098735136631598052758818
0.178315111694519828899885283136
0.172887544146348326457029997982
0.167452385388206004268596416296
0.162009624700652027362579588043
0.156559251325882442529291438404
0.151101254536478324386195026818
0.145635623515967149721461737499
0.14016234749785713709080425815
0.134681415665707404638595789947
0.129192817182735286696271259643
0.1236965412116175777601512209
0.118192576888660652589813082614
0.112680913328485024504921341304
0.107161539635797095626479347175
0.101634444893569431123125923477
0.096099618175039439038620514566
0.0905570485257802537670812625947
0.0850067249753194975614434270028
0.0794486365357533474984563781618
0.0738827722134630382466724540791
0.0683091209896659057321244290506
0.0627276718113054104764003682249
0.0571384136285123869769542181984
0.0515413353837907220467151603316
0.0459364259625135995523947940455
0.0403236742713311835384359937962
0.0347030691638452459812924644211
0.0290745995078617765206008272116
0.0234382541448888634394442931352
0.0177940218881378585391583868613
0.0121418915485396045061960990097
0.00648185188682844862922971529429
0.000813891694754623369612023253694
-0.00486200030484903403943386379638
-0.0105458353657677389447755444962
-0.0162376247876825849369986087822
-0.0219373798700654432103362978523
-0.0276451119347145037041801884925
-0.0333608323439195664228407167684
-0.0390845524503534089144629604107
-0.0448162836126494712463141922854
-0.0505560372745711208986030271717
-0.05630382480624133989532964506
-0.0620596576770254676480575994901
-0.0678235473242807945792876012092
-0.073595505215526921261037784916
-0.0793755428535736495820884783825
-0.0851636717514296925912731239805
-0.0909599034250389848477169607577
-0.0967642494172273048835819508895
-0.102576721309125928893735135716
-0.108397330682098752552278142502
-0.114226089116667386957892915689
-0.120063008259474315875259264885
-0.125908099740816986633618057567
-0.131761375223535676104447134094
-0.137622846371876134119460743932
-0.143492524900601797765986589184
-0.149370422513297435029855364519
-0.155256550949493310476157148514
-0.161150921956082132657783745344
-0.167053547311735217650863205563
-0.172964438809813658703973260344
-0.178883608252731723942119401727
-0.184811067477329477037883975754
-0.190746828322403250144390085552
-0.196690902671835532444788441353
-0.202643302400565855636571654941
2.07613814830055975312825916425e-11
0.315012208689948447482009896703
0.2576857435655656725081996683
0.20644730878683723029887175926
0.171219331962788878787051771724
0.128040609637258467889964208553
0.0853690717278172972459771017384
0.0585210215782729498146252922197
0.0364401723519554854302526791798
0.0146018087287583028105464322266
-0.0274718783900987847945707187591
-0.0440364801874793612701530776121
-0.0601272783427312176862677972622
-0.0966214780032335907034024558016
-0.104128022100856976184246605044
-0.105346790157785183406069506873
-0.112923891959808189722203053407
-0.127093857391974401904732872026
-0.142575104744651071086991578341
-0.138152519429019626784338470316
-0.141094921413957768985270035955
-0.135155054936447194258164472558
-0.145614949496269935336201228893
-0.133727253604833729028200650646
-0.139679636944059826220154718612
-0.128865363925351805729491161401
-0.127959028812943381714362089951
-0.117403676371613391316017782628
-0.117544297946521533737573861345
-0.102984455318507236998293308261
-0.0895909068708982542217356126457
-0.090287648169986287061128393816
-0.0691829324636933223890977728843
-0.056775258192296514103691862374
-0.0504498711625855286722064363403
-0.0366926982835310000474748903798
-0.0170319724286166623850036216936
-0.00968071345292738708043778217416
0.0114769514198215412392745093939
0.0132719904452197143968072978737
0.0301201512060343783161453501407
0.0472626847759795368220103739532
0.0575930206532850388900790505886
0.062962801473122581574770606494
0.0704965792181744405064947045503
0.0851356500919619174627683833023
0.0869820101088723957039050560525
0.110039915113648897881937216425
0.104738402756727161380112534061
0.113710940296613688405003017579
0.130018787659404194689827249931
0.12418862924544456227682331928
0.132747396535554840202308923836
0.139671551905280272309894940008
0.130740671594559376700317443465
0.130757817128081821334006917823
0.125481763448434341379211787171
0.120833856640052680897490233747
0.118753955639943536981562033361
0.114121728318630710763414981557
0.0981473866843862591258229599589
0.0802028132832606904800698544022
0.0533891328671328505017790178044
0.0412292349616721204297320468868
0.0321205267726472204481424910227
0.00400105928227405260866333946979
-0.0208701332374175013706363301935
-0.0578234392576726929924291198404
-0.0985706425580277906250969977009
-0.134205716749915299201845186872
-0.176482729365336182825174660138
-0.224374433042898141499321695846
-0.262967072076527086377240038928
