2
1520.92288664428701849828939885
0.11512174358322249667629932901
0.115196654767238115812943988203
0.115271635632555477513072617057
0.115346686270584419808926668338
0.115421806772834409371419894796
0.115496997231047060505915169415
0.115572257737039454927874260193
0.115647588382851579380528050933
0.115722989260594141813776047911
0.115798460462620933508759435426
0.115874002081359450677666700358
0.115949614209447965373911415554
0.116025296939616162639197227691
0.116101050364821947735727292184
0.11617687457811159967846492691
0.116252769672730613126354626274
0.116328735742040625944504483869
0.116404772879607834590309778378
0.116480881179109707623808844801
0.116557060734373191257517987651
0.116633311639415995775159728964
0.116709633988428998496722499567
0.116786027875664957798029774949
0.116862493395626265701991997048
0.116939030642959643224720878152
0.117015639712440847053365189367
0.117092320698978388793243254895
0.117169073697702214031934886407
0.117245898803859729953025237137
0.117322796112898267151258835383
0.11739976572035276669581094211
0.117476807721969292441777099611
0.117553922213653919137676950868
0.117631109291464155952589010212
0.117708369051597858123692219579
0.117785701590417332673688122213
0.117863107004489223172960521424
0.117940585390482452488036813065
0.118018136845278551194660110468
0.118095761465862175709773396193
0.118173459349449602728832076082
0.118251230593345191266507754335
0.118329075295108693266499244601
0.11840699355234458878260994652
0.118484985462918968046608370059
0.118563051124818921722159359433
0.118641190636193549767796184824
0.118719404095393152309689810409
0.118797691600875610085097378033
0.118876053251296076584964112044
0.118954489145476197120565586829
0.119032999382410076272265087027
0.11911158406121774566699400566
0.119190243281238755779227744824
0.119268977141959248156055650725
0.119347785742987780310819800889
0.119426669184168304793658421659
0.119505627565476252316400973541
0.119584660987054336445112312504
0.119663769549215009968534673135
0.119742953352469649885847502446
0.119822212497462887714760881863
0.119901547084992746161624666001
0.119980957216083150562724313204
0.120060442991882176944073989944
0.120140004513727569057657262874
0.120219641883120384462380059176
0.120299355201746033250387313274
0.120379144571430479748741504409
0.120459010094188759265598775983
0.120538951872245433949437654064
0.120618970007921100240366740763
0.0471936177771484013931946321918
0.19993582848627752812653568526
0.194512974902965013468403299157
0.189083264023161973232944887968
0.18364668645505702326836683369
0.178203233003970173964347623041
0.172752894329807504814056073883
0.167295661113237792427810290974
0.161831524053745789970548685233
0.156360473786586545719146101874
0.150882500965426630257226747744
0.145397596238830167925115688377
0.139905750136016249207671080512
0.134406953307613902248718318333
0.128901196382845834031982690249
0.123388469910882397906348728611
0.117868764377909163165725203726
0.112342070390510015420737488512
0.106808378424983321797192559188
0.101267678981800793303058583206
0.0957199626135741277188628828299
0.0901652198286698319806831136702
0.0846034409834716394360754065929
0.0790346165439184122902815943235
0.0734587370440890063960637235141
0.0678757927645780162473343466445
0.0622857742372095110616747604126
0.0566886717647667112696119318116
0.0510844757613771252580114889952
0.0454731765821621142231734324923
0.0398547645295247859875686913256
0.0342292299627331778055783217951
0.0285965632012160110575482718787
0.0229567545547538012784549721346
0.0173097942810827888637792426607
0.0116556725905852375663185327426
0.00599437985695272686215151480837
0.000325906202170313686206776226939
-0.00534975805002039627583654279874
-0.0110326227934070975750247001201
-0.0167226977679404420484843285521
-0.0224199928411668095162845304458
-0.0281245178720860300458639358112
-0.0338362826353326984207825489648
-0.0395552970527324812555214350596
-0.0452815710158838424792548948972
-0.0510151144940859321841308826606
-0.0567559372466694550540822206131
-0.0625040493770666061301710669795
-0.068259460717867551093895883696
-0.0740221813281192048128431792975
-0.0797922211364135991473744979885
-0.085569590064941303264589578248
-0.0913542982796083924412755550293
-0.097146355769058639895163764777
-0.102945772543391544928681469173
-0.108752558683056971267077983612
-0.114566724233526040510611210266
-0.120388279311883270028538106544
-0.126217234103693620728137148035
-0.132053598601689997638075624309
-0.137897383031203829562016949239
-0.143748597535341554598531388365
-0.149607252266188150979786541939
-0.155473357453238758552060971851
-0.161346923320422913628036098999
-0.167227959993475838729182214593
-0.173116477795383999493950000215
-0.179012486989171965001688135999
-0.184915997830631589904371026023
-0.190827020523948259755897538525
-0.196745565530010713128916677306
-0.202671643062146494829178777763
