3
22.7910564269777289325702440692
0.114493534215535958109555281226
0.114585291299774641449182865927
0.114677146391252343660127621661
0.114769099652514361409316734353
0.114861151246372847345433854116
0.114953301336025770496007680777
0.115045550084937123203054909482
0.115137897656950191627167612296
0.115230344216237817756010031189
0.115322889927292934753033648576
0.115415534954969242753541891489
0.115508279464447694007134259664
0.115601123621232260152424942135
0.115694067591200946965024343172
0.115787111540540166298995927718
0.115880255635790824220165973202
0.115973500043829017003282899623
0.116066844931890525427498062072
0.116160290467533400260435882956
0.11625383681865837648405914706
0.116347484153527677697148590141
0.116441232640746558657518505697
0.116535082449261501169601729089
0.116629033748351887411764948865
0.116723086707677017881401582144
0.116817241497242055303651397935
0.116911498287350409941431905736
0.117005857248717981544672284144
0.117100318552395249449560310495
0.1171948823697483987871237332
0.11728954887255302330650863496
0.117384318232914022783752727719
0.117479190623263604620341027385
0.117574166216435724297006970573
0.117669245185572923784178556161
0.1177644277042526749221806881
0.117859713946309133114631606531
0.117955104086012799169402853749
0.118050598297933670433046415837
0.118146196757084556705486022565
0.118241899638747496870117004164
0.118337707118650062310116766184
0.1184336193728091762844556456
0.118529636577639749250856482377
0.118625758909929462925347820601
0.118721986546828334185832432013
0.118818319665840249621524549184
0.118914758444847626361884351809
0.119011303062109968786685954001
0.119107953696218613059976121349
0.119204710526163326633763972495
0.119301573731319471294298750763
0.119398543491392117310567755339
0.119495619986505000054144431942
0.119592803397114408325840884117
0.119690093904077407560571089107
0.119787491688642763754124587194
0.119884996932356477361558688699
0.119982609817250313044567633369
0.120080330525645345707275168934
0.12017815924028482643670656671
0.120276096144288982547898569919
0.120374141421128760809367008733
0.12047229525473897304710391154
0.120570557829322966281182516468
0.120668929329519336590692546451
0.120767409940388911748776479271
0.120865999847322866389554008038
0.120964699236129055726074454924
0.121063508292981375502606056216
0.121162427204462283536479105805
0.12126145615751213191479962461
0.00304450654330090620877657947574
0.19995791751810501613029202872
0.194563499156698072045656999762
0.189161454217993824089560916946
0.18375177189972707880727398333
0.178334441382772712625381927865
0.172909451823467646969234579046
0.167476792353486808595519619303
0.162036452099572153562334619892
0.156588420169059633346719806468
0.15113268564367640656165292512
0.145669237593775507955129455695
0.140198065071830663130825200824
0.134719157113863174934920152737
0.129232502740923849149368152212
0.12373809094272908426503931878
0.118235910713062691845820495473
0.112725951001019703001659877373
0.107208200772016495894156662416
0.101682648946292697456073028661
0.0961492844318442563267268496929
0.0906080961170486892664044376033
0.0850590729016464236478256566443
0.0795022036139436810708858160979
0.0739374771118830320659753851942
0.0683648822126683847200112609244
0.0627844077207975193033462346648
0.0571960424244373835667154537532
0.0515997750903340740569191780196
0.0459955944674750941136842641299
0.0403834892950096918662339362527
0.0347634482701891719957920656725
0.0291354601017918789229721454603
0.0234995134708943127777036607995
0.0178555970263402849496081614689
0.0122036994193788269486011799358
0.00654380926632960272654182531937
0.00087591517514453733333351648227
-0.00479999427052974977914168164261
-0.0104839304948146378598794470349
-0.0161759049611899415055393802731
-0.0218759291211538114962920076323
-0.0275840144835893356922706942669
-0.0333001725311424037756502514185
-0.039024414802161642989997147879
-0.0447567528337331280163802205152
-0.0504971981977651862560918516465
-0.0562457624524698093781971408589
-0.062002457217129616773299005672
-0.0677672941058429928462558677893
-0.0735402847505659124083265965055
-0.0793214407937039706064652477835
-0.0851107739361287446433479431107
-0.0909082958503140414752152764777
-0.0967140182531539827071043191609
-0.102527952873072369932572200923
-0.108350111460356071657606946701
-0.114180505788501640562770944598
-0.120019147634388159695539854965
-0.125866048815023501283860696276
-0.131721221136208321844662805233
-0.137584676469292954692491548485
-0.14345642666106242502088718993
-0.149336483592150764954098463022
-0.155224859177736485005283384453
-0.161121565326741711388081057521
-0.167026613985728683564602192746
-0.172940017116796573848347406965
-0.178861786698153779617825875903
-0.18479193471742963450488161925
-0.190730473208380130190064960516
-0.196677414189838417613032106601
-0.20263276973345442644180991465
2.13347998353397219411472318678e-12
0.306234576779340794683292870104
0.259351579679788668553186425925
0.210878422723417113804345035533
0.171635832749856831469514872879
0.128490548954629801858828841432
0.0937427809923119526036572324301
0.0656295678031947327113471146731
0.0329539416861949346904125945912
0.00197940761275733258933717806372
-0.0222475499855646179081514191012
-0.0418122256662367269841595884827
-0.0594950638881874618868472737176
-0.0885360988237868240524619523057
-0.102882034123557605798104930273
-0.113246827078799058852176528944
-0.12286665866512991307502034033
-0.125385535576409495872596266963
-0.134430708052792613482750994081
-0.141561762606586011292719717858
-0.142044174625161612190993309923
-0.14599159208243500662760538944
-0.134806281157085594557543117844
-0.140591727349579476147312107059
-0.138938310395005037989335505699
-0.131429667124773025266293302593
-0.119136049210455188807067372636
-0.11894672483568843879275789277
-0.11667265920921428279388720739
-0.102935733697380488171901902206
-0.100870889551056885924396055998
-0.0859346327189634412446750388881
-0.0717363048443129258657791069709
-0.0613850878506791639011019867667
-0.0387660683617874687878490647108
-0.0438242056091049519972457915173
-0.0228964619867256038987513022676
-0.0106022835939276142275256020753
0.0041079057255319975650031949499
0.0251181735202590898647923012277
0.0281992251215306410916383583753
0.0462615333439223563871678379655
0.0566770019037096395297936624047
0.0653223437712836807467198241284
0.0751733256305570224364842601972
0.0822217333845279285675644587172
0.0986022594509986943789314750575
0.109842410779142668486585421306
0.11334969455629090306914008579
0.117569136759320139185014397754
0.12614537132366931970750556502
0.136123272999665034799221530193
0.127972615964371289054568592292
0.133534455383645916937140896152
0.133122221996614359396104987354
0.127973024120848849483067510846
0.12931734231896974129938371334
0.126296894987668467669195138114
0.114274802555292848138535077851
0.104916067329834356014472973584
0.0867686965852283859090832152106
0.077736762267037698426186409506
0.0600986290350471880072902308711
0.05084140593916874895086266406
0.0322243798305787143565481756013
-0.00165487426068735210202276242342
-0.031166578030518459624387261897
-0.0687020180238067518230238306387
-0.101312785175243308399828379152
-0.127389101095707363286990698725
-0.172925875030254638797799771055
-0.216931112290578903545323896651
-0.26058799047051600661362158462
