3
10.4628172655713491678852733457
0.114833364297390660979658605356
0.114916023366978398145832329647
0.114998764704703257399920346415
0.115081588432389816945011773441
0.115164494672022305055136826013
0.11524748354585968856955702222
0.115330555176368018677202087474
0.115413709686261634068671355635
0.115496947198440044757283828858
0.115580267836090100352919307625
0.115663671722563560217977851607
0.115747158981494666085687583745
0.115830729736721621536688076048
0.115914384112305465790448977259
0.115998122232540898379760108128
0.116081944221996274935193582678
0.116165850205406748218983636889
0.11624984030777632537656529621
0.116333914654341591399244748573
0.11641807337057087645693087552
0.116502316582136083988885388862
0.116586644414980525330527427741
0.116671056995271776868250412917
0.11675555444942850580325455212
0.11684013690406447327774230871
0.116924804486065583852827387545
0.117009557322516805077938784052
0.117094395540787585274777882205
0.117179319268457260427851451823
0.117264328633351053166045119269
0.117349423763518215246826059683
0.117434604787280585935782539764
0.117519871833158290330700879167
0.117605225029931884095368843646
0.117690664506639897091133661888
0.117776190392532370543321462719
0.117861802817125257969443907768
0.117947501910147523052074802763
0.118033287801610237144345205706
0.118119160621731444926751919411
0.118205120500996643806423946899
0.118291167570140021148006326257
0.118377301960096520394571939505
0.118463523802102177473472011116
0.118549833227618958697568984917
0.11863623036834891610880049484
0.118722715356223001981206266464
0.118809288323471221038296619099
0.118895949402547981832434231819
0.11898269872611498543246710824
0.119069536427136968281814688453
0.119156462638837959411297617862
0.119243477494625577106646119319
0.119330581128222562581342458543
0.119417773673583374471895979241
0.1195050552648824759849333077
0.11959242603659996084797256799
0.1196798861234400906949915111
0.119767435660353471771344402441
0.119855074782576162539804442986
0.11994280362556880570323869506
0.120030622325074207146222704523
0.120118531017021884510498352938
0.120206529837726103226991369866
0.120294618923633273022133494123
0.120382798411507549452004184332
0.120471068438393932864549640271
0.1205594291415035684833512164
0.120647880658412601229123595203
0.120736423126909644953919098498
0.120825056685034626369201760099
0.120913781471103404241418388665
0.000777784640086951221601974104658
0.199930447366133440256774633781
0.194521942700558503336338844747
0.189106192194127303851658439271
0.183683185786620628565657398212
0.17825291342675914085802446607
0.172815365003166271362644579312
0.167370530406969586501020330616
0.161918399528349798988102747899
0.156458962219569036600219646971
0.150992208342039718749205690074
0.145518127693429755176168782782
0.140036710108607409530634413386
0.134547945393544921000028580238
0.12905182329499381710391503475
0.12354833360307952705436917995
0.118037466058164633442295610166
0.11251921040014764563430560429
0.106993556322492508470212158045
0.101460493540561538794442242306
0.0959200117281899383714360851627
0.0903721005726689230463932744897
0.0848167496825608102639648677723
0.0792539487201335546284752808788
0.0736836873033200195903802409703
0.0681059550105473782144471783795
0.0625207414467197630791872597911
0.0569280361651019056745681723442
0.0513278287135405519858721845594
0.0457201086412928267566080364759
0.0401048654395458059607193490592
0.0344820886275739590942635004467
0.0288517676865522113005546600562
0.023213892073539379307112184847
0.0175684512486731260472172522213
0.0119154346151939469211633593204
0.00625483162655659803014218667272
0.000586631666007456325888369530475
-0.00508917588943059908540567093382
-0.0107726016747089151787131200422
-0.0164636563463014806707462867053
-0.0221623505661837430502636436813
-0.0278686950115189617516175957235
-0.0335827004084339533762637586278
-0.0393043774690653782699634177789
-0.0450337369238638166035748611193
-0.0507707895390185209860689496963
-0.0565155460765746769924433579035
-0.0622680173525472849260786745162
-0.0680282141448438210096227862778
-0.0737961472856106248663365931861
-0.0795718276158351583982053512045
-0.0853552660107170096948081550181
-0.0911464733246464403615405558412
-0.0969454604764850014220201046555
-0.102752238366648665501834614133
-0.1085668179027557828097982906
-0.11438921007553989883653855486
-0.120219425822169032058717164091
-0.12605747614050347160663534396
-0.131903371999329804831191381709
-0.137757124447953543944223042672
-0.143618744502170769816729034574
-0.149488243232289902406861870077
-0.155365631700773082490840693026
-0.161250920996854674172027444001
-0.167144122228847252786820831716
-0.173045246516422140947710772707
-0.178954305009360714606714282127
-0.184871308863676558909006075737
-0.190796269261840234499061352835
-0.19672919738190788874199199654
-0.20267010448728722815658898071
2.82115124099735452397962993127e-13
0.303877041810717896108684499268
0.25776064042912943952146065385
0.218416846843962786373083417857
0.188338139599163401083359303811
0.101796259792053644943621293351
0.0956424286550633939718579767941
0.0506829335994440563495366802726
0.0381590390572719290185332852161
-0.00187083722986749415723162215386
-0.0342562986040684594457594869255
-0.0479508464814099796824642396587
-0.0689640974776165038839792487124
-0.0344053689794883502117706086665
-0.113409959400214352398528205867
-0.113083274945633069363815081942
-0.124997394712161077889867044632
-0.136085518023853269120593267871
-0.122377234882495480872144355544
-0.152458389958823881116245502199
-0.15638636349144593995497132255
-0.113843379034363520463379870762
-0.138109969340908911306087247794
-0.142050051298486440520818518962
-0.123681682714156068736421900667
-0.120590414383280927768105073028
-0.134640083931972992514758402649
-0.11803718252805986410614025317
-0.107407925962679673403954438982
-0.0970543095751950635197147221334
-0.0806224966722246944028640314173
-0.0870336219826811502420227384391
-0.0894902072059369640966153269801
-0.0634460801537878316125329547503
-0.0568648758798183523444080833542
-0.0527363181951078577314184769875
-0.0214825871964418324555623485139
-0.00530837578815409032867433936076
0.00462499536275983585964510780286
0.00536219296289092584723023904303
0.0291853673004218612530014098638
0.0492513065298868929486886258928
0.0689808597451973259939705940269
0.0537924429524514538525359341747
0.067484266178148941128789317645
0.0960405052232357892005865096507
0.102905379374708116912984223745
0.110510804691202210725542443015
0.131501482939458347320993425456
0.115255211473710761360678134224
0.124302285229182032932904178324
0.140326806202129283906998580278
0.11268631685805742537187512653
0.115692041801327388794717876408
0.121117292570835186071853684098
0.154407791469212990476123081862
0.126689749176286448051342858889
0.134554244519691251769089035406
0.103468474610499433508081779109
0.118641672949877388654194021456
0.0684334926649841496226756021315
0.0668070881603542721105526425163
0.0589917894567515421755388160818
0.0387123524962548828942665579689
0.0567358629706707362494455537671
-0.0179557872120838062091063846992
-0.0077717336667237311986777825723
-0.0586807793930506707558159007476
-0.0869083581551145234467270483947
-0.134112818174062259357626203382
-0.188113368277985665288909444826
-0.213417877793218885296155917786
-0.265491301880852015315781500249
