3
72.8870834849200406324598588981
0.114681669811537961800596008288
0.114768394192403824782822141515
0.1148552077527236342513461409
0.114942110631899588324422722962
0.115029102969637836428873356454
0.115116184905822607764669385233
0.115203356580696261723950613032
0.115290618134727670951455991144
0.115377969708668495774084306049
0.115465411443567825267031423664
0.115552943480710476609196746267
0.115640565961680444329040540197
0.115728279028340916290140683031
0.115816082822825794362842088958
0.115903977487530812640059707519
0.115991963165165745675011521598
0.116080039998673334444845295366
0.116168208131328040688678981951
0.116256467706626856473128839298
0.116344818868367061437396614565
0.116433261760668732565093819176
0.116521796527893503614414782987
0.116610423314687711160431149437
0.116699142265961924858075349221
0.116787953526960044947635708468
0.116876857243184903434318755444
0.116965853560397667343373484528
0.117054942624702812414838604127
0.117144124582430522729659116976
0.1172333995802243983286317075
0.11732276776503390569583729075
0.117412229284080155133906941956
0.11750178428485898163291523133
0.117591432915168575545905582658
0.117681175323080089434313322272
0.117771011657021459906324878375
0.117860942065617868568239146043
0.11795096669785246068506978645
0.118041085702979581251170770884
0.118131299230511938036514152373
0.118221607430349193168517274444
0.118312010452568075469237385278
0.118402508447661605761602743314
0.118493101566317982076270709513
0.118583789959551516579594476752
0.118674573778710698568339410031
0.118765453175406571206806916052
0.118856428301545441472697461904
0.118947499309375440135205792558
0.119038666351365077233914746557
0.119129929580394144927879551688
0.119221289149527703843389758731
0.11931274521222116902219312351
0.119404297922163490919267303525
0.119495947433415170002568572727
0.119587693900306157868129730559
0.119679537477455077976173924981
0.119771478319818769353588550075
0.119863516582639217933348163569
0.119955652421472588886608434677
0.120047885992171310398646255635
0.120140217450926442555036999238
0.120232646954209945744374010701
0.12032517465881345519740364125
0.120417800721808729291772976921
0.12051052530065212153864706579
0.120603348553064870785078710469
0.120696270637017488702724676841
0.120789291710936372292728435696
0.120882411933441083484730427244
0.120975631463521651753900698623
0.121068950460478233499550526631
0.00729133049393184112102472838046
0.199939289821694843318766743323
0.194537359431974893331229736759
0.189128005421295430910078039233
0.183711217390753717149110002538
0.178286984916795537836620155758
0.172855297528372003901253606273
0.167416144783720494126910693922
0.161969516203746305427202401006
0.156515401286872413155748517966
0.151053789517244602125245478419
0.145584670372462532395019252363
0.140108033314631008625639196907
0.134623867771671346105222255574
0.129132163156698342998396356052
0.123632908886364689671211181121
0.118126094363564110301112464185
0.112611708921515202286300905143
0.107089741925349812845524866134
0.101560182718294783610346598834
0.0960230206179181200454308964254
0.0904782449165299762494640845034
0.0849258449152966027329014764291
0.0793658098766912567523235111366
0.0737981290548733320777685662506
0.0682227916614495666358664038853
0.0626397869346818070290794366883
0.0570491040653844927454940716416
0.0514507322281654508322468188908
0.0458446605985439806230097303796
0.0402308783191202418150211883585
0.0346093745173296288286657329536
0.02898013830661429895974023907
0.0233431587866941743503179651498
0.0176984250192443355598204135504
0.0120459260740878523754382456445
0.00638565099772385371540428522508
0.000717588798823266880815008317285
-0.00495827150736361833838206081282
-0.0106419409246535073138018034911
-0.016333430490966929782281624739
-0.0220327512471038718111504550734
-0.0277399142710040083614764228059
-0.033454930612007424683973511037
-0.0391778114127589380255578532797
-0.044908567774483522383466294059
-0.0506472108026023506988089195602
-0.0563937516964505072825097897748
-0.0621482016121245248174709274736
-0.0679105717337318282034175354056
-0.0736808732631254320599722973384
-0.0794591174299992125673597342939
-0.085245315487226983042212680175
-0.0910394786906217196031931848665
-0.0968416183195434931985090543094
-0.102651745665558055686794602934
-0.108469872052950666585502403905
-0.114296008815211583287130281406
-0.120130167321674002911535694693
-0.12597235890240493505487506809
-0.13182259498135917574757058901
-0.137680886954115400122589107923
-0.143547246259128485901257477053
-0.149421684319849146227454639302
-0.155304212619932630046193366979
-0.161194842626024181786448252751
-0.167093585839567432271834945823
-0.173000453805182974331700052062
-0.178915458017851303207379487503
-0.184838610057285773757840274811
-0.19076992151139088305100699472
-0.196709403944483302018042536474
-0.202657068983526117422755419284
3.78607232558495802795227154451e-12
0.307452190319963569731243069327
0.254099886927964813132518884231
0.22249421224001786345780828924
0.168900104901948538982381364804
0.117013780280155632596006398671
0.0939559921605165881963728224946
0.0654895652957813573236123261267
0.0250242415173219830137885111299
0.0166490118369031700473748003333
-0.0210766156283571648444308266335
-0.0454283917847790527644313840483
-0.0724808815512335002928523408627
-0.0838468567433183625814407946564
-0.0976731263294254165030494618804
-0.105831892603610602798802631241
-0.125823314777330497182816770874
-0.136019516421711866849264538359
-0.129677815922824096750431976943
-0.146195939562607513106939904901
-0.130304982639309396841298394065
-0.133685605832833009909421662087
-0.145471450026577187042420291618
-0.130806770522691101499290766697
-0.131822173682080767687097022645
-0.128463119928045432782681700701
-0.128561061336512794106567980634
-0.129069001289156048972728285662
-0.113345882293812386110154477592
-0.11146174729858299157214673869
-0.0965898221115378957657426894912
-0.0827866766756038957586483206796
-0.0686647708898482367345650345669
-0.0602092517861251771971176083298
-0.0575622333162531876760148463745
-0.0290532695263083923231661742648
-0.0220179857404296797085407888517
0.0047503314510679104515356030447
-0.00364894267065079798764704044345
0.0151486145365252958955304407596
0.0194560495585913185989657137043
0.0359388271171750678378842280836
0.0605175761935898212651174787879
0.0505888818146902063954684081182
0.0907251204460240295857076375796
0.0828948647729928489447104311694
0.111668886469276196216071639356
0.102006062115224949149450139885
0.111986757216684787441529635998
0.114396129102019183942928748365
0.12702522400397980861797009311
0.140771343696507289511288263384
0.121282998327429808460564686357
0.136423218770525600529452958654
0.142709277049810567827847762601
0.133382331643044860225444381285
0.127108528410187632262662305038
0.135792067015198442136991729967
0.103143121596224518476958564861
0.109504346457408030524049991072
0.0934840667629034116625774686327
0.0847333864683316451138495040141
0.0569945743176813734987007364907
0.0510476986079983416355609904258
0.0150660959756961695260590872181
-0.0163136805720888594661843740141
-0.0290862474480575658453140874826
-0.0656405894930033179113237906677
-0.0935753630652176593418545280656
-0.130305393383128742534893262928
-0.177262970190066981857057726302
-0.211256007102840481781669268457
-0.258565178773968840086894260821
