3
1012.47865775751324690645560622
0.113931871835463230380192101165
0.114038596870756334111796093111
0.114145447812976766344128520814
0.114252424900713120403672462544
0.114359528373052021787970033984
0.114466758469642534978838455118
0.114574115430680245619754487052
0.114681599496900474277616410745
0.114789210909591030129739408494
0.11489694991055611483776743853
0.115004816742227927717223678883
0.11511281164751629990661285774
0.115220934869950400458726846864
0.115329186653526524763968552634
0.115437567242874392081652956676
0.115546076883135784285627778445
0.115654715820087267141857978459
0.115763484299960070500468134469
0.115872382569610896108081021794
0.115981410876457621816904008938
0.116090569468494470006802998796
0.116199858594209837203692359253
0.11630927850272808343756736349
0.116418829443760682429420683093
0.116528511667524273254237243691
0.116638325424863381618578728194
0.116748270967149320176403648475
0.116858348546365092834875554217
0.11696855841506520468087160225
0.117078900826340523422253170338
0.117189376033925082842834797248
0.117299984292113926298561921158
0.117410725855752934299047751665
0.117521600980298832062054259495
0.117632609921791073115393544413
0.117743752936846662882075520429
0.117855030282677783470823840162
0.117966442217129832692457114263
0.118077988998525201802536344076
0.118189670885906122910213866817
0.118301488138839422381565213982
0.118413441017497345075781822743
0.118525529782652100374562564866
0.11863775469568818565768708595
0.118750116018594101263694540194
0.118862614013911363497477680085
0.11897524894482625068548031777
0.119088021075158242978453415617
0.119200930669261725980412336412
0.119313977992161313057550842132
0.119427163309450495853880624963
0.119540486887371219526521315402
0.119653948992744618706751680293
0.119767549893011374106954747276
0.119881289856251613268334210716
0.119995169151131994556003235175
0.120109188046960524420825322522
0.120223346813670167732013283057
0.12033764572179649066097084642
0.120452085042507817114199042408
0.120566665047603674421061725752
0.120681386009483748722459495184
0.120796248201215997153390446783
0.120911251896483315504404743024
0.121026397369592725317133385943
0.121141684895490195361666962981
0.121257114749728917013626983135
0.12137268720857008474922622554
0.121488402548841675776536419562
0.121604261048049236415558027602
0.121720262984338731260258725797
0.121836408636444348818628213849
0.242332213733016110790430275301
0.200047406568966967821410207762
0.194672558722843086487230834791
0.189289556616328680238581227968
0.183898388453571703937683423646
0.178499042399181490070603217646
0.173091506621943780341865704031
0.167675769251243556023922565146
0.1622518184145261832540541036
0.156819642199825498574128346263
0.151379228701701867842999149616
0.145930565976979953468628536939
0.140473642073506127525561737457
0.135008445002723020955670563126
0.129534962785749357960796146472
0.124053183398403280013333471743
0.118563094811665908911990641172
0.113064684979444690648975324621
0.107557941814464291807595941464
0.102042853245839990061760715889
0.0965194071540728670832720581529
0.0909875914078592390454858218618
0.0854473938658374676524687174606
0.0798988023569622285435798403341
0.0743418046950607008804823294668
0.068776388672863980611182910252
0.0632025420634414747400597889282
0.0576202526284043253790301264416
0.0520295081001691667177411204648
0.0464302961852748677373803332102
0.040822604589666522389990177544
0.035206420987149801560267547984
0.0295817330404706604896070132327
0.0239485283686793962165673121945
0.0183067946127531792910314578648
0.0126565193586575808204486293107
0.00699769017786595112079472968958
0.00133029463945934819761596212828
-0.00434567972321121126499932074694
-0.0100302453941321471908576512533
-0.0157234148662387177020072215328
-0.021425200675273006062360181545
-0.0271356153473942471321400660145
-0.0328546714616757967730720224608
-0.0385823815775986414533527124604
-0.0443187583225328057823233507406
-0.050063814300280687352717734484
-0.0558175621545400485468135798328
-0.0615800145577111435191142163603
-0.067351184188520360485163962494
-0.0731310837428606058674418477494
-0.0789197259554338670373141439995
-0.0847171235570838565553941634789
-0.0905232893319973530577016163079
-0.0963382360398156584180284767172
-0.102161976505815363380769156265
-0.10799452354510329088466136227
-0.113835890008098017389670530974
-0.119686088763877124252488215461
-0.125545132695672662093144822393
-0.131413034707428627578806867859
-0.137289807738320251973007657398
-0.143175464729962231835713737382
-0.14907001865967728360118371711
-0.154973482507392706919446823122
-0.160885869299180639391266822713
-0.166807192058964354197669877067
-0.172737463842536659308635194066
-0.178676697724209021522767670831
-0.18462490679907758717170906948
-0.190582104190421985911996216601
-0.196548303027404475118444793225
-0.20252351647541896872972699839
3.31483126894307440784279588416e-10
0.305878834908868246778013144649
0.257389187778828465447134021815
0.211220093687830096085278341889
0.169635240628029176912505704422
0.130735357369269111771359348495
0.0929604637038206615962110390683
0.0616455096380114225818047657413
0.0337920828187923058538721932109
0.00339966631266945843933835469386
-0.0206506318068874379634269899952
-0.0421464031366265909350765639374
-0.0641694500367321063460934738032
-0.080936859592971061028165991047
-0.0948964932826434209856003576533
-0.108669707622198061236495902904
-0.117653736904471090118917686596
-0.127664340387754066119541107582
-0.134923887083286092591905003246
-0.138067015202063658740883056453
-0.143079657918251779147311708584
-0.142140599705154552223618225071
-0.144737053531737019929082066483
-0.141487383774139358072474692563
-0.142392273793072898779854540408
-0.134697819424595244264253324218
-0.127950694615897447858898772211
-0.122020087540514285406878514095
-0.11321902004541514741298158242
-0.105310557720170810958038032368
-0.093687453792057492907296989415
-0.0854035733176453787374171611191
-0.0701511399105545219168078574512
-0.0609949058785244496716515527623
-0.0476419126552925231710133857632
-0.0373911990813269590194778402292
-0.022160046705445843318038612324
-0.00988318553842015314059299413429
0.0056610815756726424671785302678
0.0158228167187105389634993457548
0.0298889713731361160442556723638
0.0438759324591429869522052342745
0.0538499976380586928281779535155
0.0665086892116202033076177713156
0.0794907243667130752884375510803
0.0879475506966200110126052891246
0.0945712755031548474304869955631
0.10581400320295718253671424236
0.113499067977659739980822450889
0.118764464122912596910630611546
0.123970609829250316691329203422
0.129162193933248875543640110664
0.135973156491066782258769762848
0.134144298140854684175948818847
0.134046880514269245443514932958
0.134193692353553190033110809054
0.130642955366710972198163176472
0.12210000821189745390249470347
0.115967947492295830880237872407
0.104227135198207351840515855201
0.0920065328336400478637102651192
0.0808070614202457404573465282738
0.0627364188695960084407587942223
0.0419992614879952513851080198037
0.0226838492708149978838161331396
-0.00158987380415841097862361674942
-0.0307018358635875038276097370726
-0.0609294855768486229297131728799
-0.0937786877817178288196942048671
-0.134482478970006730234487690723
-0.17179717851543072071329731898
-0.215633414744163948162380961548
-0.263921766147184322370833342575
