3
20.883078674356053028304813779
0.114279904079903765756753841742
0.11437736403745035751455816353
0.114474932350681388171231844808
0.114572609209869474833354274779
0.114670394805666542303868027375
0.114768289329135061982434251604
0.114866292971776806641770463102
0.114964405925480087078405233569
0.115062628382553544525990218972
0.115160960535719461561576792974
0.115259402578106712189409677194
0.115357954703239701244044113082
0.115456617105109779486404875115
0.115555389978090630731522026053
0.1156542735169813346240985652
0.115753267916980998042397743575
0.115852373373734232608889271887
0.115951590083299235778291347287
0.116050918242143141778655035523
0.116150358047189303234425494793
0.116249909695731235004245718301
0.116349573385539376002562050871
0.116449349314762265472644742204
0.116549237682031861518261450783
0.116649238686351519600492565587
0.116749352527207819751886574977
0.116849579404461598186593107584
0.116949919518431269538361050309
0.117050373069882099330563107742
0.117150940259996519388074887047
0.117251621290368840400120120648
0.117352416363087366790729504373
0.117453325680591469382108016362
0.117554349445871481050218676501
0.117655487862240698548887962716
0.117756741133535680621235997023
0.117858109463959165319479893697
0.117959593058244147090185549587
0.118061192121482583239355790283
0.118162906859264754677596442889
0.118264737477601480919453535989
0.118366684182966253047197824344
0.118468747182238001713905362067
0.118570926682813271302308066879
0.118673222892481902701611318207
0.11877563601947856153362437226
0.118878166272534280256678584919
0.118980813860814979565638793702
0.119083578993927421962872870154
0.119186461881939070872604702345
0.119289462735364143464167341335
0.119392581765173630414800243216
0.119495819182865517515956810257
0.119599175200254106976593959644
0.119702650029761589745014305208
0.119806243884177321401551807867
0.119909956976774340065006185796
0.120013789521329447551600821953
0.120117741732036889534818158154
0.120221813823554790623404642247
0.120326006011062053291382767384
0.120430318510126671549542720641
0.120534751536844661479186413544
0.120639305307784175380625413254
0.120743980039948503590885309222
0.120848775950828726810648561241
0.120953693258395916787506507717
0.12105873218110713152029234152
0.121163892937866238264099649768
0.121269175748070168197045859415
0.121374580831595260677069347821
0.121480108408790532514842652745
0.00361573138026949911574825513583
0.199986941616855401493424437831
0.19460039125547107241587241333
0.189206001993841577135668785559
0.183803762597228942388127848062
0.17839366184262078762756686956
0.172975688473824912305687462322
0.167549831225120487987467754465
0.162116078802956808946333921995
0.156674419910788842447146862469
0.151224843211385906460719752431
0.145767337374297367702524752531
0.140301891029279174327726309457
0.134828492801481208962499636073
0.129347131297592565779552842287
0.123857795097198200573451742912
0.118360472772978453370740226092
0.112855152870400460285438271058
0.107341823921616549841751009353
0.101820474433835683747417988343
0.0962910929028261142192945953866
0.0907536678052549145023775167829
0.085208187589350142809863086768
0.07965464070897068649124150852
0.0740930155711353871650359792511
0.0685233005821882651398269103993
0.0629454841207812559877865510316
0.057359554556075421916094825292
0.0517655002293925803336094304541
0.0461633094660357998217925512563
0.0405529705743024257436069035521
0.0349344718485869801249954491595
0.0293078015497575082581871441789
0.0236729479311365079152729151701
0.0180298992314246800394705871895
0.0123786436608588849145329291446
0.00671916940859565783861206966776
0.00105146465959667328830817734087
-0.00462448243309255321159545459864
-0.0103086837313682826849925433521
-0.0160011511199364478419404633769
-0.0217018965024558564691492534848
-0.0274109317880530771460723116206
-0.0331282689218640527539783136035
-0.0388539198652546949319663838196
-0.0445878965832976550953681282863
-0.0503302110899035357038933113927
-0.0560808753837209877923797307631
-0.0618399015158100501254878622603
-0.0676073015240730990083051210604
-0.0733830875001667687351769586712
-0.0791672715276988125943091745285
-0.0849598657146917873861369230326
-0.0907608822081752975030610741669
-0.0965703331475514237247637083783
-0.102388230710603850281970039759
-0.108214587089418098897475317699
-0.114049414498092971381737470438
-0.119892725159745403007427455577
-0.125744531309735702029328763274
-0.131604845255813590609861307712
-0.13747367926092873835486329881
-0.143351045638089508171830743777
-0.149236956730136260951269377983
-0.155131424872821083171814393609
-0.161034462446628195975151243147
-0.166946081828432346672030917034
-0.172866295430960520418395276465
-0.178795115695738027206118658796
-0.184732555060820924364151096597
-0.190678625996430484157428963954
-0.196633341000959915856327597794
-0.202596712581665922003892887915
3.41593755332366893578942521509e-12
0.301118958501506606140196709021
0.254078613893246041399720525078
0.210871980573205858311425231477
0.175315542790725142907604094944
0.132787403553054683680301195636
0.0966583881244909570717993574362
0.0629668893709809524006359993109
0.0337801018412410558600100785043
0.00503510712492084757524457572231
-0.0222015988591604714053051594647
-0.0437367509756877714810485713315
-0.0632329452575435269068293564487
-0.0832022916455507077770903379133
-0.0981231557201729942541135187639
-0.109826865979163593167733381506
-0.117294289971785856141472947911
-0.131302826056283711286809534613
-0.134782668239236097518229939851
-0.140085143472514689344521343628
-0.140819785363803240407776229404
-0.143527624555839450337657581258
-0.138095209824524889352659329234
-0.143363930040461551307373611053
-0.139791210455082942631932496624
-0.133254076225125112076241862269
-0.129498794510931047874180421786
-0.120582760915236425480756565776
-0.111225748779110775177336734032
-0.105286595547197367461755845852
-0.0932027400182777049364446497748
-0.0867671624111672618040458360156
-0.0695768531845952775682917490485
-0.0618739904540071966598802077897
-0.0515458157197004607219525951223
-0.0373369140979934871493739478865
-0.0216817199107119974732515998994
-0.00795246498719315818293207343004
0.00821593269138764376036121461766
0.015689438168794204303546635515
0.0281924068017771374539126583159
0.0407118076991615784887557083493
0.0542700371591738200960364224557
0.0637270427800491756631373618802
0.0746781699285046507430507745084
0.0891977389561902228587442209573
0.0997763127873162736225509661381
0.108392886656800746525419754107
0.113057994884474669050611339571
0.117200020516876626808233652355
0.126045648656663678011113916
0.127422326767657745349993092532
0.13484201077119309375440536769
0.135536274890528468661798910944
0.138085214572811976196931027516
0.132563716847110713015212013488
0.132626950656539538409006695474
0.120826384035789352600076540512
0.115550670276362232868905266514
0.104079766029417125627887230621
0.0937106030617627788759094187299
0.080377307204619677372114949776
0.0632487820764897901160139781496
0.0446036694539049191621238321659
0.0174420299356546348867880169564
-0.00263048973034194291664711329304
-0.0295615972939396766394626325791
-0.0607291931046409425021259664845
-0.0954559760100789217451833224004
-0.133591764695046244515452826818
-0.17164482773302916496227510379
-0.215468037751467472729061114478
-0.264383629399829067629923429195
