3
13.3214616970576500420975207817
0.114871002975326125250532527389
0.114952652289812398689328176715
0.115034382187469086389342010079
0.115116192785916032770288097709
0.11519808420293466133532689355
0.115280056556549534430011760833
0.115362109964968997943834949638
0.115444244546639943060917232742
0.115526460420233512138565856731
0.11560875770464826284289472369
0.115691136518927928378275282739
0.115773596982445339809153495025
0.115856139214698145023518804919
0.115938763335470859661135989427
0.116021469464701543206075484704
0.116104257722600592850348277807
0.11618712822958709995901926959
0.116270081106306447105147583443
0.116353116473576378986365398305
0.116436234452513262538353444597
0.116519435164413667771476923463
0.116602718730781623746040054357
0.11668608527337510916144225348
0.116769534914164266337088804448
0.116853067775365734859427391257
0.116936683979359454244040250614
0.11702038364882949572631787305
0.11710416690664569860924615341
0.117188033875888317214553069334
0.117271984679886337454846056971
0.117356019442190318002872118086
0.117440138286604628392595373043
0.117524341337097007476053533992
0.117608628717942351182834670453
0.11769300055359573076163570704
0.117777456968767305078849005895
0.117861998088344688273565452619
0.117946624037542427410052425785
0.118031334941710835950701152797
0.118116130926473439366475304269
0.118201012117693224356962389265
0.118285978641452627080354886857
0.118371030624081080562248757815
0.118456168192118474480345469146
0.118541391472364698866925891707
0.118626700591830974707008294899
0.118712095677777837443578334842
0.118797576857695222352084840622
0.118883144259315204349647387971
0.118968798010625265160200569881
0.119054538239818041844841900456
0.11914036507531428066286594003
0.119226278645832878266830334724
0.119312279080254823870888003512
0.119398366507747599740696387016
0.119484541057726628698887338942
0.119570802859833485998208857382
0.119657152043921202744236609306
0.119743588740138726111972289345
0.119830113078831443362837205768
0.11991672519062003543499628222
0.120003425206340885722511302447
0.120090213257098260557498292656
0.120177089474228712684400477428
0.120264053989298222435699869948
0.120351106934143206594889363714
0.120438248440864592581078795774
0.120525478641725969364273396423
0.120612797669338911443759343456
0.120700205656517844943209638586
0.120787702736261590152899714212
0.120875289041956143765155218261
0.000908659055993491231346947945013
0.199929299403651172806206659516
0.194519076106698468597855367079
0.189101653503767785924338795667
0.183677021583551564054559435135
0.178245170359168592089105231935
0.172806089872849483191075137256
0.167359770103760074899668097714
0.161906200996082577647783296015
0.156445372515763458931559171106
0.150977274617973500348000470694
0.145501897208462377397708564786
0.140019230193239002657534797436
0.134529263474199467509606620297
0.129031986925294300805333591597
0.123527390419783208996840073723
0.118015463738433690199514103369
0.1124961968045409960170744057
0.106969579335752074111809406531
0.101435601179652071235359755974
0.0958942521047533857903033549519
0.0903455218699602685683558433993
0.0847894002269011654027153213065
0.079225876869642636313173511553
0.0736549415655296940697027707756
0.0680765839772505404470237522219
0.0624907937811195468569280819793
0.0568975606672242756323143453301
0.0512968742517631928756749459808
0.0456887241807276273108939790291
0.0400731000631762770969324094494
0.0344499915172778309324641554667
0.0288193880740897981351800183347
0.023181279360033831687948335798
0.0175356548820598499849321427746
0.01188250417072252672345822333
0.00622181675783026969656086535565
0.00055358211640043979671899077033
-0.00512221022719192529970566596376
-0.0108055708772475545648150685452
-0.0164965103194193614399853942132
-0.0221950391699044582982658369019
-0.0279011679878952874311881515723
-0.0336149073965352762627389893169
-0.0393362680311852841441577766091
-0.0450652604750080426621039464408
-0.0508018954302934186428863938545
-0.056546183577101956363453183485
-0.0622981355624459345876609006609
-0.06805776211142865184111627741
-0.073825073956219761095454146016
-0.0796000818465331660966910476418
-0.0853827965206046257673477839489
-0.091173228748657811348898860615
-0.0969713893586596764606611031923
-0.102777289092828919003785870245
-0.108590938873338899162135362531
-0.114412349445365546518615929017
-0.120241531755872210762703389264
-0.126078496626434138905281656662
-0.131923254973298986758578621448
-0.13777581773948643917293566119
-0.143636195807619299058544015679
-0.149504400161163286675503059087
-0.155380441747006131647523829997
-0.161264331568843732878093533145
-0.167156080622526403978156395169
-0.173055699911482618880143036222
-0.178963200507651853943258402069
-0.184878593424793402633099503873
-0.190801889777732380792940602987
-0.196733100654746029256614292535
-0.202672237126551829655696224108
3.26172901415465941423847415379e-13
0.331815869504654581412239622296
0.220527777063425189929546377243
0.165071336282532177275328422184
0.170722722419430539275708724745
0.166010432163413851336386528601
0.0832554230297971320506889014723
0.0922949563171118897431099981077
0.0307258902855759678807157087022
0.00589571803238969367050303915789
-0.0391652140447674226853003176529
-0.034806880032107197220359040557
-0.0674954040745285449576229552804
-0.0687304332458031630448402893308
-0.0952185454858674173994614875483
-0.130874891159073108992672018758
-0.11496694654476755093064355151
-0.0923912464668225630326503505785
-0.164035115674448589428990885608
-0.0993609669788197563677911716695
-0.147884988503833664230668887285
-0.160944796411125745638770467849
-0.130878883533794232452152073165
-0.163244805080926314033717972052
-0.135217555420999974158391410128
-0.142131669365345603139871855092
-0.0745697926677197364675464541506
-0.133383834906407011677842433528
-0.107410617436641639410588311421
-0.152501499244964255908030281716
-0.114171633282969808842466363785
-0.0771437001554325652019628023481
-0.0699191503119054175163782360869
-0.0714609402965014767206142209943
-0.0663225507619337184550545316597
-0.0115751520989175026715711780412
-0.0381975352360490044700824796564
0.0104309340372754008607891762495
-0.00724473047667910027835880271141
-8.97059766776029244954304697757e-05
0.0511181158386279435590360264996
0.0479366939809171346831284665768
0.0545408137336564347030787303083
0.0999481944693533103096783065666
0.114092080911579768498498310692
0.0778707639776457377633889223034
0.111466256934258989286234964311
0.14084667920473847857465443667
0.114579683357089831541308910801
0.121429379833842193692206024025
0.12028264610609680496100537539
0.12665618385786264754599983462
0.146128318021933489845309850352
0.128950297537863245445066695538
0.0954779285939666155780258804953
0.0861549370023889926617499668282
0.129086292941752833751678508634
0.120165304564923816621480057165
0.0855214181862677530476801734949
0.134847307817608147439969457082
0.0916773388853363430106568898736
0.0833749283835312354762336894964
0.0434336894809294882247030500366
0.0494512859077105432215049063416
-0.0164809876544540351295253799435
0.0104853810237539417371532834977
-0.0381682250206981307782960755048
-0.0826391522022178748319021224233
-0.0878582980101837857089819294742
-0.0953032830747025661022320264237
-0.164407786041110920427499308971
-0.207465561301364342927655570747
-0.258573306805628233551175298999
