3
826.361939148957503675774205476
0.114189941837393782453347057526
0.114289799706006472979069599205
0.114389770386810696312096524707
0.114489854082199929430352369764
0.114590050994994266386761694321
0.11469036132847722220251540648
0.114790785286391985864362652592
0.114891323072876569422184900304
0.114991974892527881735304617905
0.115092740950402658284268397892
0.115193621452038486019375795877
0.115294616603360891571306012793
0.115395726610768495357106644406
0.115496951681127085764799744538
0.115598292021713400234972368708
0.115699747840335889770280175526
0.115801319345150560691237728861
0.115903006744865422206203220412
0.116004810248599016242465609139
0.116106730065899985127053639644
0.116208766406852265218319075757
0.116310919481899421867865385138
0.116413189502069192027278177193
0.116515576678764401497012670461
0.116618081223842068316898235025
0.116720703349688106897907857729
0.116823443269094606744573638935
0.116926301195347887018627375255
0.11702927734222366706884344012
0.117132371923905687083333759801
0.117235585155123819833811182889
0.117338917251002622377242801122
0.117442368427189150481559920536
0.117545938899809632172122064731
0.117649628885426363322785903165
0.117753438601100324234494109987
0.117857368264369932742141600102
0.117961418093253195271685740408
0.118065588306228139159337331421
0.118169879122279455896382671654
0.118274290760862668681063780696
0.118378823441936106841687603719
0.118483477385889907074201232717
0.118588252813648181716033036537
0.118693149946583267895228175348
0.118798169006608375641853569959
0.118903310216098137552798164052
0.119008573797871317068164387365
0.119113959975362393439723973643
0.119219468972326561595487248724
0.11932510101314737493982676142
0.119430856322647577227868964655
0.119536735126173770948909691469
0.119642737649544222966468964842
0.119748864119094466929027475999
0.119855114761641748377662963776
0.119961489804524562563514678004
0.120067989475563741130770267773
0.120174614003095647785102073613
0.120281363615973302394479560462
0.120388238543525816215407076015
0.120495239015587007891383564129
0.120602365262575353388463383908
0.120709617515316031122196704928
0.120816996005224872035022087857
0.120924500964166153904599809721
0.12103213262452525156298577258
0.12113989121931917347652074568
0.121247776981907903759427824752
0.121355790146255818062748232933
0.121463930946883846839767784331
0.121572199618760118378091306113
0.157096594597742306165244485783
0.200001185417118226839150452179
0.194617777667807828612112075461
0.189226446266490155867501243847
0.183827179831064779769178585411
0.178419966979549649011005385546
0.173004796289813661536172162414
0.167581656331139250415418473494
0.162150535659559613677060951886
0.15671142279862451673899670368
0.151264306271520765356797255663
0.145809174568299754204403484437
0.140346016171245951964507980847
0.134874819537227158550152239513
0.129395573097439875454028879176
0.123908265292686087244433679189
0.118412884510319810216216751542
0.112909419144977832272225271026
0.107397857560852530434125640113
0.101878188102649078206063393282
0.0963503991013780064500693356422
0.0908144788711553047066971089407
0.085270415699166990375346131259
0.0797181978624646458975178120454
0.0741578136022930795023810901512
0.06858925117919022207413348724
0.0630124987877466874452991874023
0.0574275446304112618944870405358
0.0518343769013482544294468823409
0.0462329837364511622710416816062
0.0406233533022602524842348259426
0.0350054736920496212260189849985
0.0293793330353721050818283089257
0.0237449193972601446667169966531
0.0181022208563612688192456801062
0.0124512254553601087875280839512
0.00679192120555709242385455937097
0.00112429613530686824639237553214
-0.00455166177985141372913657775712
-0.0102359645640434024360665432596
-0.0159286242756329146641469662882
-0.0216296529819387656212725801197
-0.0273390627656459571370728411921
-0.0330568657388777761840792379644
-0.0387830740412933791527727578341
-0.0445176998026457979018566391005
-0.0502607552009512806301394505226
-0.0560122524233489377243344620183
-0.0617722036754113912326857871449
-0.0675406211774766118693946737039
-0.073317517178924346277213430767
-0.0791029039421621976702070355714
-0.08489679376166028856864897989
-0.0906991989341451032569096923908
-0.096510131786763958539054897301
-0.102329604670876858629746664064
-0.108157629932609425371659028769
-0.113994219973172397630811758518
-0.119839387199644306636336921201
-0.125693144017335278750380211932
-0.131555502882991059987460857883
-0.137426476267436981082425973
-0.143306076643304941553580533764
-0.149194316521259029428847497911
-0.155091208428701804455940305161
-0.16099676490272119000479733586
-0.166910998516236253053079963138
-0.172833921847087318424129875893
-0.178765547504809912959800044518
-0.184705888126583978037231759117
-0.190654956340932518754627267299
-0.19661276482366624174247249357
-0.202579326272058130031794576098
1.64198429369200437573546441029e-10
0.302545538779393996531297261754
0.258267820631904121420063802361
0.211969919659727917826685938962
0.174355836164843097657595194505
0.129244263847066276351682745371
0.0924075873278207282623952778522
0.0668942751659936940544781691642
0.0278226849379265180062237305947
0.0111365116223045654969547868518
-0.0271096030041806448918073613186
-0.037631233751152314004340126985
-0.0694847985141178875467815601041
-0.0859367624488842074548244909238
-0.0997279872251137788907726644538
-0.111958282315794604988568039516
-0.116526039288491659040580827877
-0.129884980706829522567602452909
-0.133953593379058183421292937965
-0.140528819974999663600101484917
-0.13745937607321903617396685604
-0.142579149396519583303799549867
-0.141024532681011061097109404727
-0.139222179050420835633161686928
-0.137323816156240757768713933729
-0.131187771540947267778776108571
-0.123770641974686720909737402962
-0.125168572725175453186352569901
-0.110436552323313827428385991425
-0.101363267724039710082628573673
-0.0944468638322605025248179799746
-0.0857240354803619070134246271664
-0.0729363501240472694719940704999
-0.0658586040772487224526088311904
-0.0466427349013540520905607422719
-0.0372213234174712526147743574256
-0.0233608148111426987270089483673
-0.00721717699166632767338036558158
0.00557387285330269641181466511171
0.0154129589023530768482350694626
0.0325677003283139504530296903795
0.0424441689114322881493102102013
0.0524332679547935970321148602125
0.0624472131653501447146048519699
0.0757088043894498380348423438591
0.0815908079467990710043068247614
0.0951410640525078427076621778724
0.105817372692991781835125664202
0.114148724314823826753162450132
0.118434231098485595601310649272
0.127188333537984921139951666191
0.128060700843546509952730616533
0.134089734900858209565299716814
0.132561152643530050232456574122
0.133773009313847973666966595374
0.133863465368596307181192628377
0.130934468381792540325747609131
0.125124290311433017386377741786
0.116532661866743630918463736634
0.110700346031323532125512087987
0.0983524685263490461295532441
0.0805440579375777676585101971796
0.062244739936424507698031760583
0.044670568917969395716927039075
0.0217731349011412896043982101446
-0.00464308570470548052228076940651
-0.0329853173885143041710321654136
-0.062561217381948724947093865012
-0.0948525809433810596082992105949
-0.133384843666922187077616968054
-0.173433787055520483022519329097
-0.212473348990869725927410627264
-0.266709831934130892072687402106
