3
14.2081244221535776262044237228
0.11404683462994735787532363247
0.114150502638686729417472065506
0.114254290665049662578667266644
0.114358198931299628875457585764
0.114462227660069748580440318619
0.114566377074590039497614668562
0.114670647398554384488456037161
0.114775038856156127997643068284
0.114879551672106755555446966355
0.114984186071600713585638686709
0.115088942280369005422002715022
0.115193820524567100416213349945
0.115298821030974052437301224927
0.115403944026776589248939330901
0.11550918973973729741988591968
0.115614558398077701961703667166
0.115720050230554441506036766896
0.115825665466464042263616818218
0.115931404335567492247527354721
0.116037267068173716166867848187
0.116143253895108627959942282359
0.11624936504768051959146646368
0.116355600757770710762528665327
0.116461961257733170871375705246
0.116568446780471915436017127377
0.116675057559403272389175754142
0.116781793828481819663700491674
0.116888655822157197516908411217
0.116995643775442872969172469766
0.117102757923857242472465145511
0.117209998503449250306651663323
0.117317365750816415825852345733
0.117424859903090372803546870273
0.117532481197910654291405307958
0.117640229873424304041229504492
0.117748106168407681848542267744
0.117856110322106577559253537402
0.11796424257431002702301015006
0.118072503165380121581407024678
0.118180892336194873215582390458
0.118289410328162536423235451366
0.118398057383265781217218659549
0.118506833744024098198366345969
0.118615739653490898097842887182
0.118724775355291495282372693509
0.118833941093576256342601027427
0.118943237113047425856926508914
0.11905266365901315261943693713
0.119162220977271360311533499043
0.119271909314165258653162027258
0.119381728916694407338638939109
0.119491680032288272172991128173
0.119601762909040482130151872298
0.119711977795532081847440508682
0.119822324940960470152084837991
0.119932804595063738362092919942
0.120043417008129787992842807398
0.120154162431043515235629115523
0.120265041115239085245391947865
0.120376053312717334886627895685
0.120487199276073625453520321571
0.120598479258470211994414000856
0.120709893513596788761077505114
0.120821442295785105858207941765
0.120933125859919304856404664861
0.121044944461431547289009813539
0.121156898356379896797285766752
0.121268987801369854118149760325
0.121381213053603956297799015829
0.121493574370868800960110434062
0.121606072011556431977652437126
0.121718706234592272119598987956
0.00308789593076997000153927075417
0.20002591501426894571302739223
0.194647330690402936559380009385
0.189260692726237939043087976643
0.183865989514607031107829016037
0.178463209406408501722651749333
0.173052340751430416831979641756
0.167633371868389308145808058725
0.162206291066416985469089695471
0.156771086632844641739481517106
0.151327746837003951352329522706
0.145876259936319419008299291818
0.140416614142756995819993903751
0.134948797682863247393569849919
0.129472798756966961386538628176
0.123988605532478729509548998067
0.118496206158437991651233289758
0.112995588779358072106795418676
0.10748674151067871829212663215
0.10196965246101394320099586821
0.0964443097009032440647402495415
0.0909107012923534435477890269794
0.0853688152914829079254133148424
0.0798186396909233708552022790172
0.0742601625336026666124311645945
0.0686933717785107034181635299319
0.0631182553956355779645193138094
0.0575348013347858136534718198618
0.0519429975306639479804005077312
0.0463428318735483110724082678189
0.0407342922604770688033148928753
0.0351173665644940041774546557463
0.0294920426408902917880805460982
0.0238583083072956766979011433705
0.0182161513775915100132873902794
0.0125655596449113799578656269773
0.00690652088606060702430378128724
0.00123902284742497936081973008982
-0.00443694673167731746393771530279
-0.01012140015123992424495025233
-0.0158143497047521230935984704047
-0.0215158077259968577576998427503
-0.027225786558930303166148334526
-0.0329442985623691411700697528886
-0.0386713561362469690485532680668
-0.0444069716742743619830591228492
-0.050151157610361353500483261314
-0.0559039263766654553888812984042
-0.06166529045262677394267925024
-0.0674352623220955404992338344528
-0.0732138544788507317218062553366
-0.0790010794566889523737884815091
-0.0847969498089249373862230640952
-0.0906014780875379899249821846752
-0.0964146768814879984166310578075
-0.102236558802295596226628049408
-0.108067136471072397507775519898
-0.113906422542045429602275419256
-0.119754429667707551487865202944
-0.125611170541107708409356291668
-0.131476657881877984079821430896
-0.137350904402187057318229790326
-0.143233922866778468074855368286
-0.149125726031274469240983648888
-0.155026326693750243768121777066
-0.160935737652730059821237773576
-0.166853971756328239850475370076
-0.172781041841396754144000169617
-0.178716960792665635615605879138
-0.18466174148824179845895798735
-0.190615396853742374849716156859
-0.196577939818851576969649386228
-0.202549383339986094343387890149
3.76068485738641556417910718236e-12
0.307064908656094703864880557376
0.252238646786249742781649274548
0.214718851220766226983727165134
0.169554485998111431621637734679
0.128984685623655087605143876317
0.0960749803140744790264093921905
0.0619071598061930808420960659078
0.0322581574205389465248572378187
0.00346351738504348380040531729662
-0.0193167308538482705715377818478
-0.0423348561814937199287989244567
-0.0632821227088126853077554301308
-0.0799076208473346732974462724997
-0.0961561815968102334695188915248
-0.111897826534346933602392937246
-0.116769616901724909707738220277
-0.128428446910077098674918261167
-0.132696348578918016380967515033
-0.140047119300588607249125061571
-0.140350791549055831097803093144
-0.148740219232677245431162305067
-0.139104860062084723093533966676
-0.142355411717989044362298045598
-0.136767306825932966063419371494
-0.137781315708349311188740671241
-0.132622916396709839004230957471
-0.123196227250675069408991646469
-0.114293907101062949815961644617
-0.102637104541663110035543127196
-0.0941132985702353430657041144514
-0.0857376925489320845796825665275
-0.0719471958015643481276768511634
-0.0582347232052499025334313387248
-0.0442676828564597391046930852099
-0.0338426004126458485066208936587
-0.0216434313780029564944218378741
-0.00876587800112964277143845492901
0.00145282878137324082505610345351
0.0159173460193881462221288103365
0.0301060045139754511867025144056
0.0406466067465935387836850622989
0.0515256995800469630442108837087
0.0658768853133849113801190355844
0.0778489099757311148186644800262
0.0872783517094535832292478971794
0.0978724241152943985611045718542
0.10663787270084694458471830103
0.114173503110456486808743647998
0.121812915882094571773386348923
0.128895447594558232307093703639
0.128878425675258007077061961354
0.130142261274075743404665672642
0.138914615580227052138440058116
0.133401731912027726734137900166
0.130613971854290411567234286849
0.127008637985621258836843594509
0.122329933280946573370684404836
0.114347840488382812562662138589
0.10742935127333470834987139142
0.0927022449873457082825112252067
0.0811226049225099443695796708198
0.0604356854821155933810139515572
0.0457315938601967897358946402164
0.0205566695899016167736750304584
-0.000602828794683170202974020757125
-0.026723713647986053337790579576
-0.0648213233762861829045931472137
-0.0967858798282288101955117554098
-0.131367889085077321764671864912
-0.174313483566939181335087027946
-0.216260798401738035812158500448
-0.261760666503658367965101660957
