3
152.157849534750596376397879794
0.114181629358755615255560655896
0.114281708686662986096393979096
0.114381901241410538494491788697
0.11448220722652202585578606886
0.114582626845989271613390769744
0.114683160304212564128967244415
0.11478380780605206001876439359
0.114884569556826521274928154526
0.114985445762275997894086287943
0.11508643662862440282257381341
0.115187542362523057115630820135
0.115288763171104077787099129182
0.115390099261913708916793552817
0.115491550842947335309141010384
0.11559311812271497177384560473
0.115694801310133779659317099231
0.115796600614585284971802536802
0.115898516245919860900848163965
0.116000548414457657631082554417
0.116102697330944276687958449656
0.116204963206614414472639396081
0.116307346253168714111936310474
0.116409846682756668023728252592
0.116512464707989746304228617646
0.116615200541970664982471816984
0.116718054398265214111063414748
0.116821026490884410931059278482
0.116924117034325369957059592707
0.117027326243543075556807764315
0.117130654333997330507344258876
0.117234101521592817829464650004
0.117337668022708382919994107851
0.117441354054226759773271737686
0.117545159833469997634480819215
0.11764908557825967672094691352
0.117753131506886876689321752565
0.117857297838148328272822595864
0.117961584791277010464405350376
0.118065992586044096746000775511
0.118170521442660256261625306706
0.118275171581853258406802353875
0.118379943224804745627309898737
0.118484836593213543887159744372
0.118589851909231380755471718658
0.118694989395549330146728550517
0.11880024927531046552431348573
0.118905631772174322224877585086
0.119011137110279538453561087863
0.119116765514266448322544533767
0.11922251720926503593123157998
0.119328392420918916183580904544
0.119434391375338899710101259188
0.119540514299155006816555157911
0.119646761419512956403643499925
0.119753132964044439745521231089
0.119859629160880609699546539559
0.119966250238663030280861221399
0.120072996426555431148663899421
0.120179867954179828148930653242
0.120286865051760422096194247388
0.120393987949892852795663600318
0.120501236879815357139200671099
0.120608612073215659687974721237
0.120716113762305232715021929835
0.120823742179800394658251150304
0.120931497558947775861071249892
0.121039380133504806402733322557
0.121147390137763849571328478305
0.121255527806513316302350347087
0.121363793375075509906046988817
0.121472187079294441369725632285
0.121580709155519384179200415019
0.0291657010040832463670934515676
0.200002554823213274381998871831
0.194619432933565900123440428615
0.189228379685631442619353492773
0.183829383693040193659129499792
0.178422433535905200496785028008
0.173007517797955562288692021866
0.16758462502395393700638237533
0.16215374375659408201499900315
0.156714862513958469447672428032
0.151267969790565337540044765774
0.145813054066215502801995285154
0.140350103816652443944335004744
0.134879107471567560860847834192
0.129400053456056957079667313337
0.123912930189860603924500992434
0.118417726059999992016535941275
0.112914429430751001026678181915
0.107403028649524959203809260089
0.101883512060187753078821515373
0.0963558679689105745946875458685
0.0908200846775255032916618347372
0.0852761504651531748733006565999
0.0797240535777916370374640564478
0.0741637822596742796177338163943
0.0685953247417633166227446395169
0.0630186692124613118126674748964
0.0574338038628514485628429042663
0.0518407168494305625738860499041
0.0462393963308444788662399105306
0.040629830413331895211381805666
0.0350120072237155646743822501321
0.0293859148373714837432224555869
0.0237515413250181939286420629287
0.0181088747365152520629738575053
0.0124579031098785084075153406502
0.00679861444134883651652101477225
0.0011309967373752912497136824399
-0.00454496203536389632021696982633
-0.0102292739259222231068546804522
-0.0159219509981799421660664251021
-0.0216230053311152053963084540555
-0.0273324490370018477469749029751
-0.0330502942374863509233939851129
-0.0387765530820621331931086217537
-0.0445112377233186085057070613402
-0.0502543603491539328520509855025
-0.0560059331640148719277938482719
-0.0617659683879190693489569241592
-0.0675344782584666597502476292902
-0.0733114750407784093733098984558
-0.0790969710200201125971375404333
-0.084890978490369334297227510433
-0.0906935097743505336254088433634
-0.0965045772097196108418870608148
-0.102324193165983637343607881576
-0.10815237001193157839740166537
-0.113989120152910003436197428073
-0.119834456011755796644990823552
-0.125688390019022544485949310911
-0.131550934648417411354515138555
-0.137422102373760429694371509868
-0.143301905689311809277697307152
-0.149190357127137102066782858856
-0.15508746921507310378984811905
-0.160993254530372442712149450017
-0.166907725640203480343970454669
-0.172830895148854829512785613588
-0.178762775685865155095299883214
-0.184703379884865653837167087659
-0.190652720414507814705729060734
-0.196610809954157667034380096993
-0.202577661206847753350146490448
3.077428529597063788193042109e-11
0.305010286526329610357066712822
0.258007588478299465517551425364
0.212619556799423681248129014421
0.16964691927782962754811535433
0.134822386998475179931133993705
0.0943713155176412188396284363989
0.0630023352795888169630700303969
0.0295817294445656076007367119018
0.00355678341741145478613339570018
-0.0252958462042436292571689904207
-0.0465584657303619794954663291264
-0.0627224857731891183298955638747
-0.0820928723471774784981036532372
-0.0981809721207727026381917312392
-0.107573270674691467974071201752
-0.117209145316534230074623224027
-0.127660816894105633156897283698
-0.134602593811558063352507019772
-0.141090678050395684772766458082
-0.142895522275670122658297600537
-0.142558074948278074023377826052
-0.144474229017843958100542067768
-0.143140516547429180738149057106
-0.137471274120794434425718577586
-0.133117301585546993214492772495
-0.125669535710741658851574698019
-0.119658946834509130607848703676
-0.109324876097972020771997847532
-0.101230038000553079768906172831
-0.0957963465593510282714007075811
-0.0847454078300367841247719979947
-0.0706251531386729164418980531082
-0.0592675302927861760715622096996
-0.0471679320480769409540400260994
-0.0354919672003691857864460246219
-0.0236276664789712639858088039091
-0.0085064439222665867018635665886
0.0019975399368131244691448866746
0.0139359095921002800605448257443
0.0312975248163154043390399294822
0.0434233827391904900205865658336
0.0525489269918856527485928609167
0.0649107518628630614232477569203
0.0749345268367823530430982259531
0.0862617715214017422020731373777
0.0952611479994411730620740286213
0.104517217910059023733282401736
0.111275694658236112832838671238
0.119046598076076176608850687444
0.125653816846843152665869070006
0.127218457711615773320090738707
0.134180699979262990639838903917
0.134927141526235166990588254521
0.135002761088814426937432244813
0.136272442551781169939317805984
0.131249042314352110105701854081
0.125061338372342123470559727139
0.115243402037966027884330344477
0.107551556567274775311204848549
0.0956879641664214741769711736197
0.0775731862323939952430507105419
0.0603178909260441570294730695423
0.0470982205433543230088666575739
0.0218412175892556820189227551055
-0.00354494761607266261824178421591
-0.0312089473599615752075209229588
-0.0611122486112287560677813758048
-0.0939086670776840826135867246194
-0.133271409279690611349167284061
-0.173737528524138429286693963149
-0.217524269454929614076021948676
-0.262797110062110483852393372217
