2
237.603596829671488421809044667
0.115102515554730583380305120045
0.115177944177304814044049408039
0.115253443296469415546567915953
0.115329013005448066664371253864
0.115404653397716092100289131395
0.115480364566871121501101526974
0.115556146606615534055961802551
0.115631999610908073328197076535
0.115707923673767421046676417973
0.115783918889415179953594758899
0.115859985352224525989583980845
0.115936123156694520508480650278
0.116012332397557635377260965015
0.116088613169617702047808904808
0.116164965567904510113095284396
0.116241389687589694035274590078
0.116317885623964584196343707845
0.116394453472515799208331088721
0.116471093328892022489284840958
0.116547805288879091634157703083
0.116624589448458312879175480248
0.116701445903723083352687694969
0.116778374750965863171359160333
0.116855376086617779307630371477
0.116932450007312851991692070897
0.117009596609786103993400274703
0.11708681599098953729498617804
0.117164108247973311471845647702
0.11724147347803347274375340703
0.117318911778552123492680436811
0.117396423247153491864480656659
0.117474007981531763933347178863
0.117551666079618727378530707028
0.117629397639493760152618051507
0.1177072027593620423546738607
0.117785081537638780524446247
0.117863034072914374394969172499
0.11794106046388755371090439894
0.118019160809493817154702810512
0.118097335208771511694259004344
0.118175583760958574641719565079
0.118253906565455715882428933128
0.118332303721830081610910667678
0.11841077532981722497673615635
0.118489321489310017732066171448
0.118567942300380604891962832426
0.118646637863300319359893819637
0.118725408278441316167750585464
0.118804253646394575305578200641
0.118883174067878044644075430369
0.118962169643852228029246020924
0.119041240475398255038719241838
0.119120386663771588020566127852
0.119199608310405283373434315308
0.119278905516888897309080164177
0.119358278384994770382476758641
0.119437727016693848169914815571
0.119517251514059341666040836571
0.119596851979428306367303491697
0.119676528515223493109864705275
0.119756281224151536757283054158
0.119836110208952129063675329235
0.119916015572631082242160971418
0.119995997418386401989209844032
0.12007605584949618271473070763
0.120156190969507886689982001371
0.120236402882114998269535988129
0.120316691691148405785050101713
0.120397057500661014417531191611
0.120477500414884058921316523083
0.120558020538178364833292732783
0.120638617975143080940370055032
0.00798309599896117154382846337057
0.199934267699496764914002255864
0.194512470894158989720423846848
0.189083788147516279609661182803
0.183648210020435492806356592155
0.178205727250096424008063422662
0.17275633049345165415111580387
0.167300010316467240301108176936
0.161836757324239410849031628459
0.156366562219006216549743726318
0.150889415457523740071721363165
0.145405307661692989595891845056
0.139914229406594398108509835765
0.134416171202267842321731450284
0.128911123567436669556940387338
0.123399077028145440215745054502
0.117880022050864369242972884422
0.112353949132896660523250886854
0.106820848765547732339697972748
0.10128071133928055747031038436
0.0957335273313747597834222347046
0.0901792871303848803110625453883
0.0846179811750932403535685466522
0.0790495997925337035017179232455
0.0734741334111299465581268464121
0.0678915723661907000163751035871
0.0623019069860548183048543080531
0.056705127649494112274108914562
0.0511012246869629316314842526481
0.0454901882469066348724240356205
0.0398720087195771968890944947361
0.0342466763741962887390712921842
0.0286141814437026811845932172673
0.0229745141780347099380588105078
0.0173276647584352516684447209627
0.0116736234575021760595525677218
0.00601238034630393203966436388441
0.000343925718936682564032258913045
-0.00533175032010947073241036164859
-0.0110146576280888402327162722827
-0.0167048060924746624711367815053
-0.0224022055605569876679528107388
-0.0281068659474518096896833441178
-0.0338187972114583207394744590601
-0.0395380092576130201531547925242
-0.0452645120445737264569530111658
-0.0509983155753793229725268076891
-0.0567394297803541919344993971208
-0.0624878646652873639966152552461
-0.0682436302785255910485773256369
-0.0740067366283196359511009632115
-0.0797771937525316859884938480718
-0.0855550117748194727251842550686
-0.0913402006471182720259704979071
-0.0971327705800898166810242173597
-0.10293273171460395887244487767
-0.108740094036933049315152288727
-0.114554867779180627462842778641
-0.120377063092013680822844889917
-0.126206690167633001076197274415
-0.13204375917519073357908609978
-0.137888280322651990417170964065
-0.143740263840714782572760555013
-0.14959971996541313044026821899
-0.155466658945298819016755942357
-0.161341091102318312522356791305
-0.167223026634501614751115994295
-0.173112475923642733510732227842
-0.179009449287385741245159920254
-0.184913957064689049580863411393
-0.190826009558057591020130416837
-0.196745617171711600912331618929
-0.202672790337767694257564699001
