3
216.780795179809530282000196166
0.114272765895940833780208834014
0.114370416196904425842895136611
0.114468175205061931110073203399
0.114566043111651527652838922222
0.11466402010823593948796172981
0.114762106386903248167463686968
0.114860302140091075084882277224
0.114958607560646075551602507403
0.115057022841822689795954204328
0.115155548177341290894126757394
0.115254183761292566812173276958
0.115352929788190422533133983052
0.115451786452987384401502879427
0.115550753951022683319038719674
0.115649832478097319699017475614
0.11574902223041058646479939398
0.11584832340455859800432136808
0.115947736197627410126287372805
0.116047260807050772735138366443
0.116146897430771972592467022878
0.116246646267058384438541907002
0.116346507514685629236517172558
0.116446481372822763233898513136
0.116546568041105483293229383435
0.116646767719547628239240566472
0.116747080608636463749938627643
0.116847506909246390272016924428
0.116948046822721862803007297771
0.117048700550883705284732627661
0.117149468295880465618097332481
0.117250350260381941414067341611
0.11735134664744348298448528567
0.117452457660633877156719506729
0.117553683503866357451528301681
0.117655024381569245361944808792
0.117756480498605431428416068229
0.117858052060211992984051221356
0.117959739272149297106828669257
0.118061542340619843316495973795
0.118163461472222314219138183944
0.118265496874023393059083275602
0.118367648753547521911499984526
0.118469917318773418357658044897
0.118572302778115937216263375831
0.118674805340443709211761813549
0.118777425215115917112029819691
0.118880162611862544297380850367
0.118983017740947771834214563569
0.119085990813074291128081938496
0.119189082039374574795154160256
0.119292291631465541268397601016
0.119395619801410529658980408385
0.119499066761749150877847114316
0.119602632725459720464122881367
0.119706317906007553286684697014
0.119810122517303302425162314648
0.11991404677374244147625148571
0.120018090890152931415890691369
0.120122255081876475046875896169
0.120226539564681170202398163838
0.120330944554862387385618660574
0.120435470269099967333126244284
0.120540116924629001071700429293
0.120644884739130375805871153716
0.120749773930701950752641948839
0.120854784718025007328456865707
0.120959917320179494160115041268
0.121065171956726516655500347497
0.121170548847754716570435107315
0.121276048213766224348475475381
0.121381670275842720729819745884
0.121487415255436007055500624574
0.0378244368131856190107242809972
0.199988031884120370795798748986
0.194601734260551245681014620459
0.189207590910891898516865694546
0.183805590600087831454345632665
0.178395722090718300556488884467
0.172977974111455601313735996882
0.167552335388965495388546855793
0.162118794598708787502161499106
0.156677340449716706594074366876
0.151227961587666409615238194419
0.145770646668941378232275951632
0.140305384304309610499217342294
0.134832163113988962033218399483
0.129350971692229227416603976053
0.123861798590999036551174583565
0.118364632385219326060621369834
0.112859461596757915113897752235
0.107346274748121042752480036597
0.1018250603441137741578259579
0.0962958068508807801810789328556
0.0907585027374990527260223416306
0.0852131364460995549547916994015
0.0796596964041351995877704439408
0.0740981710162119805440639197514
0.0685285486674276911323033800727
0.0629508177289816589494719778486
0.0573649665524925828075097911096
0.0517709834635627363930154842819
0.0461688567846239295011656622592
0.0405585748022229408693561936161
0.0349401257986865498850193034741
0.0293134980179203565031631484317
0.0236786797127496173587246630632
0.0180356591010375558181699773286
0.012384424365607434731506586445
0.00672496370924471030539049110075
0.00105726527715730269155192111441
-0.00461868277558627644829858382991
-0.0103028923367514887998730443996
-0.0159953752867436349571761411426
-0.0216961435580521853905278106822
-0.0274052090678562447478849861682
-0.0331225837726550204065389948482
-0.0388482796538455604773432128241
-0.0445823086890830971862342835266
-0.050324682901341975804765382918
-0.0560754143096507048915633220076
-0.0618345149700907370515778893605
-0.0676019969462744729771230822735
-0.0733778723322634496284422311874
-0.0791621532332252991759347082734
-0.0849548517733173802479740288618
-0.0907559800944457012450428123884
-0.0965655503714433482986834178519
-0.102383574791341386278631375717
-0.108210065553653367320663392093
-0.114045034879033058139441436651
-0.119888495026994931769159791202
-0.125740458247470571206960698873
-0.131600936831740900068155042391
-0.137469943082877132933816710647
-0.143347489329551158743214500646
-0.149233587910911652540946192858
-0.155128251179053322506007361881
-0.161031491542762805746491494574
-0.166943321387175269698843749211
-0.172863753141786369305066273228
-0.178792799253642109569284457393
-0.18473047217868485136982314998
-0.190676784420458433899625561025
-0.196631748448937826445614973636
-0.202595376821717215731766259523
3.61914969829264603356137362865e-11
0.30346080104496669926916752047
0.258865566461580820512011769097
0.211401518033953017550174990902
0.163034349094605512942024461154
0.131896461588354746430340469487
0.0983671992537838574266473301577
0.0615873449807092798735652650066
0.0347428919783136641585841175583
0.00623795765459477739162119647176
-0.0174088503110971550003061025791
-0.0503320613009893558231766519384
-0.0620222260147105727834393462672
-0.0809042438421434806361531855146
-0.0893088000362882716842705121962
-0.110081296609503609396085721528
-0.118608405467547584066778654233
-0.126593986706574651579515489175
-0.137432398905391217613924936813
-0.141296694959542556979670280271
-0.146550533994861981179624876859
-0.149361089141440250838144265799
-0.147326141963180862193283360284
-0.145422417133886122675434648954
-0.133653306559750134629993567614
-0.129873940268155574351283121359
-0.130107405805228143469420842848
-0.117518243440034669822225055213
-0.113069810329515935132249637718
-0.102060694092594980708632590449
-0.0901603537447104724789070928637
-0.0818905538088118833961459586135
-0.0720123916077275577629634994992
-0.0569898596611622190732937554003
-0.0478211005719746534703418205936
-0.0346770697473213138084524587157
-0.0233008526424564564594188453839
-0.0123133329998449669862026212286
0.00245169120039096530630495784919
0.0152630539093799588723499027765
0.0288807131266083164100599844915
0.0398697274111870711421623525439
0.0555360972294404731108841133391
0.0629343250514979579701702050443
0.072782358184718592974959960884
0.0874984080419760612556956402841
0.0930212964678576725852110484993
0.107365767132282421969513563909
0.114016375713828804761007518209
0.123546304355919830952892368714
0.122500556480303890438676717167
0.127095491317053749247278915391
0.132215194832718513362479484385
0.136265665989763751220209542225
0.138421044583322994103724568049
0.137454646218569676019427561187
0.138491953476743256956638106203
0.123142057497425766454668405459
0.115803146817454252759382882232
0.105960569983231972512882634874
0.091438143021319751024833522024
0.0789270374040142164151490078439
0.0638664741084089965239556363485
0.0425689957103782545821957228327
0.0202530322815928365276505473958
-0.0034874875345963412057170849323
-0.034043954445190080515537545125
-0.0645369723401114925298571733947
-0.100372802598207480628822452218
-0.128110255035097070352989589992
-0.172718307888657079951499895287
-0.211204091185475756331513252917
-0.264545512571437213544811584143
