2
296.801908709127701513352803886
0.115058980888858061741863991756
0.115135580599613526753266512515
0.11521225266593641822776561412
0.115288997185465730277442730767
0.115365814256004020621482197839
0.115442703975439334151964487774
0.11551966644195199584999045328
0.115596701753805222723237022819
0.115673810009431804468604809699
0.115750991307472503311082334676
0.115828245746694022400014034702
0.115905573426072688869581384097
0.1159829744447021526720931206
0.11606044890189587404094595513
0.116137996897104092686170417892
0.116215618529953879090044210898
0.11629331390023861514393388461
0.116371083107953382507204764806
0.116448926253203535741143070936
0.116526843436344326732090337373
0.116604834757799535882583086277
0.11668290031825258312725424048
0.116761040218530356971093908669
0.116839254559633592966960691228
0.116917543442701638012337639339
0.11699590696909567544281571827
0.117074345240349972363524955199
0.117152858358096079172128156642
0.117231446424277560569571221549
0.117310109540871676525597422369
0.117388847810091540013743838244
0.117467661334335005118845174366
0.117546550216173592562363126035
0.117625514558333421621938441604
0.117704554463730431956847155561
0.117783670035435897305298169613
0.117862861376744357255752504443
0.117942128591092529332762239846
0.118021471782075754175522774858
0.118100891053529458152304698615
0.118180386509399049099755529824
0.118259958253856767296241514487
0.118339606391229035242673717221
0.118419331026024088338033379841
0.118499132262947795557472829842
0.118579010206844248642710226704
0.118658964962799082232258740532
0.118738996636061716616339367647
0.118819105331986238360819641002
0.118899291156202638330974252767
0.118979554214510882537148006577
0.119059894612827510407271347503
0.119140312457316863148371055559
0.119220807854306234951913268105
0.119301380910299056892220903592
0.119382031731994145418163100203
0.119462760426248218448286309012
0.119543567100140663006513364053
0.119624451860939451375287490009
0.119705414815997376876133273527
0.119786456073030692093261961872
0.119867575739769152698421805781
0.119948773924223983655679148796
0.120030050734582852123288887469
0.120111406279172383548825564503
0.120192840666589917386630759211
0.12027435400553379563071132452
0.120355946404940683525097711026
0.120437617973941965554551813966
0.120519368821820974102543289064
0.120601199058073607628394086078
0.120683108792406248999107276632
0.0117586419768552132708583357612
0.199931481858378418126065412253
0.194512015535417026601550105624
0.189085600076596999086220307618
0.183652226075024571638749648628
0.178211884018736860246789888151
0.172764564403582648877133465248
0.167310257767673914441886040549
0.16184895457032633103722218948
0.156380645266134349347098009275
0.150905320339380949468122139479
0.14542297019305069905037441913
0.13993358529978425219830739934
0.134437155993184148661256926971
0.128933672709826335767147043043
0.123423125830652360979122761364
0.117905505714966357677653263636
0.112380802694806866681709323075
0.106849007088764519357582116754
0.101310109249075117054950112561
0.0957640994225655295402077626932
0.090210967942156536358844221013
0.0846507050734313787332396827878
0.0790833010369017680440961726163
0.0735087460984629043059257469395
0.0679270304726066753708835221914
0.0623381443526356618378692076021
0.056742077980853837526620253584
0.0511388214684700900813929536071
0.0455283650183756702367610103011
0.039910698762186766486159683609
0.0342858128008267440400835823766
0.0286536973516119466975915486273
0.0230143423988434930871349592962
0.0173677380704595381299970568989
0.0117138744217356316479339284342
0.00605274152802903839948323039266
0.000384329392383900639296179235771
-0.00529137195374971766592686606145
-0.0109743724775782820757275004553
-0.0166646822342210385037297726285
-0.0223623112177903926589550565041
-0.028067269509884893580187181783
-0.0337795671265341407307758458956
-0.0394992141778289299058890549077
-0.0452262207254594955641024967008
-0.0509605968970711850629662365009
-0.0567023528293072107131500558808
-0.0624514985903261640731720660824
-0.0682080444679913355798817065079
-0.0739720005060944124641864050318
-0.0797433769665468472620517559335
-0.0855221840534224897467652226624
-0.0913084319490779644512556956215
-0.0971021308862742710266147128095
-0.102903291163050719658755838282
-0.108711923028466522778145986194
-0.114528036757452850169514135814
-0.1203516426838598246673583958
-0.126182751069386728248744589109
-0.132021372308805284845334426791
-0.137867516727437383616816646281
-0.143721194695138082542129609465
-0.149582416613405072558506958558
-0.15545119286875472286446608905
-0.16132753385468895368504149701
-0.167211450077194928587331901326
-0.173102951901651591626318804629
-0.179002049840583737916333006979
-0.184908754376038791944480976781
-0.190823076027751642458341052588
-0.196745025270657264426787946832
-0.202674612709819679245981660642
