2
0.909590276904826411374926919962
0
0
0
0
0
0.706618991651593253422447560297
-8.63671733453194978122802237626e-17
0.707594234457351700662286475563
0
0
0
0
0
0
0
0
0
0
0
0
0
0
0
0
0
0
0
0
0
0
0
0
0
0
0
0
0
0
0
0
0
0
0
0
0
0
0
0
0
0
0
0
0
0
0
0
0
0
0
0
0
0
0
0
0
0
0
0
0
0
0
0
1.19188025970782773035240727742e-07
0
0
0
0
0
0.707594234457351811684588938078
6.58207624280412126844664174398e-10
-0.706618991651593142400145097781
0
0
0
0
0
0
0
0
0
0
0
0
0
0
0
0
0
0
0
0
0
0
0
0
0
0
0
0
0
0
0
0
0
0
0
0
0
0
0
0
0
0
0
0
0
0
0
0
0
0
0
0
0
0
0
0
0
0
0
0
0
0
0
0
