2
5.50960011339140542929726507282
0
0
0
0
0
0.706484590434343417975071588444
-1.14089788933864701759884676928e-16
0.707728424947605017081286860048
0
0
0
0
0
0
0
0
0
0
0
0
0
0
0
0
0
0
0
0
0
0
0
0
0
0
0
0
0
0
0
0
0
0
0
0
0
0
0
0
0
0
0
0
0
0
0
0
0
0
0
0
0
0
0
0
0
0
0
0
0
0
0
0
2.66267027760588309576042856386e-06
0
0
0
0
0
0.707728424947605128103589322563
2.35659808257844949739687112072e-10
-0.706484590434343306952769125928
0
0
0
0
0
0
0
0
0
0
0
0
0
0
0
0
0
0
0
0
0
0
0
0
0
0
0
0
0
0
0
0
0
0
0
0
0
0
0
0
0
0
0
0
0
0
0
0
0
0
0
0
0
0
0
0
0
0
0
0
0
0
0
0
