3
126.907191071174011653965862934
0.114991043729933628547712487489
0.115069469715964642353434044253
0.115147970994210022133152904189
0.115226547669251278005475569444
0.115305199845930614332978336734
0.115383927629210028542594557166
0.115462731124248305092372390845
0.115541610436413283435896914852
0.115620565671232869431328538212
0.115699596934417170412956465952
0.11577870433186907006550825372
0.115857887969687226026316295702
0.115937147954146710371325923461
0.116016484391702895395681593982
0.116095897389001043165102089461
0.116175387052880177418678897538
0.116254953490368184709780052799
0.116334596808650492238967899539
0.116414317115156512594253968018
0.116494114517441724188095975023
0.116573989123320675975747917619
0.116653941040704645093484259633
0.116733970377790929884298520847
0.116814077242902228381815632474
0.116894261744568739302962967486
0.116974523991538334466433468606
0.1170548640926873662504448248
0.117135282157173351014201045928
0.117215778294249173274721442795
0.117296352613436474787711460976
0.117377005224411024020270133406
0.117457736237046972416209200674
0.117538545761420060165036716171
0.11761943390780880969170851813
0.117700400786634518102147239915
0.117781446508582965382316842806
0.117862571184504896781852778531
0.117943774925433675360153529255
0.118025057842622391190978703435
0.118106420047476790013973868554
0.118187861651675329976995953984
0.118269382767023228941738466347
0.118350983505560281017210400023
0.118432663979512756147194352252
0.118514424301301143915843283594
0.118596264583545343840320640538
0.118678184939089492733188535567
0.118760185480945551494968981388
0.118842266322330220029712677388
0.118924427576688224172940522294
0.119006669357612657189626759191
0.119088991778963440570926479722
0.119171394954751527772707220265
0.119253878999213719369620889665
0.119336444026773333404456423068
0.119419090152094037327046294195
0.119501817489975889485798177247
0.119584626155514725520667695946
0.119667516263893297656650815952
0.119750487930613394582657349474
0.119833541271318691490144203726
0.11991667640187773924420611138
0.119999893438361926456536821206
0.120083192497023510947329327792
0.120166573694378470138488523844
0.120250037147103680523763102883
0.12033358297210065834814685104
0.120417211286463946007252445725
0.120500922207524133189515680442
0.120584715852803114888303070984
0.120668592340034713794594267711
0.120752551787135842253917417111
0.00628331645728168446812800240764
0.199929000040476478883277877685
0.194513015260278754325895533839
0.189089987085799909882766201008
0.183659905852223526157018795857
0.178222761920060118745468002999
0.172778545584075016172675987036
0.167327247179325400150418090561
0.161868856967997881701748497107
0.156403365231455149242378865893
0.150930762218207364933064695833
0.145451038185305026040339271276
0.139964183327521779487412345588
0.134470187890766285088162135253
0.128969042079434881298283244178
0.123460736020060676820797596065
0.117945259951975897627640677001
0.112422603956325500851320953188
0.106892758164639098406034634081
0.101355712761412336542221623858
0.0958114578047641884950280655175
0.0902599833690159863985869037606
0.0847012795642634735981957305739
0.0791353364164285588699954132608
0.0735621439701258511556503094653
0.0679816922518982069689741365437
0.0623939712627013254309105150242
0.0567989709829621394754362029289
0.0511966814313533219449325883943
0.0455870925274935862026026711646
0.0399701942514925009919402043579
0.0343459764676761550306061110405
0.0287144291493973621842705767904
0.0230755421860503774633688323092
0.0174293053951681160829156880254
0.011775708719787418218838404016
0.0061147419914968498266816254727
0.000446394998388608408353833700843
-0.0052293423991552597310250583007
-0.0109124804130001761687251971011
-0.016603029309565385529534609077
-0.0223009992502502321642943172719
-0.0280064005270827115490206438153
-0.0337192433733367810666514685636
-0.0394395381055946681048141044812
-0.0451672950039259113452771998709
-0.0509025243908771407586044688287
-0.0566452366132452478364456283089
-0.0623954419931086814998799638943
-0.0681531509003925756173813965688
-0.0739183737271867646878575897063
-0.0796911208530861475685114214684
-0.0854714027050768321291940310402
-0.091259229738620037397645035071
-0.0970546123539561544912857016243
-0.102857561048767032207962301982
-0.108668086293992799395979886867
-0.114486198590836488198085874046
-0.120311908433139505558706616739
-0.126145226391999931703225001911
-0.131986163000183148730215521027
-0.137834728796539601747284109479
-0.14369093439266791834008074602
-0.149554790387794178663227739889
-0.155426307384191414451279911191
-0.161305496019200911295143896496
-0.167192366949023646371941254074
-0.173086930857569543107388199132
-0.178989198362198065339612185198
-0.184899180250130135139130516109
-0.190816887184722366876954424697
-0.196742329937231508196759932616
-0.202675519226459821542363215485
1.65959877612735490094809457709e-12
0.273326046362360686181602886791
0.260713861209022401688173431467
0.201563982539194691545603177474
0.184977426830394864332163251675
0.138358261303202140224399840918
0.0874081703898045847545006381552
0.0863192078759931064046995174976
0.0631163241495185101115339421085
0.0570276164620410613848022762795
-0.0148911655748794977821569673893
-0.0697894708236796862399486940376
-0.0981484422674707562839202523719
-0.167803172480649881448400151385
-0.125927305414982010356439445786
-0.178404781550632052233851254641
-0.0760000710161089360061836828208
-0.209666071921780106102062291029
-0.175256322532481023657169316721
-0.134889520485159702944955029125
-0.130697598555284871801873691766
-0.0979560465985914174957827071921
-0.13454780746478176012281835483
-0.102709146206576437676538660071
-0.130737766680832284693636324846
-0.102119056399772201171316510226
-0.0931472316154425966638896738914
-0.0516376928694507325579010625916
-0.0210098172527091071881688577605
-0.116469608656639536659049838363
-0.0619655222401636132656399524876
-0.076714034932124988697133005644
-0.0293724184179184784337923730391
-0.0787121389192165649140164873643
-0.0651751893237290658156268818857
-0.107539575822650418368553459914
0.0153649342523617341710329142757
0.0297628242505340832868565570379
0.0260939184876999193118951581027
-0.03764486943809302460506316379
0.0631348719832454385869624502448
0.0344280594272956957935249988623
0.0218033272317370123427604511335
0.0259387284746602220231181945564
0.0725072521935995889519332990858
0.146259968157831904411736445581
0.0969504823291928718997922942435
0.102488999943770892064875965843
0.0787348220154930056313702380066
0.0292477020237873371055759008641
0.131097866045312011484824665786
0.171660869388868736473696685607
0.145277356052228856508889975885
0.0973931461135655734961957818996
0.0880345357592180605132980986127
0.107623923429450887856440033374
0.140180251718174692099339040396
0.0407645755469732140596761382767
0.147719883032991355920060527751
0.157030203662529455055363314386
0.0991074851828372960227397925337
0.0354077436664247124920024134553
0.0493663936794595109569527835447
0.0702242174374651945134573338692
0.0271347558203292142653406671116
-0.00777428391011936604365617498047
-0.00513872153118542264460533175452
-0.0205603125784347279259023366649
-0.132484948826370130259277857476
-0.1285207731776282225055751951
-0.174791023122629701758157239055
-0.219933177003059948662055944624
-0.225381146628195055958698844734
