3
230.981011492248171634855680168
0.11480881357877947834822407458
0.114892131054108975751759658124
0.114975531903166200420329801091
0.115059016250493639788032851357
0.115142584220942964523537455079
0.115226235939489343729213999268
0.115309971531464772187547396243
0.115393791122363004175710443633
0.115477694837889943713093998667
0.115561682804076512609547933152
0.115645755147107745508527898437
0.11572991199344061230558367015
0.115814153469745093061327168016
0.115898479703003084995138749491
0.115982890820292325328999538669
0.116067386949090828318631452021
0.116151968216984133319691352426
0.11623663475189184579594581237
0.116321386681903476967292476729
0.116406224135373048689245933929
0.116491147240934650453070275944
0.116576156127438490539560689285
0.116661250923920045696746683461
0.116746431759738436562123808926
0.11683169876445648194263071673
0.11691705206789515525400702245
0.117002491800100055785449626455
0.117088018091407314313912024772
0.117173631072320316715007493258
0.117259330873653616622576123518
0.117345117626460937465537881508
0.117430991462001893532729468461
0.117516952511830002903181480178
0.117603000907712418321438008206
0.11768913678172010506273181818
0.117775360266101108974723388201
0.1178616714933804487941415573
0.117948070596348333904934690963
0.118034557708037973755565985812
0.118121132961721303500368662753
0.118207796490967201319399748627
0.118294548429525900323788789592
0.118381388911436777333641146015
0.118468318071012823633481048091
0.118555336042787271000342741445
0.118642442961557514902182219885
0.118729638962406694457918376884
0.118816924180628752383270807513
0.118904298751772691256078928745
0.118991762811692464163471072425
0.119079316496450413054297712279
0.119166959942420686013875297249
0.119254693286181268074841455018
0.119342516664580441942966615443
0.119430430214736718608214971482
0.11951843407404999508614196202
0.119606528380167179137494315455
0.119694713270933991711153510096
0.119782988884561875098100358628
0.119871355359462819500926400451
0.119959812834326731700862467278
0.1200483614481026861664503258
0.120137001340008736649522802509
0.120225732649532818241411291638
0.120314555516406587742928024909
0.120403470080646807227608974245
0.120492476482562657635888569985
0.12058157486264532709530072907
0.120670765361741566534803382638
0.120760048120936949733739140811
0.120849423281572915245263288853
0.120938890985284569490332273745
0.0181074253441672432252129709696
0.199931437117056715058183158362
0.194524033330035373001720699904
0.189109353933551549431513194577
0.183687388808049689714607666247
0.178258127803577082204355974682
0.172821560802408707990807101851
0.167377677603592511790253638537
0.161926468038973758734044849916
0.156467921914721502796297158966
0.151002029000321696949882266381
0.145528779079270031981963029466
0.140048161897632944539182631161
0.134560167193720298106640598235
0.129064784681916289166281330836
0.12356200407692449760865827102
0.118051815045332381126641507763
0.112534207294334692717185930633
0.107009170429115257894281398876
0.101476694115443424881739531429
0.0959367679725633692999764434717
0.0903893815933648758775831311141
0.0848345245770998346301894343924
0.0792721865059930197450199784726
0.0737023568915394916567507266336
0.0681250253098719393829441060007
0.0625401812927438571776406206482
0.0569478142959404451395322155349
0.0513479138566621876038631455685
0.0457404694158153948824185874855
0.0401254704418911242735923394775
0.034502906353714349330097377333
0.0288727665798054061729871477837
0.0232350405386543626407025442404
0.0175897176037276420368371532277
0.0119367871376956907053523693207
0.00627623850688711990702950416221
0.000608061027716475942413165700628
-0.00506775596728267253843203121733
-0.0107512231726925883840140230063
-0.0164423513176104006683342362294
-0.0221411511204460849377984033026
-0.027847633339768706334238501654
-0.0335618087538914894318864412526
-0.0392836881446365915326879303393
-0.0450132822883080249698473096487
-0.050750602049417101180317501985
-0.0564956582250343009032889085574
-0.0622484616846695343328477179057
-0.068009023306620106086306520865
-0.0737773539787879711893126000177
-0.0795534645829305830933009247019
-0.0853373660810597400860899597319
-0.0911290693917014699154677259685
-0.0969285854777812427851557686154
-0.10273592533222936085124388228
-0.10855109991223915733016269769
-0.114374120280631999535536635904
-0.120204997435029076191526087314
-0.126043742424540416990907942818
-0.13189036632672990201342599903
-0.137744880222112675571821682752
-0.143607295202386159305163459976
-0.149477622396300913187872083654
-0.155355872945638517901301156598
-0.161242057999640836518651099141
-0.167136188710745703378535154116
-0.173038276304759153223500334207
-0.178948331979571606531465022272
-0.184866366950850152806040682663
-0.190792392476237332443744776356
-0.196726419809387292891855736343
-0.202668460251386350901015021009
7.02819603561165169108179380582e-12
-0.324100330823108240263508150747
-0.24955168956940512736686343942
-0.228211751742931318043261512685
-0.137758406014146517204466135809
-0.110155002413676747496928953751
-0.0905961133260002604572491691215
-0.0515127504142479999971193649344
-0.0487741457614186690872060125912
0.00485617008739705133257835711902
0.0256262261155760333319886257186
0.0369971828013948497715368546324
0.040827534488339825569092056412
0.094067593487824480158465689783
0.116434981153665836894894880515
0.0881485184850763353603397831648
0.0994754557272031214587570957519
0.130003010204704005925435694735
0.113514068595463576971660302206
0.132289599150603537358605876761
0.160644323050330994906431669733
0.154300694625422729622243878111
0.148403412679320056977161357281
0.127581794600500841863066625592
0.139257561563643661450839772442
0.152332269622628330152380726759
0.102165735819691405605880163421
0.104008621395044811852592658852
0.121490166903350446658826911062
0.129047272004789631560939255905
0.0988471597996966322430267837262
0.0721494942158082408489860881673
0.0670417729142085416782492757193
0.0720359351482595944293763068345
0.0337237985537815615488810294664
0.0467671816353043001690537039394
0.00545027468209765761364415936896
0.00760625974639006410121799817148
0.00820862209933281156137852008214
-0.0214274646301159180095119438647
-0.0396866309599624017545593801515
-0.0594135355015374955200968543068
-0.0536462965113252698845514032655
-0.0522234931964720497377108188175
-0.068617854613939682772993933213
-0.0617408382675723732546657629428
-0.11859224249286595687102874308
-0.106547685726957788721058761894
-0.126686229694886048902091602031
-0.095597478900672147594796967951
-0.111537420895400127274221802054
-0.133604221550980922783580240321
-0.118055685279000843745933480022
-0.129096193470504577716084781969
-0.118876857989877085519658805879
-0.126269888635873545057464184538
-0.1454953627627602608107793003
-0.144442646810308300553415961076
-0.123231810838633229487903975041
-0.129544067270743745723393658409
-0.0995244391251596111080957030026
-0.0899397914428917699680710029497
-0.058494142774477161927926260887
-0.0254051752967548033490530201561
-0.0054804279473951878626225564517
0.0147339078835984071957909691264
0.0362800581522262424738478614472
0.0631160276574530831883436121643
0.0789194604761774276546759665507
0.104412858775767433683334672878
0.205094057669202300964172991371
0.200028496883106116088768544614
0.267911953284911352746178181405
