3
28.8136810209892999523617618252
0.114133206513206658661019332612
0.114234575555845541128263676001
0.114336060250400536886239422074
0.114437660807047300592920180407
0.114539377436409309241049925276
0.114641210349599273476961514007
0.114743159758184068430786339832
0.114845225874185150050088566331
0.114947408910113429980626165161
0.115049709078911988058280257974
0.115152126594034731610349808761
0.115254661669402000412354425407
0.115357314519369633099010741262
0.115460085358807140742953833978
0.115562974403015078506129498237
0.115665981867826075935035134989
0.115769107969514742362271420006
0.115872352924840174570597639558
0.115975716951027499335147297188
0.116079200265793117119450528207
0.116182803087343786141438783943
0.116286525634352599922749504913
0.116390368125987048175673521655
0.116494330781902077909251147503
0.116598413822214877488825379714
0.116702617467578997900723436487
0.116806941939084432680040492869
0.116911387458342022616086808284
0.117015954247436826385353469959
0.117120642528957735750694268972
0.117225452525989745633516747603
0.117330384462098771813920450313
0.117435438561341212726496507912
0.117540615048290261746011253763
0.117645914148024735568220933146
0.117751336086104621547754334188
0.117856881088581527672332072143
0.117962549382043715984202947311
0.118068341193527229227022701252
0.118174256750640319091338881208
0.118280296281449065487478833347
0.118386460014522534867076331011
0.118492748179001475272720256271
0.118599161004451419954008883906
0.118705698721002117501654993248
0.118812361559290119439324939776
0.118919149750445221624950420392
0.119026063526138509152119127066
0.119133103118518129948100181537
0.119240268760294712557801233288
0.119347560684666578745272147444
0.11945497912536805207306400689
0.119562524316631793586118703843
0.119670196493255540093336719565
0.119777995890530855604971804951
0.119885922744243519910689599328
0.119993977290760722720364128691
0.120102159766975635779573394757
0.120210470410257536100218089814
0.120318909458581577154312469702
0.12042747715036984657022145484
0.120536173724649489646942868148
0.120644999420926268829390437531
0.120753954479285871559390841412
0.1208630391403356096891030802
0.120972253645188640436280991253
0.12108159823556735590344146658
0.121191073153671474704751176432
0.121300678642276935081945055117
0.121410414944663841430028128343
0.121520282304732260558743917045
0.121630280966848081103393042213
0.00578782279933481250827620456789
0.200010701560117298836161126019
0.194629230530089736284082846396
0.189239783650685750027164999665
0.183842349440210717226307224337
0.178436916404722950568739747723
0.173023473030570834607644314929
0.167602007800297408968148715758
0.16217250915188294313473704733
0.156734965530235664799008077352
0.151289365343440951328091159667
0.145835696989902841025354973681
0.140373948846301305204420373229
0.134904109279158052059344186091
0.129426166625448563207712027179
0.123940109197815562236399955509
0.118445925315484826279011087991
0.112943603259795632975936996445
0.107433131291191877321189451777
0.101914497659982977717518792815
0.0963876906015023043883260811526
0.0908526983151491662749066335891
0.0853095089995615230016312580119
0.0797581108223796297895802354105
0.0741984919354067712360389919013
0.0686306404849114370936291606995
0.0630545445775992918768793060735
0.057470192305402310883888361559
0.0518775717561968940927386029216
0.0462766709860374728102705432775
0.0406674780219325182617495784143
0.0350499808964436221359051160107
0.0294241676120760922708008422433
0.0237900261470679608155620599064
0.0181475444527238287395487503773
0.0124967104913004493915718029484
0.00683751216989038779897613906655
0.00116993740545454105207723305426
-0.004506025925661344758155202328
-0.010190389951810860380554402127
-0.0158831668301860316760976132855
-0.0215843687300240755222446864536
-0.0272940078618563973511523812476
-0.0330120964143972364657209084271
-0.038738646629084841355172841304
-0.044473670757287572796734309577
-0.0502171810708531424216616301237
-0.0559691898668320184095925640122
-0.0617297094471763035938849384365
-0.0674987521545062640893064553893
-0.0732763303214725852940958361614
-0.079062456332432917704977626272
-0.0848571425708178062041753264566
-0.0906604014480797554265123494588
-0.0964722454059567247064421735558
-0.102292686875062766027610905439
-0.108121738340893322471991666589
-0.113959412287286968035182610492
-0.119805721227629349834309380185
-0.125660677680425630908800371799
-0.131524294217476023227675341332
-0.137396583398867677683341526063
-0.143277557812143269133642320412
-0.149167230071219847342689490688
-0.155065612809908215385945595699
-0.160972718677114046137432978867
-0.166888560348118247800286439997
-0.172813150520917058194925175485
-0.178746501904500365576211606822
-0.184688627230715413096717725239
-0.190639539258648044173227731335
-0.196599250758284438411749306397
-0.202567774523715271595136755423
6.44718344883657972956631470592e-12
0.304752460403830083279785867489
0.257366230176613530744589297683
0.209553432308956011365097538146
0.172534840930760824395662211828
0.132207201971840687670933789377
0.0946518304534383903003913474095
0.0576380593329489515630470464203
0.0318530619236484513479013003234
0.00315416716137782238496556352914
-0.0191451273197680363336026232446
-0.0463452721553278268462605637978
-0.0603071036008585303900275675915
-0.0774212768757019109688854996421
-0.0964307119012712959937871914917
-0.110002252666167171790689849331
-0.114467471586322561138970854699
-0.1311334528315592773406450533
-0.135982047827200691614280003705
-0.140389932058480604304406824667
-0.141041949885943429521262260096
-0.145061674416023245193230195582
-0.141568786763764942193688511907
-0.142427763065838791645134620012
-0.137444573903511696455481683188
-0.136181285820858283264200849771
-0.129142187101533689741472699097
-0.119095100463746064733960849935
-0.112086132011356670590274120514
-0.104308474872406159450477503015
-0.0930263040810153096771273339982
-0.0843109569498368266460275322061
-0.0709034114646377028323698255008
-0.0641311068639871945107344686221
-0.0482560051500331432805523945717
-0.0334219597603148746434165161645
-0.0233933041634471865222177910937
-0.00613835507626733084540759932679
0.00352497547454366658495339414969
0.0167906431445308049199560684883
0.0272695963417430888020565049601
0.043234527642210515696596928592
0.0503528832798375292068016051417
0.0641012795552547975930224311014
0.0735304476126988904027825810772
0.0870929764313807946995993347628
0.0982069880881779322390201514281
0.108892400585869492113388901089
0.114838057385995145898149871755
0.12122671996992068210730053579
0.126107199368032829589481025323
0.124828651607927609834547411083
0.131304015042428168236199326202
0.134100135594314134879212474516
0.135208828431463562447234494357
0.129774262131465478731229268305
0.134543021789174405133948653202
0.127962811810426541070384587329
0.113256892484384683039699837082
0.107597201937736211552198994923
0.0928391532278620146279024538671
0.0788556865541442664202520518302
0.0617562415837015002417764719667
0.0481280884886493773300308873786
0.0237508061957236553396466405275
-0.00584645054011390021692085028349
-0.0292274158822482255093433423099
-0.0617249065669885910168090958905
-0.0974649525491785712061343360801
-0.130714453105487682371688151761
-0.170415446560219036031824657584
-0.220419381864208868693211229584
-0.263360157040344933232489665897
