3
506.69517749122763916602707468
0.114379464069555181193749149315
0.114474267795965201077734718638
0.114569175013618518299551851669
0.11466418589962106000523789362
0.114759300631490826494207624364
0.114854519387091472126805058451
0.114949842344696184781582815049
0.115045269682920670017978181932
0.115140801580749740917752887981
0.115236438217552833451762239747
0.115332179773112428189385525457
0.115428026427527738451139782683
0.115523978361328577557642915963
0.115620035755400224486422189329
0.115716198790992791378684501069
0.115812467649789446744179599591
0.115908842513815682484512592509
0.116005323565463600021807621943
0.116101910987561021681990780507
0.116198604963275872736794269713
0.116295405676201293876381726022
0.116392313310280895444215332191
0.116489328049878354542912006764
0.116586450079713244143420070031
0.11668367958492173452889062446
0.116781016751023661304209610989
0.116878461763917376736721109864
0.116976014809914347081232222081
0.117073676075709828814375157435
0.117171445748400285258306041669
0.117269324015453327292313190355
0.117367311064761933869782239981
0.117465407084613421284657874821
0.117563612263672109814471866684
0.117661926791026244520921295589
0.117760350856132733898817832596
0.117858884648894574054267536667
0.117957528359585783750418386262
0.118056282178876509325604615697
0.118155146297879140582232082579
0.118254120908052165472845729255
0.118353206201338378988907606981
0.118452402369999862385974154222
0.118551709606793981288674899588
0.118651128104815775654579113052
0.118750658057592828331650025575
0.118850299659078881275853234456
0.118950053103637432005967866644
0.119049918586036737599975765534
0.119149896301427138389783522143
0.119249986445454925210185592732
0.119350189214102606061196354403
0.11945050480381316782008127575
0.119550933411409515683132553932
0.119651475234190216023755226615
0.119752130469833836801107906922
0.119852899316424441056305738584
0.119953781972535325484052748379
0.120054778637074463509826216523
0.1201558895094434059602761522
0.120257114789436347912499059021
0.120358454677266468735297166859
0.12045990937363253159286813343
0.120561479079553918181133553844
0.12066316399658116864657131373
0.120764964326662130322809218796
0.12086688027215211627130031502
0.12096891203585083407467948291
0.121071059821006368761864280259
0.121173323831295642882821539388
0.121275704270802670015072521892
0.121378201344098879399524548717
0.0783130766810533618382805798319
0.199972508466247311798014152373
0.194582367757509311356756143141
0.189184485005850361316603880368
0.183778849189563137089820088477
0.178365449238237688822650284237
0.172944274099939732103337064473
0.167515312688737233459690401105
0.162078553891694315813865046039
0.156633986599106711512519041207
0.151181599671465854983765098041
0.145721381960458612470077355283
0.140253322277286318620070915131
0.134777409445373530516576465743
0.129293632249916412568779833236
0.123801979459351854662152447872
0.118302439842957407556411908445
0.112795002118970241755668837413
0.107279655020464145809278022625
0.10175638723740620950053425986
0.0962251874675812968185084628203
0.0906860443595765286506349411866
0.0851389465694823294183990469719
0.0795838827250597985463187455935
0.074020841434144668546935008635
0.0684498112949352699452276738157
0.0628707808697589187740817351369
0.0572837387171338668911957370256
0.0516886733893834465769501207433
0.0460855733848895693371972015484
0.0404744272145586628242064364258
0.034855223352925880642150247013
0.0292279502669594501429450872365
0.0235925964013437780564252932436
0.0179491501866880197313403044745
0.0122976000180497254538058982121
0.00663793430303694781402512603563
0.000970141391337547105352956400282
-0.00470579034429495415142730152525
-0.0103898725933453447284326998101
-0.0160821170260893875347818493537
-0.0217825353491246410941872824196
-0.0274911393006675754124845667548
-0.0332079406023849596496511082933
-0.038932951027419115952454831131
-0.0446661823506911623282711332195
-0.0504076463919992598383679194285
-0.0561573549393023577214201225161
-0.0619153198456057415888231787449
-0.0676815529628137790840725074304
-0.0734560661686594063013444610988
-0.0792388713628147389744782458365
-0.085029980450197009678170445568
-0.0908294053760731467939137928624
-0.0966371580829949311519655452685
-0.102453250539829524012880312966
-0.108277694746100383582643189584
-0.114110502707552644019450838186
-0.119951686456735429064934805865
-0.125801258038060942423541632706
-0.131659229530127874774336760311
-0.137525613009628094873804116105
-0.143400420594117838923864383105
-0.149283664404155747007507670787
-0.155175356589951934926929766334
-0.161075509313467452043866501299
-0.166984134763250691158020799776
-0.172901245151914045861119006986
-0.178826852694240118202273492898
-0.184760969648308653878743257337
-0.190703608267240670715025885329
-0.196654780834496417663004308451
-0.20261449967521086290567211563
6.54064782063363193871881574026e-11
0.304848513014510436036630380841
0.258282256114506836297550762538
0.206934621517397360213053048028
0.172921636871201239715745145986
0.133003869866763241303075915312
0.0934915211927964534543988861515
0.057207165764424763865214629277
0.0323388629928663268175981215791
0.00802765160281120743190896860142
-0.0228184711336096648914839590816
-0.0456746326825087922696155828817
-0.0625368805460141535812468305267
-0.0808528183641408076942624916228
-0.0985320469350099703564893616203
-0.101531598115795984593745515667
-0.12622136314937568157823477577
-0.127184212387099593311035050647
-0.133130464837312806336555581765
-0.137029455031072916471046596598
-0.142665827934943145738344583151
-0.145544866820623702841075441938
-0.13796597405748173281736512763
-0.138532451966603159521085331107
-0.139154462790864158483472579064
-0.132111170817922257691989784689
-0.121383548168153138080427311252
-0.117591554914384610608379944097
-0.114678807117863615361308404772
-0.106045652927798536580006327767
-0.101328496684282412521049820953
-0.0862526075140693515574952243696
-0.0811217842009853140616826294718
-0.0595354811591293914263545161702
-0.0496276057907713771810698233367
-0.0322215101735417175365938646792
-0.0227248508216115266411527784385
-0.0120801558304861837017663006577
-0.00183231074543077523779366355683
0.0162285465972570597248392232359
0.0285105986637756818324884733329
0.045581136506410185882387509082
0.056785163273772559788810099235
0.0650602123255366732168525345514
0.0783070839071920710150465083643
0.0913115118785668977707814519817
0.0911714454168304350156759596757
0.10358153956458396316442360785
0.119839196836860478745379054999
0.120520171143476184649756532963
0.130574403846208969559583579212
0.134351579783877406182313052341
0.128390212755246757581062411191
0.136734602185370979210432551554
0.136285862237233823535120791348
0.127370109398079023321770364419
0.133166208945916575423495942232
0.125874756965156792132276564189
0.111696050986809528038357086643
0.105730780376270941389726942816
0.0901494188227610904196041019532
0.0809389511090807672877289746793
0.0657737191833293738385535220914
0.0432257263145683634508742443359
0.0242062449501422444209097761814
-0.0014138094341058248838705058148
-0.036277668703978298292422977056
-0.0644124362530055505349224631573
-0.0968188058196812334488257079101
-0.132419564861906174924044421459
-0.172715851125115199549142630531
-0.214371325087898134675867822807
-0.26203551078281211994536192833
