3
757.37306083339808537857607007
0.114870455331340312610244325242
0.114952119340870601016391105986
0.115033863958044615949383171483
0.115115689300466672584377647581
0.11519759548602484522383804233
0.115279582632771299133267461912
0.115361650859005501756904266131
0.115443800283237002490821510037
0.115526031024183253870241117056
0.115608343200768098890662827216
0.115690736932192325681079125843
0.115773212337817815731355608477
0.115855769537208136421568838159
0.115938408650236135510880330912
0.116021129796891442342854361414
0.116103933097450484623891497904
0.116186818672386782402838889539
0.116269786642396219522588296513
0.116352837128404995592489967748
0.11643597025154135693458812284
0.116519186133197616417334074868
0.116602484894926125558178853225
0.116685866658570863707566900302
0.116769331546142662858756011701
0.116852879679905374832316056199
0.116936511182357941174281279473
0.117020226176198074985457253661
0.117104024784373095258160901722
0.117187907130049381865255497814
0.117271873336602702742048620621
0.117355923527661235028496378163
0.117440057827081223429388501245
0.11752427635890923263151108813
0.117608579247458766570133548157
0.117692966617288286013121023643
0.117777438593125949317652612081
0.117861995299987601382163404651
0.117946636863082904289612429238
0.118031363407876052629141838679
0.1181161750600542292843897485
0.11820107194554890783777523211
0.118286054190485614978634032468
0.118371121921276328814442990733
0.118456275264533394953048173193
0.118541514347117724059721410867
0.11862683929606877841766987558
0.118712250238805328006463923884
0.118797747302838180294415337812
0.118883330615959792453395493794
0.118969000306213004702904356691
0.119054756501856359718338751463
0.119140599331439875352423030108
0.119226528923663907533203598632
0.119312545407555245513542274693
0.119398648912319285675387448009
0.119484839567451983644019719577
0.119571117502598980864014777126
0.119657482847794677249808614761
0.119743935733190115522361907097
0.119830476289208801010666149978
0.119917104646528882572198426715
0.120003820936081681547413779754
0.120090625289036218026339497555
0.120177517836801112105504785177
0.120264498711010331399862138824
0.120351568043549739250863694906
0.120438725966614937346044200694
0.120525972612568060826632176941
0.120613308114031550499767320161
0.120700732603906998874343514672
0.120788246215335293154424789464
0.120875849081672620544125607012
0.0517274462861991718432008724449
0.199929312777075846030427896949
0.194519114765401235356279130428
0.189101716763004135124504045962
0.183677108751643086703708718233
0.178245280774387587774398866713
0.172806222806195619590141632216
0.167359924886270411414912473447
0.16190637693914161632235959587
0.156445568933614304052426291491
0.150977490802334801678341591469
0.145502132464469080552760260616
0.14001948383531487296593809333
0.134529534803910749696242987739
0.129032275241147964539578651966
0.123527694993643882837019987164
0.118015783930397841205994780012
0.112496531838109883882914630249
0.106969928549467185874277674884
0.101435963861520234141622154311
0.0958946275419392396566209413322
0.090345909361593590425343336392
0.0847897990360267916898351359123
0.0792262863291462865467096321481
0.0736553609217917987228574361325
0.0680770125350718263712579414459
0.0624912308189559811966162783392
0.0568980054626682316132324501723
0.0512973260946295861462118637064
0.045689182343659810736635762396
0.0400735638310343936230317751779
0.0344504601542486924015129545751
0.0288198608787334879799413300816
0.0231817555810303888019774376517
0.0175361337910236274317821170143
0.0118829850714725574617469661121
0.00622229888450438577141010654259
0.00055406476673350031191683795484
-0.00512172783260097207180816525351
-0.0108050894176036586108446968524
-0.0164960305725569272849995172692
-0.0221945618344609185701443720973
-0.0279006938437497443994406154388
-0.0336144371999358357316900480782
-0.0393358024666001365732270755871
-0.0450648003269430511008586393018
-0.0508014414368711531011513216072
-0.0565457364672889914447573289635
-0.0622976960951314925885036188902
-0.0680573310566846001457008696889
-0.0738246520609577294713687933836
-0.0795996698256693224760027760567
-0.0853823951602408343086736408623
-0.091172838778215123389792040598
-0.0969710115330319893933719299639
-0.102776924238758393670423174626
-0.108590587690575293700057102342
-0.114412012711845284540501666015
-0.120241210231925160778487793323
-0.126078191081726465050394381251
-0.131922966186300977264878042661
-0.137775546457562930724449756781
-0.14363594280415256654315214746
-0.149504166182744840929430552023
-0.155380227635087242443745481069
-0.16126413805481076835235398903
-0.16715590846405670166774370955
-0.1730555499205974623322390471
-0.178963073422293145187111917949
-0.184878490078684148967269607056
-0.19080181092159737010760522935
-0.196733047044062442365586207416
-0.202672209586767376743310364873
1.8240047565951916198952137189e-11
0.27986769100644615093642642023
0.22842640521261139974207310388
0.239951000610419545866491830566
0.174879215502791340863808500217
0.11797637718626391434284528259
0.112814736578263935529164996296
0.0780157476500512730988035059454
-0.015235787685800772708888395357
0.00895926922266639461089887674916
-0.016040687858671621307538046608
-0.0343303664623561197166701219885
-0.0565190746545525812827293066221
-0.0558950988356903058495994685018
-0.0812893560403812054371286421883
-0.100900785200700601751400142803
-0.090701855858783264618949715441
-0.137746365694960681835823379515
-0.128661735825902429075640043266
-0.155974660710855722589585070637
-0.142796696594353789144804522948
-0.147364087094719486970006983029
-0.149189838488743620192877870068
-0.132922865356893765698131915087
-0.13747996320596295172222767178
-0.118731990219307512179902630578
-0.147025925953550185010243467332
-0.0863864301306724174933648896513
-0.142954475173348444227983122801
-0.115809636659997994279081012792
-0.117859183037341844202394725016
-0.125959308614870840736799095794
-0.0804644467468399182674687608596
-0.0872206394330560796923634825362
-0.0700728779743117480283132181285
-0.0405518631817356547952790890577
-0.0429909156319047136562971900275
-0.00183579377608208082171825648032
0.0176615172257591768190110315118
0.0292517701610190139493994365694
0.033616420846309398584583760794
0.0729790627957075388465568721585
0.0896057112372043162995538523319
0.1041911557451616066050092968
0.0735587826369982905605482415012
0.102893256135319050015297648315
0.118597053457172516011119967061
0.107668469574593805848650163171
0.115841455405879784068545745868
0.128182532856527892084486097701
0.112888845638070833832244943551
0.162877987741025020973495429644
0.149471048056036587281525385151
0.126889550543619528122363249167
0.146132890894254713343158869066
0.135904852649884971826921287175
0.134614314850256377997794743351
0.0801356962010385809325185846319
0.0815107242199226700307690407499
0.0836960823014641364103738396807
0.0840274537706229424083304024862
0.054245490987708873398265296828
0.0950754025176039074818135077294
0.0195153544635476815238828152133
0.0118416010753273938382879038045
-0.0336376995956850222135869898921
-0.0294320722676096879766305391968
-0.0584546289992426276738157753243
-0.117784014781749851730197065081
-0.13363582711395199931203592314
-0.149459294844011908454106674071
-0.210687876168970389390011632713
-0.219723528601980105934288189928
