3
963.915626655573191783332731575
0.114675203565944988648439561985
0.11476210108822403055395255933
0.114849088088759362924484719315
0.114936164707740082202569453784
0.115023331085574109788893792938
0.115110587362987668025304799357
0.115197933680975708736760054762
0.115285370180783011684333416724
0.115372897003978069907503822833
0.115460514292348978560021066642
0.115548222187990781706368181858
0.115636020833267613716621724507
0.115723910370829671800940730009
0.115811890943613132742839866296
0.115899962694803321250347494242
0.115988125767897423679109181194
0.116076380306660162378129541594
0.11616472645511378980476280276
0.11625316435762093891792545719
0.116341694158777542167371166215
0.116430316003464345842033367262
0.116519030036865187116568165493
0.116607836404476514213790494523
0.116696735251985900250204508666
0.116785726725451302621117122271
0.116874810971202683362868413042
0.116963988135828242387326270091
0.117053258366228180031853867149
0.117142621809594241200080944054
0.117232078613376658471345592716
0.117321628925338622417839928858
0.117411272893550230889125884914
0.117501010666328190024110256218
0.117590842392307950992069720542
0.117680768220435438831117380687
0.11777078829990116071169126144
0.117860902780241111331704928489
0.117951111811233536053045156677
0.118041415543000877130808135007
0.118131814125910825086229749559
0.118222307710690421878041433956
0.118312896448321130948855284259
0.11840358049004377771762364091
0.118494359987498937281102939778
0.118585235092552129798626481261
0.118676205957363362086809388529
0.118767272734450327065225394563
0.118858435576566737190695732806
0.118949694636815761494830212541
0.119041050068593681765527492189
0.119132502025564426806347739785
0.119224050661732097755596271327
0.119315696131382972811074694164
0.119407438589181291721530442373
0.119499278189949154072024839479
0.119591215088961769219544351017
0.119683249441728700723786005256
0.119775381404068070878565777093
0.119867611132134593843190373263
0.119959938782348923824727648935
0.120052364511503140143133805395
0.120144888476655650744184811174
0.120237510835190172797659613479
0.120330231744788684888902707826
0.120423051363447955464103245049
0.120515969849515736100897811411
0.120608987361596711740396870027
0.120702104058662954000347156125
0.120795320099972763872031578103
0.120888635645064912438328974531
0.120982050853876726970170807363
0.121075565886643338187056428978
0.0975116032237511448643729750074
0.199939800960583474731535602587
0.194538139583762731410487845096
0.18912904731707286254405175896
0.183712513748653827327927956503
0.178288528422544528817539344345
0.172857080867061335682777212241
0.167418160645837948985459320284
0.161971757228796642280599371588
0.156517860121152013741507857958
0.151056458794929099331838528997
0.145587542717422302462892957919
0.140111101298150630967143115413
0.134627123979060375758010081881
0.129135600180540377479587732523
0.123636519272182693329753533362
0.118129870629130689918540042527
0.112615643621649108574445108388
0.107093827566778668214375613843
0.101564411793986744680928779871
0.0960273855988133945293938609211
0.0904827382748377845311793521432
0.0849304591103999390044876349748
0.0793705373471841751920052843161
0.0738029622087407743968867634976
0.0682277229183880923324423406484
0.0626448086843949952795540525585
0.0570542086732916259306236383964
0.051455912060454613021764913583
0.0458499080098726877197101714501
0.0402361856529927924830403185297
0.0346147340866371569512160988324
0.0289855423984317454866310725947
0.0233485996913518865925052381272
0.0177038950145805076830107793739
0.0120514174279881380175138971822
0.00639115593746165770727696298081
0.000723099551649154358851090407256
-0.00495276271383967951755789016488
-0.0106364418994307902144313970894
-0.0163279490654489219114697817758
-0.0220272952503306682081607448254
-0.0277344915297609156956681886186
-0.0334495490366130965309565681309
-0.0391724788492470027412295507929
-0.0449032921076815833005824174506
-0.0506419999909366244650321675635
-0.0563886136292158918204009410147
-0.0621431442400742911624789144298
-0.0679056029993175686021444903417
-0.0736760011557650446034628544112
-0.0794543499426712956923424258093
-0.0852406606011560374902558123722
-0.0910349444371644639373286622686
-0.096837212738999936534334267435
-0.102647476810739088359802906325
-0.108465747975204404585092277102
-0.114292037613759875358532269729
-0.120126357064166786048353685601
-0.125968717741940156029656350256
-0.131819131031179065383085458052
-0.137677608363509951239223028097
-0.143544161171338974236633134751
-0.149418800932424544747334493877
-0.155301539106443814430846828145
-0.161192387203208442603141747895
-0.167091356736985857667221466727
-0.172998459243220964465237443619
-0.178913706281019935229181783143
-0.18483710940671896350018243993
-0.190768680236881427170203551213
-0.19670843034903517931866190338
-0.202656371393704515249112318998
4.94707903728689368644887287847e-11
0.300226847627955095720864164832
0.260764541677434014133041273453
0.208835091160120805975353164285
0.150113472361143307498565491187
0.126657140254539807289191344353
0.0914059578719203652541480664695
0.0700638141104777123491231805019
0.047937734828288676436347515164
0.0143743727667958141880344413721
-0.0103112295065798335175211164483
-0.0514188981444587342450880385059
-0.0684377482693605959651605985528
-0.0823633843535782755873597693608
-0.0949846658357052231469452863166
-0.104203902539214507405596066292
-0.12413006513682160736333770501
-0.137248249860756815765583382927
-0.128466247719868753573990716177
-0.142970908557113668413407481239
-0.134601535395993843202688822203
-0.149182476057217905385243739147
-0.143421090961652286654981480751
-0.130141544147302695710877173951
-0.130978475910278918670215375641
-0.137456672463021456476184312123
-0.140479704747644679185825111745
-0.113765477875323747780633709681
-0.110809961583954300068377563093
-0.101792668426635674050473312491
-0.0989987830100421406509525468209
-0.0969748180049861130402888420576
-0.0503064879644774462508216572587
-0.0461655389025780252265640513087
-0.0634486246544307130879047917915
-0.0469408036668260766899329894386
-0.0152547113580348645683892883085
-0.00520660062441810362471317219502
0.00942220276412377918950902255801
0.0212229306921719457212915926902
0.0277402289570187372824694449491
0.0435941097292156867770707151521
0.0422198409506009814107230226909
0.064027651876465710434338518553
0.0641684108245469536635496865529
0.0934797207516056133380644155295
0.085429943180278120062887126096
0.104937942568742559323879959265
0.101338893045029118655797617521
0.11834107752549298531175026028
0.129397100558439226425377910346
0.121458446241576215052226928037
0.11803969386721691048336424501
0.15564929786605297135082537352
0.138988728076861745019954241798
0.145870568028853786479714926827
0.119376417303155457627639179918
0.125617689760671780163647781592
0.105002397455285306770988995595
0.105448996347251036653780431607
0.105218394353297883814235547106
0.0877287227088869164814965984078
0.0614982365878494058319958526226
0.0495554210887379428807086867437
0.0270268309181783683570188259182
0.00500974074654344202206512903786
-0.0363467050944405525858549310669
-0.0411341196175899551090715533519
-0.0891016827809609640587140688694
-0.153628326596522812863554463547
-0.180930637997176874121052492228
-0.218982618219653035751548486587
-0.266562374731734941235572478035
