3
29.6575762225436108110443456098
0.113937097156160668798285939829
0.114043683314955388019562576574
0.114150395111090444122403653182
0.114257232782395981574019572236
0.114364196567201273357916591067
0.114471286704379421328425792126
0.114578503433402964506448995508
0.114685846994211734783952749694
0.114793317627338686826021785237
0.114900915573868861452311307403
0.11500864107541845793303281198
0.115116494374141814516221415943
0.115224475712777066349623567021
0.115332585334588635928021460586
0.115440823483419510719905076712
0.115549190403621493405950104716
0.115657686340190676843597827883
0.115766311538556779248132500015
0.11587506624486186568301349098
0.11598395070566537568002019043
0.116092965168179074186838306559
0.116202109880146314813131880328
0.116311385089886101806833096362
0.116420791046268248813966295074
0.116530327998782670673172390252
0.116639996197388393084359847762
0.116749795892736193958505452883
0.116859727335947627402390480711
0.116969790778791521423940480418
0.117079986473579505945608048023
0.117190314673197182315789177665
0.117300775631119860720197323189
0.117411369601393783534959425197
0.117522096838668252405391001503
0.117632957598134982313275997967
0.117743952135606830267100519904
0.117855080707496021052982371202
0.117966343570736598156400987136
0.118077740982916720713369329587
0.118189273202195424539162615929
0.118300940487300096370937296797
0.118412743097585856921760694149
0.118524681293001268866937891744
0.118636755334043511589392494443
0.118748965481868029581136170236
0.118861311998199048467483862623
0.118973795145351460278426714012
0.11908641518629110855886921172
0.119199172384551049796996835539
0.119312067004246208368201109806
0.119425099310158502885492737278
0.119538269567634455881055544069
0.119651578042646311583752094521
0.119765025001762559497819893295
0.11987861071221163344890925373
0.1199923354417790632986395849
0.120106199458908963206837938742
0.120220203032630520989521016872
0.12033434643261385621482162378
0.120448629929153200324165595703
0.120563053793158334037194379107
0.120677618296158417621199987479
0.120792323710293414418259771992
0.120907170308397066138539344138
0.121022158363865067753906146208
0.121137288150749186654842048938
0.121252559943713381085395042192
0.121367974018099844535356623965
0.121483530649827572989174484519
0.121599230115519540973423318064
0.121715072692377954122200378606
0.121831058658299240526901030535
0.00706868135413303132902340664145
0.200046400977228311379718661556
0.194671385748624303779763522471
0.189288220776605314865648210798
0.183896894250568654349820008065
0.178497394364052958115607339096
0.173089709287012893934587509648
0.167673827151659626810698000554
0.162249736091447965824485777375
0.15681742422016711757670748284
0.151376879626075933060747047421
0.145928090376051311505278818004
0.140471044522256810482829791908
0.135005730103366083927340923765
0.129532135125231762096120746719
0.124050247588182727120909021323
0.118560055469303093911292990015
0.113061546717772812287172712331
0.10755470927856834728597590356
0.102039531059456442529942421515
0.0965159999740955037994538656676
0.0909841038920843198090082637464
0.0854438306814056108828836499924
0.0798951681723768514231664994441
0.0743381041923564939155610886701
0.0687726265461625213548657598039
0.0631987230125310023298723649532
0.0576163813545306768837406252715
0.0520255893210937528370330085181
0.0464263346309066043948732271929
0.0408186049927512228929771254116
0.0352023880826778864938653157424
0.0295776715812021556706312708229
0.023944443124921530735571550963
0.0183026903409188104743243741268
0.0126524008311258359671391815482
0.00699356219586745510990999363798
0.00132616198706576871035878184557
-0.00434981224830022217275882212562
-0.0100343729726745413410871066162
-0.015727532685560742520269883471
-0.0214293039009206369438498285263
-0.0271396991428827574766025065856
-0.0328587309785228626202169266435
-0.0385864119752272333174758500718
-0.0443227547199076324369038104578
-0.0500677718360691692556230236733
-0.0558214759514131589335228511572
-0.0615838797132880130802412566027
-0.0673549958078132338101795539842
-0.0731348369256525632220444776976
-0.0789234157801598640302742637687
-0.0847207451061156996408030295242
-0.09052683765935040649530662904
-0.0963417062161235765449518453352
-0.102165363569954203981637874676
-0.107997822541295099285640901599
-0.113839095966199829734755155641
-0.119689196704505715351807282332
-0.125548137633159639925395367754
-0.131415931648068140535912107225
-0.13729259167788365747497891789
-0.143178130649660867446115730672
-0.149072561543068526912492188785
-0.154975897323439137931444520291
-0.160888151000964596537556872136
-0.16680933560284197381129445148
-0.172739464165428874276031478985
-0.17867854976004690636948168958
-0.184626605477225258500340032697
-0.190583644414055702887011989333
-0.196549679710663727227881736326
-0.202524724514020565413474628258
9.64211639761387519984689575546e-12
0.308821951356576196445757886977
0.254787738011930886550260311196
0.212869326229581379283928299628
0.168846029279632547925871222105
0.129953828551743449937205809874
0.0935158897111981607386255177516
0.0599030076300098579533681686371
0.0319231497225379232118847028232
0.00508442596083214567309616072066
-0.0204643514386135608185135481563
-0.0443973880574585616498595186386
-0.0620872357052586407166749893349
-0.0813203085937248965064938488467
-0.094459686685501642600115701498
-0.109061527379558695360906028782
-0.117863973473554706217214516073
-0.12875006655369972130564804047
-0.134875497489266915618344455652
-0.142296679778447815456488001473
-0.145167546991000678824335068384
-0.142075139341030109996211194812
-0.140163159323498182073919338109
-0.142336274888567149154994240234
-0.137318832260254791721720835085
-0.133166709816456535486750567543
-0.126482397642028843165462603793
-0.11963640402003894447346965535
-0.111569656405896833195612316558
-0.103522058401776043123909687438
-0.0943433078046760770218881475557
-0.0824693011057370389815801559052
-0.0721810248795745762473430318096
-0.0614534969687179077890704093079
-0.048278167025651783084150281411
-0.034672678317807799353023057165
-0.0262886121671073343109004127882
-0.00963741508176319504330731291475
0.00388346741029870325470629843778
0.0133139441585056576833334673893
0.0282193623896325428146436564703
0.0417647429623334079384910921817
0.0507562969938681052273210525527
0.0646090207588419090933840038815
0.0768274033311686366243264956211
0.0878890204531128094167513609136
0.0988341976157250806656051622667
0.103730927375186257610728546297
0.112805077108318968504008239506
0.120034650659093480862260605591
0.125513684708576989113026911582
0.129573560567713963465052984247
0.133454290457195812180657412682
0.134170678397477122212322342421
0.135317813696951949609115217754
0.136172872290662549943363046623
0.13090821991170464855258614989
0.125981372315746187329210670214
0.116031162980072904966633018375
0.105400204004301431548462630872
0.0947730190873654898542355340396
0.0799471528065097553072959613019
0.0624203158726282375523553014318
0.0440637302318488133234808401539
0.0209049245091464733214969839992
-0.00354921844132900614343650858018
-0.0318066574778129093625800294376
-0.060654629918469711580275571805
-0.0937735042800379031691093700829
-0.133243008307827287550750838818
-0.174907454185834893012341240137
-0.215006161346092683483988139415
-0.263675790799163534128268793211
