2
1.51470610732592003699892302393
0
0
0
0
0
0.706519638655205173272122465278
-1.03742573411410339182252604129e-16
0.707693436591380731215394916944
0
0
0
0
0
0
0
0
0
0
0
0
0
0
0
0
0
0
0
0
0
0
0
0
0
0
0
0
0
0
0
0
0
0
0
0
0
0
0
0
0
0
0
0
0
0
0
0
0
0
0
0
0
0
0
0
0
0
0
0
0
0
0
0
5.82800411632724677526106154407e-07
0
0
0
0
0
0.70769343659138084223769737946
2.69181131148264377928607494973e-10
-0.706519638655205062249820002762
0
0
0
0
0
0
0
0
0
0
0
0
0
0
0
0
0
0
0
0
0
0
0
0
0
0
0
0
0
0
0
0
0
0
0
0
0
0
0
0
0
0
0
0
0
0
0
0
0
0
0
0
0
0
0
0
0
0
0
0
0
0
0
0
