3
422.276148909022253974399063736
0.114670434374195412408070637866
0.114757459589519120179978983742
0.114844574503719043523375376026
0.1149317792575135360744198465
0.115019073991879092200285583658
0.115106458848152307106182945518
0.115193933967870906776020945017
0.115281499492865091571758284772
0.11536915556527804760378330684
0.115456902327469426716710643177
0.115544739922132030929269319586
0.115632668492211723720863858489
0.115720688180938752198656516157
0.115808799131811912541678566413
0.115897001488638490274141190639
0.11598529539547224043172235497
0.116073680996695793865569612535
0.116162158436914020320784857176
0.116250727861077193803218676749
0.116339389414367180841658466761
0.11642814324228513422898600993
0.116516989490595579415099791731
0.116605928305392014809882539339
0.116694959832968167545708126909
0.116784084219990910713526943709
0.116873301613369576235079705384
0.116962612160345494349833472825
0.117052016008386980394639920178
0.117141513305291156132881269514
0.117231104199123484232991643239
0.117320788838304698731285213853
0.117410567371447630002911921565
0.117500439947518908745394128346
0.117590406715780637636470373764
0.117680467825786963520506844816
0.117770623427338710920153630468
0.117860873670573435001429629665
0.117951218705967419975166876611
0.118041658684192488082409511208
0.118132193756294259778805155747
0.118222824073577897907583178494
0.118313549787681979164055690035
0.118404371050498252726512760091
0.118495288014259042563836032969
0.118586300831507049369228923297
0.118677409655008683775356814749
0.118768614637925068455714949778
0.118859915933658577547049617351
0.118951313695952257121213335722
0.119042808078818396211318031419
0.119134399236607943506349727159
0.119226087323943560902783644906
0.11931787249578082454881666763
0.1194097549073837444266743546
0.119501734714312426999249794335
0.11959381207242981981497820243
0.119685987137909718991402030497
0.119778260067251715592639982333
0.119870631017211043412018511845
0.119963100144951415049199283658
0.120055667607870800162039870429
0.120148333563702802706529837451
0.120241098170489044139053191884
0.120333961586588031322797576195
0.120426923970681859499265442537
0.120519985481740588006971393042
0.1206131462791051600635938712
0.120706406522382597712450547078
0.120799766371499306405468132652
0.120893225986714467068416922757
0.120986785528612098006284725216
0.121080445158070398870009398706
0.043069572487205505517682269101
0.199940184368738088638295380406
0.194538720862813901968380037033
0.189129821121229169111899182099
0.183713474720007541307609244541
0.178289671186377673972600632624
0.172858400067889772522278235556
0.167419650863213864688816556736
0.161973413081133943425271581873
0.156519676174967314885577707173
0.151058429632570323519757948816
0.145589662914176520835951578192
0.14011336541770158525821443618
0.13462952656139229312692862095
0.129138135750772709009481786779
0.123639182369170999575835878659
0.11813265574596956697384086965
0.112618545265800396038002872956
0.107096840231277468102888406065
0.101567529956612292996176449833
0.0960306037484194296993678108265
0.0904860508654203865575027521118
0.0849338605904802201873593503478
0.0793740221309656018844336244911
0.0738065247427374948596678905233
0.0682313576167157681551245218543
0.0626485099404302803183242076557
0.0570579709012228389330978473026
0.0514597296408840707004905823396
0.0458537752976689513828567612563
0.0402400970009332697996384808903
0.0346186838579169639529276025769
0.0289895249416909604744940764931
0.0233526093261428417668934542917
0.0177079260642466727870836251668
0.012055464166810530776685617127
0.00639521268665970907263407241317
0.000727160604640122716461891894113
-0.00494870310410973866799277942619
-0.010632389478290212025957117703
-0.01632390956179323796004787539
-0.0220232744422667187089714957438
-0.0277304951910911888501853894695
-0.0334455829420098743609557345735
-0.0391685487980594701507008892349
-0.04489940391363093918908333535
-0.0506381594568749773821458859402
-0.0563848266005135059786290696593
-0.0621394165478515239642298695344
-0.0679019404971746010080124733577
-0.0736724097218721257762652498968
-0.0794508354246756948180419044547
-0.0852372289203099792187501293483
-0.0910316014660827871329829008573
-0.0968339643961731721955032980986
-0.102644329006838438966831006383
-0.108462706665155408924938740256
-0.114289108723128904343546707878
-0.120123546570773176433988282952
-0.125966031566905167782266516951
-0.131816575193875740179549893583
-0.137675188827556416182318343999
-0.143541883962027438936814860426
-0.149416672056153859715621479154
-0.155299564579087473470409008769
-0.161190573075685822379554679173
-0.167089709056082502680595780475
-0.172996984074861720470650539028
-0.178912409679507750093208073849
-0.18483599746774817540462265697
-0.190767759050949337051861220971
-0.196707706031048840111807862741
-0.202655850073347160167358538274
2.21704466459475294841345117927e-11
0.307352570798920310402024824725
0.251762657558653013545324483857
0.215956795831689474240988602105
0.174449426877063468177553318128
0.121284025284094723606820309669
0.0842654650369379920604728795297
0.0740585476234494749503411981095
0.0262657567071070338626803675197
0.0113496693772927436522079958081
-0.0337188869943151545149895298437
-0.0492052148842972020270636335226
-0.0619625680001308770661339053731
-0.0703687703190583185852702285956
-0.0971690284398538106636067368527
-0.108709465055371906627712519366
-0.105718787531901517451338179399
-0.126251657591394617075053474764
-0.134452507163201867568247394047
-0.148751537478586715046446897759
-0.13829030151503865497808476448
-0.150672266312564390178252438091
-0.140607352493352405486959355585
-0.151395497528958505872864748198
-0.143397420673041897654087506453
-0.117542510228055924192958059393
-0.141374687510905788778714509135
-0.110914306288806080447173485481
-0.105795300187436602801227536474
-0.112006072328209749233707270832
-0.088094627020526547478418422088
-0.0644417120012875099810401025024
-0.0847653528475649647999645708296
-0.0667393796333188848990403130301
-0.0444985720310110133279835054054
-0.0225864840043835564398211346315
-0.0274484828640677441802253611058
-0.0105947299335835461858712491789
0.00336348972747666473404049014562
0.0201139399137518389004686270027
0.0110078183697576714727972557739
0.0486911375189443065836236712585
0.0532822269966293990406391856141
0.0703651085065538223206615953131
0.0753865128730638184295642645338
0.0887009247273605472283719564075
0.0852301722817146861777004573923
0.116473317834652104196813127146
0.107883913468161923843169347492
0.128213224217675697547136337562
0.122391415799482067283676656189
0.117808045464231875287808293251
0.146332644434984532333388074221
0.135852172057245590419682912398
0.122904620491239041646380769635
0.135500959387966524172242088753
0.115494980339987340922647263142
0.113626639170160609326742928715
0.120622529272243442233225607652
0.111620507281534595001026843875
0.0975716836332589793068237327134
0.0666183725795159720206584097468
0.0515525407600572124766635795368
0.0611115422696165630500608756392
0.0262266428444213328674550211872
0.0223695247029356593382320994579
-0.0248841372893181048131516774902
-0.0703840455176299728545785683309
-0.0854474480832121130458034485855
-0.138620717827028505642061873004
-0.17621509236629931405282434298
-0.224175452412178066730064074363
-0.265820172103206797675767347755
