3
1014.49352277233447239268571138
0.114661943457296772175268984029
0.114749195997102149124913239575
0.114836538628933615413529878424
0.114923971494569052143042142689
0.115011494736007649497544491624
0.115099108495580942923552925095
0.115186812915876291008032694663
0.11527460813972664754878394433
0.115362494310338167813334564471
0.115450471571083596034057450197
0.115538540065686881619377857078
0.115626699938141772050492761537
0.115714951332703624986564250321
0.115803294393962821762222858979
0.115891729266727958047589197577
0.115980256096124972886585169363
0.11606887502757463892510969572
0.116157586206747931445448784871
0.116246389779625231009063668353
0.116335285892500181481601373434
0.116424274691896700861803992666
0.116513356324684444476069700158
0.116602530937948783984481337939
0.116691798679151317874591597956
0.116781159695975175760729314334
0.116870614136441966501855915794
0.116960162148817992111560215562
0.117049803881701358632128062709
0.117139539483962426547059010318
0.11722936910478200245311342087
0.117319292893617754813817555259
0.117409311000219854226322979684
0.117499423574658312663387960129
0.117589630767253788823367699479
0.117679932728680117226538470732
0.117770329609872700937778233765
0.117860821562073253554459029147
0.117951408736809468247308529953
0.118042091285931835531464173528
0.118132869361586637091399154542
0.118223743116206883585483922161
0.118314712702538862854062529095
0.118405778273608000561445408039
0.118496939982775842392648257828
0.118588197983703028115520794472
0.11867955243033222190174313937
0.118771003476916187091561027955
0.118862551278032330115408399251
0.118954195988544328410618788894
0.1190459377636424176394314145
0.119137776758805047361278184326
0.11922971312980142066795252731
0.119321747032787001119302772167
0.119413878624136507444752908214
0.119506108060570742646078201687
0.119598435499167377038531867584
0.119690861097203379848075144309
0.119783385012390802826232061307
0.119876007402705958559963050902
0.119968728426397247543988555663
0.120061548242100107897201155538
0.120154467008713808362507791117
0.120247484885467298409977843221
0.120340602031925397730205418156
0.120433818607958431634585849679
0.120527134773725549954370706018
0.120620550689752401019028127394
0.120714066516872359224876731787
0.120807682416206790820822902788
0.120901398549252581116064675371
0.120995215077784074031441718944
0.121089132163903823169448514818
0.104977588453031095427903096606
0.19994088034547888299563567216
0.194539768009227259648596941588
0.189131209950549855625112627422
0.183715195710252743310775258578
0.178291714821892155473648244879
0.172860756782093477612605170179
0.167422311096391912554892655862
0.161976367254253766914118273235
0.156522914695939180385053646205
0.151061942865441223293743178147
0.145593441214662333571538965771
0.140117399124042613101082110916
0.134633805996372646340830669942
0.129142651218917270394825891344
0.123643924134853228080643816611
0.118137614092765075302082777853
0.112623710429838722046902432794
0.107102202445659835938762682872
0.101573079431554094687051303936
0.096036330639416273013964087113
0.0904919453698838915922664227764
0.0849399128226016597587033629679
0.0793802222612646213306675235799
0.0738128628552877780188978817932
0.0682378238086225052949629343857
0.0626550942720661419027550209648
0.0570646634327940174835624986827
0.0514665204006562668204161070662
0.0458606543052074502875292694171
0.0402470542515214468881623588459
0.0346257093096263221521091679733
0.0289966085577025856068189568759
0.0233597410281816408872401780172
0.0177150957698019202724015741524
0.0120626617846218437551941704555
0.00640242808436090275053809151018
0.000734383623090383670303782359667
-0.0049414826306634082944690966599
-0.0106251817266661205407807244683
-0.0163167247163126319375869854866
-0.0220161227457641023308454464313
-0.027723386898467223399267211903
-0.0334385282972063657691563776098
-0.0391615580971675023014277883249
-0.0448924874745721055879776884012
-0.050631327592463228060015723031
-0.0563780896487737978595156107531
-0.0621327848755670736347056504201
-0.0678954244948822283056699689041
-0.0736660197881572748057621424778
-0.07944458199367074313634873306
-0.0852311224255744293021308521929
-0.0910256523969407566054812264156
-0.0968281832141545950598526815156
-0.102638726232885738043343337722
-0.108457292823756143440583343818
-0.114283894359647669736190778167
-0.120118542256933413803210441984
-0.12596124790825199979416026963
-0.13181202276265666095689255144
-0.137670878293575438267026811445
-0.143537825952111286476053919614
-0.149412877230571755626797880723
-0.155296043665587885085344055369
-0.16118733675530580451429329969
-0.167086768078721636943129169595
-0.172994349187566426317985701644
-0.178910091672759147263249701609
-0.184834007134084460366452162816
-0.190766107185744687724238133342
-0.196706403485838537958940719363
-0.202654907701719039225807250659
5.65827798538719876809359618482e-11
0.300378473440445992181935253029
0.253722856068594515566161362585
0.217016577944854877069147391921
0.171085438419612989591200857831
0.118798622127363473488514955534
0.0972534723110741183838001688855
0.0637314646595531081318952715264
0.0284149922025233800382260085371
0.00920885050375989423765421548751
-0.0126727876364532646841221108502
-0.0468310677864098023892580613392
-0.0598494519460007340372342810042
-0.0615944956162502513241641111108
-0.110841139520683071295614752216
-0.101192376172428738501096745495
-0.116455130816109767022403786996
-0.132274178586749335817529527048
-0.139073481057607611921511647779
-0.131782795615385084353476941033
-0.153659267900162682662923430144
-0.140178866679129654482238720448
-0.150873147202752466711217493867
-0.143020200687810183914905337588
-0.152666347053235978981078346806
-0.139363801891501465357592337568
-0.12730891302381974750090876114
-0.12088929792138394803124867849
-0.0960513854938201822042387334477
-0.0963716383681047089604376765237
-0.100065715478277181271771212323
-0.0857198958160772933601023737538
-0.0747484848129890966372812499685
-0.0717692554955247780101856847068
-0.0416934386313199747964297614544
-0.0355124117068552416776050506542
-0.0305814627210518052979892900112
-0.00854508433843887034442321493088
0.0162267025198817166353748575602
0.0205469558161338015922492417076
0.0456687138333142089718919010011
0.0453421284249111086750438914805
0.0573472837330327861460332883325
0.0687502483134711656065363172274
0.0590590430446391520535875940823
0.0763084994411149936111016245377
0.0940427746158750688110217197391
0.119384909240870029645265049112
0.110647685448243063288664700394
0.116358333227803492637697502232
0.11875067875496765623655193167
0.140197871175947896826841088114
0.141459122945937876281163880776
0.141076576012545501503936407062
0.13264975171518370022916144535
0.132737059154546449546430153532
0.127132547308297760846329538253
0.129474929640362834692979276952
0.111349899477930142088766274355
0.092129787596892720458185976895
0.0868141267935494398422235917678
0.0787152315911534700143548093365
0.0652598316511215775781451498005
0.0470157420754904811777130646533
0.00829143273513088460702213922104
0.0023612726904119777857071760252
-0.0343423533210535092408122181951
-0.0571053889288263491486041800727
-0.094393596294121598355708613326
-0.127366964528621035013244977563
-0.162474385630452883289009946566
-0.220503706673675220484298620249
-0.266896881616869696696170422001
