3
3363.32112936448129403288476169
0.113979942912180623459938999531
0.114085390074576950580897971577
0.114190960670533053766817488395
0.114296654931766966667439078265
0.114402473090427753144027178678
0.114508415379268715938998468573
0.114614482031520498184207212944
0.114720673280977361607746445316
0.114826989361910769549268707124
0.114933430509181297440868263493
0.11503999695814877413102550463
0.115146688944701397483427740553
0.115253506705283795263916601925
0.115360450476846176925960207882
0.115467520496870645896336782243
0.115574717003455326724825624751
0.115682040235140420891823964666
0.115789490431060362873871838474
0.115897067830852018577303397251
0.116004772674764139450687139288
0.116112605203490731886617481905
0.116220565658377655848809695271
0.116328654281239771139944139122
0.116436871314487669359927224377
0.116545217001056730654617865639
0.116653691584428939598261365518
0.116762295308675670413300906603
0.116871028418371589174817870571
0.116979891158692256292184197264
0.117088883775345375948262471866
0.117198006514597025118362694229
0.117307259623294274364369016439
0.11741664334883432363465516346
0.117526157939127143259305796619
0.117635803642767600152296836313
0.117745580708790820168019308767
0.117855489386880007973701367519
0.11796552992721659469665951292
0.118075702580647187711626600048
0.118186007598489656311713247305
0.118296445232687549853345387874
0.118407015735775819620378968011
0.118517719360809709039372705774
0.118628556361482909164983823302
0.118739526992029068019895987618
0.118850631507237972095403222283
0.11896187016257502022664738206
0.119073243213959539810176124774
0.119184750918017653975589098536
0.119296393531885522309998748369
0.119408171313274760749756353562
0.119520084520581756915014182141
0.11963213341268955081098113169
0.119744318249123793407306948211
0.119856639289975586137870777748
0.119969096795980265102166129054
0.120081691028414233590737580926
0.120194422249202501062903536422
0.120307290720820261875623202741
0.120420296706385571150477176161
0.120533440469569791408943615352
0.120646722274684495279650775501
0.120760142386659233282308889557
0.120873701071007380591915136847
0.120987398593859735163036361882
0.12110123522194519984918059663
0.121215211222609989261123075721
0.12132932686384124976175513666
0.121443582414167278171746033877
0.121557978142819558819986980325
0.121672514319615523992190730951
0.121787191214946244333106051272
0.774001938716200377221809958428
0.200038256416550958016742356449
0.194661860133035408138013622192
0.189277351282180650304809432782
0.18388471813887469208381730823
0.178483948959019950164517354096
0.173075031971749171422203517068
0.16765795538888356164264337167
0.162232707412303639449291381425
0.156799276216382760251732975121
0.151357649965262353042305676354
0.145907816787553573645297433359
0.140449764815051170163684446379
0.134983482147227856762228270782
0.129508956867623009623358143472
0.12402617703919363578712875551
0.118535130708259814347194094353
0.113035805899940722252239311274
0.10752819061965535052394216109
0.102012272863882549889247286501
0.0964880405865816970223391990658
0.0909554817554428102210906104119
0.0854145842818613554303652790622
0.0798653360950138668794551222163
0.0743077250807222533524054597365
0.0687417391046930975617712533676
0.0631673660287040555916249218171
0.0575845936833210350624945306208
0.0519934098774864558722974550165
0.0463938024213192551359341564421
0.040785759076687772006764021171
0.035169267601299389336411138629
0.0295443157386854095280970255999
0.023910891200590304872530822422
0.0182689816832781216915382316301
0.0126185748691404302224139399868
0.00695965841615999152719451714688
0.00129221995703460504345549964
-0.00438375288524875134782421426394
-0.0100682725197071745032451062229
-0.0157613513546488448469062859658
-0.021463001836873912830938593288
-0.0271732364361979387978873745624
-0.0328920676152170410322383986568
-0.0386195078992138327023120325521
-0.0443555697891659522769103318751
-0.0501002658299414052600617708322
-0.0558536085836133580628803940726
-0.0616156106366216177461225811385
-0.0673862845856250808340703883914
-0.0731656430485707054423016870714
-0.0789536986756521619312820803316
-0.0847504641234409772376778846592
-0.0905559520719492194729127731989
-0.0963701752326975719098456352185
-0.102193146323713290879453552407
-0.108024878085565601004702784849
-0.113865383284869697844143843213
-0.119714674709055501899968021462
-0.125572765152234810948073118197
-0.131439667452476233178160214266
-0.137315394455120309835649550223
-0.143199959016454408944341025745
-0.149093374035527553855828841733
-0.154995652410914508401162947848
-0.160906807080072600246722913653
-0.166826850984008151490556315366
-0.172755797100514696396089675545
-0.178693658415679690332211748682
-0.184640447941696123068666679501
-0.190596178716155778554153243931
-0.196560863789488171615715828011
-0.202534516240226780681155105412
1.0121620324239554812108272868e-09
0.305509171352098485296977514736
0.25985554500208929429305726444
0.210571126586476919939627805434
0.167342264512513771990143141011
0.131271670119885358607447756185
0.0906831028282935741602344137391
0.0610345963080111339471578446592
0.0334841326413935561068235813309
0.00823986661449586585415083561657
-0.0206565663257166701183287216281
-0.0437759394472397658781837037623
-0.064120672591598232292753323236
-0.0819690813984497862465516959674
-0.0948068612697184620596857484998
-0.107010987366037896295622999787
-0.120350995552828118895227760277
-0.126691508744380398887585670309
-0.136460643042355361798101398563
-0.13876656006158089029511870649
-0.142222769801866572025872414997
-0.143186640547926957722779661708
-0.143504797320969074148067079477
-0.141323216841965554335658339369
-0.138113170567697507440385606969
-0.134335121822610148445420463759
-0.127960496421854225124192794283
-0.124026154037515767836197255747
-0.112736985606118250702323280166
-0.10164404098862105108036502088
-0.0906405432441035330271006387193
-0.0858254588158339354331261006337
-0.071971777390190672107905811572
-0.0598730235167036009547025798838
-0.048735767236471029539846000489
-0.0357909652526788371607047167799
-0.0228064529441847803348242251786
-0.0118960126529896719621559597613
0.00271016871592510283361932010848
0.015639130705696002721083459619
0.0280245902121470519263723986114
0.0434015433915693402133761935602
0.0545682572853899497400398388436
0.0673403763029862822975246672286
0.0739366107993425503153162026138
0.083452382362388707881528659982
0.0979993247066372336062656245304
0.106074043609385021413871186269
0.116651993223835181989755938048
0.11961737103106924451356718464
0.124241926356899456962423755613
0.129769403571334179803287156574
0.133046092185606285029919604312
0.135111838546951329442791234214
0.137156770113087855822442406861
0.131914997164125247230970217061
0.126968551680492314215342730677
0.123236698814983405836365193409
0.117875678142285347793638550229
0.106324755408663249034439957086
0.0947716700265133493719105217679
0.0810063921702127570645401988259
0.0647487462810282660141680821653
0.0411229890310142037757046296065
0.0203021664308458936465395794357
-0.00436073824217303191580485943746
-0.0281160486125022202053003184119
-0.0575089588777977500644311703581
-0.0939264188184272680315345382951
-0.134806263610257298646288859345
-0.174537313535317095691823396919
-0.217027158941984182893847332707
-0.263469233689849868795818110812
