3
19.7030531110741335965030884836
0.114651425203670734309646661586
0.114738959316441915814444030275
0.114826584009116480777912272515
0.114914299424703214569376541476
0.115002105706490373449035757858
0.115090002998056509242452705166
0.115177991443270483218341837528
0.115266071186283555749518825451
0.115354242371521420462698870324
0.11544250514367704329998787216
0.115530859647761927067044496198
0.115619306029038360073002422723
0.115707844433117088001061745217
0.115796475005783064404774052036
0.115885197893232178012468125416
0.11597401324186003279681500544
0.116062921198393884103516882078
0.116151921909841401858720644213
0.116241015523481067139854872039
0.116330202186914880013723916363
0.116419482047984468309209660219
0.116508855254900151043884193314
0.116598321956096789842050043262
0.116687882300329726081855596931
0.116777536436633869176837663417
0.11686728451436445563871302511
0.116957126683141066081361714168
0.117047063092913322668309206165
0.117137093893891958140685005674
0.117227219236599566887235823742
0.117317439271854728755073438151
0.117407754150781112878476619699
0.117498164024794557458442056941
0.117588669045625676679023285942
0.117679269365265279367882556016
0.117769965136033508135149361351
0.117860756510591691004208314553
0.117951643641809142404319743491
0.118042626682937162874154068959
0.118133705787503720530118300758
0.118224881109351809271856836858
0.118316152802607918448352108953
0.118407521021698922125686692652
0.118498985921414598521117511609
0.118590547656777720031406886392
0.118682206383164748353387096813
0.118773962256257817338145343911
0.118865815432046231792106993908
0.118957766066797449022729438184
0.119049814317137195307516606135
0.119141960339998992379761943994
0.11923420429255332519957732984
0.119326546332394936578147337514
0.119418986617364872304669631831
0.119511525305606047808737457672
0.119604162555632165254593246573
0.119696898526249123628772963457
0.119789733376533980013789459917
0.119882667265949760526666523219
0.119975700354243527967490479114
0.120068832801479008498546363626
0.120162064768053661323321534837
0.120255396414668147553328481081
0.12034882790235865157590922081
0.120442359392459508171668858267
0.120535991046660323489092547788
0.120629723026949617348257959293
0.120723555495665282877304491649
0.120817488615424142861520806491
0.120911522549218344857457907437
0.121005657460334675734614506837
0.121099893512401871054073865253
0.00207514926116804344566335593925
0.199941765938352028486590938883
0.194541086650481864772643803008
0.189132949937488886726910664038
0.183717345326546904749065447504
0.178294262306243345150846835168
0.172863690366635430750719137905
0.167425618989977487149900525765
0.161980037614142230451008686032
0.156526935698034663779765196523
0.151066302642568289771318745807
0.14559812786949793972368638606
0.14012240075071982770005263319
0.134639110655302846053515963831
0.129148246951299894291764758236
0.123649798966477181272338725648
0.118143756006697880911460174502
0.112630107398219894698776499808
0.107108842398273187979107490264
0.101579950305478464156472284685
0.0960434203597413660435933024928
0.0904992417759680894961960007095
0.0849474037968183243174635776995
0.079387895595607729792853035633
0.0738207063730604295948012349982
0.0682458252717275254406459339407
0.0626632414759039635399062717624
0.0570729440724391176575913675606
0.0514749222073040899050333507603
0.0458691649507756496473298568617
0.0402556613877443278393108982982
0.034634400580699074845281160151
0.029005371578702417861839180091
0.0233685633949407972620448958878
0.0177239650360898962078159968314
0.0120715654872834299987660600095
0.00641135373110689101711079374013
0.000743318720769686313437629721079
-0.00493255061010370188939733182565
-0.0106162653434273696051448609978
-0.0163078365913017671318119283796
-0.0220072754511258066034695701774
-0.027714593065971480922993208651
-0.0334298006044705872663591605942
-0.0391529092043899629160819131357
-0.044883930087735585123809300967
-0.0506228744460373927815943773112
-0.0563697535011422404260805762988
-0.0621245785094219071797994047301
-0.0678873607288037334006602918635
-0.0736581114317661628243527616178
-0.0794368419081983995200246795321
-0.0852235634888503928996428271603
-0.091018287514135681748328465801
-0.0968210253151965127837996760718
-0.102631788283381764070867347982
-0.108450587790185751235760847067
-0.114277435257456302930556546471
-0.120112342097988905598171527345
-0.125955319769851581401809426097
-0.131806379729110079157550217133
-0.137665533447062171656938289743
-0.143532792448714419109023765486
-0.149408168225243831450654852233
-0.155291672330287344738763977148
-0.161183316302866502800483772262
-0.167083111750810087148266802615
-0.172991070235439747815320288282
-0.178907203374122830696890673607
-0.184831522811778559134410215847
-0.190764040189742301034669935689
-0.196704767165856275745738912519
-0.202653715431308695249512652481
1.17473794530859318319003116059e-12
0.302586024365506467415087854533
0.246927693644196782907229703596
0.200913274535967356637655711893
0.172177667906885878412737156395
0.132564144436115138869780594177
0.0878737868464589261252584151407
0.0711428529060312980769609225717
0.0359278432648884871181138578322
0.00487849656277901215506442866854
-0.0120369964780695799105858512235
-0.041178018061386677250990118182
-0.0669546370448398375785359348811
-0.0714831548718504461437106556332
-0.0956081139233655452613902525627
-0.102945894876401308759561459283
-0.118027227591510561199861228943
-0.128927726020663907524621549783
-0.14130621183604244461839982705
-0.134824603498015616054317433736
-0.134364790429387898074153895323
-0.134357558461798559656941165485
-0.136139213783888934905519363383
-0.141274644684714262288238728615
-0.140960372420318391650795319947
-0.131341622202162916499545985971
-0.1349910015796691176159782799
-0.128654764916845215649843225947
-0.125935764523552651272808589056
-0.10566073230777790759038481383
-0.0954124772074402410781956973551
-0.087577588801765471338001134427
-0.0779811484301401458552049916761
-0.061174783561571195733552741558
-0.0531581837709300467076367624486
-0.0422322426590889046793542149771
-0.0286556809619204627681554597984
0.000146403173461776708614429098887
-0.00310348424585183031709778589402
0.0210423042068002587312580686785
0.019251177192031513479841819958
0.0402084058800524571375412108409
0.068672066083615215803526155014
0.0624016523809591619476044854764
0.0787031117515747946633553056017
0.099509874423843486246354927971
0.0961654602755742937691962879398
0.0973898550613557789645824414038
0.115496270941743389704114974847
0.124099792875564274297062183905
0.13973410536622973832088234758
0.116108235666242495809363788339
0.132592335673082817315560077986
0.134071630601519636849516814436
0.140400041960820926023600918597
0.147258639024901022418490015298
0.12525634261473858610536069591
0.122684400798361958884186151408
0.118551692689839324734712988629
0.0992526369626572646520656917346
0.0861360233205029218739312568687
0.0775689262287909964133092444172
0.0738109841750660827797148044738
0.0466203920700135818200315895865
0.0280850060767311553167058235658
-0.00513906623573583652697660539843
-0.0324591347638457927704536132296
-0.0614541091228725730455373366112
-0.103376926475437613817121018656
-0.13652264268426664295397188198
-0.176885453152598653980831500121
-0.209991781920403186578738541357
-0.264070495960223083908857688584
