2
107.07494731969954671058076201
0.115412953778618598832395036879
0.115480012158756431550621357474
0.115547128336158461126004226571
0.115614302377427494161743481982
0.115681534349221321056333522392
0.115748824318266885224915085928
0.11581617235146365874065566004
0.115883578515753329907234103757
0.115951042878171109440366137733
0.116018565505896023570819863835
0.116086146466142958733058776488
0.116153785826256433777459164958
0.11622148365369550093717521122
0.116289240015976097497585328711
0.116357054980725599380164680952
0.116424928615696504641263686608
0.116492860988695906554468706418
0.11656085216765486867185330766
0.116628902220627522767770756218
0.116697011215687554419595528543
0.116765179221092224581823870722
0.116833406305154416382485749182
0.116901692536266116340115672756
0.116970037982969982115477591833
0.117038442713893825475324206309
0.117106906797728199665087345238
0.117175430303301700285523168077
0.117244013299531185667845534226
0.117312655855413963679190203493
0.117381358040081928972853120285
0.117450119922753892787170570955
0.117518941572736915213148733983
0.117587823059449578244617384826
0.117656764452402987086720997922
0.117725765821232286612030293327
0.117794827235626786698929890917
0.11786394876543195009421793884
0.117933130480551956464907448208
0.118002372451037562672837566424
0.118071674746980867509726920161
0.118141037438638726864148509321
0.118210460596317887271844426778
0.118279944290438809861853997063
0.118349488591575041640524545983
0.11841909357032839866796791739
0.118488759297456183738894708313
0.11855848584379137522493152801
0.118628273280288437652174593495
0.118698121677986004329774516464
0.118768031108045415966678604036
0.118838001641719578915790123119
0.11890803335036792542922512439
0.118978126305459092071359350484
0.119048280578541110230617050547
0.119118496241318372330653119207
0.119188773365570016560255339755
0.119259112023136146230051224393
0.119329512286031183543322242713
0.119399974226357022399902518828
0.119470497916299281393470721468
0.11954108342817144905456672177
0.119611730834363189091007484421
0.119682440207403845144895626618
0.119753211619926622222287448949
0.119824045144643523408412022491
0.119894940854389217554931690302
0.119965898822107064347619598266
0.12003691912084100967827993145
0.120108001823746188274633084347
0.120179147004109060370424799657
0.120250354735262465766254535993
0.12032162509071515910097360802
0.000241737961410766922110832100046
0.199995466238058527963517008175
0.194553618972110570206623947342
0.189105429634389171633657156235
0.183650889584028975676233130798
0.178189991044785306373299249572
0.172722725124803522245287012993
0.167249083721250940692826247869
0.161769059518800328856258374799
0.156282643964675255210394766436
0.150789827133217368970719007848
0.145290603120370259704330351269
0.139784962520167588273523051612
0.134272897232789012456066757295
0.128754397847814283650791367108
0.123229457355597676881941993088
0.117698067592488464505606771127
0.112160219145668912932300997909
0.106615904204387920706231795975
0.101065114056809138287640337239
0.0955078406638398685890578576618
0.0899440758902555342890750011975
0.0843738104357090179519218509085
0.0787970364697439668022482806009
0.0732137455860162739140761800627
0.0676239288558242723770064230848
0.0620275781825404409763891067087
0.0564246850728485072057338811646
0.0508152408423866441822269734985
0.0451992378432228766871325831289
0.0395766658631120440969830553968
0.0339475178509233282975188217279
0.0283117847755989526792319566084
0.022669457221862861912020647992
0.0170205280255303903480523786129
0.011364987949154053969991196027
0.00570282794741833014284804193039
3.4040689968022819135873985319e-05
-0.0056413841626166113044082983663
-0.0113234540936647826853134191083
-0.0170121779528750356746957805854
-0.0227075646955012880323643287284
-0.0284096222924161943834686638866
-0.0341183605194640554580942648499
-0.0398337875143769046260011634786
-0.0455559115853973670140497631564
-0.0512847416248249018955185363211
-0.05702028775630340468039136681
-0.0627625570730215853743061416026
-0.0685115591811755464402011739367
-0.0742673021452093240490910375229
-0.0800297958214960247769198531387
-0.0857990477908625454039892588298
-0.0915750681588874820837631318682
-0.0973578645662706854135848288934
-0.103147447037778339229419088952
-0.108943824197874308823408284752
-0.114747003567538405355286101894
-0.120556995985604237242583280931
-0.126373809199495812372049385885
-0.132197452772440965373945687134
-0.138027934596024970392846853429
-0.143865264278345283965876433285
-0.149709451074407418058598295829
-0.155560504057429466184814259577
-0.161418431929061634289013227317
-0.167283243312438573147105103089
-0.173154947188413899095138503981
-0.179033553946285978186736542739
-0.184919071054007039256461553123
-0.190811508561018139396026072063
-0.19671087527289252139262032415
-0.202617179832029592478903623487
