3
467.959443877413548307231394574
0.114649562656180800668259678332
0.114737146625945751754471757522
0.114824821262055815074276665655
0.114912586707803909824576749088
0.115000443106679978155781896021
0.115088390602487031233458480983
0.115176429339332420109798249541
0.115264559461571672316360093191
0.115352781113865265893991818302
0.115441094441160949091162990499
0.115529499588655951147764255893
0.11561799670190255062696138566
0.115706585926651714379964630552
0.11579526740899830083986188356
0.115884041295331391419054511971
0.11597290773228181859355601091
0.116061866866802573805550480301
0.116150918846175621457206261766
0.116240063817856550953955263594
0.116329301929709166829596256321
0.116418633329839510404113411823
0.116508058166619229978344662868
0.116597576588777118722362047265
0.116687188745275380319377234173
0.116776894785425550127300198255
0.11686669485877589080846661318
0.116956589115205747408943182108
0.117046577704893808857811166035
0.117136660778304035890329259928
0.117226838486186882293260680399
0.117317110979610755849833481079
0.117407478409936621988052252163
0.117497940928830257867332420574
0.117588498688232317990198794178
0.117679151840415177621146369802
0.117769900537948557506240376824
0.117860744933673738943369357912
0.117951685180796947416403952502
0.118042721432743163978429379313
0.118133853843324532206793264777
0.118225082566608699630172907291
0.118316407756966834874390315235
0.11840782956912147827477355122
0.118499348158047954071570018186
0.118590963679060995561442837243
0.11868267628778059186167581629
0.118774486140134333256312970661
0.118866393392362545977647414475
0.118958398200988024751012517299
0.119050500722908070283523329635
0.119142701115239238451870562585
0.11923499953550656393908013797
0.119327396141486477554316536498
0.119419891091293195461986442751
0.119512484543355348987070385647
0.119605176656413750291285680305
0.119697967589531523158186132605
0.119790857502062933481745687914
0.119883846553715742166978941441
0.119976934904507226420378174225
0.120070122714734883739851056816
0.120163410145086788083368389835
0.120256797356509265162216593126
0.120350284510309712970865803072
0.120443871768087948370684614474
0.120537559291805748684645038793
0.120631347243687139791923357279
0.12072523578636498720051406508
0.120819225082698100681710684512
0.120913315295982648489570010497
0.121007506589720911782670498269
0.121101799127858858473594239058
0.0494390726928783455496052567923
0.199941925426280864286354699288
0.194541322609955075195742324468
0.18913326028768662201429151537
0.183717727987171064452098789843
0.178294715217721416733454020687
0.172864211452405186486558363868
0.16742620615235098702200389198
0.161980688798227689950692820275
0.156527648790149076507560721438
0.151067075544849660495572152286
0.145598958478294987495260670585
0.140123286972476196465819953119
0.134640050380613746083824366906
0.129149238067002819496664756116
0.123650839362615561078939663275
0.118144843566092019870872320553
0.112631239983329245468723911472
0.107110017908736046554629695038
0.101581166587134411050108440122
0.0960446752641751083645615949536
0.0905005331818041769409433072724
0.0849487295477891896089417400617
0.0793892535533725768326362981497
0.0738220943797863599078468155312
0.0682472411767058029230526017272
0.0626646831024190442693821978537
0.0570744092695386895375264657559
0.051476408784070580570979558388
0.0458706707601617552638728625425
0.0402571842349949762795979779639
0.034635938286200998459385402839
0.029006921958418353107989062778
0.0233701242466543106235388194136
0.0177255341749802258766166573878
0.012073140729647730690077267468
0.00641293284460411373848476301873
0.000744899513205433158428980799926
-0.00493097036713490560755346336919
-0.0106146878648935918953988277735
-0.0163062640820112493555971155956
-0.0220057101561774125231263354863
-0.027713037215028067661304334024
-0.0334282564039562885005452130827
-0.0391513789378567581001000519336
-0.0448824159638441730346691826981
-0.0506213787217487734548804212409
-0.0563682784394939212502251280057
-0.0621231263489358392915207218721
-0.0678859337324961009674240131062
-0.0736567118659693792492859643062
-0.0794354720469066383214951088121
-0.0852222256115172382973099729497
-0.0910169838864432756420086434446
-0.0968197582359043573685397632289
-0.102630560014054267314875801276
-0.108449400642056340005048298281
-0.114276291515383848773623753914
-0.120111244084676813126399963494
-0.125954269768894677739012877282
-0.131805380048117926072848149488
-0.137664586411626904682847793993
-0.143531900373639081935905892351
-0.149407333436533534820611635041
-0.15529089715393126769349407823
-0.1611826030803156228898842528
-0.167082462799171493905703300697
-0.17299048789241860957233143381
-0.178906690009275837205393600016
-0.184831080753541432404318811678
-0.190763671796679107339755887551
-0.196704474805828588568346049215
-0.20265350146808353004601599423
2.7594882526549592309263888131e-11
0.2936352964094979256515216548
0.257804894521593441769624632798
0.210528953960812809098612774505
0.163108584187206751003884619422
0.131224660900239903371655714182
0.0929929631344486862243314817533
0.0738424949016992515637980432075
0.0518385545309483289355689805689
0.000528703426232766146401764739693
-0.00795968483322547631919618993379
-0.0439388900182619140943884872286
-0.0667656056149077969941174615087
-0.0827865620316169809056461303953
-0.107032519969151765359960393198
-0.109798429521302906564095280828
-0.121733977656939426625903877266
-0.13396152184924919881225946483
-0.128893069267214166462309776762
-0.141779279427449361739022037909
-0.155158569195970402754269912293
-0.135360592591387829397575615076
-0.145915954345650911161413887385
-0.143496968443377642676850314274
-0.132410704324686323563042833484
-0.143371864339922799880255865901
-0.124865825939717858816813134126
-0.120956399968451727700013975664
-0.100361899936568840785433565088
-0.106097707879565086863671297124
-0.0919610551233052964104075499563
-0.0872334135721788000994436629298
-0.0689185715206022259105012039981
-0.0551967643493411971866713372492
-0.0486148921600775274498573708115
-0.0289591585975827528476322925144
-0.0313622757786389122491854664077
-0.0205423056419915817105703581547
0.00361769137609700567118076186546
0.0301492533400246863484195358751
0.0340823669974541013094615493628
0.0480487534238577054801488941393
0.0419772604822339356900329221389
0.0635708646367901808460487700358
0.0741098607598150715958240652981
0.0770317848135715077528828942377
0.106501619336976188767707185434
0.103420320604126189656390977234
0.0989521244047444348268527392065
0.126168230376242779255946402373
0.124479512934476607699529893125
0.127769885751818301766746799331
0.132653221908718976784768983634
0.142796194811344617781045940319
0.142514697054435895973156789296
0.128028987932980814479222431146
0.127944763610411488263807200383
0.127786134847162446970258997681
0.11873036736386667622245028042
0.116395636770722732400429322297
0.0947647965589074464665131358743
0.0850960130104658207805812253355
0.0551721536869898207533502443312
0.0425504756006401252399484747002
0.0171454086583748832595119893085
0.00629585853548259109097040564507
-0.0401449394751741198139605160122
-0.0580481659799973112590087964691
-0.102240223914543043592928484031
-0.153336094922266380491393533703
-0.170997644529960607373553216348
-0.213041235257659611335157023859
-0.249975262907565998204972856911
