2
25.2437756514461497658885491546
0
0
0
0
0
0.706655543768337723875561096065
-9.95790036950064255363825698384e-17
0.707557730832951259358765128127
0
0
0
0
0
0
0
0
0
0
0
0
0
0
0
0
0
0
0
0
0
0
0
0
0
0
0
0
0
0
0
0
0
0
0
0
0
0
0
0
0
0
0
0
0
0
0
0
0
0
0
0
0
0
0
0
0
0
0
0
0
0
0
0
1.44778941144941466825642011063e-06
0
0
0
0
0
0.707557730832951370381067590642
1.73405385941634741237243031337e-09
-0.70665554376833761285325863355
0
0
0
0
0
0
0
0
0
0
0
0
0
0
0
0
0
0
0
0
0
0
0
0
0
0
0
0
0
0
0
0
0
0
0
0
0
0
0
0
0
0
0
0
0
0
0
0
0
0
0
0
0
0
0
0
0
0
0
0
0
0
0
0
