3
106.708961355146414007322164252
0.11389522225758842710607865456
0.114002921158347106378450064312
0.114110747862061351343143655868
0.11421870261260647083645380917
0.114326785654402338088253543447
0.114434997232380375464799726615
0.114543337592091801213634028045
0.114651806979633799632445345651
0.114760405641638113527491782406
0.114869133825345554056340802163
0.114977991778525023836010632294
0.115086979749537146600069092983
0.115196097987318446520532688737
0.115305346741323630488373908065
0.115414726261650113503520742597
0.115524236798935572845259400765
0.115633878604383594224103148917
0.115743651929776314446485230292
0.115853557027491491093762476794
0.115963594150489540668402810297
0.116073763552287545497421206164
0.116184065486994406168896887266
0.116294500209307205551567676594
0.11640506797451438680823798677
0.116515769038465305529328475131
0.116626603657622632259638351115
0.116737572089045588130673536398
0.116848674590347173518622980737
0.116959911419777073948722545538
0.11707128283614252894917484582
0.11718278909887447358784129392
0.117294430467994537092835116709
0.117406207204102525087918706959
0.117518119568420301157551932647
0.117630167822776465769152309804
0.117742352229584679168539196326
0.117854673051864131116950318301
0.117967130553249407998173126089
0.118079724997993615320801552571
0.118192456650945867946411738103
0.118305325777546932464190376777
0.118418332643906470957873011685
0.118531477516681554851274427165
0.118644760663198248207272911259
0.118758182351366217699428773358
0.118871742849729886137843948291
0.118985442427455012648351839744
0.119099281354323974224662663346
0.119213259900743981378745672828
0.11932737833775193536656189508
0.119441636936983452965677088287
0.119556035970766097453754639446
0.119670575712014268243699177674
0.119785256434230907851556935384
0.119900078411657895482989033553
0.120015041919075360343782676864
0.120130147231964606868714895427
0.120245394626428359075021035096
0.120360784379150986822537561238
0.120476316767546165475977204551
0.120591992069629033723643374287
0.120707810564050291302073958377
0.120823772530137651948223265208
0.120939878247834281532746558696
0.121056127997757195791095341519
0.121172522061165077733591033393
0.121289060719952823674816499988
0.121405744256717171292159207496
0.121522572954670046718739229163
0.121639547097675687625795148961
0.121756666970297175445203663458
0.121873932857734457169129882459
0.026290853999838839638591991843
0.200054532787211636346569321177
0.194680852644023683062357577001
0.18929898680698012403134100623
0.183908923431066351206197850843
0.178510650611409527055428725362
0.173104156461980490666618948126
0.167689429057690603253050198873
0.162266456465193387170842242995
0.156835226723227222356271681747
0.151395727854953032753826391854
0.145947947864952937147009492946
0.140491874733965932398049858421
0.135027496439307087561232378903
0.129554800919842866280262683176
0.124073776102561386669442811126
0.11858440989945372157077230213
0.113086690197432671034505347052
0.107580604870407409157095912633
0.102066141772960361500111048372
0.0965432887280574525412646380573
0.0910120335458115409243973203957
0.0854723640293959113778399228067
0.0799242679482951579039706757612
0.0743677330544200709816493599646
0.0688027470749325853471844993692
0.0632292977431107433572421427925
0.0576473727429691329415817335757
0.0520569597506122735963707270912
0.0464580464235113885229644381525
0.0408506203982246310357773211308
0.0352346692942015621285989368516
0.0296101807018864134068980575876
0.0239771422001911205246216240994
0.0183355413527154231800864181423
0.01268536568899394229026356129
0.00702660273466082681281807964524
0.00135923998160464320518470149324
-0.00431673509105821775339029144902
-0.0100013350223032929792177370132
-0.0156945723765431095764188995645
-0.0213964597361031363953465245231
-0.0271070097041322781439287581406
-0.0328262349022772834117311901991
-0.0385541479746282986229566347447
-0.0442907615825007816567904228577
-0.0500360884074127626464090212721
-0.0557901411473484890035656746932
-0.0615529325396173138118527390361
-0.0673244753231312664798480227546
-0.073104782259262979238201296539
-0.0788938661311135297493635221144
-0.0846917397436705993163386096967
-0.0904984159295212781115580469304
-0.096313907529933948103995078327
-0.102138227414884125154870275765
-0.107971388466356496560472066903
-0.11381340359468154754818414176
-0.119664285728125291408119323933
-0.1255240478189225683536278666
-0.13139270283461304544836423247
-0.137270263769471212444983621026
-0.143156743631374289149604805971
-0.149052155449053813640603038948
-0.154956512288333403404294585926
-0.160869827210153359953181961828
-0.166792113318547818856529829645
-0.172723383727905244189315681069
-0.178663651574900494978237475152
-0.184612930019778159751453472381
-0.190571232238318205576277364344
-0.196538571432515712933408735807
-0.202514960828271500803410276603
3.70297358874259432471627316165e-11
0.306588268291055510150755480936
0.258638296472313733431747095892
0.210650260654486498612669720387
0.170320446148905985106480898139
0.130074343866245334400133515373
0.0969762364966550299838488058413
0.0598991281612085910146525691289
0.0313755035000810172940433062649
0.00370701122895227734924117335424
-0.0216227023668162758596178463222
-0.0457058332707276984696598276514
-0.0641181156424400766624671632599
-0.0808989760509981337133211809487
-0.0951863417485363516590268773143
-0.108149979447957372835631417729
-0.119793448313374628622085538154
-0.126244972989535991780840618048
-0.133970134308958682689549846145
-0.139935774381391042631150867237
-0.143993069753435370961014427849
-0.143281211043766565360613185476
-0.144367392474920031020246824482
-0.140601554813154727696655754698
-0.138116199669508332714684684106
-0.135132651470579456809417706609
-0.128183659662826771041821416475
-0.120127654047381501878355436475
-0.113970839562447870396688642813
-0.101828472082922741326349580504
-0.092447300197857143477797592368
-0.080270584981913348232573923724
-0.0727279915702999379956139591741
-0.0615488961558939215445995785103
-0.0489374785219874527952832465871
-0.0357009311502185164299838504576
-0.0223594299080087412223694087743
-0.00737576766427740834058957020147
0.00230654693582103614488132414806
0.0150559618653906667623543214063
0.0299540544139827169534129325257
0.0398698557944524786811335559378
0.0528857195978188962537380746198
0.0657072388180958560921496314222
0.0769753228145642759416844569387
0.0878256919063244295697856500738
0.0933191185635034309298063703864
0.105571178308456956052019393155
0.114384847374480680404218446711
0.120127506983759374525888574681
0.125523995360852569369569664559
0.128866531714851850765057861281
0.134171904126018981529000484443
0.137523727979152465827894502581
0.132698455184287827934852543876
0.131450638376606560031589765458
0.128733825168483140277686516129
0.122415895541254912681772282212
0.114678835100263276647325483282
0.105838001863919728418039767348
0.0958267363252843784593437703734
0.0832771151401394266189370796383
0.0625394986293531934817835349349
0.0453103024099128018353788149852
0.0221741952431428815395442200042
-0.00391738284221277398289284832344
-0.0277371295862158737111080597515
-0.0618431500403173461943850952593
-0.0974177555266796252331218397558
-0.13237096464869063661140557997
-0.175059103118857639636019030149
-0.214739396637744384133128505709
-0.263508287643593186455603927243
