3
21658.9252489710015652235597372
0.114373823190889692402727462195
0.114468777485135578264596745157
0.11456383554427629345440209363
0.114658997546212740314963696164
0.114754263669185146978790612593
0.114849634091772637156658731783
0.114945108993017741649822482941
0.115040688552239089847972763891
0.115136372949201773452365671346
0.115232162364023532630241675179
0.115328056977217541234637110392
0.115424056969655464133239775038
0.115520162522586553044412482905
0.115616373817670120560663349352
0.115712691036924303356059340331
0.115809114362783627250053086755
0.11590564397800821871964416232
0.116002280065804916353577880272
0.116099022809744906181705914605
0.116195872393769134012231347697
0.116292829002197811716357023215
0.11638989281978806555883920737
0.11648706403166897427325920944
0.116584342823359318752629576466
0.11668172938072776667617347357
0.116779223890102493155218610354
0.116876826538163711144413525744
0.116974537511999321370836923961
0.117072356999104315589121938501
0.117170285187342737565074912709
0.117268322264975299873412950546
0.117366468420713507270214392975
0.117464723843616808407475105014
0.117563088723153560954948204653
0.117661563249215353477161727369
0.117760147612081464418842813302
0.117858842002406399851466289874
0.117957646611317260032514298018
0.118056561630268272433674781041
0.118155587251180319019461251173
0.118254723666350813893188842485
0.118353971068498514673805743769
0.118453329650738556355626940331
0.118552799606625791639658018539
0.118652381130084777494104741891
0.118752074415476721602757947949
0.118851879657569312054299359716
0.118951797051555688278234867994
0.11905182679302409032295884117
0.119151969078006278457415589855
0.119252224102908796488087261878
0.11935259206461097669649262798
0.119453073160350309311894534403
0.119553667587843581721074315283
0.119654375545191524188304299514
0.119755197230947407760481837613
0.119856132844038801299468843808
0.119957182583859026103745293312
0.120058346650192535043366603986
0.120159625243306381059404941425
0.120261018563848978701891212495
0.120362526812907572049127225
0.120464150191973373704712457766
0.120565888903025997258566803794
0.120667743148441641842794069817
0.120769713131016698248743068689
0.120871799054008438600860131373
0.120974001121093993615929207408
0.121076319536384008346274754331
0.121178754504431426819444084231
0.121281306230229563025702077539
0.121383974919178544427111887671
3.37020062679969090169151968439
0.19997328603758832143988399821
0.194583352148334665088214023854
0.189185670631212748959981695407
0.183780230451025483606741772746
0.17836702054321662558322714176
0.172946029823378283341028804898
0.167517247205669683740580921949
0.162080661581117918546013356718
0.156636261811683330513744749624
0.151184036752764261457571137726
0.145723975228584046170965393685
0.140256066072141777345549940037
0.134780298063678971587364685547
0.129296660001463448175229586923
0.123805140631771948278583295178
0.118305728707363264073926245601
0.112798412948214410445046951281
0.107283182073110383569769510359
0.101760024758400208222397509417
0.0962289296880896316555009661897
0.0906898855070419479540433371767
0.085142880856984459736480630454
0.0795879043540966002456826799971
0.0740249445984681453403197792795
0.0684539901654697552357831114023
0.06287502961817129087940259069
0.0572880515137825993554621106796
0.0516930443529024993831733070238
0.0460899966730302992901080472166
0.0404788969385349098328852335271
0.0348597336363748872001266931875
0.0292324952069706080204358755736
0.0235971700896020833426725005211
0.0179537467022378577352625939056
0.0123022134343762426511581509203
0.00664255866632145093586547801578
0.00097477075308751522011302403925
-0.00470116196375886929298415495282
-0.0103852511505959244769714544532
-0.0160775085173216029932330428664
-0.021777945779748689170141062732
-0.0274865746691922464839397122205
-0.0332034069412506654961347862809
-0.0389284543716678019253940590261
-0.044661728744046641503828709574
-0.0504032418788706720880199441126
-0.0561530056005770106253294216003
-0.0619110317585300287679395125906
-0.0676773322192927573315301970069
-0.0734519188714176790577781162028
-0.0792348036174142511534057575773
-0.0850259983943983110865616481533
-0.0908255151376632235971086970494
-0.0966333658139171408629763959652
-0.10244956240485957044139553318
-0.108274116912396370371318710113
-0.114107041357350197374742606371
-0.119948347788254985890610271326
-0.125798048258170175328629625255
-0.131656154856690077448178044506
-0.137522679675218251205137676152
-0.143397634838714371774415212712
-0.149281032475291119965277175652
-0.155172884757513507292259191672
-0.161073203859674718430028406146
-0.166982001975049365594117034561
-0.172899291322174269991407413727
-0.178825084146406965146525180899
-0.184759392691186158375060699655
-0.190702229252206589826812432875
-0.196653606105980788276710313767
-0.20261353559301187310381919815
2.77583306751599786338133399495e-09
0.310081075692330787596517893689
0.256860478759462440567773455768
0.208829684379550684081294775751
0.174464146128039870875525707561
0.128626006455497654545894192779
0.0897656786300257414357162133456
0.0609828660927389590296066046449
0.0323003873335130087252053954217
0.000398487246510860655679397979156
-0.0227156398678194162976673453613
-0.0447614930062629826079678707629
-0.0642334966116744343622713131481
-0.0811979497070502986844076076522
-0.0919494604447248231604561397035
-0.105122861819347337974939193828
-0.118352422483019928400871378926
-0.127680033280502425174773861727
-0.132694566241680328433361069074
-0.141238552461122074399568759873
-0.142870876132319912787949078847
-0.141248780242196947387611771774
-0.142047983962857310435978774876
-0.147164206665168356691353324095
-0.13777035995865682949101937993
-0.132075778384491693273616874649
-0.13160807650250094802402145433
-0.120291521960736169649663906966
-0.114951569991729563025018023836
-0.100472288614278676410762614069
-0.0903488256481192603120078388201
-0.0819699493708726939500408548156
-0.0811013007514433670319675684368
-0.0612961859871129291499336488869
-0.0464326241928218336196820814621
-0.0351539466710258721726667374696
-0.0186428337987535087949542145225
-0.00741051626717056065307698276001
0.00580562503785327695821072424565
0.0101392682148184216234243493204
0.0279534246355031025521586940386
0.0451687940211867450246430166771
0.0525849935786919103763992211498
0.0649378228759694697824755849069
0.0778701282033798652948419771747
0.0843810440212983542407343406921
0.0994896279163712399240537820333
0.107249959273030104345281188216
0.115742856695445761605611778577
0.120925670511812577423427228496
0.131956095978796844603309068589
0.128584592665811875411563391935
0.131341899703760228712567936782
0.136064916333976826390284031731
0.132179640960475325295320203622
0.133454844889760115833610143454
0.119654772862561403767855949809
0.118607938141675486876103207123
0.117113307948684478021483812427
0.105185128315983422719881446028
0.100728073384766497744280400184
0.0779223602513390706247875527879
0.0652463900523800877095936812111
0.0403057381513493781510781843735
0.0226091310986056941156885358168
0.00286086443322312432985254915252
-0.0306119444249375732836071506426
-0.0674088356566272944858653204392
-0.0966078443477043219411726227008
-0.128241391273321791999251217931
-0.169893752214549387247188860783
-0.217463498496697188455684113251
-0.265296959839161017313813317742
