3
13110.3320377503569034161046147
0.113352618589750861466391995691
0.113474697183280709422703580458
0.113596932660800148395807696033
0.113719325348739130898678695303
0.113841875574364634338131452296
0.113964583665727342554063739044
0.114087449951701988548613542207
0.11421047476192622283086564039
0.11433365842690298985750985139
0.11445700127788135946893532946
0.11458050364695787637359103428
0.114704165867056548377966862517
0.114827988271859304791888689579
0.114951971195948160486821620907
0.115076114974637003229851472952
0.115200419944131646210472297298
0.115324886441447296836493308092
0.115449514804377761922893341762
0.115574305371603625047782770707
0.115699258482616459953185028553
0.115824374477723243681559495144
0.115949653698104768184684587595
0.116075096485742171315003190557
0.116200703183475251289991092563
0.116326474134974933161146282146
0.116452409684763752428793281979
0.116578510178235367211740936
0.116704775961579673704271442602
0.116831207381865712080504238202
0.116957804787038585625502662424
0.117084568525839385899622868692
0.117211498947919892654745410709
0.117338596403788755773156537998
0.117465861244801308971297260086
0.117593293823166467060303830294
0.117720894491983973928483919735
0.1178486636052140518193809271
0.117976601517672072261255777903
0.118104708585081999427934817959
0.118232985164025083957284323333
0.118361431611964787458113335106
0.11849004828721740323338451617
0.118618835549038459387105604037
0.118747793757521827306966599735
0.118876923273688137050463353717
0.119006224459396639514530136239
0.119135697677453911147438248008
0.119265343291517403323531709702
0.119395161666197902050612356106
0.119525153166938596926982540936
0.119655318160140772265620512371
0.119785657013068161380608955824
0.119916170093941357177591555683
0.120046857771844636686431329053
0.120177720416778072154428969043
0.120308758399700843622071033678
0.12043997209245840829261453564
0.120571361867788107158361299298
0.120702928099409703688316142234
0.120834671161876711087401758959
0.120966591430827011266480042195
0.121098689282663707356135773807
0.121230965094803203041529116035
0.121363419245577586202955444605
0.121496052114264410648480918553
0.121628864081079257619677491675
0.121761855527191126258301778762
0.121895026834682645988650051549
0.122028378386608266081836404737
0.122161910566981390946494911987
0.122295623760711638650100496761
0.122429518353763394644673212497
4.59378447562647718172001987114
0.200172609599457179685444430106
0.19481513553769444491159390509
0.189449040244116712061739349338
0.184074311082943170569947710646
0.178690935392517485924557263388
0.173298900492649926574628693743
0.167898193689237612558073919899
0.162488802257746950408190400594
0.157070713462097666379690963367
0.151643914544121571896795330758
0.146208392726182800913647952257
0.140764135204055479411167084436
0.135311129169249172443656448195
0.129849361780123878640225143499
0.12437882017106431653541420701
0.118899491471233173522925596899
0.113411362782178254393627980789
0.107914421181854888742712716976
0.102408653736002261402937563162
0.0968940474828687142716532321174
0.0913705894393685713605890441613
0.0858382666096525331900224387027
0.0802970659768269812150975894838
0.0747469744959173842957511624263
0.0691879791104774710674973903224
0.0636200667374373363127659786187
0.0580432242774206255675473187239
0.0524574386041764192945002776014
0.0468626965821771213072111095244
0.0412589850423684192937123782485
0.0356462908038765319274077114642
0.0300246006628075885747097828471
0.0243939013941742964541870009043
0.0187541797504513566008377267735
0.0131054224705675903539514592921
0.0074476162648676761876553875652
0.00178074782726612089976681030379
-0.0038951961783681736048445820586
-0.009580229089594279046071534367
-0.0152743642860950368939088050979
-0.0209776151514030513578479286707
-0.0266899951031717881655414004172
-0.0324115175710553218846321499313
-0.0381421960114809235897759265299
-0.0438820438976109117312773832964
-0.0496310747295410983892516298965
-0.0553893020214930240086026458357
-0.0611567393089599772859621396037
-0.066933400159829611886230793516
-0.0727192981502226276635525437086
-0.0785144468841974946249351319238
-0.0843188599815429262740451576974
-0.0901325510921730799207551854124
-0.0959555338743565133796664667898
-0.101787822026137453335081772821
-0.107629429257052086632562293289
-0.113480369290709884322332356987
-0.119340655879036805497861450931
-0.125210302803117928815979098545
-0.1310893238496359525235845922
-0.136977732844080324348112753796
-0.142875543619302242115409740109
-0.14878277004126938543038249918
-0.154699425987820354810864387218
-0.160625525364364030167507735314
-0.166561082099449642157651396701
-0.17250611013569477902862558949
-0.178460623446568988903493391263
-0.184424636023189286726520208504
-0.190398161880498767439817697777
-0.196381215049694024532556113627
-0.20237380959197617813494218808
1.0066923377107092120842823837e-08
0.307431863275198558049794428371
0.25713933625348345257677351583
0.212442626927639210965281790777
0.171285183760671227970462382473
0.129893429550345079759310351619
0.0945726442007955997448576113129
0.0610149274135464089741098803188
0.0294497585211371641633615325873
0.00448366608403231135804301032977
-0.0222920551149918232114455207693
-0.0431023239148735706760540153937
-0.0634419829995873374439696590343
-0.081418652883376671502979604611
-0.0947196770097295387413893763551
-0.108845336201303960477204668678
-0.119409295119903433035624118475
-0.127609828275387277018992904232
-0.133395817499339847111983203831
-0.139553638762279441642988331296
-0.143339857402870307634401569885
-0.142766994684961734396466681574
-0.143601702183236423771006684547
-0.140958557482937146820844986905
-0.138881097002952508256967689704
-0.133172525680799375136231788019
-0.127617058417631268341096983931
-0.119883703275193972959122845623
-0.113425247335926626668367589446
-0.103337686502274955779867582351
-0.0931818135330236968494332927548
-0.0826838724608041225616616998195
-0.0717036829045561568962696696872
-0.0612948635534177888040119341895
-0.0481572127244795644696040426425
-0.0353651769040495556062353443849
-0.0235722339171020450754312491881
-0.0110136154884852618257573553251
0.00279296140653589181068738866998
0.016043111539580410390692932765
0.0281995600257119519160831089266
0.0413961048662514416451863041857
0.053554590820115113847244003864
0.0635724122531007712622042049588
0.0755910897103742457359132345118
0.0862564944477094419639229272434
0.0956220775509338677400350547941
0.105128929692081193869590549639
0.114601106122621462790611701621
0.12023648994952501611876982679
0.125898194086499798372003056102
0.130854228121081911373480011207
0.133553835684346366985408849359
0.133357407815752060376013332643
0.134579811915119362808468395087
0.131978522852111840313327206786
0.129598638259701665065293241241
0.122260330009959727881607705058
0.116102335143601756439757366479
0.106622599909424978226191171871
0.0951417119408062561536354451164
0.0807125407912085701678250870827
0.0634281282998870321598872124014
0.0459856986915804372140215150466
0.0221402301851184347969425658675
-0.002398902055344435263473101827
-0.03084652354272891805475609317
-0.0591831422371107904178977321408
-0.0958994824002835644094488998235
-0.133011350011651485747421475025
-0.17227588316522740585767792254
-0.218011509422385896250773384963
-0.263492180779813123248089823392
