3
120.183084864636740007881599013
0.114476764859433977061797804708
0.114568970050789309400585125331
0.11466127404948477097601511332
0.11475367702019013960157423071
0.11484617912783931514830726428
0.114938780537731946584933950817
0.115031481415534472811934563197
0.115124281927188584773169566233
0.115217182239020263234685614862
0.115310182517714923666751758446
0.115403282930265721484275331932
0.115496483644003486435103411623
0.115589784826657493432833234692
0.115683186646244745565681455446
0.115776689271136365433356729682
0.115870292870094551695991924589
0.115963997612154687266716734939
0.1160578036667947871007910976
0.116151711203743318590042576943
0.116245720393161597328024470244
0.116339831405501442640471054801
0.116434044411614645575525628374
0.116528359582672713656847918173
0.116622777090185411608125320981
0.116717297106073938928183508779
0.116811919802559852077372681833
0.116906645352273366733619752722
0.117001473928137839086716098791
0.11709640570346509236276943966
0.117191440851950975932105336597
0.117286579547618535768194192315
0.117381821964848281902860094306
0.117477168278393773181988990473
0.11757261866336912725650165612
0.117668173295265937605691419776
0.117763832349909836061385703943
0.117859596003505512351594575193
0.117955464432601589419569165784
0.118051437814173806883921713506
0.118147516325502466294494752219
0.118243700144245900141015681584
0.118339989448451990416977253062
0.118436384416529233432058276776
0.11853288522725261011636632702
0.118629492059767346900933659981
0.118726205093607373175501606966
0.118823024508662583587081940095
0.118919950485178546606412908204
0.119016983203824019965644254171
0.119114122845615608148328590232
0.119211369591916263588338154022
0.119308723624525103712556983737
0.1194061851255901196555697652
0.119503754277637180836180164079
0.119601431263574337071631248364
0.119699216266690000587402664678
0.119797109470660662067231783112
0.119895111059525591445940051472
0.119993221217751286356012485612
0.120091440130131621444320444425
0.120189767981888420700364861204
0.120288204958622593765404928945
0.120386751246296136441671364992
0.120485407031298022428877914081
0.12058417250036716772410017029
0.120683047840688381646678806192
0.120782033239767647159190744333
0.120881128885537966755059358093
0.120980334966340807856255423758
0.12107965167088534375050556946
0.121179079188293195579184668986
0.121278617708066749347750601373
0.0164219890591736708551628964869
0.199959920944084407201657427322
0.194566143353417847494668535546
0.189164721886150327678777216533
0.183755645701108361045328365435
0.178338903959564282208916097261
0.172914485761553216036645608256
0.167482380213347908926024842913
0.162042576411064814800866429323
0.156595063440048642977586723646
0.151139830327221724726172169539
0.145676866112066288883042375346
0.14020615982524445297663362453
0.134727700466392763534173582229
0.129241477015675648720716139906
0.123747478433391303043187292587
0.118245693674874779999228735505
0.112736111658486223841002527024
0.107218721319206011788338628321
0.101693511529487912170566232817
0.0961604711765036562765018857135
0.090619589116730292488455233979
0.0850708541876697976746868334885
0.0795142552239193889374035961737
0.073949781021341365327970152066
0.0683774203704051591889978567451
0.0627971620361435917123671401896
0.0572089947789861316684856262782
0.0516129073219883036105493090417
0.0460088883891440203477429804479
0.040396926677199601618539759329
0.0347770108653972925827346784899
0.0291491296015155103293903238182
0.0235132715425265363673457130744
0.0178694253067288866265727165228
0.0122175795076580034209667857681
0.00655772272594326317146640192846
0.000889843531038620925120719018508
-0.00478606952140900408082524464248
-0.0104700279071512532269583317657
-0.0161620431020525201493143185871
-0.0218621266133359574979078132628
-0.0275702899670935627773893372705
-0.0332865447031042288594804290369
-0.0390109023752194528089631830881
-0.044743374576336147896427064552
-0.0504839728932710979369957726703
-0.0562327089381605416118503626421
-0.0619895943478209268673317922094
-0.0677546407813303386280523454843
-0.0735278599155532869291462816363
-0.0793092634301053173162543430408
-0.0850988630396280337775394286837
-0.090896670473111548793632152865
-0.0967026974744780998261006743633
-0.10251695581086398001424697668
-0.10833945727265961722629583619
-0.114170213663592853836625806707
-0.120009236798278587365906844298
-0.125856538537556711387921382084
-0.131712130719749104246218962544
-0.137576025248716787841019026928
-0.14344823401448092425880531664
-0.149328768933205180413636981029
-0.155217641951750418005673282096
-0.161114865024051923114711826202
-0.167020450121453029046492133602
-0.172934409254562493352125329693
-0.178856754429746050982785732231
-0.184787497685078377918088676779
-0.190726651075129149948139684057
-0.19667422668286027587214448431
-0.202630236587067358300373598468
1.19166904650551573275309392507e-11
0.307234109322870985181452851975
0.255080567948175074288741370765
0.209511927570655259733811703882
0.174518466150571871509100674302
0.127068705672385040550409485149
0.0894722498161565210628154432015
0.066858695785590699367517686369
0.0392813746491553691941867043624
0.00385542790718664506177670858733
-0.0189364999036670707266427626791
-0.0473348317253788133940339832861
-0.0628646259095611559253313771478
-0.0880248815399499728862053871126
-0.101451338981630403979217192045
-0.108898469589522373102141727941
-0.125664032656456842174108601284
-0.131017992158266233237995379568
-0.127092959751440165439007046189
-0.138948164269286328353913972933
-0.137793080886139868157513888036
-0.142371932606846607338724197689
-0.14251719685132918646885968883
-0.151053058708147391886456034626
-0.135992365044925067607550772664
-0.137399227210537433485626479523
-0.124431394219296137526598045042
-0.110639907389450550811993423395
-0.110993989036298604244912269223
-0.101490673454087465543693724612
-0.101378363380134409177379950506
-0.0711863123569256989187081785531
-0.0763755515461528727838569352571
-0.0593022723946897908908759688984
-0.0517777435508445030287738575225
-0.025330550218003414220113711508
-0.0175563952706583419061114881288
-0.0129297994525424710110517168005
0.00577153454280731042363994376387
0.0155122179805406035929538077767
0.0323985592860542778725907453463
0.0336522689124340648736399828067
0.0514613850210626638803645960252
0.0632082846945745541189509708602
0.0706675101671318667273524738448
0.0851246043785396644398844046009
0.0972606196194061578541578683144
0.0983557458817834323605566737569
0.110145218010989864865223353263
0.114339527368801097129136223884
0.1202104088897364003729606452
0.135448813314012095343485952981
0.136566049779003106934283096052
0.13698150754594659583851523621
0.137652154534534887364571886792
0.14021815588941230479314015156
0.124382734376647124951986711494
0.130525146868230995655935089417
0.122573286989056659535002324901
0.104276497593155062504344243735
0.095791193923510806196297551196
0.0809660853012980491483219225302
0.0570049411993928598074710123456
0.0444243078793351425792579334484
0.0231117257894617421365435205871
-0.00210530095310023116980668866915
-0.0348552031407681275898546857661
-0.0667901767103779159251430996846
-0.0948423135105631032182316175749
-0.130530118501773317873926316679
-0.163880375815782408643883627519
-0.221814944194457991377689154433
-0.265296058334561046798683037196
