3
866.620593612260677218728233129
0.114342065640248902180786672034
0.114437867455982861253360738374
0.114533774581800154579447337255
0.114629787199718780055235356485
0.114725905492143259722936932121
0.114822129641907980102111253018
0.114918459832129019049240525874
0.115014896246433823145949304489
0.11511143906873533282464450167
0.115208088483418943925862265587
0.115304844675211570770301250377
0.115401707829243624359172315508
0.115498678131035273364268789464
0.115595755766501370742638243883
0.115692940921954645627778290873
0.115790233784102733483045710727
0.115887634540059070165085586268
0.115985143377311583634536873433
0.11608276048374491229431271222
0.116180486047676848060383747452
0.116278320257809236748514081228
0.116376263303218194233856763731
0.116474315373424189279383256235
0.116572476658322835008085860409
0.116670747348226896966671972677
0.116769127633855746006830145234
0.116867617706283843936887478776
0.116966217757099977259116485584
0.117064927978202601432933249725
0.117163748561917593904446732722
0.117262679701039665425277291888
0.117361721588711206964994460122
0.117460874418477370650926161488
0.117560138384373402686833287589
0.117659513680773958332892448198
0.117759000502483821004595654358
0.117858599044767101138297960006
0.117958309503266842166446792817
0.118058132074005048273157569838
0.118158066953523391284797128264
0.118258114338695277667490302065
0.118358274426855911154454759071
0.118458547415756954013232871148
0.11855893350354998472262479936
0.118659432888849197818004199689
0.118760045770639532936030491328
0.118860772348422419342206524107
0.118961612822034989989106179564
0.119062567391771706448722056848
0.119163636258348332175316386383
0.119264819622949116983967599026
0.119366117687169662198165553946
0.119467530653017878217170277821
0.119569058722950344320068438719
0.119670702099872697243831964897
0.119772460987049453318142866465
0.119874335588333172375463675507
0.119976326107829669997961730132
0.120078432750253177863086762045
0.120180655720624959825748589992
0.120282995224499325570555186005
0.120385451467798373914597220846
0.120488024656937836587289325507
0.120590714998765405341352163759
0.120693522700598965258222960983
0.120796447970113865477692627337
0.120899491015516571956744940053
0.121002652045446232320635715496
0.121105931269001945715935164571
0.121209328895656109903455899257
0.121312845135437566423952659989
0.12141648019874190511657729985
0.139968858967158465977931314228
0.199977756075880919173215488627
0.194588978729795525346446538606
0.189192422544551624996600480699
0.183788076434878683285134570724
0.178375929266810201445636607787
0.172955969911414209061462088357
0.167528187204881939820211300685
0.162092569981757445018999419517
0.156649107038938278924078417731
0.151197787192197258265835557722
0.14573859918772488764027173147
0.140271531799494031389485826367
0.134796573751114118211447134854
0.129313713772996413675642202179
0.123822940573646747552949420879
0.11832424281348832839633189451
0.112817609176468436338325318502
0.107303028302477038158357913744
0.101780488813658906432912942819
0.0962499793380546947441089855602
0.0907114884509754720864904697919
0.0851650047462911563567189432433
0.0796105167559657544984474952798
0.0740480130312679424298138997074
0.0684774820865946126646761626944
0.0628989124380590486351749746063
0.0573122925417641135292790011135
0.0517176108878020859838109402062
0.0461148559002162797271218153128
0.0405040160132829271666388137874
0.034885079640375162013388177229
0.029258035168129171987860814852
0.0236228709573915417185840937009
0.0179795753814554828964311639083
0.0123281367551214427608075041576
0.00666854340243557604933632987354
0.00100078361275934574897705786611
-0.00467515431742633689321531065275
-0.0103592821593337918589794455215
-0.0160516116547293613558977654066
-0.0217521545866144853931256619717
-0.0274609227499790914395205732035
-0.033177927975095555801487989811
-0.0389031820885691673184147987286
-0.044636696941897015256106584502
-0.050378484421414716776244091534
-0.0561285564069362516437244892131
-0.0618869248181328351909868956682
-0.067653601580762917633293795916
-0.0734285986614981178721706100987
-0.0792119280282491122768817604083
-0.0850036016584126280504207784361
-0.090803631561719930220810681476
-0.0966120297831318392001165307192
-0.102428808354382977485741434975
-0.108253979344285489183619120013
-0.114087554843060018372469244241
-0.119929546967805195079037616779
-0.12577996782185729696124099064
-0.131638829574001053890341950137
-0.137506144369924698800389251119
-0.143381924411223715676300116684
-0.149266181891678340054596674236
-0.155158929030502545920455759187
-0.16106017809269818075179614425
-0.166969941318989012479789835197
-0.172888231003214709602389120846
-0.178815059449661528656605469223
-0.184750438983982578911025029811
-0.190694381938584345270726316812
-0.196646900694609216841968191147
-0.2026080076206481783707147315
1.22644065152558487505239142787e-10
0.299305020703091728684341887856
0.260674845096923568643632052044
0.216291194465629055265765146032
0.16555709213435118587476324592
0.13233070294549958978436166035
0.0949652399703931476837581726613
0.0596286815766312386366543307759
0.0291803244999412902949131876085
0.00377041896474774023556575386351
-0.013125197032539885622082209693
-0.0493649377103207581685140326044
-0.0646361362424095753365094196852
-0.0765903523311286804631237146168
-0.0944457947098570199662148638708
-0.105152858337666382793074149049
-0.116771925242974305980681037909
-0.132439368223262604606915715522
-0.133665144881520314701361940024
-0.143764043193084056770914003209
-0.139941245301663658162638625981
-0.14820005288528498299527313975
-0.14122735306810638156171933133
-0.140540325565256141171488479813
-0.135065034028922198450217706522
-0.133993462143084274273974187963
-0.126960535673644514531588356476
-0.122414267062320780699025135618
-0.11168869069676287675285664136
-0.103551317265815831514252920442
-0.0978554437079328515158849199906
-0.0888338221503310876414616359398
-0.0747372541108037996560042870442
-0.0575531964926268777005269328129
-0.0490218038964871857809946220641
-0.0404709349328409018209384839793
-0.0204700169311085693191198942031
-0.0114014155900865280651723665528
0.00379051600967247317650055116189
0.0261218711866858764591992070336
0.0257052569818185909500396491012
0.0390972409773363768770160220356
0.059507434004346618228176168941
0.0658712232562471688979144346376
0.0770065972256800818085409332525
0.0926253532372368765246406496772
0.0950256021800684885780796662402
0.101109132389787068073694342729
0.111070252545393710619237026549
0.116725934977027934191795566221
0.127299012854657306315075970815
0.125934140783052983536549618293
0.137204947919750436247099401044
0.139636170920439395271017701816
0.138148208943034644935465848903
0.128436361214281563603023528231
0.133758956872185003073028042309
0.124109313610506671876620998773
0.12084133486640052934646405447
0.105235003762552931094731434314
0.0902830553776877708926917875942
0.0865438064360071757086245725077
0.0582960927689873814605547863721
0.0402451548875631948121167624777
0.017547719004036187867567875287
-0.000658468555521647181706657026012
-0.0357479613010932839589628429167
-0.0609434034321538545264651531852
-0.0959730827837021877035894590335
-0.136266303455924220333628227309
-0.168619938961856230541513923527
-0.215546680261483047935655577021
-0.261195628406357016615402244497
