2
48.9601322906805904722205013968
0
0
0
0
0
0.706589603404602972780423897348
-1.02695146355717859152686214726e-16
0.707623580981107669352070388413
0
0
0
0
0
0
0
0
0
0
0
0
0
0
0
0
0
0
0
0
0
0
0
0
0
0
0
0
0
0
0
0
0
0
0
0
0
0
0
0
0
0
0
0
0
0
0
0
0
0
0
0
0
0
0
0
0
0
0
0
0
0
0
0
9.80227696754761456310236361622e-06
0
0
0
0
0
0.707623580981107780374372850929
5.12189271194617261253392610928e-10
-0.706589603404602861758121434832
0
0
0
0
0
0
0
0
0
0
0
0
0
0
0
0
0
0
0
0
0
0
0
0
0
0
0
0
0
0
0
0
0
0
0
0
0
0
0
0
0
0
0
0
0
0
0
0
0
0
0
0
0
0
0
0
0
0
0
0
0
0
0
0
