3
793.376538233053452131571248174
0.114910363129428219619576623245
0.114990956042102882017630349765
0.115071627789035471622902662148
0.115152378483525302810264179243
0.115233208238979700777093739816
0.115314117169087668179905392662
0.115395105387706864430441555669
0.115476173008901852878871352459
0.115557320146954342621192779461
0.115638546916351225846142369846
0.115719853431751368288971093534
0.115801239808123027086317335943
0.115882706160487611302123411861
0.115964252604215153907851743043
0.116045879254794884194446069614
0.11612758622798834140521506697
0.116209373639684296342089453447
0.1162912416061071402273441322
0.116373190243539467725319980218
0.116455219668578066616326793792
0.116537329998032387901041317946
0.116619521348866828081014546115
0.116701793838301232097975912438
0.116784147583725628205542079741
0.116866582702794513659583230947
0.116949099313362239738189884974
0.117031697533440226521861404763
0.117114377481346995657496279364
0.117197139275555736737111089951
0.117279983034767748550919463923
0.11736290887789405101848672075
0.117445916924075799414595167036
0.117529007292672918461029496484
0.11761218010323476468315107013
0.117695435475533308200546400712
0.117778773529612384995957086176
0.117862194385660909445867616796
0.117945698164141313246666697978
0.118029284985713994737821508352
0.118112954971245867619167313478
0.118196708241823517093749273954
0.118280544918794666697792195009
0.118364465123697609749697789994
0.118448468978278168006745829643
0.118532556604547936740523539356
0.118616728124681186651301345591
0.118700983661149894743402910535
0.11878532333657913777624770546
0.118869747273871312343018757929
0.118954255596099983671720679013
0.119038848426630983201590652243
0.119123525888996550925469364302
0.119208288106980739295970295188
0.1192931352046096016294995934
0.119378067306083746057510097671
0.119463084535911645556183202643
0.119548187018732737785242647988
0.11963337487949876614123922991
0.119718648243355998972425879856
0.119804007235656470586881994222
0.119889451982039693667125845877
0.119974982608310742904222934158
0.120060599240576909574329533825
0.120146302005111615951449266504
0.120232091028420390310671450607
0.120317966437326284712128199317
0.120403928358802717046849295457
0.120489976920058861065143673841
0.120576112248585526343092055868
0.120662334472078996983057663783
0.120748643718474352182212783191
0.120835040115895117618372012203
0.049132435825302814280668428637
0.199928608549616748657484777141
0.194516545539148821841735070848
0.189097332958285624382455125669
0.1836709610054981789417638538
0.178237419684370984596100129238
0.172796699194919106679080300637
0.1673487896011444930888245608
0.161893680992209187952113325082
0.156431363381329319173218550532
0.150961826832559820044110665549
0.145485061365469792171722929197
0.140001056984459498755413164872
0.1345098037175831151568416999
0.12901129148453399642093586408
0.123505510294376605329169649394
0.117992450056030109828419938367
0.112472100723314760717386207034
0.106944452191622282888339157125
0.101409494382748446850150969567
0.0958672171569037029348336886869
0.0903176103692519410826022863148
0.0847606639289562313610559840527
0.0791963675825368418337291132048
0.0736247111964010020335180684015
0.0680456845700378593067014776352
0.0624592774491799368474787002015
0.056865479658782074057210564888
0.0512642809143587091513794007369
0.0456556709739723773355812852515
0.040039639525435107014761371147
0.034416176287129396360597866078
0.0287852709656560498685529125851
0.0231469132011762612766148095034
0.0175010926559790204459776674639
0.0118477989482819890537657059326
0.00618702173057094316488413454636
0.000518750589266625951150035955806
-0.00515702489312899227391628897976
-0.0108403151504867806959042653148
-0.0165311305841878905531494581282
-0.0222294817181884034329453214696
-0.0279353789777630479029824073223
-0.0336488329231352870096749541062
-0.0393698540298447821617067177158
-0.0450984528163238113096511483491
-0.0508346398432215629270558565622
-0.0565784256823941150704726510412
-0.062329820889783317527932382518
-0.0680888361151286841677077177337
-0.0738554819147483193608749729719
-0.0796297689705770112000848826028
-0.0854117078795348233510864588425
-0.0912013093725320689308944110962
-0.0969985840802002757810029720531
-0.102803542693368860083680260686
-0.108616195984751737202422816608
-0.114436554651079241962108312691
-0.120264629427862410060434683601
-0.126100431135322960107814083131
-0.131943970531322535277851670799
-0.137795258405901593912190605806
-0.143654305590500547262777786273
-0.149521122932873590238855854295
-0.155395721288525856529361135472
-0.16127811155307394952451716108
-0.167168304537714668134285034284
-0.173066311246505732945877298334
-0.178972142524430027910042895201
-0.184885809370763432024631356398
-0.190807322721594924130883441649
-0.196736693588654670827864379135
-0.202673932921390992367705052857
1.65826906211470999945336702796e-11
-0.325252199994306490093975980926
-0.241388039557485473141085208226
-0.172276320662297588448552687623
-0.156398274585419799764807180509
-0.101347639844790782248651339614
-0.122548059818859800262913495317
-0.114627902489005284447642907253
-0.0353923865692131953131216448583
0.0567654730904602888852394926289
-0.0104152149600257506317779743199
0.0386677704624714957404307824618
0.094891434650074144019349375867
0.0716083611453905283239507184589
0.0976021612348514505663743534569
0.133920441053402866637966894814
0.134246477841067413105946570795
0.104956152993144383178680811852
0.106546928194902024156220932127
0.123482467847987262277165143587
0.14987503696235474071052351519
0.126526549546820105129896205653
0.176732945224697152175608039215
0.126027400353672630606283178167
0.0667053125458757500965134568105
0.172592590913670490548881275572
0.113668841932693484575445097562
0.0990539064771671778908412875353
0.105607235887602887713931920644
0.0800967469854662328376804225627
0.0679136348208802392845129247689
0.0733960057329954146387862579104
0.113579177574660156180286207928
0.0458658480479367178239691327235
0.0644667301767625766650837704219
0.0842154714125027820115221288688
0.0473202798741264446524823483742
-0.0174228106363654017263442597141
0.0465352784783438985782844099504
-0.00154251585236113127400092714936
-0.0522708853640593065770225678079
-0.110652089197285918853452812982
-0.075358720370241452646276059113
-0.091658695752724353433826820492
-0.0566214869701488696107638531885
-0.0617893253011237500449404080882
-0.0719682963441962975092991428028
-0.119691147315377624527066302562
-0.0496276383078182031782787930752
-0.138112178728597156940338663844
-0.168816821679602352412885579724
-0.100219513888917879929074672418
-0.10123601185651751044325408202
-0.160691301230002636657445691526
-0.09969134735224631505001724463
-0.118577851446935708668029008095
-0.122439773444204022534442799497
-0.124217601772439303897677120858
-0.109318717672231932591664360643
-0.134521745238077999884396263042
-0.109572149660928680470206586506
-0.0747451187312880988011798422122
-0.101696865343947659421353080234
-0.0181964515442545500534254898639
-0.0577927548870851293116857050336
0.0363835581100186780667549157897
0.0497266471038011956262714363675
0.0612002972295725700124791046619
0.0916484005755767300316350087996
0.123492329210754064883204250691
0.187092063093436983267636719575
0.203730538356919732567718028804
0.251919229648838394197696288757
