2
681.340884134318343967606779188
0.115214261219814331771438276064
0.115286680918518763538926918955
0.115359166426805548333334172639
0.115431717827383414909370173973
0.115504335203061844761229792766
0.11557701863685621024302463411
0.115649768211851397547995645709
0.115722584011266810266604920798
0.115795466118517778597585277112
0.1158684146170487344607025193
0.11594142959051674524051378512
0.1160145111226727338005204615
0.116087659297434628302703174541
0.116160874198807662072141511089
0.116234155910949543688559515431
0.116307504518171164753503887823
0.116380920104903098910575920399
0.116454402755702013383398707447
0.11652795255524585338324783379
0.116601569588398720767052907377
0.116675253940076856240537495069
0.116749005695444579844277654956
0.116822824939682656797401705262
0.116896711758181504059450617206
0.116970666236458728515223981503
0.117044688460118451178715304195
0.117118778514994997808074117529
0.117192936486950574637155852997
0.117267162462068266770565116985
0.117341456526509069213659586239
0.117415818766623047952890601664
0.117490249268871790877533101138
0.117564748119846351759321123609
0.117639315406267486174840541935
0.117713951215032808228500016412
0.117788655633154784596605679781
0.117863428747785395356295623515
0.117938270646225432103371133508
0.118013181415897311365981181552
0.118088161144354150677848735995
0.118163209919333142550179616137
0.118238327828684652853752368173
0.11831351496038257364862289478
0.118388771402585565861720340308
0.118464097243528715397431483325
0.118539492571658133801548729025
0.118614957475526347496774803858
0.118690492043818721090708834254
0.118766096365364615117243829445
0.118841770529165918768299547992
0.118917514624342010587376705644
0.118993328740162412904268762759
0.119069212966023685318361913232
0.119145167391482204033437142243
0.119221192106231971274965530938
0.119297287200134508045046288771
0.119373452763147452904135548124
0.119449688885411756111842862538
0.119525995657203121247391663928
0.119602373168926856550342563423
0.119678821511162908342029709274
0.119755340774605631426474872114
0.119831931050120271686765249797
0.119908592428710228383614833092
0.11998532500150946300543353118
0.120062128859828740057302809419
0.120139004095079313105820517649
0.120215950798891038631133199033
0.120292969062962870618882504914
0.120370058979211075333992653213
0.120447220639636712324893608184
0.120524454136428177397633021428
0.0133329527732229287384502214309
0.199946592833218222962088361783
0.194518384111063813435293923249
0.189083463130466727930567572002
0.183641820983964670910282279692
0.178193448582157326631758564872
0.172738337052381757397157002742
0.167276477343206053660651377868
0.161807860338063047578316400177
0.15633247707935535308898522544
0.150850318494950508263485744465
0.145361375525079106196812972485
0.139865639107176198407955780567
0.1343631000731225766386955911
0.128853749394476219114480386452
0.123337577850319873862261488284
0.117814576429190201456442821382
0.112284735851837277897935507553
0.106748047014044111779895729342
0.101204500703350325219176397695
0.0956540877607155032302799213539
0.090096798986830373134893079623
0.0845326250501879927767845401831
0.0789615568230885717104783338982
0.0733835850208819223672307430206
0.0677987003520423153757334944203
0.0622068935102569955941653745413
0.0566081552297838797027651480676
0.0510024762695947750379410479127
0.0453898471501719483200965044034
0.0397702586174525918316646766471
0.034143701373250005814963259354
0.0285101659436478652165369851446
0.0228696429278818814945228865554
0.0172221230152403148583317715747
0.0115675967796582540580985209999
0.00590605475750549495372876407373
0.00023748748708760236019767175808
-0.00543811449491500131098176140654
-0.0111207606113694641020162023892
-0.0168104603636005794919938693965
-0.0225072232979863090518435342346
-0.0282110589161169052208055774145
-0.0339219767288043011488340994219
-0.0396399863440684216420173413553
-0.0453650972498911703167934206249
-0.0510973190389879539097250926716
-0.0568366613494028158348747581385
-0.062583133775381827312855875789
-0.0683367459477589034300137882383
-0.0740975074858801346922021480168
-0.0798654280438872432590358130255
-0.0856405173397677271784900199236
-0.0914227849590172614302474585202
-0.0972122407018242568055299557273
-0.103008894259301056472999391644
-0.108812755344243103361456803668
-0.114623833729434354555820618771
-0.120442139110234894272544181604
-0.126267681370744566660135888014
-0.132100470190345181675795060983
-0.137940515488657572396036243845
-0.143787826993905604178181079078
-0.149642414657538080913212752421
-0.155504288201271823055549248238
-0.161373457604245679197774165914
-0.167249932670613249419133694573
-0.173133723411562467919821983742
-0.179024839600882973433826350629
-0.184923291273444867499620158924
-0.190829088319952044905392085639
-0.196742240808206708679861662858
-0.202662758558634442662693686543
