3
14.4875005982155524719701134018
0.114006964897162901828586711872
0.11411169347844068999719979729
0.114216544109727397016129657459
0.114321517018876550597639152329
0.114426612434241029014891921634
0.114531830584666649563985174609
0.114637171699520618028955709633
0.114742636008684853465844355469
0.114848223742600868968466443221
0.114953935132165993571184969824
0.115059770408849168510379001873
0.11516572980459929831376086895
0.115271813551908228201448025629
0.115378021883823039805960775084
0.115484355033844993121405764214
0.115590813236054773538441509118
0.115697396725045739684922807555
0.115804105735941326171811738277
0.115910940504412668383693585383
0.116017901266636108692509310458
0.116124988259315498062562710402
0.116232201719736888412271014204
0.11633954188567781351526519984
0.116447008995428535893523758205
0.116554603287932476152199967601
0.116662325002539035700976910448
0.116770174379203020564865767028
0.116878151658460910367054452763
0.116986257081288902437421484137
0.117094490889279284617785492628
0.117202853324600453355230911257
0.117311344629890013102624379826
0.117419965048393998285902739553
0.117528714823863442151541391922
0.117637594200640016595116321696
0.117746603423610332606052963911
0.117855742738224369969834981475
0.117965012390466431058122509512
0.11807441262684742477873101052
0.118183943694552276437725879532
0.118293605841197330130754039601
0.118403399315061233498802550912
0.118513324364914865438613844617
0.118623381240101799516395431056
0.118733570190590720372370014957
0.118843891466844459037233150411
0.118954345319982612849685210676
0.119064932001581524900757358409
0.119175651763891485290791649732
0.119286504859658873400896084149
0.119397491542291095401040479373
0.119508612065687053194196209915
0.11961986668436556946470972207
0.119731255653406837291541364721
0.119842779228528040214030170318
0.119954437665931792911244713196
0.120066231222498168151879838206
0.12017816015563571874213977253
0.120290224723340666290738454336
0.120402425184226669063747294786
0.12051476179748273065417407679
0.120627234822895279542365187808
0.120739844520834235797046574135
0.120852591152247557104715269816
0.120965474978719164655949214193
0.121078496262411877681941518858
0.121191655266071243723935424441
0.121304952253076886448113214101
0.121418387487370840749356659671
0.121531961233520946485953118099
0.12164567375670000404230819413
0.121759525322674685976487296557
0.00325905760760072070458814863514
0.200033214693790567517694967137
0.194655939305090730506719864934
0.189270575031286719669409990274
0.183877110178193331480045458193
0.178475533045841766588424093243
0.173065831914729212348547093825
0.167647995036108665711793719311
0.162222010654287235320580862208
0.156787866997428332327402245028
0.151345552255944121311515004891
0.145895054627814824144138583506
0.140436362268202108438686082081
0.134969463331074152057098558544
0.129494345931139398508946669608
0.124010998188296792110740796033
0.118519408195954217832834842739
0.113019564011986248242003227915
0.107511453700895667773274055889
0.101995065284597008492539771396
0.0964703867839711431964033749864
0.0909374061867500999012392526311
0.0853961114784091979146296580439
0.0798464906049501238483045995054
0.0742885315119708317110891471202
0.0687222221140296879449138600648
0.0631475503051462522252634812503
0.0575645039686668927303436760212
0.0519730709662499582024430822003
0.0463732391328003160091419943001
0.040764996286995341945313953147
0.0351483302424105761851969020881
0.0295232287681070765250623821885
0.0238896796347188508646830484849
0.018247670587525598173694874049
0.0125971893441844829536480077081
0.00693822360814362777692299033561
0.00127076106291403490185232261211
-0.00440521062769145925475111624792
-0.0100897038198873457287563226714
-0.015782730886371790224309563655
-0.0214843042156722049962347398377
-0.0271944362331834228740934378266
-0.0329131393621166293272928271563
-0.0386404260765571480606972443184
-0.0443763088354351201147984795625
-0.0501208001380876455588264661856
-0.055873912493527536082815743157
-0.0616356584453848152516108882537
-0.0674060505417884148204876737509
-0.0731851013624615492902947266884
-0.0789728235003267498015588898852
-0.0847692295754712693556243152671
-0.0905743322107230575124248161956
-0.0963881440786264059861210284907
-0.102210677843802180686516578589
-0.108041946204724931268614795954
-0.113881961881367441136170270966
-0.119730737608014239925502408823
-0.125588286142065325146077725549
-0.131454620269684574473956217844
-0.137329752774876301391060451351
-0.143213696491258729581730335667
-0.149106464251216958016854619018
-0.155008068919457453471721919414
-0.160918523373275196286513732957
-0.166837840518475527540331881937
-0.172766033276544578312083899618
-0.178703114592345890798696927959
-0.184649097425986619125382048878
-0.190603994766881168487770992215
-0.196567819620496825328004319999
-0.202540585017369045850443853851
4.13922348526216322170913545661e-12
0.305726644122874702258485513084
0.257537226377645311892194968095
0.211960859731101652903006993256
0.168611777266001822139784849242
0.129092826097738644364198989933
0.0956583747424459424069098645305
0.0624613823182762206709384145142
0.0319339180550430798422034683881
0.00326666935363139222109341019973
-0.0221424825261320040725721014496
-0.0451395766919886892720725768413
-0.0626162190137066615447380968362
-0.0777084944561154539188763124002
-0.0966420767510774020303543352384
-0.111767710883884527350851101346
-0.115582964810018784529432878116
-0.128524529970827694480561831369
-0.132225199113045477350425471741
-0.139794932006838457105857287388
-0.142550940108381457571695705155
-0.140292105484370599466359408325
-0.144952323432491592125614943143
-0.140706064085027476862066464491
-0.138082210495711427133969095848
-0.133781780081083434552624567004
-0.129328886292802036628302175814
-0.121712520074925417690181461694
-0.111057220566939604533551744225
-0.105090113212998381708729311868
-0.0934833643863845209498464328135
-0.0860685404697205391766345883298
-0.0742678382851687662880024731749
-0.0596146544312137136034657203254
-0.0478564705830763700844521224553
-0.0330089721234058039445180554594
-0.0247960199946634304857262520727
-0.0156097820016209871962775679322
0.0015314791872379641523432836081
0.0187754073975876442648136332991
0.0292957103030115038888592238209
0.0438181687822111406993563775814
0.0537509770120132637782894846623
0.0665670966761909149722598044718
0.0753985430486520252779669704069
0.0868203650017466826982470706753
0.0947847132430022221161181050775
0.108947880061659702066734212167
0.115822689768836389889727911395
0.121565302867367663886000173079
0.12649856381079843670178775028
0.129979749889760048953135651573
0.132303372508845523691789480836
0.132627342541858039837165961217
0.131147318296111758950672765422
0.132416794335966536699800144561
0.12910227360266154916779157702
0.12614160770510471354377557418
0.116835107815464286917794822784
0.105676399195789708085335689702
0.0962661570707464414597964719178
0.0790421573895987716884548035523
0.0622440250596894215084908807967
0.0448006488508615255406120070347
0.0254184368476225580613103716132
-0.0047464072825092263122059854652
-0.0332970313771297418692363123682
-0.0602809205376427931222238498776
-0.0957546256263098888306117828506
-0.132125256749385744381442009399
-0.171816952084036050907300818835
-0.21743789841169261500830600653
-0.263914625302830663233777386267
