3
1565.34421064339630902395583689
0.114890182805789650699601622819
0.114971317405272652201198013699
0.115052531734035581867381381471
0.115133825907534736998627522553
0.115215200041440396505620924472
0.115296654251631505716524372929
0.11537818865421901881607169571
0.115459803365493871019076266293
0.115541498501974398971370305844
0.115623274180391852339333524924
0.115705130517682608370932939579
0.11578706763098334242556575191
0.11586908563768102964353090556
0.11595118465535707297231482471
0.116033364801778351993455373758
0.116115626195011714671956326583
0.116197968953212549259035313298
0.116280393194866465966796909015
0.116362899038597283896123713021
0.116445486603312997608838941233
0.116528156008068511928499333408
0.11661090737217860713315076282
0.116693740815171267954930556243
0.116776656456790223215236323995
0.11685965441702680922553270193
0.116942734815997220754191232572
0.117025897774155604458279356095
0.117109143412090083158361153437
0.117192471850655260956486358737
0.117275883210911022191957897576
0.117359377614148163715412920283
0.117442955181860278490724169842
0.117526616035789802094946310262
0.117610360297880134350378966701
0.117694188090314885708487224747
0.117778099535476202253114763607
0.117862094756008312090855838505
0.117946173874749274390616449182
0.118030337014761066427581681637
0.118114584299361280450568756351
0.118198915852072650167770007101
0.118283331796652610434783525761
0.118367832257083999136781926609
0.118452417357569325662147718958
0.118537087222524165075476787479
0.118621841976650904681989118217
0.118706681744831080149715774041
0.118791606652185882664340965675
0.118876616824063446875570093653
0.118961712386078791170440638325
0.119046893464017991548509201039
0.119132160183942834019710232951
0.1192175126721474881508200383
0.119302951055124145662844625804
0.11938847545964072216495566181
0.119474086012670663303758544771
0.119559782841417661103378122789
0.119645566073357884073757873011
0.119731435836172295239521190524
0.119817392257755200857261002056
0.119903435466313115775882636171
0.119989565590185170984582896381
0.120075782758057414412178331986
0.1201620870987581690680912061
0.120248478741444828066242678233
0.120334957815419807403145568969
0.120421524450291958507897049913
0.12050817877587070847678063501
0.120594920922248854955327601601
0.120681751019728777940542840952
0.120768669198846489987175800707
0.120855675590413838560444048653
0.101954296296312918457260821015
0.199928895294536890236969384205
0.194517781156689301136353265065
0.189099491771800659600799576765
0.183674017255954669103346077463
0.178241347651580006594684846277
0.172801473039685404842202842701
0.16735438339633568194386725736
0.16190006879399942985031657372
0.156438519237465573086254266855
0.150969724672895655448456864178
0.145493675120885623819333432039
0.140010360497296731940863878663
0.134519770771389352015390272754
0.129021895856367141419696054072
0.123516725635104823721732714148
0.118004250045132055846330842996
0.112484458953599250619070915036
0.106957342179613515420477654061
0.101422889611552380362269332181
0.0958810910707913743866726008491
0.0903319363593277357971089713828
0.0847754152440621661090958127716
0.0792115175510879343523384932269
0.0736402330607769245451876827246
0.0680615514498304902124559134791
0.0624754624845534692334503290567
0.0568819558823573309669363595731
0.0512810213331603079178755422163
0.0456726485372140125762463469528
0.0400568271310481199831698972957
0.0344335467469052483591163138499
0.0288027970867212601557838524968
0.02316456769384313968407340667
0.0175188481989515011660873966548
0.0118656281786155941293525728497
0.00620489720780189636661905439041
0.000536644819290164431895007179918
-0.0051391394187704237533909079616
-0.0108224660650036146741781450942
-0.0165133455666979719889120303833
-0.022211788430800898097583484514
-0.0279178052422123859632741016412
-0.0336314065018837177190036413776
-0.0393526028107272010658768124358
-0.045081404756734826111408409588
-0.0508178229032955827704221007934
-0.0565618679403787696924332806248
-0.0623135504218190194869464448857
-0.0680728810854022148291164739931
-0.0738398705352831113968292697791
-0.0796145294831157174231250905905
-0.0853968686349515365696660751382
-0.091186898719163661519715446957
-0.096984630478961400545934168349
-0.102790074650805474121284532885
-0.108603242033644631359123877701
-0.114424143396499020108869615342
-0.120252789569570625594074897435
-0.126089191348558504746080188852
-0.131933359609365224995869425584
-0.13778530520285864335860992469
-0.143645038967379540251201319734
-0.149512571885021400275306291405
-0.155387914807763732882861518192
-0.161271078666792078148972677809
-0.167162074411166206022727465097
-0.173060913034856961312257794816
-0.178967605509052996026753135084
-0.184882162833131968859845528641
-0.190804596009541055368075035403
-0.196734916092027006806475242229
-0.202673134143213695690377562642
3.19474833879460379974128578688e-11
0.29720390019931564040689409012
0.283316160363613345207767224565
0.194136766302476920786901359861
0.138594950837111957619995905588
0.147071216017573641599014422354
0.108272530881637490951518998372
0.014855498854585090159896587636
0.0295931237861139957712186543404
-0.00675438933078820885613779978485
-0.0159328001240586249187547451811
-0.0329882356970925827432949972717
-0.0622679561238281900625857190335
-0.0783797211554580208758835624394
-0.0710717056475387715108738007075
-0.0917056308976461898030407837723
-0.103092241200729128891566688253
-0.15849754734113491450031574459
-0.117404227290160478869296412086
-0.142075239103818029562376068498
-0.165720107245280495744665927305
-0.154457179556322432567583291529
-0.0834454493578681844034861114778
-0.151793690171207751316018175203
-0.164752434054796420559441116893
-0.140405501604393773140699863688
-0.0854209989634855393347834251472
-0.150903059595654587266011503743
-0.0988102817162428148645147985007
-0.0804931017788451941274985301789
-0.0739654378595932526785361460497
-0.0641417486624586974386375004542
-0.0657864409251023019020720994376
-0.0593712058850492802042353446268
-0.0607413084765905525452822644183
-0.0708128495308825017806597657
-0.0361087176249385438664418757071
-0.0195061523243835778507193623454
-0.00143420958117061823205995452213
0.021848006866792574892643941098
0.0155207856718560799347272904924
0.044166181336365052667591868385
0.059628219274348831513421487216
0.0860841854781231596849266907157
0.0778654668672855154731848870142
0.0712384525614989660979858854262
0.0872307190826534795125013488359
0.135242919592393207040004199371
0.0847322366405754839879804762859
0.112113846574473555173234728954
0.144330031994170715492487033771
0.121567372028212453138884541204
0.137947357435913409151595487856
0.15993592102288364809048459847
0.11596402892512518156831191618
0.110045403223619331356530892663
0.101798227051607431681290449887
0.110460374582502504625658446002
0.145111380998018152377326828173
0.114015178732180033627230386628
0.0845465037629026527898901122171
0.0404859212937420456790427181204
0.0851427283543615270877680245576
0.0233667924457226817980259880869
0.0547601257363396418109680041653
-0.0172749882343791703875890419795
-0.00661970682750544908712342362378
-0.0188148350619634745217734206335
-0.0798520756699816480761455750326
-0.161024017254998985659852905883
-0.141614114418130543349150229915
-0.265946386928361311330348826232
-0.258769920752755122617116967376
