2
39.537368318403295575080846902
0
0
0
0
0
0.706586262132585907203008446231
-1.27170620387739078434500695703e-16
0.707626917355113405072586374445
0
0
0
0
0
0
0
0
0
0
0
0
0
0
0
0
0
0
0
0
0
0
0
0
0
0
0
0
0
0
0
0
0
0
0
0
0
0
0
0
0
0
0
0
0
0
0
0
0
0
0
0
0
0
0
0
0
0
0
0
0
0
0
0
8.24258599106299233308728369174e-06
0
0
0
0
0
0.70762691735511351609488883696
6.09104638330072255519826790259e-10
-0.706586262132585796180705983716
0
0
0
0
0
0
0
0
0
0
0
0
0
0
0
0
0
0
0
0
0
0
0
0
0
0
0
0
0
0
0
0
0
0
0
0
0
0
0
0
0
0
0
0
0
0
0
0
0
0
0
0
0
0
0
0
0
0
0
0
0
0
0
0
