3
68.3209603719445084379913168959
0.113940276877237914310292410391
0.114046778523329700449906454196
0.114153405642775762629526070668
0.114260158472983347488494132449
0.114367037251794922969594381357
0.114474042217647592467599793054
0.114581173609523287448830330959
0.114688431666921691887139900246
0.114795816629936806019252060196
0.11490332873913811084776170901
0.11501096823567878713046042094
0.115118735361288693219705692172
0.115226630358203338544420546441
0.115334653469225792421504195318
0.115442804937731638426079427973
0.115551085007619194766625980719
0.115659493923327125197708653559
0.115768031929951775715892381413
0.115876699273013097912787827681
0.115985496198674126189231969875
0.11609442295365068886781045876
0.116203479785209243257959599305
0.11631266694118279347858191386
0.116421984669952113811142169197
0.116531433220524546778840146999
0.116641012842396737947403551061
0.116750723785687113287501404102
0.116860566301064033867262992317
0.116970540639764197798911027348
0.117080647053675310220732797006
0.117190885795111596201500958614
0.117301257117116267125744855093
0.117411761273203074651405586337
0.117522398517536083573098437682
0.117633169104820217709672647288
0.117744073290355591443478999736
0.117855111330040396300233851434
0.117966283480319678034220487461
0.118077589998282328487277936802
0.118189031141550549008911730198
0.118300607168400712110312156256
0.118412318337619532071514072413
0.118524164908680326724343956357
0.118636147141565437279631112233
0.118748265296899649379191998833
0.11886051963590879565479951907
0.118972910420411609466739832897
0.119085437912805458537945924036
0.119198102376115416811686031906
0.119310904073970464045473249826
0.119423843270616614198331717489
0.119536920230836590794964990891
0.119650135220144004932762982207
0.119763488504547752078188693758
0.119876980350728662427783888234
0.119990611025968016423171036422
0.120104380798162144183827138022
0.120218289935824326764013392221
0.120332338708099187418731901289
0.120446527384729121235018567404
0.12056085623605623802223618668
0.120675325533120617049753775518
0.120789935547554183603580213457
0.12090468655153775723309905743
0.121019578817991718677760104583
0.121134612620417025929953069863
0.12124978823293908192226808751
0.121365105930341582451958970523
0.121480565987992880638834947149
0.121596168681969221680994053258
0.12171191428892835784125736609
0.121827803086168154345081404699
0.0162421694066723285021502931613
0.200045790345105223284605244771
0.194670673155323686875917132966
0.189287408958439457018485541084
0.18389598596660539087110919354
0.178496392372360312972290330435
0.173088616334033135180092699557
0.167672646013983100976574291963
0.162248469538297968028928153217
0.156816075025875995008206587045
0.151375450570724073839912193762
0.145926584242489137954734701452
0.140469464105247299201550958969
0.135004078195926136007898321623
0.129530414535277860199613542136
0.124048461109920335476708430633
0.118558205918057879557636624668
0.113059636913107899869324057818
0.107552742040309623483551604295
0.102037509215372093618334758958
0.0965139263531979985089037654689
0.0909819813374896091406895948239
0.0854416620237888196909281646185
0.0798929562692056588479871948039
0.0743358518893148939588044754601
0.0687703367055086944858999231656
0.06319639849229315153866792798
0.0576140250300714931719348044226
0.0520232040563962869206271477651
0.0464239233099502310309070196581
0.0408161704961540056091351402756
0.0351999333037679093538763197557
0.0295751994177964709631378781296
0.0239419564651794716803046014775
0.0183001920971867584886361157714
0.0126498939101180596367157704663
0.00699104951219053829397642729759
0.00132364645985136243806767897269
-0.00435232768915323840058784199414
-0.0100368853967155065298744176516
-0.0157300391573928603772269951833
-0.0214318014787624189221304504827
-0.0271421848843232914327838756208
-0.032861201927096239661096888085
-0.038588865171423576694298418488
-0.044325187208426673757255542796
-0.05007018064073444352235497945
-0.0558238580991133187536590298805
-0.0615862322351855007163123900682
-0.0673573157082861390110295474187
-0.0731371212194762559954952507724
-0.0789256614735356909484664811316
-0.0847229491948247731558652162676
-0.0905289971404605181559688276138
-0.096343818078993309628188512761
-0.102167424799921760514287427668
-0.107999830113484310278870736965
-0.113841046854701588575409232362
-0.119691087878569663027761293961
-0.125549966051609895867358090982
-0.131417694270495627462125298734
-0.13729428544825375557714153274
-0.143179752524684206216321058491
-0.149074108449632397599415867262
-0.154977366201397320777388699753
-0.160889538788658664758557392815
-0.16681063920878508310963184158
-0.172740680521965228599867714365
-0.178679675774625124073935467095
-0.184627638053887543900799528274
-0.190584580458941971192743380925
-0.196550516120667873032346051332
-0.202525458174140554623576804261
2.19431636421844999615824845783e-11
0.308254972879359823156875108907
0.257191661421899198103346861899
0.210889333749166713039002729602
0.173176525448097529125135451977
0.129741924578647110921636453895
0.0950838484102943942710695068854
0.0634336712988501916221650844818
0.027968897998772137419853933693
0.00166869707976831762111236123758
-0.0229232858490739412060666069237
-0.0454500665408960266566928964949
-0.0637124028397269281942527641149
-0.0814312324306011720009834675693
-0.0943075222126721623983058861995
-0.108487664261520982966757742361
-0.121472196590756004175304383352
-0.128809709387039617034531602258
-0.136477627900739306721078492046
-0.139949411839114218336632688988
-0.140806735893729495501247583888
-0.144076007997710281438585866454
-0.142539706821171563433381379582
-0.140080897310509266961986440947
-0.137336929607482338688839718088
-0.132338102080745007027573478808
-0.125647790508101625528425415723
-0.118485731469927510484119181911
-0.110311138855751153520223795113
-0.100946138028171289446888181374
-0.0925210591015316191620954100472
-0.0842474570165585162628829607456
-0.0715896427964561182788472137872
-0.0624556617694524210393502983152
-0.0488087213696912630700452950805
-0.0365057406632245118327517729995
-0.0238364221805978625245980850877
-0.0119498540086964092493682088048
0.00318607839712684590485758384659
0.0165675958366941905586244843107
0.0277620096081488826333938391144
0.0413682419264205097908515540439
0.0538964868858025497599939512838
0.063726634819822866595551147384
0.0742303476989260441198936746332
0.0880248734393924425756239315888
0.0955363400023055975296415454068
0.103303512474008929444835303002
0.113083236254216443206210840344
0.120234362071861528020733089761
0.125291951455736599863044489211
0.131558703360237588819714460442
0.135627600531213643453298800523
0.134221645354788227111342280296
0.135674020641579518020591876848
0.133609916115651733425906400043
0.129153806850402869121907656336
0.123201410495072161133123245236
0.117564372567191849361378785943
0.107497569752612542881564650088
0.0946583157450551909706248920884
0.0800547800007672949451631438933
0.0610072325520894520600734267646
0.0444814892225059363428663061768
0.0214003797425274741583756110685
-0.00193554176927847819932038131441
-0.0322305393558936711939644226277
-0.0633402912452691591038700380523
-0.0940746896735084325857911835556
-0.13188678667419651002745695223
-0.171733644585954803307714655602
-0.215332353443917851043565292457
-0.265242645693708700704860348196
