2
0.723941916865263879188319151581
0
0
0
0
0
0.706630097064436690779132277385
-1.08513553394314833602046951206e-16
0.707583144176502143452012205671
0
0
0
0
0
0
0
0
0
0
0
0
0
0
0
0
0
0
0
0
0
0
0
0
0
0
0
0
0
0
0
0
0
0
0
0
0
0
0
0
0
0
0
0
0
0
0
0
0
0
0
0
0
0
0
0
0
0
0
0
0
0
0
0
7.73955055156970754703683055067e-08
0
0
0
0
0
0.707583144176502254474314668187
1.01364672175977668648101529328e-09
-0.706630097064436579756829814869
0
0
0
0
0
0
0
0
0
0
0
0
0
0
0
0
0
0
0
0
0
0
0
0
0
0
0
0
0
0
0
0
0
0
0
0
0
0
0
0
0
0
0
0
0
0
0
0
0
0
0
0
0
0
0
0
0
0
0
0
0
0
0
0
