2
0.422466569398182556493992478863
0
0
0
0
0
0.706574291457973679975168579404
-9.2982146251313334909622440146e-17
0.707638870223126548175685002207
0
0
0
0
0
0
0
0
0
0
0
0
0
0
0
0
0
0
0
0
0
0
0
0
0
0
0
0
0
0
0
0
0
0
0
0
0
0
0
0
0
0
0
0
0
0
0
0
0
0
0
0
0
0
0
0
0
0
0
0
0
0
0
0
1.00819817936701612051134601625e-07
0
0
0
0
0
0.707638870223126659197987464722
3.89038119210529655219804055685e-10
-0.706574291457973568952866116888
0
0
0
0
0
0
0
0
0
0
0
0
0
0
0
0
0
0
0
0
0
0
0
0
0
0
0
0
0
0
0
0
0
0
0
0
0
0
0
0
0
0
0
0
0
0
0
0
0
0
0
0
0
0
0
0
0
0
0
0
0
0
0
0
