3
1875.75092695391072084021288902
0.114975663017075138694345071144
0.115054502258300508921173843646
0.115133417462479764603600074224
0.115212408735820601157762155253
0.115291476184766511492441054543
0.115370619915928479537470252581
0.115449840036089435013622050974
0.11552913665224115447038855109
0.115608509871571563110137503827
0.115687959801413789429069822745
0.115767486549339090884380709667
0.11584709022309912229697914654
0.115926770930612793586433895143
0.116006528780003559386813094534
0.11608636387956564051116004066
0.116166276337833551668410336788
0.116246266263467609713977424235
0.116326333765382400331489520795
0.116406478952639405588520560286
0.116486701934512645872921154933
0.116567002820459966749844227252
0.116647381720152640283139078292
0.116727838743433759427503559891
0.116808374000358428101975505342
0.116888987601141719485653425181
0.116969679656245120757951383439
0.117050450276291989615273791969
0.117131299572103386719135187377
0.117212227654694495226905814889
0.117293234635288304290590133405
0.117374320625301439835475036944
0.117455485736355350057102953087
0.117536730080261456188317481519
0.117618053769018932053214143707
0.117699456914834355014676248175
0.117780939630135222939699701783
0.117862502027506699242564991437
0.1179441442197521061618914473
0.118025866319900918366414543925
0.118107668441148089266690135446
0.118189550696909145832691478972
0.118271513200784827990474923354
0.118353556066587511930165987906
0.118435679408339752938239541891
0.118517883340269414293999261645
0.118600167976769824140781395272
0.118682533432490286418037328531
0.118764979822267080500353131356
0.118847507261093499053572486446
0.118930115864247079593418732202
0.119012805747168062819874023717
0.119095577025473978172165345768
0.119178429815074371500571714932
0.119261364231977612382351594533
0.119344380392492621645317285584
0.11942747841308573586438512848
0.119510658410431749865132644572
0.119593920501449860194220775611
0.11967726480322223026053762851
0.119760691433060839639068717588
0.119844200508520903891707121147
0.119927792147278125534093362603
0.120011466467333460794719712794
0.120095223586795279979710926455
0.120179063624078610872381034369
0.120262986697713847306090428901
0.120346992926520859890082704169
0.120431082429493505059348024133
0.120515255325843770317639780387
0.120599511735017053681850995872
0.120683851776643757958140668052
0.120768275570593039414113434304
0.097213271703232961851171012313
0.199928724182171446699385342072
0.194513503804739001923351793266
0.189091219307676416949703934733
0.183661861058269537672060778277
0.17822541931338092835446218487
0.172781884364242938056932530344
0.167331246452196297225256671481
0.161873495819367052561688069545
0.156408622750246972810117540575
0.150936617387512406196492520394
0.145457469977895742507811860378
0.139971170685612794626351274019
0.134477709674190315514152871401
0.128977077121020994310285345819
0.123469263133910073237942128799
0.117954257890485553206261215564
0.11243205139045411855569511772
0.10690263382786825696602051039
0.101365995232942388004637734866
0.0958221256660183456910218069424
0.0902710151830630885827488896211
0.0847126537819972019738301582947
0.0791470315311794819779223075784
0.0735741383733809484191112915141
0.0679939642958770767977583204811
0.0624064992792236483687418058253
0.0568117332602634389493445610242
0.0512096561824151100261737212804
0.0456002579272646105246202807848
0.0399835284513786540228075239156
0.0343594575919455302859262246784
0.0287280352233814234574893475838
0.0230892512378290983010575843082
0.0174430954138573429679226478584
0.0117895575890284345227376761045
0.00612862759049297156632718497349
0.000460295178887264806906476355408
-0.00521544985569114948747992954736
-0.0108986177736558730727578492292
-0.0165892188429506495794818476952
-0.0222872633376671493155019021515
-0.0279927615259692799676294328037
-0.0337057237688920818818871794065
-0.0394261603552411299400404232074
-0.0451540816244034165505283340281
-0.0508894979622913010142148948489
-0.0566324197301095177969898486481
-0.0623828573388819501710500503577
-0.0681408211737760255433116185486
-0.0739063216770202008332191212503
-0.0796793693057779028876552729344
-0.085459974533342739078101146788
-0.0912481477740102325801885285728
-0.0970438995699943185435643044912
-0.102847240404926959511655581991
-0.108658180832381198732683458275
-0.114476731374385951034433617224
-0.120302902620002732936299594257
-0.126136705113019470525514975634
-0.131978149474856365497288379629
-0.137827246298705019533770155249
-0.143684006248338852484991434721
-0.149548439932106785876797516721
-0.15542055802857307478248571897
-0.161300371215006926872703729714
-0.167187890187790844098714160282
-0.173083125671230769748731859181
-0.178986088361933831647476722537
-0.184896789067865108258104100969
-0.190815238504527528995424745517
-0.196741447488831433521028202449
-0.202675426802801234016371267899
2.56154865903638208402492283764e-11
0.297631540983356646101753995026
0.2315799912495569989889787621
0.199727920733107633388669910346
0.185499125398921937968310658107
0.165248803883314587803710082881
0.0237151710554122235885543545919
0.0987519480773458718791957267058
0.0170943600937284966023721466399
0.048167623196229761295406035515
-0.0204096307503333039556903116818
-0.0306469854429670743312108527334
-0.0714950479024704099728637629596
-0.110576752898347036024873091264
-0.0368496295154122077697422810161
-0.130630973034142783273381382969
-0.148144396479926609977439966315
-0.163728203236869568337752411935
-0.085227403211824537265783874318
-0.218826193880005570591151808912
-0.109309194400156947657443140542
-0.156068859765469414302430095631
-0.156818638149886779853403595553
-0.175353161187369488427378882989
-0.160946296800702742801902900283
-0.155804538955359533902722546372
-0.0811827798131550953941726334051
-0.0776208246464437368050681698151
-0.100660102253589969767411105295
-0.0697418147362539736500153253473
-0.0763395392835768127337559008083
-0.0678019166844506665503544695639
-0.0473758524577256451282281091153
-0.0203865727258681003752904814519
-0.0421779659719371327608605781734
-0.00529114546060648407999060793827
-0.0374088977693416147030092133718
0.0429446368564395386524523701155
-0.0403184048755035190358952945644
-0.0129694949436477795223776610101
0.0473436458273400334606506589807
0.0240058711410866508495498550246
0.109476261245990247328307987118
0.0694938417021156301656148457369
0.0613444552506692414306499472332
0.0631728913757935994777170662928
0.0651837825161275530305715619761
0.0481598664700105053015910527847
0.052687525838963994440078408843
0.133758552960590193503520595186
0.136679113516512296122584757541
0.184756162339583779319340806069
0.145222550851269560645562251011
0.11289271737225063663156987559
0.186525092309876433516180327388
0.136893023795388923957716542645
0.0788811707073947682156145333465
0.0749482173219279956821736732309
0.108351416742692191474972673859
0.0768472966159614717662762473083
0.064265306232074034809009788205
0.0910352029367236803558682822768
0.0741696702782726480229769094876
0.0503050360523936423984281418598
0.0543997858777952453257498177663
-0.0441365980834593982229385744631
-0.0190894905859875854692297991733
-0.082139513855181686685646980095
-0.0576070721746019739906152778985
-0.12116825959548820079714204212
-0.161202617160841416010796933733
-0.18983666709215679668787402079
-0.275833609613498786927721084794
