3
41.5525453899399508372880518436
0.114887500594194350012067218358
0.114968707181001786321594693163
0.115049993616319234934763926503
0.115131360015896092030551756125
0.11521280649568439724550472647
0.115294333171897397938288065689
0.115375940160899290165552599774
0.115457627579295035724626927731
0.115539395543919370945573632525
0.115621244171761741736936812686
0.115703173580094048622513014379
0.115785183886365522498707036902
0.115867275208241207740123002168
0.115949447663591401203042607904
0.116031701370530163086591812771
0.116114036447375348903854330729
0.116196453012638548085710965552
0.116278951185065426709996927457
0.116361531083632396832427957634
0.116444192827510104026877968408
0.116526936536106753838915039978
0.116609762329009145065406016784
0.11669267032608063305865186976
0.116775660647360293720176116494
0.116858733413138071721704136507
0.116941888743884336854250705073
0.117025126760320508090273960988
0.117108447583368135980208535329
0.117191851334221816549607808611
0.117275338134211468132939160114
0.117358908104969406061002246133
0.117442561368302292312826295984
0.117526298046271265862472432673
0.117610118261142912454708664427
0.117694022135392234451600756984
0.117778009791759508129160849421
0.117862081353182171494786700805
0.117946236942834084548969997286
0.118030476684109320029136824814
0.118114800700639718811224554429
0.118199209116252673679170470677
0.118283702055052897250675414398
0.118368279641336754393066144075
0.118452941999630537162069288115
0.118537689254708825115081083368
0.118622521531577443387739378977
0.118707438955434160798851905838
0.118792441651768290733492960953
0.118877529746234375518376680247
0.118962703364760308266667721
0.119047962633485493455509640626
0.119133307678825961506419162106
0.119218738627381540262639703087
0.119304255605982845178658635632
0.119389858741747317827375240995
0.119475548161957753623418909683
0.119561323994182247543172081805
0.119647186366228411302792267179
0.119733135406096924402419290345
0.119819171242078276184983565145
0.119905294002628601268689578774
0.119991503816526984271817468652
0.120077800812731227964036406775
0.120164185120458219535599653227
0.120250656869163613515993915826
0.120337216188539652961253523245
0.120423863208512449407550093383
0.120510598059268073112271224545
0.120597420871220870064455255033
0.12068433177501813879928249662
0.120771330901574852623170386323
0.12085841838203006948226914119
0.0027242155362606963221738798353
0.199928944201779423828213566594
0.194517955276504894701616876773
0.18909978774488897523831099079
0.183674431653355174631769841653
0.178241877085218686227463535943
0.172802114067357043269979044453
0.1673551326518158133271896304
0.161900922835527899534824314287
0.156439474617428714298128511473
0.150970777993177568410132494137
0.145494822893767000726583660253
0.140011599304855183234508331225
0.134521097140716305862184754005
0.129023306304639345798435101642
0.123518216744381709171207717191
0.118005818305325679840045438596
0.112486100870455740796671761927
0.106959054298324196530245444592
0.101424668400899031794892835023
0.0958829330352814757087998032148
0.090333837973301869816999953855
0.0847773730279723497504917872902
0.0792135279407273906748798708577
0.0736422925012604895345091904346
0.068063656434484129387207929085
0.0624776094648476845727635975436
0.0568841412951338262771194820289
0.0512832416171376259672598507677
0.0456749001170408328031946609826
0.0400591064216049980162281940466
0.0344358502037651059701772737753
0.0288051210613782110447900208783
0.0231669086360933099144610025633
0.0175212025041401493752335483123
0.0118679922128881263493349607074
0.00620726736371129701047566484817
0.000539017460876165172868612618373
-0.00513676795869467267552366251948
-0.0108200993718838307106056007001
-0.0165109872963212327146020896862
-0.0222094422750013231748766884266
-0.0279154748264339690189128617703
-0.0336290955208238401263898254001
-0.0393503149336627902621366104086
-0.0450791436723009947273865805073
-0.0508155923143003424025110348339
-0.0565596715192734356136838869133
-0.0623113919029825921724885517961
-0.0680707641551102776711346109551
-0.0738377989382512922578172265275
-0.079612506945227298760237033548
-0.0853948989110726308648935400925
-0.0911849855394580022238670835577
-0.0969827775784823375992971250525
-0.102788285803202303347880786077
-0.108601520993134914583322370163
-0.114422493954379991820680118053
-0.120251215483129267336259715648
-0.12608769645034292872232128957
-0.131931947660291121193765206954
-0.137783980000555167366727005174
-0.143643804386378387549783042232
-0.149511431682450762759017948156
-0.15538687282576779669085453861
-0.161270138750851166342670239828
-0.167161240400640981329516421283
-0.173060188774400824929244890882
-0.178966994861208650302586420366
-0.184881669645145213509707105004
-0.190804224188146714924485536358
-0.196734669491890834525094078344
-0.202673016655978810440785764513
9.25752778137279125266708758063e-13
0.290192048122770274165560522306
0.268366830066476214078363682347
0.201298747220314128147933274704
0.173460807135479622154150547431
0.14061334813080447747601908759
0.0968727888648747842426089960099
0.0305770145721284483664170750217
0.0514177013543787309046706468507
0.0143045091325132382037432776656
-0.0414696475856369609069851378536
-0.0602249378278152600052486320692
-0.0474759194944108509073288360014
-0.0864942149047886743584712121447
-0.0965416498783995685739611758436
-0.112431370540461844642621258572
-0.0953927873068591003491434321404
-0.110819237904327211330368641029
-0.14052899488109266146196318914
-0.146226765454094409513174923632
-0.129485791455651005898985772546
-0.117232960031309341175642657618
-0.133570249143452557394340374231
-0.139771695837779263982270094857
-0.153564139594763754415041034918
-0.12501498876097877355206833272
-0.142105056555876740898014531922
-0.157813178607109805273722713537
-0.11353558977888855707760740188
-0.0852395858083424967643892955493
-0.101411929081576882016868523806
-0.0876924274848856766251259386991
-0.0529846347550389229486000886027
-0.0579114785117117725210533762947
-0.0847741625875461785044606699557
-0.0491945213164761072088815296866
-0.0317714360449317737011831752625
-0.00387670297465757349858472835535
-0.0057332658213400146396399037485
0.0279342033820612518912884780775
0.0560565297089775441130576894011
0.029929730644708964909517234787
0.0618674861225679273424304938089
0.0786203473189033413826010132652
0.0690637786026187389110120307123
0.0905870465059839397037322328288
0.118952060046016466765550489981
0.0904898965228120022441515857281
0.111753157726036569941108211879
0.146541258509558569578246078891
0.121076822602811176587955799278
0.154679441891560243149683628872
0.119494116607397476981233808146
0.127453129463355352424258626343
0.146567160054270978486457011059
0.102467789150068835923867993642
0.11374956816161368999829051063
0.114150096105514589628349142458
0.121191937936331345371243628506
0.11157988217635300687291532995
0.102010438191588406753318452047
0.0787761060711348048979374425471
0.0783298894042548515814772258636
0.0380209154011848377008320198911
0.00673142806019735862044228724699
-0.0176023687797023653534012055388
-0.0485603593438519443026279986952
-0.0494217908198340064029885354557
-0.100306766724684776059817181704
-0.121031659493997259535724708712
-0.173043223780100924313885002448
-0.192766636461270041147386677949
-0.272118609925966370433059182687
