3
11.1092746471578642797339853132
0.114187333322090342480059632635
0.11428726068814944183404946898
0.114387300996459717605802097751
0.114487454449790096444594666991
0.114587721251312918413489683189
0.114688101604669939748148976832
0.114788595713939345355214527444
0.114889203783628685018314286026
0.114989926018721586031823278518
0.11509076262463466266972034191
0.115191713807216183917958574057
0.115292779772806899818426984439
0.115393960728152888961517419375
0.11549525688046682891929606285
0.115596668437451546851413297645
0.115698195607207426904849967286
0.115799838598311916060268345063
0.115901597619830001861807033947
0.116003472881203661959403916626
0.116105464592454327155124360615
0.116207572963945848787403747338
0.116309798206560954803023832937
0.116412140531648805596987017452
0.116514600150995739635817471935
0.116617177276878994374165188219
0.116719872122011764092874841481
0.116822684899597295515860650994
0.116925615823305475982074597141
0.117028665107249352228535599352
0.117131832966054907907427207192
0.117235119614784236152793539532
0.117338525268985069405225374339
0.117442050144674098310915155707
0.117545694458351154820796580225
0.117649458426965558555110646921
0.117753342267987920477523289264
0.117857346199336937564439153903
0.117961470439420762490456695559
0.118065715207116603280290689781
0.118170080721800782597163959053
0.118274567203319441732745076479
0.11837917487198458543762313866
0.11848390394865140895497290785
0.118588754654608677374660885562
0.118693727211656926967542347029
0.118798821842054369568586480455
0.118904038768596564956681049807
0.119009378214550667895998969925
0.119114840403639787869138899623
0.119220425560156023658819890443
0.119326133908833620367317962518
0.119431965674895182449866126717
0.119537921084095402624036807993
0.119644000362641778067995801393
0.119750203737317553742691700336
0.119856531435332175350438888017
0.119962983684448867838234775718
0.12006956071286851994717181924
0.120176262749390999617915554154
0.12028309002324218124346799641
0.120390042764178445411360485195
0.120497121202492118996474346204
0.120604325568936396329000615424
0.120711656094844133058074930887
0.120819113011983017558215180998
0.120926696552680221219411293987
0.121034406949756423443886887981
0.121142244436596810408524049762
0.121250209247033557957706761954
0.121358301615484609481399047581
0.12146652177681512008167175054
0.121574869966473445015431309457
0.00211742983006379774379990266198
0.200001614211699513257158855595
0.19461829624515275538598757521
0.189227052207521340143614452245
0.183827870710599527992457069558
0.178420740370635821925304753677
0.173005649756408197426083006576
0.167582587433150076439147824203
0.162151541954726613470327833966
0.156712501841827833715115048108
0.151265455608759424865894516188
0.145810391742397155168120548296
0.140347298719137814071444836372
0.134876164991831831718727130465
0.129396978993211009267838562664
0.123909729145340083422688337578
0.118414403846136329079286042543
0.112910991477896183177165312372
0.107399480399013230735860702225
0.101879858956401850300643729952
0.0963521154659485457028011978764
0.0908162382448136906720748129374
0.0852722155743047133258372127784
0.0797200357230048728407467706347
0.0741596869411887682499440188622
0.0685911574601677370699448488267
0.0630144354950118862346286618958
0.0574295092300968479381850784193
0.0518363668490643761388447785521
0.0462349965014053274070526811101
0.0406253863272605653111924084442
0.0350075244390718465226086664188
0.0293813989337045437799655900335
0.0237469979008990104973886303696
0.0181043093961053142004757887662
0.012453321455107517479188317111
0.00679402210401036914938499577943
0.00112639934367663114081481445794
-0.00454955884716615622381796768536
-0.0102338644902882167780910904753
-0.015926529655701487930841153684
-0.0216275664107998359664275511705
-0.0273369868539930227502310344789
-0.033054803096296145326071780346
-0.0387810272712033263231568014362
-0.0445156715306440631252371531446
-0.0502587480470537417698295712398
-0.0560102690145491341477956837025
-0.0617702466397772875783545032391
-0.0675386931609734536552380745889
-0.0733156208206855730669104787012
-0.0791010418937368731118198184049
-0.0848949686653236584854553825608
-0.0906974134535910025967098135879
-0.0965083885812103997592359405644
-0.102327906399451162844371765459
-0.108155979284736747381145960389
-0.113992619614099968683440522454
-0.119837839800643025656157192316
-0.125691652282507837501412950587
-0.131554069502723997020510182665
-0.137425103927500458222965562527
-0.1433047680467769979806291758
-0.149193074379996931666525483706
-0.155090035448169322185307805739
-0.160995663805217847919237783572
-0.166909972013540075508331028686
-0.172832972672283063930720459211
-0.178764678390978121180765469944
-0.184705101800472837325628461258
-0.190654255552955592678543439433
-0.196612152317983873706097597278
-0.202578804798893591376796052828
2.22717001065153940797061355707e-12
0.306900364137096037797647340994
0.254751848831298755015950519009
0.211744110059517431920994567918
0.171204009552730823662258785589
0.129103976909729967204043532547
0.0949024783424953222166209343413
0.062177300876465231571632585883
0.0320506901169444469168468003772
0.00373417266044923394294197116494
-0.0229196436890231163008291304095
-0.0414836974939489372404821665441
-0.0644965474611385175540689829177
-0.0782152487533638446359773865879
-0.098444164130201586293544835371
-0.10688420623700402301015088824
-0.120442121904936499943161720694
-0.128216618898060186193532672405
-0.134339735574374258275653915007
-0.139774189904331352929389709061
-0.140954563944862526492229903852
-0.143530526269392139093739046984
-0.144556952939289939941147622449
-0.139941829742359552524177956911
-0.140209927713276588656654553233
-0.131918359783567779031088207375
-0.126819634163860273101676057195
-0.122962691809706217704878383756
-0.112573285055993357883785677132
-0.104523558356623108567262647739
-0.0907175869348705310457603445684
-0.0825403227927305194189244730296
-0.0754359026163869544889806206811
-0.0600488268775719591374695482955
-0.0507775344201536471544500273012
-0.0324532276318786200297594746189
-0.0238501656947974829958702969179
-0.0116227498898309310887411172075
0.00375018743352715589259305239977
0.0155526780593257894086400838773
0.0297806431713557445695172987143
0.0409785165252561367488226551359
0.0538497821767156617522864792136
0.0632157117423808867506807018799
0.076465315922620083477490027235
0.087311126203650182842075366807
0.0954969381615138335206438569003
0.108362105738332978321913913078
0.113129528111581653671002811734
0.120888231093704390239906842908
0.124727666701758679868028423243
0.132382109812165166262687421295
0.133086867322473406671790030487
0.137882089331997165215781819825
0.133169272562832868844751033066
0.133772193997936078568855577942
0.132493361472518583754620635773
0.123476507874041033230305686175
0.114835419597904692112777524926
0.104253605230017420968380292834
0.0918899285222396638994624140651
0.0808065769906768788244377788033
0.0648280278865460829473832404801
0.043663586160094143562293567129
0.0211484449715042752138138837381
-0.00430462060348443288637643178163
-0.0320903589737933925274404600714
-0.0610758966838971448232165073478
-0.0953775328415927270420127115358
-0.131710390598211712909204607058
-0.172194686413284892001485104629
-0.217534113476370971618223393307
-0.262776037092405267969752458157
