3
1347.5688370792872774472925812
0.114591218333545019625319127954
0.114680363573361226992020078796
0.114769602202429155113350134343
0.114858934371080925740393752221
0.114948360229966531353973380192
0.115037879929999392603079400033
0.115127493622439028286841278259
0.115217201458803597535762719417
0.115307003590941842263717376227
0.115396900171024538450659235878
0.115486891351482989787058386355
0.115576977285070436884950595413
0.115667158124843169608730875098
0.115757434024168395780840512543
0.115847805136730083730434159861
0.115938271616498514426929489218
0.116028833617776036546409557104
0.116119491295152699184001221511
0.116210244803518908396355868717
0.116301094298126905801638031335
0.116392039934489432972952727141
0.116483081868433493988312932288
0.116574220256134702955463922081
0.116665455254034947096819507806
0.116756787018922197907144777673
0.116848215707914843131121074293
0.116939741478401748597804044039
0.117031364488094258291539517813
0.117123084895080845080350684384
0.117214902857666558588789484929
0.117306818534570561629593044017
0.117398832084782134277389786803
0.117490943667599476163410088247
0.117583153442679361200262633247
0.117675461569986331000770007904
0.117767868209792000988578308807
0.117860373522683178904024714484
0.11795297766961097829518934077
0.118045680811825204337139894051
0.118138483110886274851658583884
0.118231384728716304444162688014
0.118324385827532574388953889866
0.118417486569880728297654570724
0.118510687118655547167556107979
0.118603987637081020878326853563
0.118697388288683064461181970728
0.118790889237317190407772216076
0.118884490647218218906111530941
0.118978192682900801857570627362
0.119071995509252862022187002822
0.119165899291444388197191983636
0.119259904195021970707557557034
0.119354010385877382094399479229
0.119448218030180464133138684701
0.119542527294464712150912077959
0.119636938345667659389093273603
0.119731451350950687806395933421
0.119826066477896439610439927037
0.119920783894376686840033130466
0.120015603768646339499781561244
0.120110526269259873521910719774
0.120205551565137680469774750236
0.120300679825576198322956145148
0.120395911220119319895438536605
0.120491245918768752343197547816
0.120586684091777196492500934255
0.120682225909801849050850819367
0.120777871543837289625145103855
0.120873621165202546623440582607
0.120969474945569713253412658105
0.121065433056990565119370728553
0.121161495671837690646377438952
0.156283627633361704711845163729
0.1999473146180461846643794388
0.194549073956377910343817916328
0.189143309962588990202903005411
0.183730012037685436210310285787
0.178309169558073549177734662408
0.172880771878010680575599167241
0.16744480833172445399803507371
0.162001268263603226404967472263
0.156550140959454769928882456043
0.15109141572337431158601361858
0.145625081824431179544632186662
0.140151128525665857882387399513
0.134669545041657040540528100792
0.129180320620738781078884471754
0.123683444448042786922847824371
0.118178905724526286946662878563
0.112666693610804211078679770708
0.107146797267974630551989889682
0.10161920582054954909079214076
0.0960839084086870798273594118655
0.0905408941065384831325957293302
0.0849901519945742978112690479975
0.0794316711656870566571342351381
0.0738654406419366194036513206811
0.0682914494679366795848451943129
0.0627096866541764080826837357563
0.0571201411956682794657247370651
0.0515228020575908274292231681102
0.0459176582178716236048998666774
0.0403046986104832194452995963729
0.0346839121570513275738534275661
0.0290552877598931787173075491637
0.0234188143212285260208460613285
0.0177744807059502796242611566413
0.0121222757514578872994892577708
0.00646218832805292228704807655504
0.000794207217580167432365023660878
-0.00488167876402395128215827568852
-0.0105654808345025958554730394212
-0.0162572102433662900311528431985
-0.021956878225718255703835524173
-0.0276644960766205677549223196365
-0.0333800750751107322411570521581
-0.0391036265265564467186187869174
-0.0448351617643586650152620620702
-0.0505746921367134436020585042115
-0.0563222290079233023352145437457
-0.0620777837515256725176016061596
-0.0678413677801769920971963756529
-0.0736129925051473565922321995458
-0.0793926693663271620948762574699
-0.0851804098270988324648200773481
-0.0909762253420731276110089424947
-0.0967801274257717586424476508
-0.102592127582096487303786602752
-0.108412237341146452940243705143
-0.114240468252281027194960927318
-0.12007683187413728531645062958
-0.125921339797565895457509554944
-0.13177400363540436867282323874
-0.13763483500796622194251028759
-0.143503845555380898924013877149
-0.149381046933221406369796113722
-0.155266450827915014620828060288
-0.161160068949699752938187202744
-0.167061912985412508447780055576
-0.172971994703793291447979640907
-0.1788903258457969214223481913
-0.184816918193300816497526284365
-0.190751783521018042355521515674
-0.196694933673975419496926519969
-0.202646380449974378157307342008
9.58709511641817036357488004805e-11
0.304505913115662829593333071898
0.259800954823593222009492365032
0.208764184266173158377455365553
0.165274763203741986705708200134
0.129701949952581579994514981991
0.101598762422920915748925096977
0.050058556551562452541226377889
0.0255221475221159010970950475894
0.00543007060439828787706817436742
-0.0167268509369596432567739441311
-0.042986808667166261088699030779
-0.0678595547565452733573820864876
-0.080684834759807297355216348933
-0.0892606447782545581182134242226
-0.109338116632028747865490458935
-0.113219198307358132060684852149
-0.122647389243207935449753165358
-0.125887359793260211748844312751
-0.132849258878574377762404878922
-0.13756100731216533428202808409
-0.139701144275145544559890709024
-0.147440423074364002076208635117
-0.142887475588406420712317412836
-0.14493032736204627952680823455
-0.135758664723509503424736521993
-0.138678725670589114704611688467
-0.121379733968894537587956961033
-0.109182493704260974443087661712
-0.105006849568872961953047706629
-0.0924599762829773075267780768627
-0.0795133600025160619528818983781
-0.0703150524208863009212322481289
-0.0579956417592494000157188338562
-0.0589601765869647020945620852217
-0.0385592817227657369549831400946
-0.0253083542523024618287053044696
-0.00956437565570154510363742872414
0.00279093140864809493087439484782
0.022997253428800008140386879063
0.0271592711158806544846644470681
0.0305720458570916397977867973168
0.0512235545680491954900759310476
0.0588169066401082740735972720358
0.0701223926602940889063475538023
0.0904584711638488220275533535641
0.105332277139857544145939982627
0.110176935053046667900567001652
0.115229774345390084677731579177
0.124626772369295035769454216279
0.124495336789945953981373349961
0.127304715370332277579734636674
0.144598684370785240949075500794
0.133738917270774165801938693221
0.132362993529197614517300962689
0.133534898379716271410444505818
0.126841643283297139666032649075
0.121784393041668576040947868933
0.114424513924264559250332240481
0.122647768802412404642865340065
0.0963872250748964293221021648606
0.0739090132310631225953656553429
0.0585143916034658248537247970944
0.0392027538483966722648865754763
0.0189848070141435502911075872134
0.00182411944037341820085140753349
-0.0296188963079295729252660152042
-0.0611361214603254946031718475297
-0.0837791622431742766252682486083
-0.137591094797809287975098868628
-0.180606495358705460008152954288
-0.220772015813211430756979325452
-0.26051095657344980338621098781
