3
1388.4005587924909832509001717
0.114393102823406825341301384924
0.11448754246517764410207007586
0.114582084937403461122329417776
0.114676730415465555346088422084
0.114771479075068058572917095717
0.114866331092324885920774590886
0.114961286643655208328240746596
0.115056345905946336150016406918
0.115151509056375792039439431846
0.115246776272510009775373873708
0.115342147732291427919548709724
0.115437623614058210153032746348
0.115533204096481240119587141635
0.115628889358651426588764365988
0.115724679579977243748523108025
0.115820574940312517875362630093
0.115916575619840853117459289479
0.116012681799137651328379661209
0.116108893659151141131147255692
0.116205211381218448396523967858
0.116301635147092088939935194958
0.116398165138819967290295664952
0.116494801538891967762623380622
0.116591544530205593055427470972
0.116688394295988387416862508417
0.116785351019874167333156833593
0.116882414885893959333174052517
0.116979586078448008490404674831
0.11707686478233310378715970046
0.117174251182756455902378434075
0.117271745465280921583151041432
0.117369347815900609832695522528
0.11746705842091836879959032558
0.117564877467136300048800023887
0.117662805141701284905586533114
0.117760841632141885493290089926
0.117858987126412323442892216008
0.117957241812828850235916888778
0.118055605880150613073986676227
0.118154079517502161311703900992
0.118252662914401840410505428736
0.118351356260781109819291145868
0.118450159747003805343901206015
0.118549073563783760598688843402
0.118648097902289764715710873588
0.118747232954032846952152624453
0.118846478910982669696672076043
0.118945835965482540896864804836
0.119045304310309948969681670405
0.119144884138643145088387598207
0.119244575644062197894434973477
0.119344379020575028227391101154
0.11944429446253496118757198019
0.119544322164809188602241363242
0.119644462322632191830784620379
0.119744715131606532798613784507
0.119845080787802968358413124861
0.119945559487739439319398115913
0.120046151428273115135958448718
0.120146856806711471721271777824
0.120247675820803645585499452864
0.120348608668702283797102836616
0.120449655548957923478781140147
0.120550816660592627349579686324
0.120652092203007543780302057712
0.120753482376071155646179988707
0.120854987380005524100212710437
0.120956607415537195637789125158
0.121058342683792133365194843009
0.121160193386321501929359101268
0.121262159725096796414334221481
0.121364241902510411330595729851
0.211077395721870814115916914488
0.199970649299651082042572625141
0.194580006789891790663915571713
0.189181635779575640921024159979
0.183775525263422750965602858741
0.17836166421773960721885998737
0.172940041602948707533116134982
0.167510646351134023790407923116
0.162073467408364452202462757668
0.15662849365886608032916171851
0.151175713998209587662913122585
0.14571511730271927143043342312
0.140246692416514218137990610558
0.134770428186732876829623251069
0.129286313422312920673462599552
0.123794336922042932935816850204
0.118294487470007120277770695793
0.112786753828810593081044544306
0.107271124743926055122855700574
0.101747588941262845363411315702
0.0962161351411755239038114950745
0.090676752024935886042911192817
0.0851294282688817016691018579877
0.0795741525196232285521702465303
0.0740109134340057733814077778334
0.0684396996106782368185506015834
0.0628604996600102966519685310232
0.0572733021680562059962937837554
0.0516780956869644161888466271648
0.0460748687637415402229557059854
0.0404636099359427167665437252708
0.0348443077040643187092250343539
0.0292169505669640262868202995605
0.0235815269873072864970087181291
0.0179380254198628005801730012081
0.0122864343016355521964744212937
0.00662674204704664232545852087242
0.00095893705905506193120507729688
-0.00471699229210905280479382284398
-0.0104010576392210112028902102566
-0.0160932706417208845617317081178
-0.0217936429831703804005371694075
-0.0275021863535511237874864320929
-0.0332189124633762017380078646056
-0.0389438330609384528169236716622
-0.0446769598904248818604934001542
-0.0504183047215370078175666890274
-0.0561678793477309729054169906703
-0.0619256955721192853259182697911
-0.0676917652296878807893776297533
-0.0734661001749314368503007699474
-0.079248712262659740113157624819
-0.0850396133812896248826973533141
-0.0908388154411017972877928627895
-0.0966463303609240015346060204138
-0.102462170088661444489197549501
-0.108286346581544706824118406985
-0.114118871834210044990953747401
-0.119959757829340138424178974219
-0.125809016598135647857503727209
-0.131666660180558947601525687787
-0.137532700644086236518859323041
-0.143407150055045840009171342899
-0.14929002051592910049748752499
-0.155181324147549398739798220959
-0.161081073087779857999635169108
-0.166989279491046832548661882356
-0.172905955535333860639823910788
-0.1788311134267361046656930057
-0.184764765372042422120202331826
-0.190706923607034589673858704373
-0.196657600397998011398925655158
-0.202616808005323612018599988005
1.74294295909780804755049570783e-10
0.306586212406432079280449443104
0.256431412539231295966146717547
0.21247440121178440275429011308
0.167103132201666532141715038051
0.134062429149228751201761156153
0.09726761440349385168246953981
0.0604276128293318517958887525765
0.0272343426362581797484097023698
0.00515806453399113729735292466216
-0.0282879546964389209928736335087
-0.043625026740298319949395988715
-0.0565092016493414853184340529424
-0.08066308298624752515237901207
-0.0968012394217191152190338243599
-0.103394857643976448291489589337
-0.122574470512855915327321554287
-0.126330901283060514916911643013
-0.136639991273544536554140904627
-0.138671932727643054672483913237
-0.141403053123458855022676061708
-0.146924194958837711633137246281
-0.143233034774460615823343800912
-0.13946351316102625905735123979
-0.137622555534988283421071741941
-0.132216804086164041454054540736
-0.131318890852848008110598243547
-0.118506599947260871097398648999
-0.120653104494554880288248455145
-0.104254319747054444156297847712
-0.0993580195896376083819490077076
-0.0867060193312553517674956538031
-0.0756273327225431002407418645817
-0.0582833347682425381708348766097
-0.0447621723013185215944709227642
-0.0296409223009877938193046276183
-0.0216103836734745612113695045764
-0.0131723304087379838867022385784
0.00732115480454442833085915154356
0.0152730345927887846413373296173
0.0348517893700717035221359196839
0.0490733332350940798516347740588
0.0508086420808947641925001903473
0.0679291818706603683919453828821
0.0813718559720673639823473877186
0.0844276524764943359091518004789
0.0947782301422481071595527168938
0.105608671918249408250289889111
0.116436635274821898011765597403
0.116751662207493403511371354853
0.126805697369818698438947990326
0.132124310777280790096810392242
0.132984661660764752477703609657
0.132621374351931331503351430001
0.135495081751817791904102250555
0.128815006097449669120180715254
0.12668790472304480854148778235
0.123834029215793769984621519598
0.115743408115328114127429159907
0.102097314802836874880753725847
0.0954633398549818157352575553887
0.0805827438333070189546702977168
0.0628937390814101188185603064085
0.0422314603590940376709461645532
0.0228064230737889429845299815725
-0.000310150811736588513049112103559
-0.0362405665313838831753656677392
-0.0609538010662876786338593149139
-0.0986561118530212277644153573419
-0.129853241547145142886776625346
-0.169727728063911981193356837139
-0.213481880796072387429518357749
-0.265039715988954871495053566832
