3
99.2850662762233753255713963881
0.114605674675483076851989494571
0.114694433159550274181626150494
0.114783284355683412591986325424
0.114872228412498889049686567887
0.11496126547881012347485096825
0.115050395703794661184105052598
0.115139619236927559509098273338
0.115228936227951439530414745605
0.115318346826888698530844123979
0.115407851184106055586475747532
0.115497449450242511970188274972
0.115587141776259616499089588615
0.115676928313404744907977317325
0.115766809213202023776112525866
0.115856784627545728039166306189
0.115946854708540492140400601784
0.116037019608677252624495679356
0.116127279480700035252382917861
0.116217634477674830462134991649
0.116308084753010174128284859307
0.116398630460331886649072430373
0.116489271753636311479418452564
0.11658000878723710769246935115
0.116670841715719730835587597539
0.116761770693994015868355518251
0.116852795877269308166823691408
0.116943917421109738752349471724
0.11703513548129965138322461371
0.117126450214044108832922574948
0.11721786177579046617225344562
0.117309370323289779980413527483
0.117400976013664642971789930925
0.117492679004312955415301189532
0.117584479452966420010007198016
0.117676377517629340840876750462
0.117768373356705591259441234797
0.117860467128828000360485361853
0.117952658992997505560396120927
0.118044949108528474113199990825
0.118137337635054379125776335968
0.118229824732521818231312238368
0.118322410561195370815035232681
0.118415095281673266036648328736
0.1185078790548745875099712066
0.118600762042025090203800630206
0.118693744404710893602938881486
0.118786826304787096475479302171
0.118880007904510934246822273508
0.118973289366391968280289859194
0.119066670853296432963652762282
0.119160152528451468434411708586
0.119253734555355997426495662239
0.119347417097872859903517905877
0.119441200320156482028721711686
0.119535084386773432507666825586
0.119629069462530351897200375788
0.11972315571262756583870157101
0.119817343302582368647080102164
0.119911632398205736382834629694
0.120006023165719177825394581305
0.120100515771632429529169883153
0.120195110382778594382280346053
0.120289807166371234825597014151
0.120384606289922452271312636185
0.120479507921323863994800262844
0.120574512228754968101718247908
0.120669619380772488725916957719
0.120764829546269741866737490454
0.120860142894461564111452389625
0.120955559594935160849793476245
0.121051079817631301871472260245
0.121146703732763635907865307217
0.0112590651741837060456630226213
0.199945909918907066549209616824
0.19454708977894336063840796669
0.189140761978498106454793514786
0.183726915928854900306177455604
0.178305541038394799180366590008
0.172876626703806435259025420237
0.167440162279923115962176893845
0.16199613714589386481712551813
0.156544540618170302526124260112
0.151085362027332248402444747626
0.145618590666083652651607849293
0.14014421583438907426000241685
0.134662226818662217331379338248
0.129172612829203448114867569529
0.123675363131573345931712992751
0.118170466944717333923620117275
0.112657913451468125187737712167
0.107137691857344244383831721734
0.10160979130123953817488313689
0.0960742009529710061510598961831
0.0905309099497918073895519341932
0.0849799073940171317831371311513
0.0794211823737693695113293301802
0.0738547239847488351527360350701
0.068280521288672152424581440755
0.0626985633195761421498914955919
0.0571088391074964923932455462818
0.0515113376825460309027526761838
0.0459060479830756748564901670306
0.0402929590275940899268825035051
0.0346720597831730176219267036686
0.0290433391489326279966132204891
0.0234067860756875974204138657342
0.0177623894498940594621760880045
0.0121101381608357296093547716964
0.00645002108043264861525489806127
0.000782027053239676799012425334467
-0.00489385508232740608358657397048
-0.0105776365212814481980840852771
-0.0162693284828269932318356438827
-0.0219689421432413961587926110042
-0.0276764887997565690869183896439
-0.0333919796563137416534061685525
-0.0391154260131785433407536345385
-0.044846839194864929201145287152
-0.0505862304739562174127343041619
-0.0563336112015016612919460214925
-0.0620889927088458873360998779845
-0.0678523863821397232864995885393
-0.0736238035972969356857120715176
-0.0794032557703497898771161089826
-0.0851907543008320888855422481356
-0.0909863106544646083051475216052
-0.0967899362850373895517108735476
-0.102601642658376845940182420236
-0.108421441294835080304537200391
-0.114249343687862145446665351756
-0.120085361373759164083097061848
-0.125929505906748784305193566979
-0.131781788874790278809356891543
-0.137642221849673562772409241006
-0.143510816448588762739291269099
-0.149387584286119728949060458945
-0.15527253701702295463071834547
-0.161165686311749878356636145327
-0.167067043841900325640281721462
-0.172976621329082896894036025515
-0.178894430475687898907111161861
-0.184820483019793202483782579293
-0.190754790752073105641883898898
-0.196697365412723035316133746164
-0.202648218826974674255936292866
6.51784281379543716822117973266e-12
0.296181082298136832964274844926
0.253202820469088318855455099765
0.193702014418811935270170465628
0.175473078646488783727264149093
0.135121033408551638466121858073
0.095607675164358710273582175887
0.0783725318457042657849243028068
0.0420453197197442271604295171983
0.0014666544893836579079721138541
-0.0166440550413461986478669274447
-0.0422008609316199823080495434624
-0.071877038155339495473228339506
-0.0895004459263484125619569908849
-0.0891211947542367155516984666974
-0.103220854862042035748892487845
-0.119066561166816436978521664969
-0.127690628346190798714232528255
-0.138147698215275144262292883468
-0.137467029231089610252780630617
-0.134329796176693438969351745982
-0.146045040097128708822538101231
-0.150780240481934946217279502889
-0.144198350527251578645504537235
-0.125071503743162365518415413135
-0.123852888882937980929987986656
-0.128378988764756563067948036405
-0.137486226043611853286918744743
-0.0988105902183568779451050545504
-0.110315638173595215176803208124
-0.103896268489644991173115329275
-0.0842287606112522291290645171102
-0.0648696757935346701717804762666
-0.0607270049371003706184524162381
-0.0429121462446157564407656082039
-0.0638188754412810782534748454964
-0.0323086143593327781986523916657
-0.0209604596576345447722644621535
0.00803737643020394770809744500184
0.0291334894253259188423577086269
0.048593065759457043650826335579
0.040184791429197341816603739062
0.0497962700496917681780573161632
0.0761631990141592440934914520767
0.0717541516860715489212196871449
0.0887354481366479930226631722689
0.097526006484698085641227294218
0.107159254083647084709873809061
0.0968250488885711579900572587576
0.124454438525409771809648873386
0.124879325027873175346648793038
0.126890084887119530820953627881
0.139124656282893527370347896976
0.140828579428198596978916157241
0.135484780713665514673138545731
0.113803920854939302764741171359
0.133609146075661489039276830226
0.127537734135797664603018120033
0.109576276165761252179287055242
0.112824936347320659013604426946
0.103646773435028496934684483222
0.0858087167480384716000685330073
0.0546286805851378259868411646494
0.0452353597925921960265505106236
0.0289599741042367263277323985449
-0.00876516597692594823243439350335
-0.0347474848693350921169376022135
-0.0582289827785138491833549778676
-0.0959982844303004512198640441056
-0.124701402650822051887402608372
-0.172219344296965393148468592699
-0.215135755389893795763711636937
-0.274607869993447772927197547688
