3
355.022343904207559717178810388
0.114332348656813326259751306679
0.11442840973813279970006107078
0.114524576603748776126856512292
0.11462084943700656669562931711
0.11471722842157881794289409072
0.114813713741553524716465517486
0.114910305581391841700522604697
0.115007004125988201992392134798
0.115103809560559502966903266952
0.115200722070763386661873539651
0.11529774184266076975102777169
0.115394869062670865633712935505
0.115492103917638130883283054118
0.115589446594795308698166991235
0.115686897281753894861644482717
0.115784456166564103662963702845
0.115882123437613671068646681306
0.11597989928379225099686067324
0.116077783894288841248787491622
0.116175777458730450364399189311
0.11627388016720215102584035094
0.116372092210089039809872701881
0.116470413778268819249284149464
0.116568845062985274041444938575
0.116667386255900951130826115332
0.11676603754910402921396439524
0.116864799135053445966470064832
0.116963671206636490862429411663
0.117062653957176229790881905046
0.117161747580378311495152843236
0.117260952270361332172576851463
0.117360268221685978828894292292
0.117459695629291899221513517659
0.117559234688588101769290972243
0.117658885595325488071516417676
0.117758648545714939004369625764
0.117858523736424872230266203132
0.117958511364474508131827690249
0.118058611627381210285037127505
0.118158824722985764110738671206
0.118259150849635327751308011557
0.118359590206078849061732682912
0.118460142991466302331282633986
0.118560809405401298977089652453
0.118661589647929457957964416437
0.118762483919478606386732622013
0.118863492420932068127648051359
0.118964615353607652825651541662
0.119065852919265038889484742413
0.119167205320060115569802405844
0.119268672758626237406787140571
0.119370255438006320214405775459
0.119471953561655103159822033376
0.119573767333540970092542465864
0.119675696957981303469864542421
0.11977774263981845470627973782
0.119879904584243093812467861881
0.119982182996962921661676659824
0.120084578084091495031593410658
0.120187090052208581103521112254
0.120289719108306727979318395683
0.120392465459846415010147779867
0.120495329314754789917785160469
0.120598310881336392985652139487
0.120701410368436498621314001412
0.120804627985261384126580708198
0.120907963941563764698194916036
0.121011418447454791036399512905
0.121114991713555969488069763429
0.121218683950922084813228707389
0.12132249537107635262156435374
0.121426426185991767625615977977
0.0579835171572267993322924439781
0.199979154525004809705990282964
0.194590728459509448855513369381
0.189194514080956499579855289994
0.183790500275900020588082384165
0.178378675897748001366593939565
0.172959029798720326231986632592
0.167531550806259532659936439813
0.162096227716182095246466587923
0.156653049338626920716777135567
0.151202004432560682678499119902
0.145743081754542425088061463612
0.140276270049016549279485843726
0.134801558029415985417998058438
0.12931893440051012156288834376
0.123828387838036402257557710982
0.118329907016705024314084937487
0.112823480575346649090739958865
0.107309097145699902653426249799
0.101786745342140341752390497732
0.096256413754113659408950809393
0.0907180909460421347478842335477
0.0851717654900665116501912166314
0.0796174259042590065638123064673
0.0740550607308930602945551413541
0.0684846584553164688946580440643
0.0629062075550940458246174102896
0.0573196965068029570811170003708
0.0517251137517500056417496523409
0.0461224477089777970539863360955
0.0405116867937214200634521432676
0.0348928193913964831973650859709
0.0292658338727034422754869069649
0.0236307185996679353090499375867
0.0179874618953217747796546888139
0.0123360520708871886086388514059
0.00667647743844872274682211710228
0.00100872625430071020079247912093
-0.00466721320794632067024965138557
-0.0103513527184838326211657744125
-0.0160437040543443508455734303197
-0.0217442790087288909117724244879
-0.0274530894018909163434294384842
-0.0331701470776107273930044527788
-0.038895463887831549509854767166
-0.0446290516998854233654547840615
-0.0503709224115462747550786559714
-0.0561210879442944135520043857923
-0.0618795602141980483068550711323
-0.0676463511880431578315864271644
-0.0734214728321386234100032197603
-0.0792049371296059678826395611395
-0.0849967560998659138471467144882
-0.0907969417640690085180565915834
-0.0966055061745415832863415062093
-0.102422461392121758039230883242
-0.108247819513259541102101479737
-0.114081592642445384111482553635
-0.119923792903061793291286107888
-0.125774432435600325153046696869
-0.131633523413119957190531295055
-0.137501078019724914947019556166
-0.143377108463026509133086960901
-0.149261626957198245690960902721
-0.155154645749307790181248378758
-0.161056177110487502845970197995
-0.166966233319257889577968967387
-0.172884826677562247754238455855
-0.178811969515340146719140079767
-0.184747674169715297987082180953
-0.190691953008375769673676813909
-0.196644818413762689779389347677
-0.202606282786411018292938024388
5.07315362428606643047252952776e-11
0.309375186426578130394204890763
0.260207435990897961719525710578
0.208271967834247673234671083264
0.169624271960818084892252954887
0.131825713195129035071317957772
0.0897276394840979263367586327149
0.0599839248711604156039101098941
0.0316753472257877838336170839284
0.00138806822187512363987738073234
-0.0236265293483306389188403073831
-0.0444116110568086655541186758001
-0.0620228553912488475563513645739
-0.0781977793418063282793184498587
-0.0933427872528462126977544244255
-0.107021506081355577411073909389
-0.122479210132602392424594484055
-0.131829697616211383159878778315
-0.134011371094200498754744899088
-0.13899176355262404802815012772
-0.142511351888724852043921487166
-0.141922803299082300743094720019
-0.138409378494464385678242024369
-0.139147226868078816020002363985
-0.139483959947151542335674889728
-0.133633861027949080169108242444
-0.124931337358661631586898010937
-0.121411208974458076359503877484
-0.112832865862869155537673293566
-0.101424087996036971226487821696
-0.097209672615659270533683411486
-0.0863871666112644848167789746185
-0.0754882224183955757856878676648
-0.0576872481933542388676805501291
-0.0498200723336368750393532423004
-0.0350412125425006229506585953004
-0.0236644971829740834168287477723
-0.00938144130161440784054782682233
0.00222912424733305971139007972681
0.0138841653177584865852534079522
0.0327878200637761324509611426947
0.046343326363499907916132514174
0.0543235127086109728655749506743
0.0661254268061131772471483714071
0.0781873253825549063833477703156
0.0911802268730960430165310981465
0.0944885709051614952613817877136
0.102957877944489392674221051038
0.113342416702373188774899404052
0.119037155317198939386003075924
0.123365719700187170815297577064
0.130330553063888049392105017432
0.130578733145702979845381719315
0.131348122834588437735092725234
0.131711536299306486430538143395
0.132495232201853052611539851569
0.13047581114818815328781909102
0.121291593092351601690381812659
0.118326621628980055422886152883
0.10557597271569099661725488204
0.0970352301991001670034009407573
0.0807869480499213005186831537685
0.0626022311642376316775937539205
0.0487778152492744018764447844205
0.0214258031935365689246708598148
-0.00461592880466842655357018188056
-0.0285576546407606407518287028324
-0.0591766773661996786648487045568
-0.0935104219330426950085310977556
-0.133025164432113429668902426783
-0.173271811726438185186083273948
-0.217609203792974714719576923017
-0.266958868462014164979478891837
