3
12.1014500529625799174482381204
0.114496854849924084573942195675
0.114588523191675464851790877674
0.114680289382523004082514717084
0.114772153584559957750776959529
0.114864115960149490436315034003
0.114956176672083090761766754895
0.115048335883426250392247425225
0.115140593757585230072493232001
0.115232950458286173556210485458
0.115325406149636267016944657371
0.115417960996039042909089289424
0.115510615162252930354647162403
0.11560336881334190572978570799
0.115696222114767086064368584175
0.115789175232277025129334901976
0.115882228331971148804768745322
0.115975381580310163420755031893
0.116068635144068288411745015765
0.11616198919039141812525883779
0.11625544388674298457164724141
0.116348999400935543269142158351
0.116442655901144165309091249583
0.11653641355586866201754503436
0.11663027253392298232537171998
0.116724233004581054440329523914
0.116818295137320379839529493893
0.116912459102088792106677317406
0.11700672506909307046818469189
0.117101093208948708879191258347
0.117195563692615453699197303195
0.117290136691356669529362477533
0.117384812376836289438131188945
0.117479590921055324082011850351
0.117574472496388832132296897726
0.117669457275555625064278331138
0.117764545431581615919647276769
0.117859737137946049556624927845
0.117955032568391099401239330291
0.118050431897078311749282875098
0.118145935298517273936980132021
0.11824154294755408189931955576
0.118337255019413459256050202839
0.118433071689695648687212781169
0.11852899313433849781684870095
0.118625019529644160076742309684
0.118721151052297163586146666603
0.118817387879348895785014406101
0.118913730188167962587009185427
0.119010178156579396469005871495
0.119106731962706643979110765486
0.119203391785032850047620911482
0.11930015780248193202339734853
0.119397030194275000081205462266
0.119494009140027848681064881475
0.119591094819738924526220102962
0.119688287413822980198574441602
0.11978558710298077560896246041
0.11988299406830618676345068252
0.119980508491316639752000128283
0.12007813055391215739664545481
0.120175860438268097829528358034
0.12027369832707271446459174058
0.120371644403290373182002781505
0.120469698850324116734533674844
0.120567861851940516526582314327
0.120666133592272337149431393755
0.120764514255851301838262656929
0.120863004027594450606741816046
0.120961603092818933968821681901
0.121060311637193968037351510247
0.121159129846768617855268246331
0.121258057908037703009895835748
0.00160923838549193094250855384786
0.199957526902418331049560151769
0.194562981137365809125583382411
0.189160812238692799258643617577
0.183751009423814198884272741452
0.178333561847717758652720476675
0.17290845869580989679903382239
0.167475689085293560909306620488
0.162035242180507660370025746488
0.156587107063421576702566540007
0.151131272854603343480661692411
0.145667728609788521554335716246
0.140196463400696968992775737206
0.134717466256208423525109196817
0.129230726210775137552388969198
0.123736232260282019712605006134
0.118233973403095771192994334342
0.112723938603277784586964571645
0.107206116824870092973931434699
0.101680496999329864071803797287
0.0961470680406985439558908979052
0.0906058188552120724601479651028
0.0850567383088433048854426488106
0.0794998152920050882297431371626
0.0739350386351371735571547105792
0.0683623971629765680990686860241
0.0627818797089396418709128511182
0.057193475037817367856440853302
0.0515971719482459234562554684089
0.0459929591867872245014581267242
0.0403808254891035098288476490325
0.0347607595803050770100206534607
0.0291327501748675742054839332695
0.023496785943665655232992506285
0.0178528555476417279124223824738
0.0122009476597667466252206125432
0.0065410508689499611070794493628
0.000873153834256557709325718974469
-0.00480275488229012486457447650423
-0.0104866866956484609818556208438
-0.0161786530354166083189859648428
-0.0218786653968352264032493081913
-0.0275867352355323725010549651415
-0.0333028740532063383117389321342
-0.0390270933676169634596320179298
-0.0447594047060155889039556598163
-0.0504998196403638119345025359053
-0.0562483497343571198223699525442
-0.0620050065739736477876675735388
-0.0677698017860868945350105718717
-0.0735427469752474999298286206795
-0.0793238538083433780689901482219
-0.0851131339584457330404987374095
-0.09091059907410566076624292009
-0.0967162608955485503248183931646
-0.102530131143841268803740263138
-0.108352221543651566770805061424
-0.114182543855814389033298539289
-0.120021109883887922009648718813
-0.125867931392276255486706304509
-0.131723020227068138288117893353
-0.137586388211780041856968637148
-0.143458047199490457135340193418
-0.149338009082602446442322730036
-0.155226285741707603627048683848
-0.16112288909245103818435040921
-0.167027831071051013900330417528
-0.172941123626445369954041098026
-0.178862778740188910209241157645
-0.184792808390334628576567865821
-0.190731224595144882583142020849
-0.196678039373804181000338076046
-0.202633264790060579896291415025
1.12212835501470455434053664519e-12
0.306249037810319701957695315286
0.252574081969667851854666196232
0.209019978020353630610017603431
0.169249270550117542066814735335
0.126532472056114786429503737963
0.0978365704464228269632286583146
0.0672416643445377382182215342254
0.03721817803740461866324196194
0.00380875970017159354991109765365
-0.0297552976999873979024879844246
-0.0425114930878194574592754406694
-0.057841252258975919819938837918
-0.081100193472471895916875439525
-0.0889155909177471170945494804982
-0.109948153733012143895564349805
-0.117073265816841895481381641275
-0.127594042877803820479343244187
-0.141385871818401870347869930811
-0.140887873417155667921107919938
-0.135445498055756369248925352622
-0.146625245921896935064054900977
-0.141597132397334013464984536768
-0.152279815951357200276561343344
-0.146410291429203448521079167222
-0.134092909269648563608257063606
-0.127292062878151562843598298969
-0.112223284543385551370597852383
-0.109823450070455810867464663261
-0.105517198009604615260847992886
-0.0998278152666580154139808200853
-0.0792263314966889647950054609282
-0.0702599706539722562714800346839
-0.0601463941263789339530809741063
-0.0574178708821271102658023721688
-0.0397647637115246810335378313539
-0.0183483493530656634196152054983
-0.00709305188801023518002653034387
0.00976280543408713369357698752538
0.026250968591447564060015196219
0.023318160849493028974332986536
0.039205299473999172255034295631
0.0640952573031666472669343193047
0.0582648764021714143934715934847
0.0843580371708259613150460154429
0.0912996995068475064583068956381
0.0839387293619070495864775693917
0.109699267218944560009497024566
0.116424572057881883790919630428
0.12120968930749136116542530317
0.121164542469619426756644031684
0.130496110577634327754026344337
0.125493047238654648056765950059
0.138702239669202365135447507782
0.140427881932681380972027795906
0.131257443396928824563829607541
0.124304955621764426365594147228
0.120739131618257375389013930089
0.108245945775559043733338171478
0.10230550992966375156711933414
0.0959052025359899557033216410673
0.0952373559061941155068353737079
0.0671869935762363923448248215209
0.0284377887673939525048361076642
0.0229354719825857547577108164205
0.00163898446717387013225886160939
-0.0258710427767447313784909823653
-0.0639363020229715556252969577145
-0.0901435514663888465269891980824
-0.150156270634140970310355100992
-0.166168266249181906246690232365
-0.202566970539650170746170942948
-0.272745528376366841438738219949
