2
0.953853021209303708616289441125
0
0
0
0
0
0.706515021001746679196742206841
-8.23714606231869054387390321415e-17
0.707698046555804483048746078566
0
0
0
0
0
0
0
0
0
0
0
0
0
0
0
0
0
0
0
0
0
0
0
0
0
0
0
0
0
0
0
0
0
0
0
0
0
0
0
0
0
0
0
0
0
0
0
0
0
0
0
0
0
0
0
0
0
0
0
0
0
0
0
0
3.79229854286307924106022571031e-07
0
0
0
0
0
0.707698046555804594071048541082
2.0683741923110120557333628222e-10
-0.706515021001746568174439744325
0
0
0
0
0
0
0
0
0
0
0
0
0
0
0
0
0
0
0
0
0
0
0
0
0
0
0
0
0
0
0
0
0
0
0
0
0
0
0
0
0
0
0
0
0
0
0
0
0
0
0
0
0
0
0
0
0
0
0
0
0
0
0
0
