2
7.24501109709659996127584236092
0
0
0
0
0
0.706556788207156061254465839738
-8.67528133895034378534262124006e-17
0.707656346709607197986713345017
0
0
0
0
0
0
0
0
0
0
0
0
0
0
0
0
0
0
0
0
0
0
0
0
0
0
0
0
0
0
0
0
0
0
0
0
0
0
0
0
0
0
0
0
0
0
0
0
0
0
0
0
0
0
0
0
0
0
0
0
0
0
0
0
2.05847244034832434564233696883e-06
0
0
0
0
0
0.707656346709607309009015807533
3.04861255014926346717628304888e-10
-0.706556788207155950232163377223
0
0
0
0
0
0
0
0
0
0
0
0
0
0
0
0
0
0
0
0
0
0
0
0
0
0
0
0
0
0
0
0
0
0
0
0
0
0
0
0
0
0
0
0
0
0
0
0
0
0
0
0
0
0
0
0
0
0
0
0
0
0
0
0
