3
361.763518228537691356905270368
0.114152195583409138412989136668
0.114253058935409504415225967477
0.114354036986403714837301492935
0.114455129943933628378083255939
0.114556338016011949321182328276
0.114657661411129499495764605399
0.11475910033818284561313305403
0.114860655006565448577049437517
0.114962325626140074441572380692
0.115064112407199201082441675226
0.115166015560518239513321248069
0.115268035297340393219300835881
0.115370171829344433933606239862
0.115472425368727163452753359252
0.115574796128066245581855753244
0.115677284320510692650074702215
0.115779890159612500188934802736
0.115882613859400879219307967105
0.115985455634383963219313784521
0.116088415699558591964724030277
0.116191494270352829731862698281
0.116294691562740720724988818802
0.116398007793100388695961555641
0.116501443178308683457089500735
0.116604997935763232685957291324
0.116708672283288003579393432574
0.116812466439182263688856266981
0.11691638062229403605130073629
0.117020415051887677337916215947
0.117124569947733833674696768412
0.117228845530104167083074173661
0.117333242019718064774735921674
0.117437759637847430327362019398
0.117542398606201289879003013539
0.117647159146962054787621809737
0.117752041482873048838797558346
0.117857045837119714382090762683
0.117962172433395545700918205512
0.118067421495881147430750957028
0.118172793249266355752880031105
0.118278287918729962946429168369
0.118383905729944199913816760272
0.11848964690909762065285093513
0.118595511682867429947840776094
0.118701500278452734549183844592
0.118807612923512662117531135664
0.118913849846279118249725570422
0.119020211275426529562437849563
0.119126697440159315388719107887
0.11923330857020576767357766812
0.119340044895781982603466531145
0.119446906647652451027852293919
0.11955389405701724592212542575
0.119661007355702203591718557618
0.119768246775950326643567223073
0.11987561255054564324229460226
0.119983104912848040357609136208
0.120090724096652695651599174198
0.120198470336333809727058508088
0.120306343866766654593369878512
0.120414344923324354019733561927
0.120522473741960053916777440008
0.120630730559125737277881285081
0.120739115611777234060575381136
0.120847629137426970657998026581
0.120956271374092969028701816114
0.121065042560368804624992833396
0.121173942935322451197599491479
0.121282972738593258776873540228
0.121392132210363212774240082581
0.121501421591312580572363799547
0.12161084112269678059181643448
0.0713625388918912167968144899532
0.200007472798975904915153023467
0.194625357267967091789984124262
0.18923528325580574183106818964
0.183837239313036582277760544457
0.178431213983565484237914233745
0.173017195797051465122606828118
0.167595173242464229312886914158
0.162165134804611921204298141674
0.156727068958990772840067506877
0.151280964148370222766004644654
0.145826808808506735992693847948
0.140364591338391825336984197747
0.13489430014161543636141971092
0.129415923593804965685549746013
0.123929450040372188257542518386
0.118434867826310880056794871962
0.112932165263217962336561583925
0.10742133065835593463965835781
0.101902352285241526441694759342
0.0963752184141059287103558972376
0.0908399172771476443033478176403
0.0852964371130296300504980422375
0.0797447661195364171371480210837
0.074184892485102016390641210819
0.068616804374832557344987549186
0.0630404899400262563879948629619
0.0574559373125784686453521032945
0.0518631346044181110177540006134
0.0462620698983160494321964506526
0.0406527312799251916430876008235
0.0350351067937821961106870105596
0.0294091844822345592491696919524
0.0237749523537901762126889337878
0.0181323984079472567965130025414
0.0124815106276547869990078964975
0.0068222769587051191458870746942
0.00115468534743624808708295503834
-0.00452127628466417359753837246217
-0.0102056200442824894503157651116
-0.0158983580490391941675287768021
-0.0215995024370346198894221600995
-0.027309065365066144404071479812
-0.0330270590132155442142369849989
-0.0387534955815090620401264231987
-0.0444883872846882216789410335878
-0.0502317463625500462698347803325
-0.0559835850629909551057217242942
-0.0617439156687859952432617660634
-0.0675127504788376464617272176838
-0.0732901018024108563686525030789
-0.0790759819774716210538656468998
-0.0848704033590718387447537907065
-0.0906733783292440614909324381188
-0.0964849192688067985868016762652
-0.102305038609397866422590084312
-0.108133748772798826687235873578
-0.113971062223142627356509137826
-0.119816991432080577340002491837
-0.125671548891822942861651313251
-0.131534747121876238740156850326
-0.137406598657296902254998371973
-0.143287116053065100018670818827
-0.14917631189048638495897591838
-0.15507419875579989132496905313
-0.160980789275725705289588063351
-0.166896096076101591032525561786
-0.172820131831244977460571021766
-0.178752909200676185497158598992
-0.18469444089399014718999580964
-0.190644739627967824135978958111
-0.196603818137815578026561524894
-0.202571689190617520992532263335
7.73806548787168579809038109887e-11
0.304632541496054454199793326552
0.255135409662457401935853340547
0.213910652295874220696347833837
0.170715433546565098499314672154
0.131868472359303462448920640782
0.0956740193506423058922294444528
0.0611117402068417636673558490656
0.0310968436124792017849483016789
0.00490474462962527807396995171985
-0.0215595712142322461224441809691
-0.0444678301065890152488080389048
-0.0621060859880745580463567989682
-0.083925197308674120977300958657
-0.0953094686648413846885574685075
-0.110093224435951153594714924111
-0.121555492293708711226685181828
-0.128890552258556917442078315617
-0.136585354724846647078706496359
-0.138797359965049632579692229228
-0.141001279019948411175278124574
-0.143201252713463289545359202748
-0.144254340465386321490370846732
-0.140563920830276106732625862605
-0.133392139102342960343960953651
-0.132153396675189688247442632019
-0.12518268266685908529645132603
-0.122453755494009858262316470245
-0.111217261050366875152484169575
-0.103855826181167690269724346308
-0.0916476186646709295446910914507
-0.0830749306785370372763210866651
-0.0733486101345138946649981903647
-0.0622276683205058370185192018198
-0.0496366429072723977511394366502
-0.0365430374436280167027568666072
-0.0245327363557861395648718172424
-0.00879957461974478077904038286761
0.0026330656858237194012373194596
0.0149044817930312056136754605973
0.03135345206728992750733198136
0.0410655762555413306191809397205
0.053759122979650159068754078362
0.0628757922647881217770304829173
0.0755795793226272383247277275586
0.0885873381881756294387031402948
0.0976354474854176923592774528515
0.102902098613034051477477248682
0.114161474736991161438304231979
0.120298800458745039354546690902
0.125145815576512331457337268148
0.129948982483575975477307906658
0.132957331062345945893454768338
0.133312499207129619982481472107
0.134285998807019829603959237829
0.132737875734874694044762577505
0.132210618206802410501410349752
0.124583453074648867198170876236
0.115744620253479410521002535006
0.105855908835242623622363566938
0.0928975167897323206300796982759
0.0812899771594688125286864988084
0.0661035039105979105311661214728
0.0437054020087332892319231802958
0.0212873891373794588144363615356
-0.00112488583862675305818923376933
-0.030607908862293954632693981921
-0.0642434487669684139987680282502
-0.0930057563091583466841072436182
-0.131261138379451303137557260925
-0.172056078984149624089283747708
-0.218487534859728715908033791493
-0.265661036402078443163787824233
