3
90.4508243825773945445689605549
0.113782388419367108678414979295
0.113893083479691570314429327482
0.114003912235740925695814951268
0.114114874947905009516802010694
0.114225971877152013278511333283
0.114337203285074726077930051815
0.11444856943387955727775562309
0.114560070586376488988022970261
0.114671707005987291716486708992
0.114783478956749257493541449549
0.114895386703298116315430377199
0.1150074305109118899537179459
0.115119610645483788635701216663
0.115231927373474804521258363366
0.115344380962051698547021771901
0.115456971678951664239676233592
0.115569699792547692096533751283
0.115682565571811141191815863749
0.115795569286388150276323472099
0.115908711206509806856956856791
0.11602199160307420655602328452
0.116135410747596992675489957492
0.116248968912216782412016868875
0.116362666369719439107832670288
0.116476503393538002861795632725
0.116590480257718051571025341673
0.116704597236974794149944045785
0.116818854606626817971282150666
0.116933252642667101506290805446
0.117047791621722574451069931456
0.117162471821077696088053698986
0.117277293518668931926463017135
0.117392256993034294065836320442
0.117507362523462263736995225827
0.117622610389782569773053921836
0.117738000872540951591282976096
0.117853534252957858896593279496
0.117969210812847502545253064454
0.118085030834731055660036247446
0.118200994601831338437492036064
0.118317102397927892409867922652
0.118433354507554863821461310636
0.11854975121586175390575590427
0.118666292808705595152041212259
0.118782979572596106287996065021
0.11889981179472007555286694469
0.119016789762922570172776204345
0.119133913765742296964056379238
0.119251184092386136592622847274
0.119368601032757412627738347055
0.119486164877408485018861483695
0.119603875917601493172881532701
0.11972173444528887154003626847
0.119839740753070730927554166101
0.119957895134275099868759184574
0.120076197882904356362132602953
0.120194649293642874532395126153
0.120313249661885668384542213971
0.12043199928374391516339159125
0.12055089845594406383622043677
0.120669947476008135311964508674
0.120789146642104258666527982768
0.12090849625309747772394786125
0.121027996608606330797286432244
0.121147648008911035244494769358
0.12126745075500540427260176557
0.121387405148615235006559487374
0.121507511492160089061620453776
0.121627770088766642975208753796
0.121748181242294126191971770368
0.121868745257307398155433020293
0.121989462439103690805097812699
0.0242461071695840163497948083204
0.20007723719330539058347540049
0.194707086582547622688466049112
0.18932865531648707113632212895
0.183941931357066268404309994366
0.178546902652721023452286885913
0.173143557130134240207297580127
0.167731882691343425761942853569
0.162311867228044526267893843396
0.15688349860523290169034282826
0.15144676467377976569750330782
0.146001653262539027311461836689
0.14054815218715605018573455709
0.13508624923157511177329581642
0.12961593217405614764103916059
0.124137188757209943057446821513
0.118650006725928361395183685545
0.113154373788175569015557186958
0.107650277639219152381322430756
0.102137705955686261538595260845
0.0966166463871700326171421124855
0.0910870865730306761287593531051
0.0855490141301924189587424507408
0.0800024166539968495381884849849
0.074447281723639943673553887038
0.0688835968898711126229272849741
0.0633113496931896474473333569222
0.0577305276554326771143443863821
0.0521411182648681414963931501916
0.0465431090085506385389813033271
0.0409364873380741595143561539771
0.0353212406957213037594911497763
0.0296973564962831754199257261462
0.0240648221365654634007480439095
0.0184236249973910998223303181476
0.0127737524346743513969926198115
0.00711519178912611328924331388635
0.00144793037726010861976355670322
-0.00422804450785905280157939145624
-0.00991274558335037553336022142503
-0.0156061855938622109918334501799
-0.0213083773012025384785417259081
-0.0270193334965801237879112761675
-0.0327390669755435390064768341745
-0.0384675905632952813695268901029
-0.0442049171071805871435778101386
-0.0499510594723112932857844725731
-0.0557060305447441214687920307824
-0.061469843227333467727824256599
-0.0672425104521575667249067009834
-0.0730240451649087213281674735299
-0.0788144603299061469181552297414
-0.0846137689388135189050288431645
-0.0904219840029625299138160698931
-0.0962391185519572839313084955393
-0.102065185629734850314420668838
-0.107900198318920753637328857621
-0.113744169703883540867295209864
-0.119597112900557966952419519657
-0.125459041047736225005237997721
-0.131329967298488142768420061657
-0.137209904822028633253339080511
-0.143098866825930620683138272398
-0.148996866524983784252356144862
-0.154903917159454784790995063304
-0.16082003198884128880585819843
-0.166745224296432514865529128656
-0.172679507383633523698307499217
-0.178622894576566881852386359242
-0.184575399223880332044700480765
-0.190537034689973183709810200526
-0.196507814363671068358385696229
-0.202487751652092151655182306058
3.79963588271484453317230588317e-11
0.306121431356010442748072364338
0.257925710359922788494912992974
0.21116153369095891356721494958
0.17236042337725782092050508254
0.129903364546433058857033415734
0.0950209913292944241547388628533
0.0617214893842394154988006960139
0.0294552027111762738942335460024
0.00289080590770071513620487202445
-0.0222966982801571025896159028434
-0.0431538599884168233566938965851
-0.0636809870048804793629670939481
-0.0800050263866455974026692388179
-0.0957624819250965514383366894435
-0.108603781779578356658788607092
-0.119100007158402701468169482268
-0.128572331291117947227320428283
-0.134894330944043405740018215511
-0.139179577543375787573864954538
-0.141001900795426376999941453505
-0.144309947669871069253488826689
-0.142538994556508397115734965155
-0.140627511794502335629175604481
-0.139047495615122945755715022642
-0.133301809128199999499031491723
-0.128046444498080780327597949508
-0.119386254011528136764752616727
-0.112246558752352204590962969633
-0.104717473856935069931317627834
-0.0937311495458601623420591408831
-0.0831142838940392009172697385111
-0.072454002252882870882544352753
-0.0607901420832947098071841196543
-0.0486289030717763359756844465664
-0.0359047155664844533373702972767
-0.023044468466445373888706882326
-0.0103602086796059592727070608476
0.00299569177580655873066595162868
0.0151899851433117249327464648445
0.0291545817557523692653553837317
0.0416242933482502824871218649605
0.0534866251363394773488124656069
0.0660044126553446797167623572022
0.074380389747271694056429680586
0.0876089461898990479182813828629
0.0970725946635599273859540403464
0.106250549767202093209839119936
0.113796286707010807504047988914
0.119284365395686528521501656996
0.125890043316564836928250770143
0.130288464478006460467440774664
0.133495842025528971275250000872
0.135507166917451571386266095942
0.134253468095272915361348964325
0.132824832540019865945168930921
0.128978377568912061512662603491
0.123383008988735512478918110446
0.11576827511108597756894766917
0.105212026971215455439789820957
0.0928952361828593725645575318595
0.0798296968831885417339222499322
0.0624191117635228484572529339403
0.0463561357149603822658257001876
0.02204223294871517080384393239
-0.00170572951217301299782491685875
-0.0299678757983046148427597188402
-0.0609749381085112757139299333176
-0.0956278246373978985106489858481
-0.131288913925108552405163209187
-0.172079537118149883401230226809
-0.217250023194108743407326755914
-0.265104362339891319599871621904
