3
57.3379817670376539240351121407
0.11433017335980258377681195725
0.114426292478246413586440155541
0.114522517487292654903008326528
0.114618848570500170280794804967
0.114715285911872563739954955508
0.114811829695760370118051696409
0.114908480106957616717622272517
0.11500523733056680630859602843
0.115102101552182534138779601562
0.115199072957702070008068062634
0.115296151733480983780921746984
0.115393338066263159702451446265
0.115490632143130725340007813884
0.115588034151670016047575018092
0.115685544279770818887342898051
0.115783162715747692250722877816
0.115880889648345475340107668671
0.1159787252666854007188135256
0.116076669760297776501367650326
0.116174723319102279894821094786
0.116272886133486089144106756521
0.116371158394115520318123913057
0.116469540292193918240570837952
0.116568032019255182762940137309
0.116666633767280342182104391213
0.116765345728618796794506806691
0.116864168096073250957545042183
0.116963101062870292179418640899
0.117062144822554378698065136177
0.117161299569202612125273788024
0.117260565497231808440581346531
0.117359942801494879227597323279
0.117459431677256490034189084781
0.1175590323202025805349180132
0.11765874492644651239103836815
0.117758569692513082038942684449
0.117858506815345487339641294966
0.117958556492304911245128096198
0.118058718921182789762802656242
0.118158994300196246163281443842
0.118259382827964235063156195338
0.118359884703555323648416219839
0.118460500126480600124878606039
0.118561229296635636809575942152
0.118662072414353295113365049929
0.118763029680436713042546159613
0.118864101296091317916392426923
0.118965287462934027340466514033
0.119066588383037838538847097425
0.119168004258914120296886096639
0.11926953529348612026428355648
0.119371181690144254061713979809
0.119472943652701668604265705653
0.119574821385416280028479718567
0.119676815092930100004053883822
0.119778924980428608249027888633
0.119881151253439427462055277829
0.119983494117999675565577888392
0.120085953780573920224306050386
0.120188530448037067532851551732
0.120291224327728901721812349024
0.120394035627481063577270958831
0.120496964555484684100683523411
0.120600011320474737042118817953
0.120703176131570388829317153068
0.120806459198344776084788065873
0.120909860730849166854383724967
0.121013380939607950725900309408
0.121117020035526060106612078471
0.121220778230041209555523096242
0.121324655734990266564565786211
0.12142865276270965735339046887
0.00938792571597385147597059074087
0.199979469529092651614021747264
0.194591121942123329580098811675
0.189194983918226006247564896512
0.183791044348307286426802420465
0.178379292089986152269887043076
0.172959715968812294262235695896
0.167532304818564542481240664529
0.16209704744284730848491449251
0.156653932633465747814582869069
0.151202949154910865070533532162
0.14574408575267855381341064458
0.140277331165951063551844413269
0.134802674106844960766338203939
0.129320103277260289864614151156
0.123829607352601955838622416195
0.118331174989572768252443779602
0.112824794845845760571378946224
0.10731045552749017557569999326
0.10178814565268479164217296784
0.096257853793240685802423683981
0.0907195685456184258699252609404
0.0851732784448396978982387395263
0.0796189720171925074954089041057
0.0740566377897665661933501723979
0.0684862642653884662324870191696
0.0629078399063461302098687610851
0.0573213531665197409403766926062
0.0517267925111074763910856688653
0.0461241463407089796744386944738
0.0405134030764348965214516340438
0.0348945510852636808785121047549
0.0292675787434502517048162673063
0.0236324743986408535023624466476
0.0179892263819937774094182003637
0.0123378229995997693024811781015
0.00667825254229994971083561594583
0.00101050328504639040649859538235
-0.00466543651340608524213937613467
-0.0103495786244476809662140581736
-0.016041934831115139264978708411
-0.0217425169321975898795162862598
-0.0274513367688978132674648691136
-0.0331684061487949252700069280309
-0.0388937369635766611031257866671
-0.0446273410668113559851555294244
-0.0503692303736042040762654892205
-0.0561194167937230162235273667193
-0.0618779122601608930209771131103
-0.0676447287365013888438269873404
-0.0734198782025045626475900917285
-0.0792033726420671990720023813992
-0.0849952240774146383639475743621
-0.0907954445305626661744113903296
-0.0966040460604152412260603455252
-0.102421040741125055073545979667
-0.108246440652242079116795991922
-0.114080257920465694132516887294
-0.119922504668297985608305111782
-0.125773193044401765394724179714
-0.131632335231065517033854916917
-0.137499943399106261399111872379
-0.143376029772720764432492046581
-0.149260606565049275262779815421
-0.155153686042278304846320224897
-0.161055280452648330591358671882
-0.16696540210552676675170857834
-0.172884063299345636099957346232
-0.178811276354913339936558713816
-0.18474705362916510331672270695
-0.190691407494440384740030935973
-0.196644350327274286538425940307
-0.202605894541291631227863945242
8.30040425508788826880262010576e-12
0.307245431332839546989532664156
0.259567637471542544957969766983
0.205726777546325984014075061168
0.166650822302103818195462281437
0.133410312757669402561333527046
0.0948907430965220677343552324601
0.0646453666179414715431406079915
0.0296732299883155151154490170029
0.00928355085868371246449193279204
-0.0249855719776551250810303628214
-0.0468930332097764537846451560199
-0.0653904884103843758724750045985
-0.0843137300818356805187647751154
-0.094216526204640757558017583051
-0.108286832561540605213146193364
-0.120599111454334953497102844722
-0.129111693979619301941852427262
-0.12790145275964129312207262501
-0.139245956530356124192238098658
-0.139396787186710252592902747892
-0.140962619950446343963790241105
-0.140862193821558789874615058579
-0.143406065501625240576899500411
-0.135482655765222781418799513631
-0.133688883597111896062159530629
-0.131429197028064659313884021685
-0.117576657069104847930240964615
-0.11427018798530753918019087223
-0.105547381882884955262014159416
-0.0936018314353937591620891112143
-0.0875369748109322970419654552643
-0.0739857729957644760787616178277
-0.0626092133403012979231405665814
-0.0420842278870064909201964553631
-0.032723611345732775412820103611
-0.0248218206259118862044843467629
-0.00998842916685400462883936967273
-0.000822525225399420322792976012494
0.0224610045131278350527548326454
0.0227594907856819572700146636635
0.0365950699462803535899624307604
0.0574343665381032014716211619998
0.0668885108076832102241837674228
0.0767560538002213244013205439842
0.0892065726851562074140034042102
0.0939997792778877877539756013903
0.103866790394542066189309537094
0.109548173257436654015606336543
0.121286702099054163883629087195
0.126869751796045482361563472296
0.126729595726030819236029856256
0.133349282972825167181696315311
0.138488816218194227269933094249
0.133366261655168683031291720908
0.135303958524841921873260730536
0.136753142868444504953728824148
0.123885984022855083486192029341
0.116483437544882370562326912022
0.108184834238875135503654689728
0.0934525819482691366690829681829
0.0788558030482391925097829243896
0.0639364492074868950854948934648
0.0393372974212208431632475935658
0.0208030023596078098013784085651
-0.00218778482131391739315406930189
-0.029019591926970834255827824677
-0.0631405305978643693887164545231
-0.093678622734249386572180640087
-0.135498205903026386343057652084
-0.176531573711902450840582901037
-0.209857900103327027485633493598
-0.26599494696408138016963107475
