3
5418.1508581171510741114616394
0.11461260051102822865587427259
0.114701173684752105730311200205
0.114789839246728933574992481681
0.114878597344668043067628104836
0.114967448126614066317152662577
0.115056391740838120929524279745
0.115145428335972493938399452418
0.115234558060895081466057376929
0.11532378106480418999968406979
0.115413097497204131247627856283
0.11550250750785660824870859642
0.115592011246873793695044696506
0.115681608864599008712481520433
0.115771300511743113759166590171
0.115861086339280217050173860116
0.115950966498503754698035095316
0.116040941140977696410807595839
0.116131010418571919973196315823
0.116221174483513212116747581604
0.11631143348826411543228687151
0.116401787585628122001502049443
0.116492236928703044029909108303
0.11658278167087936239010304007
0.116673421965876378258997192461
0.11676415796772614263954181979
0.11685498983071852807658075335
0.116945917709506186366041902147
0.117036941759029317067231090732
0.117128062134509422498318542694
0.117219278991558970015596230496
0.117310592485982856381099281862
0.117402002774028027531905138403
0.117493510012139784626228333764
0.117585114357149148056613796598
0.117676815966174116989684250711
0.11776861499663950072491758192
0.117860511606305007337169854509
0.117952505953239250580111274758
0.11804459819581038237945591618
0.118136788492733638133991291852
0.118229077003021973424345958392
0.118321463885997790743687119175
0.118413949301350240883579090223
0.118506533409014430668904083177
0.118599216369339913179636880614
0.118691998342886101402982035324
0.118784879490619083020064294942
0.11887785997383613911804189911
0.118970939954095494828223422701
0.119064119593308564981626318513
0.119157399053719262327355465914
0.119250778497891132823305326838
0.119344258088734639366990109011
0.119437837989431236418447213055
0.119531518363570718466171172167
0.119625299375001117874184330958
0.119719181187950204914294261016
0.119813163966925415038211610863
0.119907247876827979804481572046
0.120001433082852687617148035315
0.12009571975052224512836573922
0.120190108045720028817626712225
0.120284598134633685662109314762
0.12037919018382564617652974448
0.120473884360134189663860126984
0.120568680830815622151419574948
0.120663579763381573206615371419
0.120758581325721578436649394916
0.120853685686099887597322322108
0.120948893013041514077343663303
0.121044203475457939900294945801
0.121139617242642452787926288238
0.607764506007729354841728763859
0.199945252842224252542990825532
0.194546153756301826165397983459
0.189139554540411536365240863233
0.183725444636428425493335225838
0.178303813457477977610921016094
0.172874650402976809404620439636
0.167437944878639860535329830782
0.161993686228993349907057108794
0.156541863823936255872837364223
0.15108246699374416888161931638
0.145615485065522853869168784513
0.140140907326183089542936954786
0.134658723077429931525017536842
0.129168921568112743392120478347
0.123671492061935964223984285582
0.118166423794853939210902638024
0.112653705985149635293574021944
0.107133327815056675347271664123
0.101605278479377628131352651053
0.0960695471323231714455559426824
0.0905261229229695763009999609494
0.0849749949947623817170239135521
0.079416152457669836328690848859
0.0738495843863702511322699706398
0.0682752798743392064206858549369
0.0626932279728072278102146697165
0.0571034177373334478344801823368
0.0515058381766192729944719985724
0.0459004783146073069843851044425
0.0402873271272923133556886909901
0.0346663735847292792113805148801
0.0290376066500835673667157976752
0.0234010152614539355953038324287
0.0177565883209287941890686113311
0.0121043147525910065737120291374
0.00644418342386867196158739545808
0.000776183200454387198230499222973
-0.00489969706977783948931293167561
-0.0105834685545751049778884222974
-0.0162751424455939083801858657807
-0.0219747299366236589768242026821
-0.027682242272418618178608795688
-0.0333976906955337840554598471954
-0.0391210864412987330274162900423
-0.0448524408104430324928380002802
-0.0505917650929904455514574124209
-0.056339070612997421694245758772
-0.0620943686966542660043977264195
-0.0678576706948434554833582410538
-0.0736289879776601402516789107722
-0.0794083319347456129122519996599
-0.0851957139825273712663289416014
-0.0909911455305502242518755906531
-0.0967946380310735904339836110921
-0.102606202942939414568535028138
-0.108425851746854082224835735815
-0.114253595946845198927377396103
-0.120089447055264836317078902539
-0.125933416616671040033637041233
-0.131785516174955735779761312187
-0.137645757308719723921441868697
-0.143514151609235834916589169552
-0.149390710689577627112711866175
-0.155275446179343523667171211855
-0.161168369726489402182778576389
-0.167069492997013874235889829833
-0.172978827678642060883262843163
-0.178896385472613744793690671031
-0.1848221781177358524761444869
-0.190756217339267092336640985195
-0.196698514915311178929968605189
-0.202649082599964586171026326156
3.55692413738191390049919785621e-10
0.304125287278046441130641142081
0.25741435724296407583366885774
0.218582213628015109563307305507
0.177015332348571141629633984849
0.12747187925479067094336471655
0.0782785839847802145108346394409
0.0660801318947782101442811608649
0.0274305171941021976034225104968
0.0133111516023500763006293112767
-0.0275356766301162077248410042785
-0.0453509368905924414860919569037
-0.0701092705265322635455049748998
-0.0789129586554657147523528237798
-0.0936366721000024687660001632139
-0.105435879137037752384387090387
-0.126373211070138297129616944403
-0.126317688909603598190756201802
-0.134585772945698289859706164862
-0.133156495921300438434187185521
-0.146809715356634312710681911085
-0.147626928604223495167246937854
-0.14484303464313405540586643383
-0.135801353007194869348950305721
-0.136760688616733655509349887325
-0.138814951661956592632307661006
-0.125447993957264580799915165699
-0.113694861067135721821586002989
-0.115267128083362882517981518049
-0.0879907649409411574126238519966
-0.0921577788113164542149746694122
-0.0803250076328043682849511242239
-0.0681318145581513850972399382044
-0.0679759179893937998118147447713
-0.0524131104645005480024977373432
-0.0371401265880348940839894567034
-0.0232273383235574691629832244644
-0.00870137564929306453476165472694
0.0103281734293269675944992869177
0.00377489471157394212291746882215
0.0336413124887099401760792716232
0.044467941865494006736803100921
0.0554863445183793532744509491295
0.0556524420009570155998268603526
0.0778376784017124345727012268981
0.0789651991663197078130664863238
0.107438296117626563841440656688
0.109299523178611357465683795454
0.11208873259363844043789981697
0.115107915837778004841673862302
0.116679006049000888456390612191
0.127501664722607432889134315701
0.131442037881955464673211508853
0.131410813283485139457695822784
0.13249150847594634572423899499
0.126497751823521381586701295419
0.1372054611194884754521439163
0.12864678436119794668890392586
0.117239657193856969263912048973
0.113382847734051939170285550063
0.0967033484605801518796397431288
0.0879059697659954619730626745877
0.0676284624902873249263635102579
0.0372937839562468495535618728809
0.0151162507490182271285839021857
0.00499753904957548483745100043052
-0.032442488879145657543201508588
-0.0651529230124597430462429770159
-0.0911471050696221335440938560168
-0.138577329332965792918486158669
-0.177938379701636645302542660829
-0.21148651652558625446687301519
-0.264609695000376066165159727461
