3
41.4597009647150542832605424337
0.114612982619140782447608728489
0.114701545568646492978537310137
0.114790200888527607614442160866
0.114878948726481938669152782495
0.114967789230480885165341931042
0.115056722548783657567028626545
0.11514574882994553506332380266
0.115234868222810191151772585272
0.115324080876525777994423549444
0.115413386940532006197379644163
0.115502786564572190730615375287
0.115592279898686700612131517119
0.115681867093200885232562313831
0.115771548298750984185012669059
0.11586132366625997991427254874
0.115951193346990527599515985457
0.11604115749244818533991718823
0.116131216254477989680005123319
0.116221369785223238579874305287
0.11631161823713023761861506955
0.116401961762919198273280585454
0.116492400515656180370882566422
0.1165829346486965956142256573
0.116673564315692535053869960393
0.116764289670619303418419576701
0.116855110867741945890330157454
0.11694602806166183583957973724
0.117037041407232186851494759594
0.11712815105968220341647878513
0.117219357174520519282445718545
0.117310659907555389636080178661
0.117402059414917769863961893861
0.117493555853071765526784986378
0.117585149378741468662035174475
0.117676840149030056958956436119
0.117768628321292145866294731604
0.117860514053254650246316259654
0.117952497502897074577177249921
0.118044578828583948681973936345
0.11813675818897491354153572729
0.118229035742982380163823563635
0.118321411649948415867328321838
0.118413886069451190774515225712
0.118506459161409491431804497097
0.118599131086071701846051951179
0.118691902004012778126806892942
0.118784772076136913021571217541
0.118877741463625216655763949802
0.11897081032803984157464327609
0.119063978831228919896823015279
0.119157247135377730717920030656
0.119250615402999762815205997413
0.119344083796941988206974372133
0.119437652480345019023744157494
0.119531321616742639002417547545
0.119625091369935862561924011516
0.119718961904085069436476373994
0.119812933383673700382665572306
0.119907005973502026052734947825
0.120001179838736538041388257625
0.120095455144858462293022682843
0.1201898320576791356906198871
0.120284310743348291095067281731
0.120378891368327384236991406397
0.120473574099460384312365590631
0.120568359103918817942791008591
0.120663246549160482756768431045
0.120758236603036209211303741995
0.12085332943370478975264603605
0.120948525209707766214783930536
0.121043824099857880161046352896
0.121139226273383804333150237653
0.00464780556013480710547680629929
0.199945216897476019113355505397
0.194546102398842624126018563402
0.189139488184752124766419001389
0.183725363693018062249961985799
0.178303718345951378587699309719
0.172874541552335836414044933917
0.167437822699975563667251776678
0.161993551147268877166141010093
0.156541716261112795471888148313
0.151082307371949414731560068503
0.145615313801368856383433580959
0.140140724853956122331055667019
0.134658529808846599840066460274
0.129168717942111987984077359215
0.123671278504500464778814716738
0.118166200728753487125821663994
0.112653473826014649539217771235
0.107133087007888136432676162713
0.101605029450217779207754631443
0.0960692903071010129156803714068
0.0905258587519346541450104837168
0.0849747238889570766229297760219
0.079415874852108631065661370485
0.0738493007273346158125804095107
0.0682749905815896174221535375182
0.0626929334978678642897875761264
0.0571031185033918503579641878787
0.0515055346349406126260639382508
0.0459001708821043796771022016401
0.0402870162537905668331816855243
0.0346660597173187937092286858842
0.0290372902268358212829468811833
0.0234006967196794153640571067854
0.0177562681114813020188947234601
0.0121039933027856667219213093745
0.00644386118596127627222713840638
0.000775860616039196720854220767905
-0.00490001954412658084769827127047
-0.0105837904687609649784230114733
-0.0162754633661934093591394656642
-0.0219750494130181890650721499014
-0.0276825598531191367779324963294
-0.0333980059229180836766204265587
-0.039121398870443198358959335792
-0.0448527499956156219806935325778
-0.0505920705748817492453106581252
-0.0563393719347617533133032452497
-0.0620946654115367008275327975753
-0.0678579623378432611469079915878
-0.0736292741035095427148959856822
-0.07940861207978214264535665734
-0.0851959876820583411616283342482
-0.0909914123355440584983711005407
-0.0967948974766472958197738307717
-0.102606454568899108092949745696
-0.108426095096227886882545021763
-0.114253830551601709419884400631
-0.120089672459220503375476596375
-0.125933632342949519689057069627
-0.131785721762790630773309885626
-0.137645952301764684655438486516
-0.143514335531863046480083312417
-0.149390883071848640240020245074
-0.155275606553113537655619325051
-0.161168517625082746702602776168
-0.167069627952190324915449082255
-0.172978949211978760835961566045
-0.178896493119378358072069090667
-0.184822271394290804646942660838
-0.190756295783330087623141935183
-0.196698578038437155157680535922
-0.202649129930727284198965776341
2.74757497419815726515763477363e-12
0.311637670031535696235636123674
0.256380419250018531940327193297
0.20972128489696817421616970023
0.167193777912665542118020312046
0.125544100737734060091455035035
0.0978494474923206902783334726337
0.0533678219502931386331034957493
0.0266841789972497439586973655423
0.0139005633944790842754235526968
-0.0249622930595613939930288438518
-0.0374202211696411518593308187519
-0.0634578251830455741799852376062
-0.0784609039675553537884766797106
-0.0976591176339470234957218508498
-0.116430235119917083186358297553
-0.122693172768144939666079551444
-0.130238333022952984530107300998
-0.129231627429839762699614880148
-0.137686194977282794216222328032
-0.137934427357028571714536724357
-0.141379154061975487177704735586
-0.141997129938138649807299884742
-0.14088433303248670824814325897
-0.141940301791227158068053881834
-0.132425343298934072855388421885
-0.128209631206657043156482700397
-0.112552061383628540514045823784
-0.114096958926301783598944439291
-0.10416678586886303492509142643
-0.0884207733340421769829831077914
-0.0811184512451471884109110987993
-0.0742839078376405503867374591209
-0.0580791860619058394887836982434
-0.0508133901409715676988909649481
-0.0400610076739785839206042794558
-0.0180524862569660243805103050363
-0.0139703076214344867195249477732
0.000675967752105442461034445766899
0.0254710284238810341639336343178
0.0246556362547539868745882785106
0.0354777935362281457432054310175
0.0498999706431440259724041652589
0.072270664273960338874758235761
0.0782136520584551381274351911088
0.0898597184688662981022488907001
0.0823542117241127108462350747686
0.104909905139737510970654454923
0.109553083527082012471609573367
0.114379485363224037142160227631
0.127843347442368471256202155928
0.117245219767618841233414173075
0.141179707513428120968512757827
0.131273669729742831213670228863
0.141660741146800356338175674864
0.142934498799533654667115456505
0.13417890647734506681665322958
0.126722111845611828950808330774
0.116418272945750855829061265467
0.110251357620482146049134541954
0.095972876140138593803463606946
0.0764151753001230810147248462272
0.0634726370959517727232679362714
0.0382735335339462537374011219526
0.018436025913519293178977065395
0.000354597205779213987993092604967
-0.0287089689985089505097626272345
-0.0591977991936485717361371428069
-0.092252886126947347689153389183
-0.135344314514773800262048553122
-0.179736481094729838581258718477
-0.210060019791116880938375288679
-0.268665121260712846940066356183
