2
2.5239191573582315797352748632
0
0
0
0
0
0.706573438993418734277440762526
-1.24510788636288295631033825571e-16
0.707639721404199950605118374369
0
0
0
0
0
0
0
0
0
0
0
0
0
0
0
0
0
0
0
0
0
0
0
0
0
0
0
0
0
0
0
0
0
0
0
0
0
0
0
0
0
0
0
0
0
0
0
0
0
0
0
0
0
0
0
0
0
0
0
0
0
0
0
0
6.07822888293008965673305463162e-07
0
0
0
0
0
0.707639721404200061627420836885
5.16238605334277807372997733955e-10
-0.70657343899341862325513830001
0
0
0
0
0
0
0
0
0
0
0
0
0
0
0
0
0
0
0
0
0
0
0
0
0
0
0
0
0
0
0
0
0
0
0
0
0
0
0
0
0
0
0
0
0
0
0
0
0
0
0
0
0
0
0
0
0
0
0
0
0
0
0
0
