3
55.2879909870807040306317503564
0.113850344763391689295595199383
0.113959235707764464096136691751
0.11406825678887594355259693657
0.114177408257084389564539605999
0.114286690363372550605092214937
0.114396103359274317612381821618
0.114505647496897941528537501199
0.114615323028945600980499364141
0.114725130208698553047064194743
0.114835069290002061981326164641
0.114945140527338285352243474335
0.115055344175728768707500648816
0.115165680490796853985280279176
0.11527614972874600240970721643
0.115386752146389229278788945976
0.115497488001138737256923150198
0.115608357550986959316752233917
0.115719361054489544571310943866
0.1158304987708611705210515197
0.115941770959878412416976800614
0.116053177881921903980000365664
0.116164719798002358253086185869
0.116276396969678216808397053228
0.116388209659174096666234277109
0.116500158129274333784763939548
0.116612242643404556696751228628
0.116724463465577354970292844882
0.11683682086040364511703160133
0.116949315093156702705101679385
0.117061946429697277816117662042
0.117174715136474705268199159036
0.117287621480588272193656962372
0.117400665729779918322606135916
0.117513848152351330078602131834
0.117627169017270785666973154093
0.117740628594097562764630993115
0.117854227153065649336127762581
0.11796796496498410111719579163
0.118081842301288125751668189878
0.11819585943411882456022254928
0.118310016636169676451650900617
0.118424314180825704378996476862
0.118538752342032358000345482196
0.118653331394447100755051849319
0.11876805161332414095820553257
0.11888291327458633261926479463
0.118997916654747765141664217481
0.119113062031006120000675707615
0.119228349681222936529145783879
0.11934377988387910585199591651
0.119459352918070305094033756177
0.119575069063622349552211687751
0.119690928600925380886899063171
0.119806931811111128105551415501
0.119923078975856439720715229669
0.120039370377623133556710399716
0.120155806299414760762722664822
0.120272387024974683478184545038
0.120389112838669834482097087403
0.120505984025562201678027918206
0.120623000871320690263743813375
0.120740163662357000151637009822
0.120857472685691941238772528777
0.120974928229035078031117222963
0.121092530580766744030540849053
0.121210280029957512271110431357
0.121328176866319928373094683138
0.121446221380300020675768735146
0.121564413862938452970396951969
0.121682754606059706503629058716
0.121801243902051326006841236449
0.121919882044123364939203213453
0.0140983462997908304964456149833
0.20006342836249615957378011899
0.194691163563886743270714418941
0.189310674991412908330090658637
0.18392195070653441502095404303
0.178524978761809338667632118813
0.173119747192557515980126936483
0.167706243994414833098360873009
0.162284457171007340248181094466
0.156854374690227116317942090973
0.151415984501698630548816026931
0.145969274542997268229171936582
0.140514232728584514964254026381
0.135050846951836445164474298508
0.129579105097341634733609794239
0.124098995019827768038211956991
0.11861050455231225697616537218
0.113113621512839115923476640546
0.107608333707271908163960461025
0.102094628912918025664957610843
0.0965724948864718629737424748782
0.0910419193751398347913550423982
0.0855028900962614135661254977094
0.0799553947543423376709270655738
0.074399421026770440334985323716
0.0688349565862020201789661655312
0.0632619890682128149794749560897
0.0576805061043543718102277750859
0.0520904952910692733980546620387
0.0464919442112774541908670755674
0.0408848404353976263569947491305
0.0352691715064722896566529186657
0.0296449249547102895718797554991
0.0240120882707660632249258014781
0.0183706489512625026350178814027
0.0127205944622264238014208714844
0.00706191224313293657716128493007
0.001394589721311653967433796808
-0.00428138570179751112854127370611
-0.00996602663347458464504491360003
-0.0156593457105182951027977367175
-0.0213613555913268332586696374165
-0.027072068949249614155938559179
-0.0327914984830626962675204083553
-0.0385196569009104636260865106578
-0.0442565569470766695392427436673
-0.0500022113717075444849768928179
-0.0557566329558726800352808083971
-0.0615198344975180222427013632114
-0.0672918288081874732542431161164
-0.0730726287350370040662994597369
-0.0788622471251733681008033727267
-0.0846606968766149270422260997293
-0.0904679908636069896044062943474
-0.0962841420231650840788617529142
-0.102109163294183902248590811723
-0.107943067633508568703426533375
-0.113785868031272996425684596034
-0.119637577484075011136077648644
-0.125498209015129480459194155628
-0.131367775673619180398787875674
-0.137246290524597691629082873987
-0.143133766654886224189979770927
-0.14903021716799347284876375852
-0.15493565519078231207394935609
-0.160850093889973344563060209111
-0.166773546417687157372711226344
-0.172706025960607356672937839903
-0.178647545754989173216742415207
-0.184598119025692425365647864055
-0.190557759010281407840992073943
-0.196526479009278304266317149995
-0.202504292307314898158310256804
2.07476619935972056533128400698e-11
0.307256031845312249650703506632
0.25735541610158918501838343218
0.212147774422001972327578300792
0.170786322975472332208468628778
0.130352801225675801743975057434
0.0933876405512973489786432423898
0.0610516163371774139845271633931
0.0312465437569475895651649466345
0.00322243708845300867726901827837
-0.0218589597345960548469001594185
-0.0438524900707978823599653139809
-0.0636462208899885445445576692691
-0.0806565655630617217575206723268
-0.0954989314020736890231688676067
-0.108609597280251560236230545797
-0.120187470446566038728697378701
-0.126829017529569210154249958578
-0.132636749618175953102650055371
-0.139533532138804733380155198574
-0.143852723609275812144403516868
-0.144590118102283199386093315297
-0.143718575455003022556255132258
-0.140902883156985042623077220014
-0.139430216160240871836606402212
-0.13083632202268732913630344683
-0.127098461091509296050361399466
-0.120180171375525668420181091278
-0.114779971142751971435735924842
-0.101708653762239531470612519115
-0.0961392427460950604878320291391
-0.0826798193916355034227549936077
-0.0739226021290300544519524805764
-0.0603276184898164924419461385696
-0.0463179687865241176969455239032
-0.0329093277443357409839386207295
-0.0242588112980262234075201632777
-0.00961393764161009786728406822931
0.00302909582877246849955121810183
0.0145601721866827297363622406579
0.0277956820914156445267995110271
0.0388314603052232615310046526247
0.0544707941292997127602504292554
0.0666051251465027138731755940171
0.0771845896431595929199076522309
0.0891312314765550506301394761977
0.0966875329514620407422853531898
0.104232057020851559547836018282
0.11292485767005595864720390864
0.118681140574689925060170025972
0.124846773197834090551872066044
0.131281032937673458604876941536
0.133201146243768581145516805009
0.13414624068687905356078715613
0.133349746020400505841507765581
0.134907044443919904574968882116
0.128360778951259690838782034916
0.123843875750507106947573277012
0.117642528059212922442178239635
0.108464023202756346120345654072
0.094204698763243416292922916
0.080966556776913889414970526559
0.0614248810464086483773549218768
0.0435250711893240202488009060744
0.023550573791952408159167120516
-0.00422809949911583625448141532388
-0.0311417736391989101452093535727
-0.0622384780157583319959435641522
-0.0981912767582531348375951552043
-0.132046766949428573401092990025
-0.171965406822307376177860760436
-0.215716543946769034878485626905
-0.262497773515184218418028194719
