2
5.48848417465306859241991332965
0
0
0
0
0
0.706524312123431919019367342116
-1.1452231146632869806240045197e-16
0.707688770843872383409234316787
0
0
0
0
0
0
0
0
0
0
0
0
0
0
0
0
0
0
0
0
0
0
0
0
0
0
0
0
0
0
0
0
0
0
0
0
0
0
0
0
0
0
0
0
0
0
0
0
0
0
0
0
0
0
0
0
0
0
0
0
0
0
0
0
2.0408978228214548336150787472e-06
0
0
0
0
0
0.707688770843872494431536779302
3.07472348691120940960734631819e-10
-0.706524312123431807997064879601
0
0
0
0
0
0
0
0
0
0
0
0
0
0
0
0
0
0
0
0
0
0
0
0
0
0
0
0
0
0
0
0
0
0
0
0
0
0
0
0
0
0
0
0
0
0
0
0
0
0
0
0
0
0
0
0
0
0
0
0
0
0
0
0
