3
284.213050074819705059780972078
0.113715148995334705550597220736
0.113827628017662788040276211632
0.113940244286580019683619013904
0.114052998072523434358593874549
0.114165889646489646103155735091
0.114278919280142582381998295205
0.114392087245779996984573756436
0.114505393816377198934475245551
0.114618839265479763311894600974
0.114732423867352967272736918858
0.114846147896824138379123780851
0.114960011629445038594532491061
0.115074015341356736263911386686
0.115188159309392301743457664998
0.115302443810966312454091564632
0.115416869124247645217451463395
0.115531435527977219268613851
0.115646143301573842143703529928
0.115760992725144729043051938788
0.115875984079395255577082934906
0.115991117645754829301729671442
0.116106393706284810596329748478
0.116221812543689309582539692656
0.116337374441400159819082205104
0.116453079683449617354185079421
0.116568928554571349387458667479
0.116684921340184724614097433459
0.116801058326353318639334588624
0.116917339799828587376673283416
0.117033766048030715700711823501
0.117150337359059414366058149426
0.117267054021714250966468284787
0.117383916325463175112098213049
0.117500924560417996378447469397
0.117618079017460533397532174149
0.117735379988092761505136252254
0.117852827764518330866394535406
0.117970422639636113304462128326
0.118088164907065487629900246702
0.118206054861039785985887817787
0.118324092796595475851617607077
0.118442279009385004195920032544
0.118560613795775801615484112972
0.118679097452872958640135436781
0.118797730278477162157990676405
0.118916512571042173873614444801
0.119035444629767686586241381974
0.119154526754561451706848629328
0.119273759246041152759509884618
0.119393142405534335992456362874
0.119512676535099282570939749348
0.119632361937452275091331443946
0.119752198916099575343174876707
0.11987218777525017465723777832
0.119992328819772148262856603651
0.120112622355356288283978472009
0.120233068688327227047096812385
0.120353668125798785037972038481
0.120474420975597198979478719139
0.120595327546272293450790868974
0.120716388147074346615106321678
0.120837603088094810988017968612
0.120958972680037774027894670326
0.121080497234413719809253962012
0.121202177063472707474467426891
0.12132401248015771411115082401
0.12144600379823251856681309846
0.121568151332146129339761841948
0.121690455397124586145451985431
0.121812916309150531812832696232
0.121935534384926450024444477549
0.122058309941940557052930671489
0.079858996465284923238492353903
0.200091279690313844641380569556
0.194723188364388372084690104202
0.189346761009082820148563541807
0.183961985477706896352501075853
0.178568849620421021828775565155
0.173167341260562768212594164652
0.167757448208300741221421503724
0.162339158246744913460801740257
0.156912459145788080183692159153
0.151477338650254700347375091951
0.146033784493645846236375973604
0.140581784383103647328994156851
0.135121326013148357336746130386
0.129652397050017936797061679499
0.124174985144002242298810756438
0.118689077935078823866632546924
0.113194663026484718115760585988
0.107691728015362905845897500967
0.102180260471443740133423716543
0.0966602479519271112762268671759
0.0911316779861621184544162588281
0.0855945380937365302154162804982
0.0800488157587508075696547393818
0.0744944984707859858552581044933
0.0689315736687787089520540462217
0.0633600287976741755047171977822
0.0577798512685634771401943510227
0.0521910284791973141937937441526
0.0465935477969943237508410049941
0.0409873965777594675974349058833
0.0353725621660952102565111943022
0.0297490318698983499667853891424
0.0241167929799896742226739121406
0.0184758327797525344349249820652
0.0128261385138878445527632621292
0.00716769741989086751898785365711
0.00150049671435905154770473757253
-0.00417547640991716966646363218274
-0.00986023478474977801977452429583
-0.0155537912535011254439032413188
-0.0212561586837700343399770730457
-0.0269673499647356540442899586196
-0.0326873780066870012195323624837
-0.0384162557345748070791735528928
-0.0441539961033323227757030338125
-0.0499006120778424377970594605358
-0.0556561166513255337062737737597
-0.0614205228373409517494962983619
-0.0671938436659847704301995463538
-0.0729760921943984480764200384328
-0.0787672814859480402427394096776
-0.0845674246472159080179054058135
-0.0903765347831723964144856608982
-0.0961946250405906755354124015867
-0.102021708567637328646249272879
-0.10785779854566319990727407685
-0.113702908173005573511105126272
-0.119557050671583120493579599497
-0.125420239280563672323864921054
-0.131292487267954588459062392758
-0.137173807907718880993996890538
-0.143064214513801302164353046464
-0.148963720400713706126794022566
-0.154872338927107250361459023225
-0.160790083451909704415072610573
-0.166716967374866881224093617675
-0.172653004093967221699301717308
-0.178598207053566909729980238808
-0.184552589698708968679596864604
-0.190516165507869456030576316152
-0.196488947981836192813176467098
-0.20247095063234210599034668121
1.32360954683987987859542027418e-10
0.307043122414214331161730342501
0.257310767947708463054823369021
0.211851284020870084257026633168
0.169760666061284509753548377375
0.130014411343886332472763456281
0.0960511804151410186758397458107
0.0606606586694885610566707612179
0.0316550046122448316965325432193
0.00251554720815353165946914870688
-0.0209722089810780061569506216301
-0.0426728694075984849032323609208
-0.063608061358922982075903007626
-0.0821465030916113808645562244237
-0.0954935093557269382147367764446
-0.108850817885835324250187738926
-0.12052405602448412746952044472
-0.128724619305358944920669728162
-0.134035552965524967783395027254
-0.138226480958577230273576219588
-0.141945181268383513462083556078
-0.143675637307713072177151047981
-0.143088944783601651478122107619
-0.14156475675391355650845071068
-0.136155012289937371594561454913
-0.132698704477494933140491184531
-0.127969573759068255824900006701
-0.121439081425065209529634557839
-0.113508690529390762757877553213
-0.103531595341766466389366030398
-0.0943060107335355612967475735786
-0.0820651010732305480344095371947
-0.0719426848714494193703927749084
-0.0608784319123243586324711884572
-0.047960095151257077505935200179
-0.0354430085269468800324155211001
-0.0236619936427999409678246678368
-0.0105608214142810068192357420003
0.00301164370335832909039708304988
0.0146436846790918995947494707366
0.0282285486876639943321087855566
0.0421070281478588895329728813977
0.0534257621230531110079198242602
0.0659569438889161668848615249772
0.0769428616518637448207229567743
0.0860469515310806482011329876514
0.0976682495984347864848018616613
0.104525826599303747754809990056
0.112615981894149314035402653644
0.119823030537796526573401934002
0.125513712344158340217248337467
0.130110841291787626694542723271
0.132033411163741343230526581465
0.134870459590726271548177805926
0.134679671749315749140762932257
0.132249215785024187841401044352
0.130300540238553697047763080263
0.124048222388405404714717406023
0.1149621917873384080444054689
0.104793623046948489174745589025
0.0957816661468569308102161130591
0.0814627772695307172945433649147
0.0623627276778156713898937368867
0.045526618878991925720711719805
0.0239555665925260188875434153033
-0.00297563084367425453174993421612
-0.0297852482052817987834281154846
-0.0613136501063923297638602605275
-0.0968360324206258421542159453566
-0.131612746869667535110082212668
-0.173199949184292129045203978421
-0.216608117997774768381802346084
-0.264475161919850709768553542744
