3
360.417816825475995301530929282
0.114345331651866263800165768316
0.114441046319209163706354104306
0.114536866137404838572599885538
0.114632791288012098052107035073
0.114728821953037796177454765711
0.1148249583148253927245008299
0.114921200556147115601213215541
0.11501754886012105494330626243
0.11511400341028417415589757411
0.115210564390516578825440774381
0.115307231985159824860787125544
0.115404006378893350670544748482
0.115500887756788267468621711487
0.115597876304329716390384419356
0.115694972207391305607515619158
0.11579217565222331420837775795
0.115889486825496559885273484269
0.115986905914262791728042145678
0.116084433105956383314172342125
0.116182068588454479041160993802
0.116279812549990591019621888336
0.116377665179196371214587202303
0.116475626665159689987483204732
0.116573697197295128580307732591
0.116671876965464840769648446894
0.116770166159927898941184309933
0.116868564971351340808780605585
0.116967073590803105620494761752
0.117065692209750535357493106403
0.117164421020084189017929077181
0.117263260214066508679842115725
0.117362209984436471899016396492
0.117461270524271632620383343237
0.117560442027104292139760843838
0.117659724686887179334604525138
0.117759118697936551733995713676
0.117858624255019431292801357358
0.117958241553350093311358648407
0.118057970788467581080283252959
0.118157812156421751503820871676
0.118257765853630930630302486861
0.118357832076934246789967630775
0.118458011023636344827281163816
0.118558302891398278933188237261
0.118658707878305333394131082514
0.118759226182976587726791706245
0.118859858004307206158500775928
0.11896060354170105710647220576
0.119061462994969391449018303319
0.119162436564368895419718796802
0.119263524450578500823993977065
0.1193647268546451228887761431
0.11946604397816885934080488596
0.119567476023076185720483977093
0.119669023191764742342080296567
0.119770685687058855983799787737
0.119872463712235088895141643661
0.119974357470993386876045860845
0.120076367167471220742669402171
0.12017849300622823749407075411
0.120280735192297691393825687101
0.120383093931146406552201710838
0.120485569428619265774926816448
0.120588161891120523860898572366
0.120690871525371209993515719816
0.120793698538645091766774442021
0.120896643138600670686066962389
0.120999705533346546548756350603
0.121102885931452478041059350744
0.121206184541943443044864636704
0.121309601574287842518096169897
0.121413137238368495918194867045
0.0579920986900576140854468576435
0.199977289231704602467942777366
0.194588393546938187572692413596
0.189191722219514441016841033161
0.183787264163879832112868939475
0.178375008250608424464900281237
0.172954943363708257830779757569
0.167527058347515606095967655165
0.162091342028282098253200160798
0.156647783232788828655657198397
0.151196370754620640353138583123
0.14573709336933907132483057012
0.140269939847374652819311791063
0.134794898922410144592731739976
0.129311959324572428586819228258
0.12382110976570810667585220699
0.118322338932936518829386329799
0.112815635487091767141798470675
0.107300988102152661252119969504
0.101778385392410200549484500243
0.0962478159895166218706918925818
0.0907092684860262149504350759344
0.0851627314672762508740433418097
0.0796081934829750287319072299397
0.0740456430879613686224516300172
0.0684750688137566870805628127528
0.0628964591552892277048769642533
0.0573098026002596405703570781043
0.0517150876231465758681160593824
0.0461123026792966753117930522876
0.0405014361972637279563080880962
0.0348824765907316744484312209806
0.0292554122568952322536173227263
0.0236202315798682178915601781455
0.0179769229107589918748022483896
0.0123254745901375528660537383985
0.00666587493654355409816725241967
0.000998112264045584226396234939216
-0.00467782515656499798401002365722
-0.0103619490574067777549638336154
-0.0160542711905947155237583956477
-0.0217548033257413536700752842989
-0.0274635572593003654540133595674
-0.0331805448038827582868393051285
-0.0389057777850735572733320566385
-0.044639268050429690981584229803
-0.0503810274740151137207178067001
-0.0561310679433558376572044323893
-0.0618894013566764489286953221381
-0.06765603964166005956926142062
-0.0734309947515073835333510032797
-0.0792142786394785247683358875292
-0.0850059032950823134644480205679
-0.0908058807234188858359402729548
-0.0966142229390314216663782076466
-0.102430941980988371442506945641
-0.108256049923270883383885632156
-0.114089558840125573913049095154
-0.119931480825841471626880263557
-0.125781828002110740438723723855
-0.131640612511622567826208296538
-0.13750784651306738326503875669
-0.143383542179939704741542527699
-0.149267711714851120108349391558
-0.15516036733033675143467178259
-0.161061521268710761134457243315
-0.166971185782175818301809044897
-0.172889373149290065390104587095
-0.178816095665836394257297570221
-0.184751365651484228402878784436
-0.190695195442460302404086291972
-0.196647597396096801558584843406
-0.202608583885501569721299119919
5.03759290708567828408853231736e-11
0.304973705121056926081735127809
0.25736191840706384992287780733
0.214072334842640044083594830227
0.169691747453106750453954987279
0.132782079635780592141713896126
0.0912397641272359033459693478108
0.0589325291835019818287300097381
0.0324185637659016659406496785323
0.00359683498341777617424153135062
-0.0206604868235296008915913290593
-0.0419149415583232529125545795523
-0.058362915823345365429197784124
-0.0830415746399219972806449163727
-0.0993262640662151280457337065855
-0.109171249723297392186793786095
-0.118852723912324875765733622757
-0.129323814047723306686066280236
-0.136773371247535135974970899042
-0.143610981499182194243147137058
-0.139603933307972716271194713045
-0.144200452336687823251537565739
-0.140031907378241421424647228378
-0.148455164509819159679437916566
-0.141558503686583209146832018632
-0.127919129227171829432663230364
-0.128683574559341651344368528953
-0.120214792206562545717751788743
-0.109685756906699072299460340219
-0.0989647987497021403013874873977
-0.0916910953385849936125850945245
-0.0816754085959619513523932710086
-0.0707045884193254481342449935255
-0.0628788179233652627653228250892
-0.0510953060943152570505532139578
-0.0384924308562947306566748295609
-0.0189915569375697090848120751616
-0.00799682218024897611963197618934
0.00767722548044496352209753453621
0.0188189642888302623158214288424
0.0286313098991836795237375667966
0.036280902051236643690579342092
0.0583882329471006600307703138242
0.0640691707151439526768399446155
0.0746247455013487742681022041324
0.0824617699451903052310086650323
0.0901899342206223669782261254113
0.105454154117260098799668810443
0.112236350372261761698666759912
0.119615794567146466187423925476
0.125591151467998124457992048519
0.134359593750228489827946987134
0.130820705091891920091029533069
0.13537251915562539816839660034
0.13905243781146328641007414717
0.13390499416273621280382144505
0.128950409613544231257620253928
0.121329627523228525398657495771
0.112680769789483187226508675849
0.109650511866008021355511914408
0.0976392567144865747286175405861
0.0816667792663107738881933528319
0.0635288584832844199778989491278
0.0426760691643011183527001151106
0.0205802937303508695632281444432
-0.00345143229153233293410307780391
-0.0290420817808293360573479446884
-0.0611337757036851670022770122159
-0.0979426525348165294415636594749
-0.132520865380604785377371968025
-0.176014867941107266968714384348
-0.21450312448843134038867219715
-0.262785058556525841222395456498
