3
79.4967639010054654136183671653
0.114301385188453924479645706924
0.114398272259671821005078129474
0.114495266630940520369286161895
0.114592368489693494093550896196
0.11468957802371385068518350181
0.1147868954212114267487976349
0.114884320870781361789703112208
0.114981854561421181770697330649
0.115079496682535808993463888328
0.115177247423963291517168272549
0.115275106975888497196081061702
0.11537307552895138818005449366
0.115471153274175120095890179073
0.115569340402993006589049684862
0.115667637107298409970823627191
0.115766043579291474929782168601
0.115864560011674194717201658023
0.115963186597544121170244579844
0.116061923530376975843836362401
0.116160771004093096858689193596
0.116259729213001261616255987974
0.116358798351872697041109461225
0.116457978615843948944075236795
0.116557270200512139157744684326
0.116656673301892485627995199593
0.116756188116375253516210364069
0.116855814840801999765496077544
0.116955553672439718781994599794
0.117055404809009652722373573397
0.117155368448591021279803214838
0.117255444789719956433238223781
0.117355634031376429571302821842
0.117455936372937413958439378803
0.117556352014255363624961603364
0.117656881155555462226125484904
0.117757523997490287648304274626
0.117858280741233362176600962812
0.117959151588292426859894135305
0.118060136740664747834195225096
0.118161236400754751652009133522
0.118262450771423263673476355962
0.118363780055957837356039874521
0.118465224458074627755799212991
0.118566784181963424948946794757
0.118668459432182085699913898225
0.118770250413837277769779632308
0.118872157332393049711249943812
0.118974180393759065843539701746
0.119076319804343883079766897026
0.119178575770969616409722391381
0.119280948500901623487990832473
0.119383438201835570535713770823
0.11948604508198609752689378638
0.119588769349925017060343179764
0.119691611214761892134639253982
0.119794570885978710061969820799
0.119897648573560347551314464454
0.120000844487951910388723320011
0.120104158840027633314839761169
0.120207591841117275577310863355
0.120311143703024356343966871918
0.12041481463801237405952804238
0.120518604858806555046868425052
0.120622514578550263375511519826
0.120726544010928873995602828018
0.120830693370008346310129354606
0.120934962870376458421439735957
0.12103935272705587666841609007
0.121143863155566577916033565998
0.121248494371846940453885110855
0.121353246592360769495755334901
0.121458120034017749699906119076
0.0134439488846303471097920478883
0.199983704014766228151955829162
0.194596389432941802022369870429
0.189201256555046049001589381078
0.183798294203488865594664503078
0.178387491181601381962096297684
0.172968836284591448437808480776
0.167542318276298535240087517195
0.162107925903490601715617458467
0.156665647902694382676003215238
0.151215472993590255290641266583
0.145757389869034220675203528117
0.140291387214820512108204297874
0.134817453686737198648160074299
0.129335577923103933750681449055
0.123845748554602133606472591509
0.118347954194515075920790536657
0.112842183415883048902550456205
0.107328424803438585155568318896
0.101806666902503603622243133486
0.0962768982435154574428537443964
0.090739107346778216656169036014
0.0851932827088240085533499268422
0.0796394128072537149654053223458
0.0740774861012996749254355677294
0.0685074910315215945821876175614
0.0629294160210274455824475126064
0.0573432494785959256944352091523
0.0517489797814829552424775727104
0.0461465953059741126884851780687
0.0405360843954981620029798250471
0.0349174353773176876503114840489
0.029290636569708951991719558805
0.023655676262192698589004180576
0.0180125427226414565329282169159
0.0123612242159426618387518814757
0.00670170896629158213686494605099
0.00103398520012040924520579920909
-0.00464195889158199644780600223726
-0.0103261351247092986183062635064
-0.0160185553431095341336831694434
-0.0217192314011074583124383252652
-0.0274281751817689149752776955893
-0.0331453985831118430605002345146
-0.0388709135140818118347993959105
-0.0446047319144879106378454025617
-0.0503468657457819129819043268981
-0.0560973269746265421065167799952
-0.0618561275939860308326068150109
-0.0676232796179960932159147546372
-0.0733987950867520944076005662282
-0.0791826860381892871920683774078
-0.0849749645474305453918262287516
-0.0907756427087421796651156569169
-0.0965847326255331040112395157848
-0.102402246435528254675517700889
-0.108228196284681124628157533607
-0.114062594338384448722223396544
-0.119905452791076935770142597448
-0.125756783840731661827661014286
-0.131616599721067956130227116773
-0.137484912675043258190044070943
-0.143361734980618910073602023658
-0.149247078911087044383876332176
-0.155140956786854217197557659347
-0.161043380923970941287493019445
-0.166954363668685851207484915903
-0.172873917394267273550667596282
-0.178802054487529282766899996204
-0.184738787346705790604062258353
-0.190684128405908343006913696627
-0.196638090108632923591613916869
-0.202600684923138152360166941435
1.20847908089082164963042797077e-11
0.308314168886587081086503303595
0.261099402984492912072056469697
0.208326623854102777055885553636
0.171414810818145940674028793183
0.133879212836329863911544180155
0.0880796055431875279939646361527
0.061678927936986482905012962874
0.0259370707908404517227918262279
0.00540582131104435335833269249406
-0.0256865988284733087754219127419
-0.0477489232811974598225113197714
-0.0662340574182816027581921503042
-0.0811932893335862576611461349785
-0.0964109166167539249903128961705
-0.102622406913137384498746484951
-0.121383445152153060520028304836
-0.128898625830343144249567899351
-0.131669017881515915124879256837
-0.135762347243969544452468767304
-0.139094199910456045587991980028
-0.142856362089579386198678889741
-0.136984461995020428970448733708
-0.137682646144289877465638483045
-0.139801044691175158085627572291
-0.130685899336191374553450827989
-0.131983314287170666601056723266
-0.118117165476537278046009760146
-0.111314836191212893079516277339
-0.102786798788525132741789036572
-0.0955475045333194356045325434934
-0.0839919701832295556576113426672
-0.0743737171266449781370511118439
-0.0601745979452056184433317298499
-0.0488317943648139823897835753996
-0.0353808191906586702590864490503
-0.0253703459040757368925245174296
-0.0101695658046590912959583619113
-0.00153071290526375332688435726425
0.020777076092169478871429788569
0.0299930807577020487608709942151
0.0425998922667254961704763616126
0.0537806039098227134376273284033
0.0659372160656404859846446697702
0.0692631818925692893662571236746
0.0879964318344621382328440972742
0.0958339186412930643665930574571
0.104273399973795158346412392802
0.111907363507954618619955056147
0.113495780791646183605081432688
0.12699896608915911544457344462
0.126534563490779822236831364535
0.132844900990823716613320470969
0.131608655935832236094640279589
0.137708006677735472766954671897
0.134887334273006392892924054649
0.128758635673601296023349505049
0.126968545986788083901330992376
0.118168950034938796678218864145
0.112450257543168993801252497633
0.0962562818854508367438782556746
0.0835452942060197212281735801298
0.0621162759343442880122232452322
0.0453347795645071757753008512282
0.0208765850595061738803615014604
-0.00189093482803965782200472656172
-0.0343663884208075809389981714048
-0.0596055927555818459984138257823
-0.0920964828789982981049888621783
-0.13300430346997393904473483417
-0.17585899978664945586537271538
-0.216298237651352587285202844214
-0.267596910967519419077831344111
