3
531.191766300852577842306345701
0.114279600739307263257416025226
0.114377068785854754673358968375
0.114474645203041819341294171863
0.114572330181126058601392969649
0.114670123910836474490082537159
0.114768026583293131226426453395
0.114866038389992777823955805161
0.11496415952291266782125944701
0.115062390174356848904224648322
0.115160730537110012061674524375
0.115259180804335226167012251608
0.115357741169637706413197975053
0.115456411826991164892852737012
0.115555192970838480071016363127
0.115654084796017089797892651859
0.115753087497774062586408660991
0.115852201271810839600107101433
0.115951426314172892362286404477
0.116050762821447869810320696615
0.116150210990522972931415779385
0.116249771018768308095125973978
0.116349443104014987904193390023
0.116449227444446065660166311773
0.116549124238722837110238117475
0.116649133685893080514262010183
0.116749255985472311092365771401
0.116849491337390601342072216084
0.116949839942005390236445805385
0.117050302000139452851534827005
0.117150877712962162013887734702
0.11725156728218970314525648746
0.117352370909891506878253153445
0.117453288798602895059985939952
0.117554321151281254698162115346
0.117655468171369917418367379014
0.117756730062681599924268027735
0.117858107029511618990547106023
0.117959599276604751305619345203
0.11806120700913508292373421682
0.118162930432690785331750760179
0.118264769753361143056480386804
0.11836672517764096346226665446
0.118468796912494747641808601202
0.118570985165313849685198022144
0.118673290143961177034448439827
0.118775712056720730847025890853
0.118878251112367452901885656047
0.118980907520080753103641768575
0.119083681489551951315775113471
0.119186573230864512051851988872
0.119289582954614850618391130865
0.11939271087181359265461111363
0.11949595719396467752293489184
0.119599322132971058740835701428
0.119702805901271969180044152381
0.11980640871171856221000240339
0.119910130777665047130398079389
0.120013972312867159275562300991
0.120117933531601342456163195038
0.120222014648577915640892399551
0.120326215879006187536859329157
0.120430537438519100201794742588
0.12053497954327711816358004171
0.120639542409825634150521977972
0.1207442262552921308227382724
0.120849031297167258669489342537
0.120953957753516541662186511985
0.121059005842794026319708677875
0.1211641757839919675276973976
0.121269467796519550550904398278
0.121374882100320116706804185469
0.121480418915822813152871617604
0.0920016900832539424870404332069
0.199986987798374704627946130131
0.194600448194135133839210993756
0.189206069395481929484859051627
0.183803840166441523340523644947
0.178393749291548359137138390906
0.172975785519613595164756247868
0.167549937566694839841119346602
0.162116194150426745634874237112
0.156674543956847267534016054924
0.151224975679771223013858616468
0.145767477965639880022052921049
0.140302039448477522398661676561
0.13482864875567335261052903661
0.129347294483857150337868802126
0.123857965225526431285452133579
0.118360649546122284614391162449
0.112855335986057736530341344405
0.107342013075524198018051436065
0.101820669339153707655398761744
0.0962912932508196289793644950805
0.0907538733049148005349593404389
0.0852083979391703577599415098121
0.0796548555986463097111638376191
0.0740932347075994590657188609839
0.0685235236593793178849765013183
0.0629457108366142520372576996124
0.0573597846046282472398658569546
0.0517657333066402283727747146713
0.0461635452709977175955735617663
0.040553208806986040801945136991
0.0349347121864641146915531066952
0.0293080436952049237786521729277
0.0236731915794983170664433913544
0.0180301440770591139828304960702
0.0123788893905279386714601841391
0.006719415721400369412297237659
0.00105171123806184854156120511703
-0.00462423589551854904988736905125
-0.0103084375476965722784328249872
-0.0160009055994660767674453438758
-0.0217016519511900041194962795998
-0.027410688527292888932995751361
-0.0331280272621951865641420909014
-0.0388536801091446948319685361639
-0.0445876590569755995585587982077
-0.0503299761032813680605713102523
-0.0560806432526866627252815078464
-0.0618396725516612497108859258788
-0.067607076054531284325932460888
-0.0733828658321671045694500890022
-0.0791670539795896188728363540577
-0.0849596526153359177246926492444
-0.0907606738637085352916500369247
-0.0965701298828419846254078606762
-0.102388032843905157909247805037
-0.108214394939584290789014175971
-0.114049228381341030691409343945
-0.119892545399989627896708554999
-0.125744358246677984114469950327
-0.131604679192257129072274324244
-0.13747352052685515855223741255
-0.143350894559259006699747374114
-0.149236813624249536891497314173
-0.155131290070362470867593174262
-0.161034336262611682544232394321
-0.166945964605971330918521289277
-0.172866187491374223572648816116
-0.178795017360177138643351213432
-0.184732466662988759065200383702
-0.190678547870937020736192835102
-0.196633273469501518304625165001
-0.20259665597588907837156568803
8.62137979059582890294576562314e-11
0.306150665057880411179525026455
0.255983868390474433862635805781
0.21174900475408178768255140767
0.173186318740610606381480351956
0.130110915254218306724709464106
0.0942453017236244416920953881345
0.0608065572150916222593508564387
0.0305037422933681044712184160517
0.000993335927361568967949856379107
-0.0169120384952236441078454731723
-0.0445663819939095956490504590874
-0.0664985376093598229418901723875
-0.079586665400811704151884384828
-0.099324288534207980094770107371
-0.106799297336368156918773308917
-0.121630989605443731726985845398
-0.123194050546747382868240094922
-0.135538680500067149070630989627
-0.136161588509919412315340991881
-0.142575083754426706894591347918
-0.143115622149894594627994592884
-0.143495219766245407644333909047
-0.143848348824872157569743080785
-0.13451159716828023360513100215
-0.133918620606344351831040739853
-0.12771969292023011011139033144
-0.120463881694901658869767402393
-0.113380285164705177369803834608
-0.105755884804613245475657379302
-0.0957769795361380349429936131855
-0.0858959216271048126012388479467
-0.0711670808952374472911017733168
-0.0635196984442313455909712160974
-0.0506777110302754213444487163542
-0.0351743104424553851283796745975
-0.0246245399914947760144912081159
-0.00915637761051756732255668680409
0.00633879260090974231550697837179
0.0174138356943656646969031953631
0.0296879589442806228472004903551
0.0438555360927782231228455600558
0.0549387891248548990152933413356
0.0658027687859754767396580632521
0.0809246265244767670754555410895
0.0873899835305113892314210488621
0.0968694071778819637552615517961
0.107730500291350547725777175856
0.109946169081651126675502894159
0.122398442137394952711204609841
0.126009705749622918924401915319
0.126919048720738170121791199563
0.135809957392084679206334385526
0.132452969643043316771979789337
0.136478551831487160406197745033
0.130694822855880216083690470441
0.126419484686921268501436088627
0.121784694427702996910589661184
0.11680960444636410977548024448
0.105253609330702574409244220988
0.0966940501275028452266013800909
0.0802606863536683284854333919611
0.0637596056790972615102575105084
0.0457012144449431417791984699761
0.0192893385979698225862755123217
-0.00245906541506873922361964268646
-0.0317175455943750211895704183007
-0.0628663308743262344568947241896
-0.0957142145735065674738706320568
-0.133840520972552168288416396535
-0.16970096900917291948829301873
-0.219609342615449648628001000361
-0.260419812314544085740664058903
