3
172.235345731820927994704106823
0.114881215304736258864259923484
0.114962590572506073716141372643
0.115044045968397304346986231849
0.115125581608868515770538465404
0.115207197610560155287551253878
0.115288894090382801338456886242
0.11537067116542082390040491191
0.115452528952960237207392424352
0.115534467570525239965562036559
0.115616487135849252410046972273
0.115698587766868449255852624447
0.115780769581757481123673869661
0.115863032698897916450420098045
0.115945377236875021842443800324
0.116027803314493832553822016962
0.116110311050789352660395081784
0.116192900565018963909835747472
0.116275571976623137704365262834
0.116358325405284804276995203054
0.116441160970934431961865129779
0.116524078793653909635885668195
0.116607078993820056922459116322
0.116690161691978946945091877296
0.116773327008900140722147398264
0.116856575065614129438351653789
0.116939905983322184335193583138
0.117023319883479484659893898879
0.117106816887767084534033301679
0.117190397118071013005113911731
0.117274060696501217226916935488
0.117357807745429351675703344426
0.117441638387386720898675207536
0.117525552745194813986095994096
0.11760955094185956970598283533
0.117693633100612232711412730168
0.117777799344935873993023278672
0.117862049798536649980462698295
0.117946384585337876726995887111
0.118030803829486552469774096608
0.118115307655366000294527850656
0.118199896187577715989114324202
0.118284569550998724940527040417
0.118369327870669588387286808029
0.118454171271907368612197331004
0.118539099880223486316310754773
0.118624113821420823500218943991
0.118709213221463105725206332863
0.11879439820660316062816974636
0.118879668903277058156220391538
0.118965025438219129672035023759
0.119050467938332266149004112776
0.119135996530788573766201920989
0.119221611342981634318327621713
0.119307312502573495405222558929
0.119393100137407864869132367858
0.119478974375599691915006417275
0.119564935345512157738312453148
0.119650983175716693618362285179
0.119737117995039082929409346434
0.119823339932538380780968623185
0.119909649117522359995646752395
0.119996045679512608472805368365
0.120082529748301317096270679485
0.120169101453927201772486910158
0.120255760926614718719918073475
0.120342508296910011278413321634
0.120429343695519261436821523148
0.120516267253460818142940524922
0.120603279101967317266108636886
0.120690379372490427800634904543
0.120777568196784521048492422324
0.120864845706795412394463085093
0.0114652582479454600433710353968
0.199929068580402713450894225389
0.194518372258319693912653747248
0.189100489408660171752885048591
0.183675410072292238927715857244
0.178243124308341938100141987888
0.172803622136740692161183119424
0.167356893587464833350608728324
0.161902928629929748760574170774
0.156441717260783264009660342708
0.150973249444737112057168815227
0.145497515134917654311408341528
0.14001450424076405942841461183
0.134524206711988114637534863505
0.129026612432600856772424435803
0.12352171129213797284851494851
0.11800949314864835060223668961
0.112489947876653978431349401035
0.106963065289632355825411025307
0.101428835215151502691099949516
0.0958872474719103529139374586521
0.0903382918423391717555048785471
0.0847819580830896368794924455869
0.079218235961968155867118923652
0.0736471152192103989397864438615
0.0680685855694559693862544236254
0.0624826367313260633284954792543
0.0568892583702907198017761913889
0.0512884402000772302021580628661
0.0456801718519350488656449726932
0.0400644429621193134960499548924
0.0344412431535131499660273846075
0.0288105620515033550299577314036
0.0231723892431752558074276038269
0.0175267143034006506185917828589
0.0118735267790326583930982096149
0.00621281621809080704388339455591
0.000544572140480365299297638159715
-0.00513121594416768214003132797529
-0.0108145585354387282345234311265
-0.0165054661771374087952946041469
-0.0222039493866154589996053658751
-0.0279100187458522185079967670163
-0.0336236848382816463920441663049
-0.0393449582281115706194896119996
-0.0450738495583009671219265612763
-0.0508103694159139501751454304213
-0.0565545284762707309300644453742
-0.0623063374097206565394024835314
-0.0680658068652850584134839095896
-0.0738329475510830085527302912851
-0.0796077701841896023804423521142
-0.0853902854969714741883990427596
-0.0911805042186481923272012295456
-0.0969784371428679958793139803674
-0.102784095039784098557511526906
-0.108597488680300183205851283219
-0.114418628924963988735541420283
-0.120247526574989341274779519608
-0.126084192498634284351766154941
-0.131928637561641332043294028153
-0.137780872652405100842187835042
-0.143640908653029475416929017229
-0.14950875651815639932884494101
-0.155384427163984373265748217818
-0.161267931556800386827532634015
-0.167159280667202203574106533779
-0.173058485487301794147896316645
-0.178965557019639898150842327595
-0.184880506312744552488425142656
-0.190803344378281336535252421527
-0.19673408229826216953028961143
-0.202672731163015873434574132261
3.60339702850137523133750920717e-12
0.295325884316111952898609160911
0.290388526001919833330333631238
0.21857525942127342677423484929
0.19738486362963295062122881518
0.118330570746670568627045838639
0.0627802606875511176598436691165
0.0487949945944950516651950067626
0.0192634708130947004955935142334
0.0140345251619992221481236782665
-0.0319713842050138377648416110333
-0.049581220922251215132980917133
-0.0681186110934793170867962430748
-0.0976850273980604116852433094209
-0.114382235917594124452456583185
-0.108000132428819201058090015977
-0.102577632280208205783900154984
-0.143255242376453567620941953464
-0.136497036621240880327476929779
-0.122228823584907372867824904006
-0.15197087429047789752800667884
-0.149157906577578214246670995635
-0.160281522307735901922143284537
-0.134857197566849162928548366835
-0.110435926436714099141411793426
-0.12378777277255675892675412797
-0.11974265292104960267671742713
-0.112860798178108789890927710076
-0.0963569914336601801574389014604
-0.0849090660309458622467815303025
-0.0888293842829348812006884372749
-0.0760802334419044407054499856713
-0.0792560789955903816084159529964
-0.0537115258919612231780504885137
-0.0518560790949756100776113498796
-0.0259609385479690618625525644347
-0.0137796725257049463425618185397
0.0221569590637216221051808417997
0.0015779094575984055175144060712
0.0330996288088094281487627768001
0.0378350037683379616937351386241
0.0306661585244349596535151647458
0.0347795376022776853153217757608
0.0371770267121060912773877760173
0.085831171772641629003075536275
0.0715255705610298858632134511026
0.0848179226842778188899529823175
0.0812591277751082419200656659086
0.105140010276952244883119647056
0.114027180400250310876586468112
0.119433785008151341355819852197
0.125767495889632235916977265333
0.106499054857640426674514344541
0.13284314684407827478196395532
0.130934427168452049983216056717
0.127694317494068371177107223957
0.100561032263832908495437834517
0.135798379190623486056921365162
0.14325510818095663068127976203
0.153627729125740714044567880592
0.096608035844056430740955931924
0.0940065700558475186854323624175
0.058979436661318350443306002262
0.0197351933358586272004853157114
0.017484110974166484214764594185
0.0207307443970221327855796289441
-0.0103661214122345614330189533803
-0.0731805573580355944729447514874
-0.104646429501038279452629353727
-0.129110041593854057984103178569
-0.187752086122838779402854925138
-0.217172011330921427285645108896
-0.258333586050382202348174587314
