3
18.8441779510973539402129972586
0.114085659787424131828004192357
0.114188294621031236064645497663
0.11429104750349822205990335533
0.114393918651626472215987462278
0.114496908282648982013718352846
0.114600016614291574934547668363
0.11470324386477954992091810027
0.114806590252818224717756834252
0.114910055997596308174912849154
0.115013641318783152445170969713
0.115117346436521050812018529541
0.115221171571512237541412559949
0.115325116944853006684112983748
0.115429182778196734449061011674
0.115533369293685267420457307708
0.115637676713915574233659810943
0.115742105262026245826589843091
0.115846655161633685371391777608
0.115951326636834786687479947886
0.116056119912280208961163907588
0.116161035213040511604454252392
0.116266072764772090963880657455
0.116371232793554588158535523235
0.116476515526061891181441865228
0.116581921189370371627624933808
0.116687450011156546025858915527
0.116793102219563307841987409574
0.116898878043213680366640971897
0.117004777711322172084607018405
0.117110801453529200788494790686
0.117216949500020914398668026024
0.11732322208152501374911480525
0.117429619429273088271337144306
0.11753614177498049320202966328
0.117642789350915488721938118033
0.117749562389841647136456970202
0.117856461125071906859140824508
0.117963485790417127452300860568
0.118070636620244140413404920764
0.118177913849398796841683179082
0.118285317713266516226333635586
0.118392848447787080168325246632
0.118500506289416190908170278817
0.118608291475127358705066171751
0.118716204242419687275855721964
0.118824244829373038001563145372
0.118932413474550080501046522841
0.119040710417069303672654712045
0.119149135896575081305925891684
0.119257690153255491161132795241
0.1193663734278709309677424244
0.119475185961647398236173955866
0.1195841279964274250779965314
0.119693199774568118098905245006
0.1198024015389618640581304021
0.119911733533069539414661619503
0.120021196000896362976462228289
0.120130789186948527813569853606
0.120240513336334772787061808685
0.12035036869472745535425417529
0.120460355508300046012415407404
0.120570474023817125752700007979
0.120680724488617857614869421923
0.12079110715051891156157637397
0.120901622257982510610929693939
0.121012270060002924410014202294
0.12112305080608413987430793668
0.121233964746388672706345346342
0.12134501213155425569656387097
0.121456193212857582741648343472
0.121567508242082733538325101108
0.121678957471612558816076443691
0.00395582998096305482604861936125
0.200018971934404737877954971736
0.194639098885158401408546069433
0.18925120692543079270464545516
0.183855284488059628200673500942
0.178451320005984181982228164998
0.173039301884721247182241654627
0.167619218527040370059211227272
0.162191058280909072841780016461
0.156754809517739568391903048905
0.151310460566709464869106227525
0.145857999736443810778752094848
0.140397415335920511259004683779
0.134928695628625888724982928579
0.129451828889098119468314962432
0.123966803343674464299439819115
0.118473607225113797269955284719
0.112972228734757387802467576421
0.107462656055080305050886124718
0.101944877345981899097182576952
0.0964188807640707912227640008496
0.0908846544360918107141600330579
0.0853421864617368020056176192156
0.0797914649324791003248691367844
0.0742324779312557719856968674321
0.0686652134938184471879552006612
0.0630896596606640852611391778737
0.0575058044439794788238451417328
0.0519136358413245513343525772143
0.0463131418215897774914857620843
0.0407043103445501389114902224264
0.0350871293412938975442294520235
0.0294615867366834170704148476716
0.0238276704221661340954430130523
0.0181853682790148497849802566861
0.0125346681705548086693813303327
0.00687555792721932998445844020807
0.0012080253738372005029022560052
-0.00446794169192853401345599806405
-0.0101523554846195095124894436367
-0.0158452282440538806673746563547
-0.0215465722360931762058289251627
-0.0272563997221156074923786860609
-0.0329747230147779540887498228585
-0.0387015544210569106819974649625
-0.0444369062910126011445299809566
-0.0501807909681033920135106995986
-0.0559332208351475887453396751425
-0.0616942082926286369803925424549
-0.0674637657502261262054688017997
-0.0732419056461831724513800168097
-0.0790286404414495408099483597653
-0.0848239826056148837896131453817
-0.0906279446396545257380594762253
-0.0964405390553939312336950706595
-0.102261778396889324582730296243
-0.108091675216139770920875662341
-0.113930242086756408625980441229
-0.119777491617429093784252813748
-0.125633436415293009424942738406
-0.131498089119447131301043896201
-0.137371462394273780027731390874
-0.143253568912730083750872722703
-0.149144421376864594330768909458
-0.155044032507460183278880094804
-0.160952415034497170465144222362
-0.166869581735155592117081368997
-0.172795545373177344972148716806
-0.178730318762401141352569311493
-0.18467391471918712109179239178
-0.190626346091372605995317712768
-0.196587625739106680589074471754
-0.202557766548046497279145228276
4.6395470129851974179719327223e-12
0.308818558826751687895750819735
0.257108580665805663834078131913
0.210418855874110993786629819624
0.168896030949317821345800894051
0.129593779244526807747917018787
0.0952021082822602643380704989795
0.0620458563676198476821710414697
0.0290017294758861989001363923535
0.00209380574747145692393601734693
-0.0197210729580932671300974590167
-0.0429710338119976067994265633843
-0.0664392053457123765713987495474
-0.0815008957779914805508170161374
-0.0925614531521162658966872527344
-0.109111935469926105146676320601
-0.119944017670384622809010011224
-0.128236544174392147477092862573
-0.133862722570578324132739567176
-0.138404441209481615659981912358
-0.144867746599755292669087225477
-0.14121310916197646334602211482
-0.143655325739363931569769761154
-0.140882303716850482144806733231
-0.136313378142846886031946951334
-0.134313716870403832004399191646
-0.124590728533207587003239780188
-0.118698708019435009153319526831
-0.110773346800326702443761917039
-0.105067537864577995043724456536
-0.0887778726028886910892623518521
-0.0846042346495096547753789195667
-0.0737225736824246719036679564852
-0.0603862412055145708622561073753
-0.0508775762780501600301974463036
-0.035791277751986774746661978952
-0.0231909336506126127763760536027
-0.013181329586325941233271308306
-9.59579990906359226897001657441e-05
0.0169433383594389148918413212641
0.0264948370479680117561827046302
0.0413585475486100903608210899165
0.0530387060692324927013707736023
0.0663429642975688071970807868638
0.07629908077121062837111509225
0.0890438292849210638602031053779
0.0954319316974576031809007758966
0.102714421928754295887387115727
0.114785163791742528260897415748
0.11813936603112210055321895652
0.127200894931124797171406726193
0.129779360326444548334734463424
0.132561325213789216181936581052
0.134928752770894694323899898336
0.135373688521901763825994180479
0.135200724648394471349988066322
0.129199956316422392976761557293
0.123569785505156959359851498448
0.11696324802896600203450105937
0.109003684923085958358157654402
0.0924967901412146326078911329205
0.0835130220282213758808964598757
0.0627406262156392779960611960632
0.0445190060718638619396969602349
0.0215178208429932446565935322269
-0.00314365585852120679039023443124
-0.0301120901582748352887097809116
-0.0629957528321587745256948664974
-0.0951506336733238256009315136907
-0.132750541738095417798604103155
-0.171409297788433723219725379749
-0.219442801995121450353565251135
-0.263528936059228724442249358617
