3
46.8810554706537985225622833241
0.115017212679764613270094741893
0.115094935373676279799504129642
0.115172732223561280484602775687
0.115250603331313372645894332891
0.115328548798981675438390936961
0.115406568728840308590832819391
0.1154846632232766900916232089
0.115562832384911759464607428072
0.115641076316504415322228283003
0.11571939512101168945346074679
0.115797788901559298158083777253
0.115876257761457407413629994153
0.115954801804203061488252046729
0.116033421133452732676438756698
0.116112115853046690694405640443
0.116190886067034260253905131322
0.116269731879609886093795978468
0.116348653395147397238140740683
0.116427650718228095638728802896
0.116506723953610724642260265682
0.116585873206215093200732724199
0.116665098581169704439197687407
0.116744400183745503096766071849
0.116823778119451715529208968292
0.116903232493924494339587738523
0.116982763413045878775342600875
0.117062370982827027021677679386
0.117142055309461645684621089458
0.117221816499393047261712297313
0.117301654659178314354939232089
0.11738156989560058485189131261
0.117461562315597595196337010748
0.11754163202635437013299224418
0.117621779135173881725151545652
0.117702003749577038815843366137
0.1177823059772565711389447074
0.117862685926154536764087765732
0.11794314370429150040653354381
0.118023679419988286598552917894
0.118104293181658395739397349189
0.11818498509799091333860587838
0.118265755277791220767547031301
0.118346603830128446754876847535
0.118427530864197785853697553193
0.11850853648938779183463765321
0.118589620815356788785521757745
0.118670783951852085169598183256
0.118752026008882391461263239307
0.118833347096637134687746595318
0.118914747325465031124736015045
0.118996226805935564896365974619
0.119077785648818448849262097156
0.119159423965057270633494113099
0.119241141865841310254481300035
0.119322939462433053048329156809
0.119404816866443316825119325131
0.119486774189579841864983222877
0.119568811543781419737264570813
0.119650929041177286893393727496
0.119733126794057981312491278914
0.119815404914996606611232721207
0.119897763516692984486766704322
0.119980202712062583580987507048
0.120062722614238323592950052898
0.120145323336505821520958647852
0.12022800499241051430665550015
0.120310767695637407803666008022
0.120393611560149951800191558959
0.12047653670000266212802841892
0.120559543229558571719728377047
0.120642631263359556559322527391
0.120725800916078498947747732473
0.00213935112674319520553734008672
0.199929704431401206177199014746
0.194512399528525781189358667689
0.18908808695797216237188820287
0.183656757160818417951020364853
0.178218400572844937190808423111
0.172773007510632958805274483893
0.167320568408442560404125742934
0.161861073641622194019262792608
0.156394513515798583291882550839
0.150920878356008925091913397409
0.145440158518992807001879441486
0.139952344299481556966213702253
0.134457425949275510834723945663
0.128955393760536024538865262912
0.12344623796720341490917860483
0.117929948831974454326321222197
0.112406516569624817525330229273
0.106875931394023973575180264106
0.10133818347955439453933479399
0.0957932630173435190057418253673
0.0902411601756099301940849954917
0.0846818650867911110191599277641
0.0791153678910858637607361742994
0.0735416586960987161969427461372
0.0679607275917252506847177073723
0.0623725646651643109152907129555
0.0567771600066710319110185878344
0.0511745036344031234420981490985
0.0455645856308737676187980980558
0.0399473959540875070417520475985
0.0343229246570259591275764421425
0.0286911617087435739936740475287
0.0230520970860733330487502001915
0.01740572072350195578782638961
0.0117520226117847140234751179833
0.00609099263574400858617385878802
0.000422620723337994172799647607519
-0.00525310327495743731307520363316
-0.0109361894085426188116816348384
-0.0166266478667716766093320757136
-0.0223244887913254738687207634484
-0.0280297224163063539437157345446
-0.0337423588063662585612156874504
-0.0394624082532990805294303982009
-0.0451898809632569412042535361707
-0.0509247871597694398704270213329
-0.0566671371120698805223803162789
-0.0624169411049428912718894935097
-0.0681742093607241445019084835621
-0.0739389522239639329637128639661
-0.0797111800130933384478382208727
-0.0854909030702117184175037323257
-0.0912781317509097633866588239471
-0.0970728763675887673656461629434
-0.102875147391371213334565482
-0.108684955144090933387701625179
-0.114502310116589928190578007161
-0.120327222684388224216434082336
-0.126159703295201680584014525266
-0.131999762485737803796581602001
-0.137847410671781855917572556791
-0.143702658410430200719432036749
-0.149565516158897182652509627587
-0.155435994482047590281581506133
-0.16131410394661141460836972783
-0.167199855111132417162522756371
-0.173093258568491448201598359447
-0.178994324870675375338535673109
-0.184903064699860564257249961884
-0.190819488683133947626302528988
-0.19674360747499136659044438602
-0.202675431693201374416801741063
5.76754988908541557169748403003e-13
-0.210324009679430323771498478891
-0.264554463173476861470589938108
-0.168261351588241625520936395333
-0.0804692389223944787302045256183
-0.191180511439305506060648554012
-0.0990643930051487847654456686541
-0.104779661517837227591165571994
-0.0327299100212897764450303839112
-0.0325343040134825345344182778717
0.0273699159604343031371165295695
0.060583104656760644601831700129
0.0163332130786604835803732527211
0.0598703490642218949524533400108
0.0559242189805620876219549586494
0.192766382661249319196983265101
0.0911404861393140669489909555523
0.0936828694676161699561589557561
0.132642018735332739565180304453
0.207142088828325132698893185079
0.0621787907076175663800832182915
0.141614838493795747176307031623
0.182705734555415472142314570192
0.107207509035366521654708549249
0.146209415408746545850249276555
0.120337668500511044133993721061
0.0658854219444975075514747686611
0.121333638036493024481288216521
0.0790247215554597259856706159553
0.0659208325160847291579457873922
0.181699388034058800789338761206
0.108179663441329995676731812182
0.0194009865274168309678959332132
0.0648407944690217452610170312255
0.020976769298547977282698440149
0.0163810904605810742085125752965
0.0408225052572625465852063086913
-0.0837562287161636859211810701709
-0.0249818396247944857213596492329
0.0223632637859371603827884911198
-0.0164059538413560100644783545931
0.0159782372379175773013937345013
-0.058926955168396945305975265228
-0.109764672886436917553787395718
-0.163403032175661266922617187447
-0.0485597178289427777730935531508
-0.141594378423525707466623657638
0.0755479974809949439418232941534
-0.169539067636140322603566232829
-0.128349783427127051016469749811
-0.0808059133930488782127099511854
-0.0935480002700097984513760707159
-0.153779616747189429304398800014
-0.00967328581412650254089946599834
-0.121763188007436670701189029842
-0.216720305842331179002613339435
-0.0853015835395252719486336445698
-0.15472278952943346874704388938
-0.120580217065901482142997735991
-0.031487903087924928868801544013
-0.178834600588137604404437297489
-0.0167675985304021404886931634337
-0.00839120593247720709950687734135
0.0432349468591282509732920402712
-0.116058899527798506379205889516
0.0814273104218134480269952746312
-0.0762188454101790924255510617513
0.0170311923648054190649769878974
0.173080034547855837745444773645
0.157931740394108122149674500179
0.186072630240943892587779373571
0.158482622416465074310920613243
0.180477844122772179691338578778
