3
654.972912335726846322359051555
0.11453851015669397339635793287
0.114629065019942313896628149905
0.114719715755112056099207507032
0.114810462519061365349593017982
0.114901305468979933466222576044
0.114992244762348080899805324862
0.115083280556975905972727503013
0.115174413011024212583066628213
0.115265642282882926905607234858
0.115356968531360459806478502287
0.115448391915541778707243736335
0.115539912594854993210802263093
0.115631530729007531155261290223
0.115723246478094579647866169125
0.115815060002475475608996191568
0.115906971462867505739957607602
0.115998981020328989499645899741
0.116091088836212094625999213804
0.116183295072189288199560053272
0.116275599890305433858905814759
0.116368003452890542148701058522
0.116460505922640636389253643301
0.116553107462560368023929413539
0.116645808235989703605106626583
0.116738608406603203149209946332
0.116831508138402553886869839062
0.116924507595732973808111410108
0.117017606943264088070755235549
0.117110806346022416901675455847
0.117204105969338029380466537077
0.117297505978873214949054215595
0.117391006540708622840618602368
0.117484607821154010687259017232
0.117578309986913487339421635625
0.117672113205042366823604993442
0.117766017642912904084262493143
0.1178600234682288389054249933
0.11795413084907033218762251181
0.118048339953858466566671836517
0.118142650951290839600460458314
0.11823706401051745085162281157
0.118331579300965591960981271313
0.118426196992401228103020116578
0.1185209172549686468256524563
0.11861574025914317642715900547
0.118710666175773915664848345841
0.11880569517602482254581275356
0.118900827431459132910163134511
0.118996063113902914021302592573
0.119091402395635037603227601721
0.11918684544920721268823626815
0.119282392447593477147194107602
0.119378043564088889838536999832
0.119473798972309530608271188612
0.11956965884628406593392924151
0.119665623360379141937315239375
0.119761692689319798610370071401
0.119857867008151763865697603251
0.119954146492365534837354346109
0.120050531317737768643993945261
0.120147021660433284129254616346
0.120243617696949231521408307799
0.120340319604219980753612162516
0.120437127559441928270622668151
0.120534041740274641685282119852
0.120631062324688009823603351833
0.120728189491012230516453485052
0.120825423417990948649070048759
0.120922764284657036082393233301
0.121020212270516805408426819213
0.121117767555346755870004926692
0.121215430319360537025907831321
0.0821534643806537540067225222629
0.199952802870435708548768616311
0.194556644186311245015019721905
0.189152905936851523094333060726
0.183741577404673395168543947875
0.178322647841581943817246269646
0.172896106518887981984278212622
0.167461942651854156505208948147
0.162020145458956071893297234965
0.156570704131570426209663082773
0.151113607856968229503635825495
0.14564884579021233901308107761
0.140176407089104254621858558494
0.134696280865231943213444765206
0.129208456233735669016482461302
0.12371292229140955221122766261
0.118209668099023529341806693083
0.11269868273876310071912598687
0.10717995523497522714073681982
0.10165347461373776261073231808
0.0961192298694556468419136763259
0.0905772100125273177395612833607
0.0850274039848737117619492664744
0.0794698007618920843064813652745
0.0739043892654397821528888812281
0.0683311584129211307958584598055
0.0627500971132957524600826104688
0.0571611942361998567885272848343
0.0515644386451025310558193837096
0.0459598191971913733189225581555
0.0403473246971367549562614840397
0.0347269439793876644184678070815
0.0290986658283165812444170938988
0.0234624790070742696157513051958
0.0178183722799358443267259133336
0.0121663343818750220581836885003
0.00650635403175248323848212095299
0.000838419937683250460214168242601
-0.00483747922968286690748040967947
-0.0105213547978884394695775483797
-0.0162132181201920834434648810429
-0.0219130805751674533066175598606
-0.0276209535388793371579740920652
-0.0333368484343690429927420382228
-0.039060776681897370343765629741
-0.0447927497234300725503786111403
-0.0505327790190683995286136109826
-0.0562808760763993595754861587466
-0.0620370523661023520745061432535
-0.0678013194166954408226288819606
-0.0735736887729260824464461165917
-0.0793541719833348035972875322841
-0.085142780623718369858998755717
-0.0909395262938219733905853559008
-0.0967444206015497659700841381891
-0.102557475171350664933100915732
-0.108378701658841322674753371302
-0.114208111739271325757449915272
-0.120045717085779074517759568153
-0.125891529414676822673513356676
-0.131745560449448323447896314065
-0.137607821941970714929581731667
-0.143478325638745907166793358556
-0.149357083330675960430866666684
-0.155244106822391564337593194978
-0.161139407929133282593170406471
-0.167042998491517907799774889099
-0.172954890370554836831473721759
-0.17887509544350507773025071856
-0.184803625602912247050113592195
-0.1907404927667911698208058624
-0.196685708881909199208237737366
-0.20263928587829008187704005195
5.4418230096832318819152595012e-11
0.305966760393917736049473887761
0.258972618578574342862452795089
0.211981947539102377753295058938
0.169843586060498069612023641639
0.13050319733340301486812506937
0.103028842497654551935148958819
0.0551493556687087382872647367549
0.0251762448629540246114455470661
2.04504848440456785661246963404e-05
-0.0235049199061899208307302444609
-0.0468181238383453060536432133176
-0.0608517371544311999609355723351
-0.0800660251932221872506190152308
-0.0995691627284761848759586655433
-0.106338158091215842504517752332
-0.113228215170934204403252465454
-0.133039762592964017073882132536
-0.132637618353188241338003194869
-0.129622582605247865794595441002
-0.142246812221353352567732031275
-0.141211553981432202942158937731
-0.142901831801642398289686752832
-0.144104863187137305358120897836
-0.140623216966100139657669387816
-0.132348304424049101335469913465
-0.134238797078359728409679973993
-0.122029322701290229846726731466
-0.112056564465075267356120036766
-0.103530193465082936965515614247
-0.0939847395819038838871151142484
-0.0800734318019666185817229120403
-0.0714288253117130733649275953212
-0.0687466150121606306422350485263
-0.0393715715160214071999256191248
-0.0334532273948368388816199114899
-0.028419142126630599770598095688
-0.00367661583841662892302437626313
0.00450432954143864788115747543884
0.0229365138241300788035648139385
0.0292169601356505360956195005429
0.0325028906366320730070285094371
0.055766210379767804095063610248
0.0568407768889534203982094595631
0.0828220229793878714996679946125
0.0893962692297454175616167049157
0.096188091985908080738809644572
0.109460800190225734929150291919
0.114205043903487984957578760259
0.121675683061663597595014607577
0.123157170872232726854811346584
0.12718560281395047129038289313
0.12781135151057904097982031999
0.134954161275581768775211344291
0.130687789346670218959545195503
0.137118276472474820426583619337
0.125852549007054281826611941142
0.126072005931925634758528076418
0.110880230746076627323937202618
0.107933270556260868522358009614
0.0921075893990917771159132598768
0.0837588078644383865478673101279
0.0580764957125464789666757781106
0.0496677102916485563310899919998
0.0182449180957751401488398101947
-0.000619719932259530444269846061189
-0.0214916627177163185868913330978
-0.0611995962923176303749350779526
-0.0956568527562008663611692327322
-0.129004012565051673355753791839
-0.176066607976685357561663636261
-0.218993579550610828476919778041
-0.266469526222173902496592745592
