3
1827.92955344876509116147644818
0.114677758175339261637049048659
0.114764587296346670663993450034
0.114851505777535806140932095332
0.1149385137587668886949288094
0.115025611380164996533359555997
0.115112798782157826904537500923
0.115200076105411358673435984201
0.115287443490866892137347576863
0.115374901079760422417663789929
0.115462449013609413928094227231
0.115550087434195203339726276681
0.11563781648355186959520324308
0.115725636304019177669211160264
0.115813547038223788043787010338
0.11590154882903794253401486003
0.115989641819657054999659351324
0.116077826153503024797508658139
0.116166101974304006305693803824
0.116254469426095005668564397183
0.116342928653158872442929805402
0.116431479800055304174577486265
0.116520123011655415967702253965
0.116608858433099815687938871633
0.116697686209795620237983371226
0.116786606487478183957762212231
0.116875619412140988040427203032
0.116964725130047977885716647961
0.117053923787774502573988399945
0.117143215532170746895346269412
0.117232600510405765570354219562
0.117322078869876639251046412937
0.117411650758326213672688709266
0.11750131632376428769681808717
0.117591075714485571168665956066
0.117680929079080204280316479526
0.117770876566462956436254216896
0.117860918325774485793111523435
0.117951054506503089092106506541
0.118041285258420489134856268265
0.118131610731591202290147180065
0.118222031076342021238545498818
0.118312546443340188551118785654
0.118403156983543020319693539477
0.118493862848202249904439042894
0.118584664188826155450939836555
0.118675561157303086079473075642
0.118766553905730445905852832311
0.118857642586587777810969157599
0.118948827352574060256529264734
0.119040108356772908471121752427
0.119131485752513255338413955542
0.119222959693451285856369281646
0.119314530333532758943348994762
0.119406197827011534284835647668
0.119497962328437623558130553647
0.119589823992696728249818249878
0.119681782974963388244127315829
0.119773839430696277252863524154
0.119865993515703664340499301488
0.119958245386062020698680896658
0.12005059519819583080391112162
0.1201430431088118672144915422
0.120235589274909002166502602904
0.120328233853850607992796994949
0.120420977003288784401568989324
0.120513818881172865560280627051
0.120606759645762465216201064777
0.120699799455669762315856985424
0.120792938469786267918770761298
0.12088617684731838008982407473
0.120979514747813890473970843686
0.121072952331119518265545309532
0.184103326692534152719815665478
0.199939597818288544717191257405
0.19453783026457255322938522113
0.189128634694863934084807510771
0.18371200069175677715982430982
0.178287917802889050999937126107
0.172856375597482153638750901337
0.167417363604285190925580195653
0.161970871311150371729681296529
0.156516888241575835571950392477
0.151055403854337189084588999322
0.14558640762366245602343894916
0.14010988899130596974096363283
0.134625837382037538692003408869
0.129134242220836054082511168417
0.123635092877444813241893939448
0.118128378753592042094133773844
0.112614089212324700040035452275
0.107092213579756151409227982185
0.101562741194352629259256559635
0.0960256613651251228480631993989
0.0904809633860415296613410873761
0.0849286365301814005768221704784
0.0793686700443977377616988633235
0.0738010531860817664551177585963
0.0682257751835134429452267568195
0.0626428252173344135567134571829
0.0570521925112845371130809724036
0.0514538662099839963492975414283
0.045847835489102983785869582789
0.040234089472017245392443385299
0.0346126172865326570127209038219
0.0289834080214127418062552976608
0.0233464507875457485952530589657
0.0177017346183993388997190976397
0.0120492485966528020679966459738
0.00638898174264574108399683538551
0.000720923071652179790584635821205
-0.00495493841777983057284018286737
-0.0106386137565430971552160599458
-0.0163301139754207721987988577439
-0.0220294501278272721045414783703
-0.0277366332899089719499219341969
-0.0334516745515021154955270787923
-0.0391745850204426801499657528893
-0.0449053758205443173667781309177
-0.0506440581057414074273026471928
-0.056390643038735741021660885508
-0.0621451418000295435772883934078
-0.0679075655724016152836597370879
-0.0736779255970024943289686802927
-0.0794562330895895035931530969719
-0.0852424993207547138096558114739
-0.0910367355353702140119409591534
-0.0968389530593590924789637597314
-0.102649163160054568422197007749
-0.108467377200106462886708413862
-0.114293606503131833784792092956
-0.12012786242638537337334980748
-0.125970156367767732730200691549
-0.131820499714669525648247372374
-0.137678903888614784234434296195
-0.143545380316670440068449465798
-0.149419940480271823401992037361
-0.155302595822784467172184008632
-0.161193357848220586436838175359
-0.167092238063295178696066045632
-0.172999247996664412552192402472
-0.178914399198971979521033404126
-0.184837703237174799664188640236
-0.190769171685357508128078052323
-0.196708816160144295270839620571
-0.202656648268252775890729822095
9.44627786713272647085304401275e-11
0.322671284272190772579591566682
0.253698923306999390980820408004
0.218996987044510343922709694198
0.149540668904135920502795897846
0.126013922352374047042289362253
0.107714442632271700794888147357
0.0665345319623832781585903717314
0.0301845620834759846562445062546
-0.011142991559486115082933110898
-0.022554614942721654818891252603
-0.039887382128663134706059167911
-0.0819138557323982052782440632654
-0.0809767732527506001183326134196
-0.0938449443377417091838310625462
-0.101619138370302466989336664938
-0.128834718820883653567221927005
-0.134877655023455916838415191705
-0.139323711437769670595798743307
-0.135251600041133263063741765109
-0.144701143685422611850910357134
-0.14373960960332068936828875394
-0.139242672010142759519979449578
-0.132214367691102674395864369217
-0.146196895225484957414607833925
-0.152986904682490376661263553615
-0.105261129077734369441365913644
-0.112129798862264942749256135812
-0.104645147081985939729875667581
-0.0943093364387714017116337572588
-0.0814585015826954084161570790457
-0.0898038920291878567381260722868
-0.0719756146823579828764039234557
-0.0501275990185255093667393566648
-0.0521511111380186034858219557009
-0.0376486771104856607350619412955
-0.0123881407603779851445136017674
-0.0131871063369495191558433688783
0.000228354792026268601677282954476
0.00620724448481735618238230856036
0.0423689415171419822558895873499
0.0507955103566364168932167899584
0.0358233626324107046201561388443
0.074684975064529313115713193838
0.0656255123599631673414478427731
0.0826596274920714663148046952301
0.113885313822500638947232687315
0.0924143278778635501868876644949
0.113101963901125368572309071169
0.127613118455758761671248180392
0.112565368422382058866126897101
0.12449528950408593475085439195
0.127160984595648424155811540004
0.118629634598707317527654936384
0.124279770162101288466516280096
0.140848707228614894448881500466
0.142933579135855109987218725109
0.124491304252959428255920215634
0.13438198741652554457637336327
0.0982602327466037400727216777341
0.0927087039878991686636666713639
0.0791007804592931684783962964502
0.0646589886956751569435652982065
0.0517812388014825888959968835934
0.0209900478838909165801851486322
-0.0138155623989865312950531262004
-0.0375150669662288882566514303107
-0.0646346664503996137796093535144
-0.0870297037711130483383925593444
-0.14087336388191809555259226272
-0.165474523367026365994192360631
-0.204595927286404660749852268964
-0.2696754996706020035546202962
