3
62.4695245918741051127653918229
0.114978995264641725704279906495
0.115057744980111190113980512706
0.115136570513002176041617019564
0.115215471969231222915119872141
0.115294449454849998182304204875
0.115373503076115491161601767089
0.11545263293950365490747600461
0.115531839151592832792836418321
0.115611121819244502817447539655
0.115690481049423726789271427151
0.115769916949352999480105097518
0.115849429626419225813904745337
0.115929019188165630116493787227
0.116008685742375203253651250179
0.11608842939698749141541611607
0.116168250260145253238697193865
0.116248148440182802465514555479
0.116328124045635528105435696489
0.116408177185164135591932677016
0.116488307967718182633909407286
0.116568516502396760103898998295
0.116648802898472417344244433934
0.11672916726544123322550916555
0.116809609712935830172497730928
0.116890130350870910524996304503
0.116970729289314998022852876147
0.117051406638505536839112153302
0.11713216250889439684623738458
0.117212997011109112954763133985
0.117293910256030906036350813793
0.117374902354684104710536018956
0.11745597341829201731844278811
0.117537123558326725425438041839
0.117618352886382726563141432052
0.117699661514298406506107141922
0.117781049554083028230166974026
0.117862517117998985560767266634
0.11794406431844031701849928595
0.118025691268048099624721203327
0.118107398079620576347714688836
0.118189184866211494107091084516
0.118271051741008201285687562176
0.11835299881747869676917872539
0.118435026209223123738745186984
0.118517134030086693230465755278
0.118599322394074765951721417423
0.118681591415447054704834783934
0.118763941208613360567269978674
0.11884637188825816767057119705
0.118928883569176080392537642183
0.119011476366438551099946607792
0.1190941503953097946322259304
0.11917690577124612216763921424
0.119259742609882965491685524739
0.119342661027119087413517206642
0.119425661139046582204237267888
0.119508743061912184324491192911
0.119591906912218826075644528828
0.119675152806682283390671273082
0.119758480862204461092623830609
0.119841891195902272571061075723
0.119925383925089196202051766704
0.120008959167333159601120939897
0.120092617040355717494826137681
0.120176357662117649915956008044
0.120260181150790790294280441231
0.120344087624761494903502523357
0.120428077202579544846550163584
0.120512150003107124107692982307
0.120596306145336451542959821381
0.120680545748473602718497943442
0.120764868932003680002118528591
0.00320609403926279184701697566595
0.199928775502143135645027882674
0.194513390228589461150576767068
0.189090945318080044801334338445
0.183661431070341635285458892213
0.178224837844208588988337282899
0.172781155911986089579457370746
0.16733037550631252310395780114
0.161872486895601963574620185682
0.156407480331513026872158889091
0.150935346041083467971688492071
0.145456074243463628903327844455
0.139969655091142619607325059405
0.134476078803908188907811904755
0.128975335497912624305172357708
0.123467415364837004854159374645
0.117952308508847789059181820903
0.11243000508172096285619545597
0.106900495141622670081105184181
0.101363768762189221384062420839
0.0958198160564491252522145714465
0.0902686270530472512074737778676
0.0847101917986749636257925999416
0.0791445002992639395911211863677
0.0735715425709634329720643108885
0.0679913085896931557172706561687
0.0624037883254730113558039761301
0.0568089717923124723486516529647
0.0512068488427113027716686133317
0.0455974094993279593923674042344
0.0399806435637442489361426112282
0.0343565410230022225124280055297
0.0287250917073396706824528479274
0.0230862854666686427573818463088
0.0174401121569213342354931484124
0.0117865616759631319093726276037
0.00612562373194782024132809539196
0.000457288147539482939946120509944
-0.00521845523667533329331691405173
-0.0109016167144879213418695584892
-0.0165922065374189478537125808089
-0.0222902349610055242057349289553
-0.0279957122540542974187260938379
-0.0337086487367813589233200843864
-0.0394290547438319247119942190238
-0.045156940560807629081452319042
-0.0508923165817752112816130249939
-0.0566351931619180487542664081957
-0.0623855806780951455126071891755
-0.0681434895453784661434326608287
-0.0739089301522960206991541554089
-0.0796819129775778456359347501348
-0.0854624484448908844358427927546
-0.0912505470135576562951129631074
-0.0970462191720349587331639895638
-0.10284947542868624892342666044
-0.108660326308552754315250865602
-0.114478782311964968898543304476
-0.120304854018385212754971291815
-0.126138552019134542181433289443
-0.131979886877575169901177787324
-0.137828869160062927878840355334
-0.143685509530690258550578164431
-0.149549818595578198898721211663
-0.155421807050883431511323351515
-0.161301485504959929428991927125
-0.167188864706558582007289714966
-0.173083955323263927184029853379
-0.178986768059824719045991514577
-0.184897313728182466352478741101
-0.190815603005171974260179013072
-0.196741646715699547431910332307
-0.202675455620755368135732510382
8.40801337655246489789312314947e-13
-0.331917760931409566715899472911
-0.214922586616171695794719198602
-0.167019315165000986622700906992
-0.206321393410307640792211714142
-0.113449052786061405084794273534
-0.136894018341441076058728754106
-0.0581208731767390782141369243163
0.0233064315050232270798424849545
0.00147400106935092491643179979377
0.0427996488961051094190857213562
0.0536424484863228939746093715257
0.0481849316707168573437058967102
0.0482463128925611148267726946415
0.170689351111533854643553809183
0.0939623209474881870839624298242
0.0977483604474756323510220568096
0.10741589144887393747485049289
0.0827194097033140951502616644575
0.116644883389200912371386209543
0.20021654192789417603393076206
0.163201565933309616918123197138
0.117047546393590079505386825076
0.153510619494320516009722155104
0.0639981511924820056780305321809
0.177261255395515793242822155662
0.161107671426924392577006983629
0.0683774523029449382560684966847
0.118919708408344135253109641326
0.0774633749493352091741726894725
0.0751809877628752537548351142505
0.0412343329752802162380120876151
0.0398769628830564631938315756088
0.102303875680734429609586300103
0.00102222994670489626678477890209
0.0287202121331383633529021892627
0.0411938852609151501260598138288
-0.015506023304032043319544698079
-0.064043055192608666636999714683
-0.0381932315000305111496459176124
0.00298780544556620291860027371911
-0.0784590442565792356433007626038
-0.0253031975728066661768256295773
0.0176793520586758200197063928272
-0.0176032187684097667090821204283
-0.124877779407261454980293535755
-0.0919632372336674219770458194034
-0.0694353405651121913244594452408
-0.0542206339739027196045206835606
-0.125234047549558108469724970746
-0.151162080432975298727171775681
-0.0703178117872260005638551660923
-0.149943182049599249561211422588
-0.0809832789248829398864870654506
-0.147882349471549795483227285331
-0.112795995210179467171940359549
-0.10095616349497972541460200091
-0.155626506952572768449627460541
-0.138897100098439890691892628638
-0.109126149038823644366047460608
-0.133987561670329324847728003078
-0.0253852801625725522927101707182
-0.0320135341710631737832670751231
-0.0283587340920141567357504186475
-0.106376979651826727990560073067
-0.0256995613131208618107326202562
0.0492907627447600887871104191618
0.0112023591900210685995409320981
0.0846509824035781843765136045477
0.161940665651611831465928048601
0.155644912487915565435514508863
0.241588053295091365058055998816
0.260506602898083583497168547183
