3
114.300581938601141018807538785
0.114557597264352994947955721727
0.114647641753309867396204424494
0.114737781212680856057772871281
0.114828015796919022384336983578
0.114918345660849477440912380644
0.115008770959566866687318054119
0.115099291848477267019568159867
0.115189908483329023214380981699
0.11528062102015647349961824375
0.115371429615341802854544539514
0.115462334425528972969843266583
0.115553335607717563848773068003
0.115644433319230174883607276115
0.115735627717683683957083928817
0.115826918961019542653190228521
0.11591830720747468841391736305
0.116009792615681228689084036887
0.116101375344500948316728283771
0.116193055553176424754546758322
0.116284833401223572368898828699
0.116376709048553031444761529656
0.116468682655322272601061683872
0.116560754382049880373273254008
0.116652924389583800834913063227
0.116745192839078498758809132596
0.116837559892016620843868679458
0.11693002571024699309809591341
0.117022590455888142457752110204
0.117115254291441470146928338636
0.117208017379672457813910568802
0.117300879883744255116617694057
0.117393841967101342227408622421
0.117486903793552935337807241467
0.117580065527237806466409608674
0.117673327332582636217672700241
0.11776668937440441797814827396
0.117860151817846661725930346165
0.117953714828338010467412289017
0.118047378571704345007198355688
0.118141143214093302660216977529
0.118235008921960343952761718356
0.118328975862124499696115265124
0.118423044201759725124745159519
0.118517214108326857102682083678
0.118611485749690173663317693808
0.118705859294009952176196520668
0.118800334909812108086235582505
0.118894912765970056645059571565
0.11898959303165865253326671791
0.11908437587646393540641298614
0.119179261470259631461310334544
0.119274249983320396184538481066
0.119369341586210389594135961033
0.119464536449878908075383776577
0.119559834745621956786365558401
0.119655236645039478315943881626
0.119750742320166345122878226448
0.119846351943342810386639030185
0.11994206568722047545616504749
0.12003788372488720381792148828
0.1201338062297158948421582636
0.120229833375480502088983314479
0.120325965336267534655512179143
0.120422202286559559825107612596
0.120518544401180260905448449193
0.120614991855318973157373818594
0.120711544824492755800804388855
0.120808203484594520182859866964
0.120904968011932803517716195074
0.121001838583080015276927099421
0.121098815375045770759143692885
0.121195898565180454342637972331
0.0139438883156265108070881453273
0.199950750474502586540026527473
0.194553843297348733054619174254
0.189149376773977806465154571924
0.183737340224822520706737805085
0.17831772295220768564938396139
0.172890514241766574121683675003
0.167455703364366798036044770015
0.162013279578597929608818617453
0.156563232109317912454926613464
0.151105550197012078461611395142
0.145640223017673403616001337468
0.140167239780209951227618603298
0.134686589634129605386192451988
0.129198261736434033553067024513
0.123702245225735266154210023615
0.118198529203714375324096863551
0.11268710277426169374948017321
0.107167955023832556227247891911
0.101641075013547368954824889897
0.0961064517853380539946783756022
0.0905640743588799479457662755522
0.0850139317673253985807590993318
0.0794560129743828030823848962427
0.0738903069737971568420320522819
0.0683168027221748019872649138051
0.062735489150121032109197471982
0.0571463551952324719240827732847
0.0515493897465618064468451109406
0.0459445816997622949462432018208
0.0403319199153349960962344766813
0.0347113932529650170977220113855
0.0290829905302070687578286367625
0.0234467005816253529215664741514
0.0178025121848197388774170946135
0.0121504141355941730484602203433
0.00649039518601907897826785998063
0.000822444081699611894038792758721
-0.00485345045025891742851431587269
-0.0105372997081201492941548991666
-0.0162291150082752091976523445283
-0.0219289076715325770283726569687
-0.0276366890559762122536735517997
-0.0333524705176334451683928250532
-0.0390762634303249770106880589537
-0.0448080792348472603525699753391
-0.050547929305190468507458234626
-0.0562958251198689141325814944139
-0.0620517781204337620648558981884
-0.0678157997904400150490644705314
-0.0735879016038050309811424654072
-0.0793680951004376994406541712124
-0.085156391805555953222750531495
-0.0909528032560396604289110200625
-0.096757341047442671500000699325
-0.102570016737709324150529255348
-0.108390841964696588162198054306
-0.11421982831777661993033490262
-0.120056987473442691727321118833
-0.125902331085986946002108766152
-0.131755870826111620708331884089
-0.137617618415854764402084242647
-0.143487585548665835810666635552
-0.149365783982393723894332993041
-0.155252225469753951658802293423
-0.161146921793190983640542413013
-0.167049884723228431182562303547
-0.17296112611298250505420526224
-0.178880657766715828183023972997
-0.18480849155300979602678523861
-0.190744639337466437289947407407
-0.19668911301648975276101793952
-0.202641924494434355619176812979
9.18072259848463860944064009446e-12
0.313301055499857372677041666975
0.251453426841255711643441372871
0.222667944910612342068745306278
0.181756800586871353209161839004
0.133399822620733604638942892961
0.0929516417744736672679195521596
0.0482900777392265487253375511045
0.0218912001522789667617985287507
-0.00556914177678249477237981679423
-0.0248284563261705025494219256643
-0.0510551364541917476747023840744
-0.0610329457416100631950151012006
-0.084201740376865175097265137083
-0.102864651745869867260907426498
-0.105652136100052917999647661418
-0.117707484150794738919643123154
-0.135414028245670670091982401573
-0.128312724138752304314792240802
-0.143166066915912215673500895718
-0.142141092099078408805823414696
-0.131317013640918883732311428503
-0.129555645370079686173880872957
-0.14036701914235530375130167613
-0.134431903202137104091917763071
-0.131478164897901816932090923729
-0.12980977308254121327379948525
-0.124664684038191905801618020178
-0.106124892720636326837180263283
-0.115973165335430519751191980049
-0.103501617648515273351073062713
-0.0766915292073821336371608481386
-0.068711242448687606665380656068
-0.0563562243450123692700692856761
-0.0482439961894237934192375405473
-0.0406840624646837151212608318929
-0.0205173850310737052038412286947
-0.00874934403694331390421989880224
0.0112578785695143113870786422126
0.0244877350038872482196339319671
0.0254998008601826087193842340639
0.0410533631433356027695680268153
0.0488006133565917696315317186873
0.0660377801091302785163605904017
0.0694747997250742960195779573951
0.0874611133560783959861595349139
0.100224310198929453252780774619
0.115574857373615627609275691157
0.112844420021857586022839825546
0.123784387653270835927266091403
0.122614690165083056738737354863
0.134410873144439890758405908855
0.129319663497632159065986456881
0.120558639001472941987280762532
0.137973335715245476462698093201
0.128406688369437832486497086393
0.132237292196827893597799175041
0.125035076062529476592644073207
0.119483201436536567996427038452
0.108919386432836953759739628822
0.0897199878272634532283547059706
0.0787480904100813505763767352619
0.0606032599383415637728234059978
0.0402653656617550856355869370873
0.0266799498777321869580347879491
-0.0114472459073567539578064611305
-0.0284100989602353651286570368484
-0.0685945937634563213114446966756
-0.0998691191931342370224911064724
-0.129121758396941538338253963047
-0.167694222752196669956603614082
-0.213489429637492122981967668238
-0.259396077209695430365599122524
