3
14.0642280132562333960777323227
0.114886301621106329262644862865
0.114967540386202646263136273319
0.115048859053110449912615820267
0.115130257737738397882942820161
0.115211736556161223332672705055
0.115293295624695410483973034843
0.115374935059859948238702997969
0.115456654978424458346530911967
0.115538455497297881668927743704
0.115620336733677026019861955319
0.115702298804897282802350844122
0.115784341828578288269291363122
0.115866465922521519327226258156
0.115948671204726072581081552926
0.116030957793436292901922968213
0.116113325807105205456082330784
0.116195775364386397199290001936
0.116278306584196328143931964405
0.116360919585584435265168679052
0.116443614487895433229347474935
0.116526391410658666791810844643
0.116609250473635156497564935307
0.116692191796791522317988665236
0.11677521550032229913362868956
0.116858321704629980475331763046
0.116941510530362169362206259393
0.117024782098377008732192905427
0.117108136529698425576384579472
0.117191573945694835212627538112
0.117275094467836363265611510087
0.117358698217879336977986781676
0.117442385317783240528122234991
0.11752615588976776661578327321
0.117610010056200489647615370359
0.117693947939744025799058135817
0.117777969663259513000141964767
0.117862075349823403058735493687
0.117946265122748306097832937667
0.118030539105614271089272904192
0.118114897422119710657106850249
0.118199340196328883667575837535
0.118283867552441190884593424926
0.118368479614903279739657193659
0.11845317650837976219957425883
0.118537958357809350418143878869
0.118622825288328875847909671393
0.118707777425299962348326232586
0.118792814894351908550085283878
0.118877937821281073893509017125
0.118963146332187602594032682646
0.119048440553330414637400735955
0.119133820611281804335845890819
0.119219286632781168444594754874
0.119304838744854910248527346539
0.119390477074722944905715849018
0.11947620174984668883766403269
0.119562012897917957499061003546
0.11964791064691281119447552328
0.119733895124989914160451576208
0.11981996646057009592301056955
0.119906124782296300002037980903
0.119992370219063990144370279722
0.120078702899999389952512274249
0.120165122954493525098129680373
0.120251630512118068416782534769
0.120338225702754167412145136495
0.120424908656454165978288983752
0.120511679503589291817533535323
0.120598538374692032526525053981
0.120685485400586503534903215495
0.120772520712369796358487405996
0.120859644441262167879891364919
0.000924758211896541896385182113249
0.199928966882878006439128171223
0.194518033848849747347031780009
0.189099920697265999613989606587
0.183674617481324881085313904805
0.178242114274152207986645635174
0.172802401115531162334448822548
0.167355467993556078498684769329
0.161901304962697389910886158759
0.156439902018157411811571932958
0.150971249097957033180605890266
0.145495336166184485726660113869
0.140012153228262298254591655677
0.13452169014644879685427270033
0.129023936902740721244242649846
0.12351888331854200819837075187
0.118006519334398804477181954553
0.112486834788041931143531826365
0.106959819551899482092949256185
0.101425463424528586320327860903
0.0958837562512990793095468688989
0.0903346878474287767746275790159
0.084778247940536607951678149675
0.0792144263672523024633065347189
0.0736432128396859175811783870813
0.0680645970984506132328561989198
0.0624785688739712477546284219443
0.0568851178654613265361916774054
0.0512842337307321191608444621579
0.0456759062092343820493667294613
0.0400601249063744224709893160252
0.0344368794659696622617595096472
0.0288061595236430573185870684938
0.0231679546616120196622645721618
0.0175222544750331943319565652928
0.0118690485318014207066772414123
0.00620832639895228452497910609509
0.000540077624851975960328098746999
-0.00513570828445186755573104164796
-0.0108190418584129012524730484301
-0.0165099335608921392315462384204
-0.0222083939264795665602392205074
-0.027914433521641652397038413369
-0.0336280628894999530920095764941
-0.0393492926019475483534471038638
-0.0450781332973161086297153588021
-0.0508145955684740149860267877102
-0.0565586900209167284248046314588
-0.0623104273237608044522239936214
-0.0680698181680844116581141634015
-0.0738368731724078630751506580054
-0.0796116030842986543980543956422
-0.0853940186107486759459206382417
-0.0911841304748752939923761573482
-0.0969819494391107178588029569255
-0.102787486255890139763558011055
-0.108600751736166400984728852563
-0.114421756643498989669538445924
-0.120250511835928580728349857054
-0.126087028131870726443963803831
-0.131931316405741932973327834588
-0.137783387480200469887847702921
-0.14364325229086655211219181183
-0.149510921730403478768778313679
-0.15538640671910608492822802873
-0.161269718205287432288841387162
-0.167160867138551466615226104295
-0.173059864528097628877389979607
-0.178966721307628667814171308237
-0.184881448540713949624247902648
-0.190804057270070159813002419469
-0.196734558493687788915948999602
-0.202672963302202330249102146809
3.05500451432085988688588455802e-13
0.28664870263669239847104108776
0.257675811034743629246435148161
0.215492338460834653712794306557
0.180953140220115021863378501621
0.0950624114619057353214870431657
0.0981352823541450924871298866492
0.0697208081714742050616351320969
-0.0119099767139795153364500990278
0.0477942266510356580933027714764
-0.0256065674810483437373598292197
-0.0348370052824702111649024516282
-0.0519084012388313364994019138976
-0.0894929113717027324703678914375
-0.110334967858530350048873458491
-0.0957030440446198504833574816075
-0.0966773351210662018617725266267
-0.143646027251105812272413686514
-0.110615440351884739000887236671
-0.123102468847080981362296370207
-0.156173481848939060823155955404
-0.117873513107702082569616663932
-0.156205520173906764469506924797
-0.154898484108412448634339853015
-0.146676349466080657713007440179
-0.1308189171240682624475226703
-0.110407229171770038256283896771
-0.158490209813060167753917539812
-0.1130274322424477118076424631
-0.112166482624089097752673183095
-0.0846563905316203429984867057101
-0.0674626853591034081336630379155
-0.0754748327781363387289914612666
-0.0624028495232731988950902746183
-0.0166013985458610333068030229242
-0.0552108993258775410106764525153
-0.00800698576813553900000108853874
-0.01282795584186136907123287898
-0.00135503772242008394856294106745
0.0316342803954784701492286558278
0.0425833701243067755393134632413
0.0726597051001153793059472718596
0.0643617283193663736184930712625
0.0436200153008578714319831703961
0.0234650769739181870587874101375
0.0714768779121370406715030298983
0.0898470671789226432712993641871
0.158191396182190358032926269516
0.127422260565379724672752104198
0.101589025180043340812474639279
0.0929209138847703203234473789962
0.132324085940308144859756112055
0.106626150911540318322323628308
0.129691064097234215468645857072
0.126780628633064773591598850544
0.146500276973918985845557472203
0.136777363278335867269319692241
0.120725932609329261735453542315
0.0918096127125968136661882113003
0.0979291125991665206695913070689
0.18359067107398580054322678734
0.110494918247662818333587608777
0.00458966563000745737810337487872
0.0209239575687136178383518370083
0.0365222113080911209292978014673
-0.0446800247221000451647299200886
-0.00776909150938304322864258466552
-0.0825329380735532330826131897084
-0.104350462800746196512235997034
-0.11657558336154316691590793198
-0.186463788189497076119849339193
-0.160041543254467039103516867726
-0.279519097354988699244415784051
