3
10.180797142727239901205393835
0.114905457178417394481506619286
0.11498618178980936355149111705
0.115066985452718303917230002753
0.115147868280963308618147777906
0.115228830388502748172108169911
0.115309871889541046274807456484
0.11539099289850911211896544728
0.115472193529992064875422386194
0.1155534738988200776921289048
0.115634834120001736557092897328
0.115716274308808084181343645014
0.115797794580647248063876020296
0.115879395051203343269818901717
0.115961075836300650521160093831
0.116042837052036412748279303742
0.116124678814691933981251281693
0.116206601240757545490112079278
0.11628860444692891429330217079
0.116370688550120268689447300403
0.116452853667474237608914222619
0.116535099916338910630564384974
0.116617427414228244653138233389
0.11669983627893991406931917254
0.116782326628454988237670875151
0.116864898580952156215140291806
0.116947552254849818087478752204
0.117030287768782770285724836867
0.117113105241585066518261726287
0.117196004792310501385621535064
0.117278986540229432367077322397
0.117362050604833123568226938005
0.11744519710583009586279956693
0.117528426163178226215855204373
0.117611737896980844686467548854
0.117695132427596702018313123972
0.117778609875657136463189544884
0.117862170361937648732642003324
0.117945814007449203963950878915
0.118029540933464946461661781996
0.1181133512614210151481231037
0.118197245113029245078273277159
0.118281222610201353084846687125
0.118365283875052032525054812595
0.118449429029937616797418797887
0.118533658197467348105469397979
0.118617971500406788054604589888
0.118702369061800566685249691545
0.118786851004908294848760874629
0.118871417453213015780200123572
0.118956068530415293160729106603
0.11904080436042924207029614081
0.119125625067440080173675198694
0.119210530775817447057818299072
0.119295521610200572215632064399
0.119380597695394219392994727968
0.119465759156515111127916384248
0.119551006118821717683076144567
0.119636338707882677878657773363
0.119721757049428861874318386072
0.119807261269482323573498661062
0.119892851494256963418294503754
0.119978527850203270377349440423
0.120064290464014844506124291001
0.120150139462627189579357889215
0.120236074973172832325296610634
0.120322097123040275268301968481
0.120408206039898282857514288935
0.120494401851560864469270484278
0.120580684686150171880392178991
0.120667054671972084900488653147
0.120753511937624319338979717031
0.120840056611871665692703459172
0.000638374694463370311210692609194
0.199928664913674530856368960485
0.194516833684284712324696897667
0.189097846632093058438783828024
0.183671693872522023838200766477
0.178238365519686331461812756061
0.172797851672023161651026157415
0.167350142372182736361096999644
0.161895227700892457844972227576
0.156433097708224666533283198078
0.150963742414454316076444229111
0.145487151826824645528546398054
0.140003315948092704745775449737
0.134512224748822101227929692868
0.129013868206305976071845975639
0.123508236244489172372951202306
0.117995318825143261087795565345
0.112475105853528087318515815696
0.106947587222765219672204750623
0.101412752812704190508164003859
0.0958705925166312422636138990129
0.090321096166714492925464696782
0.0847642536059331624942458915939
0.0792000546490687212797254801444
0.0736284890880418013692221279598
0.0680495467287785121834886581382
0.0624632173324380576828751543417
0.0568694906574655004161122917594
0.0512683564465039667834567183036
0.045659804415629161311596106998
0.0400438242575303846026990584051
0.0344204057045071273868153127751
0.0287895383694791104356447419832
0.0231512119474521563255997591568
0.017505416070242297427173028268
0.0118521403589938248424040523332
0.00619137443248125168837603382599
0.000523107853623353620704794497698
-0.00515266978514624437307523052709
-0.0108359689269897328800507096958
-0.0165268000543001246371854762174
-0.0222251735958283389016365561019
-0.0279311000848104298843743720226
-0.0336445900269784214930979260316
-0.0393656539586293152677143325491
-0.0450943023832647976734122607922
-0.0508305458922844316527189789667
-0.0565743950718116880849173355728
-0.0623258604987131162311619902994
-0.0680849527775761881320804036477
-0.073851682556726680473069279742
-0.0796260604840669655724028075383
-0.0854080971912219988340098097979
-0.0911978033999067544401739837667
-0.0969951897598415602175236926996
-0.10280026704657069247517142685
-0.108613045934350074817054121468
-0.114433537206674665331895823783
-0.120261751595379870471980154889
-0.126097699901400628341718856973
-0.131941392953726588377350026349
-0.137792841532959592365514822632
-0.143652056474984524125915186232
-0.149519048651741676136950331966
-0.155393828920364240886442530609
-0.161276408174184482380297822601
-0.167166797329059146903773580561
-0.173065007275130106068061763835
-0.178971048971539731242685888901
-0.184884933387156752404578696769
-0.190806671474693989587478881731
-0.196736274254441956266248325846
-0.202673752698857151388622810373
2.08570244773911165951587420889e-13
0.276085314703171880168497409613
0.271446380743195436746617588142
0.199877481518933947102212300706
0.191582023491727482245039482223
0.125100874037098158675362924441
0.112157285467735998163441024644
0.0379105520109296531550135966881
0.0403790123927844288309607634346
-0.00742534988609200828635348301532
-0.00816812980870511122499788569939
-0.0281299838038328621492301095941
-0.0739357457943014134693626715489
-0.0881971891252229106550331039216
-0.0646006663643433759469658639318
-0.11573100159916165086126937922
-0.115553695989038113234315119371
-0.144659925432425728875074355528
-0.133131570701476825702158635067
-0.151863311707333109579209917683
-0.16209201536828851675231533136
-0.135447577421525577889838132251
-0.166536338900381414296347770687
-0.125585319359746677703171258145
-0.143609483503970347673117657905
-0.114015688562864481170322505932
-0.104179789689818780296093336801
-0.117939963661732913347002238424
-0.123888453469231635262204349601
-0.114717504474627127186714403706
-0.0761461924808904677686172135509
-0.0943121447128942302917664619599
-0.0672382055566469044594057891118
-0.0540125510154118096406428151113
-0.0383696199894441730693372960559
-0.0358216029337245223107544234153
-0.0134288393746249019866656482236
-0.00572782461667171571145784625401
-0.00534834076490290841188190995581
-0.00551154385083158209618359180126
0.0376887730466989659405818713367
0.0145208030429663809829365916926
0.0941647082938183860312264528147
0.0730805899202407321935126560675
0.0590310586744578480455913904734
0.0738477117783478270718333646983
0.0770207891014650369854166456207
0.113374893300186324607281562749
0.101464753723080350344964983833
0.117493466121370473964624636665
0.149078382776596018999271109351
0.126217465162171638137778018063
0.130429588856787959105787422232
0.153684594697475529478936095984
0.147448743647441982140833260928
0.144746605405938422173051094433
0.133777164891396294077452466809
0.108903301287856926760078124516
0.103651180050052124648196638645
0.110781912456128825428258721786
0.0910925903813741971726258839226
0.0987720130530962692194663077316
0.044902963538414664146358745711
0.0332902700874043930290291370966
0.0248400186380288573451124989333
0.00314991022816889015487062941645
-0.0376181097441572395712050536076
-0.0834288249521434738253944374264
-0.149799759864177262080886521289
-0.107708755841417910814605818359
-0.167902532376406843361849041685
-0.172642537455071298779785138322
-0.266530186742439223479550491902
