2
30.6808541528460523295507300645
0.115176375613504647366092115135
0.115249815925838258734437147268
0.115323323622851067749017772712
0.115396898790726676331530597963
0.115470541515796373821522990966
0.115544251884535001395626352405
0.11561802998355501237437437112
0.115691875899604265653941581604
0.115765789719564665682938198188
0.115839771530480209471569708057
0.115913821419503695886454863739
0.115987939473967585635172383718
0.116062125781304162353002595864
0.116136380429109939416143504332
0.116210703505134155255618111369
0.116285095097215185333539011481
0.116359555293404734466200523002
0.116434084181843353067442592419
0.116508681850843370808590293564
0.116583348388842322762570802297
0.116658083884422059117724757016
0.116732888426314920793380736086
0.116807762103405585185633697165
0.116882705004689960159858230782
0.116957717219349749404599947411
0.117032798836688017862783794953
0.117107949946154671350129206076
0.117183170637329317487207447357
0.117258460999966562798846325677
0.117333821123947648623619954833
0.117409251099303127419126724362
0.117484751016214500340950621649
0.117560320965000991710880384744
0.117635961036125474832303439143
0.117711671320219757319591735722
0.117787451908025642133281962742
0.117863302890495125208047966225
0.117939224358655822544328373169
0.11801521640372672483643157193
0.118091279117027422862484797861
0.11816741259010767051140788908
0.118243616914608315471291177801
0.118319892182333213925815584844
0.118396238485208832313944071757
0.118472655915363156431396873813
0.118549144565044298205158668225
0.118625704526635428193159782495
0.118702335892709745501782947485
0.118779038755967417118064588522
0.118855813209236174654570561415
0.118932659345544977647080031602
0.119009577258049503711845318321
0.119086567040063123767978936485
0.11916362878501453315127633914
0.119240762586556164892570564007
0.119317968538441038228725687986
0.119395246734596560678198784444
0.119472597269070432424165062457
0.119550020236118395566826677623
0.119627515730110170477651365673
0.119705083845587867408255533519
0.119782724677225768661337212961
0.119860438319903242487818317841
0.119938224868572723691428905113
0.120016084418441096315355309798
0.120094017064778166292704497664
0.120172022903074562916181378114
0.120250102028960345612595972398
0.120328254538204545975865755736
0.120406480526754483539875195675
0.120484780090704651778210632074
0.120563153326314953517339745304
0.000738425245556022908331728071829
0.199941487508634468950319273972
0.194515529634674749770439916574
0.189082798512976324456502652538
0.183643285003692563472910137534
0.178196980135516158672004394248
0.172743874661005353265963435661
0.167283959471108578664910737643
0.161817225389135677104945898463
0.156343663239170593826088406786
0.150863263986398599136862230807
0.145376018249533917048310627251
0.13988191686653389522732027217
0.134380950663376297349316246255
0.128873110332198975713779987018
0.123358386645172915518919865008
0.117836770379300528888144583561
0.112308252199145169880623029712
0.106772822794317934214092247203
0.101230472917656980080813866607
0.0956811931581614122377388298446
0.0901249742361308892046878327164
0.0845618067522209415631806450619
0.0789916813956447194655652310757
0.0734145886813995229847051859906
0.067830519341476894212838999465
0.0622394638424422011468983839677
0.0566414127772348965916826557532
0.0510363567596461564779275477122
0.0454242862753495707517359392114
0.0398051918832054152375121702789
0.034179064118091115331843354852
0.0285458932981374410853270262578
0.0229056701641736498720192116707
0.0172583850233080683678199562792
0.0116040283724430908635083525837
0.0059425905695030777076137695758
0.000274062142816018227287760966604
-0.00540156653387973903490681948369
-0.011084305099953603579443495164
-0.0167741631673272960367793160685
-0.0224711503610239698991435375319
-0.0281752763732844510591313280656
-0.0338865508276894739081441798589
-0.0396049834356229368825808023757
-0.0453305839147410821743378050996
-0.0510633619875729069526038017557
-0.0568033273154351023292996103464
-0.0625504896927242398652069255149
-0.068304858928819128793819004386
-0.0740664446853430274986251902192
-0.0798352568883543556310655731068
-0.0856113052176603328558002203863
-0.091394599641053217431441169083
-0.0971851498600896923640846125636
-0.102982965793535510834466606411
-0.108788057339935864686886191066
-0.114600434338990531113466886382
-0.120420106714864513786089617042
-0.126247084359976419198900998708
-0.132081377292457974315098567786
-0.13792299531384213939766425483
-0.143771948526975362758761889381
-0.149628246864135783233962229133
-0.155491900298011465064718095164
-0.161362918814810268886006383582
-0.167241312549558263089721776851
-0.173127091492152412888216872489
-0.179020265678094980810186598319
-0.184920845192377863996924247658
-0.190828840198966120933476986465
-0.196744260697154310646439512311
-0.202667116874990144159696114912
