3
84.5101452216354829261035774834
0.11438216945916633571211917797
0.114476900969565240084868662507
0.11457173584000653054904006467
0.114666674247301772493479177228
0.114761716368543736921381537286
0.114856862381328084232734454417
0.114952112463476474601975496626
0.115047466793314123734148779477
0.115142925549451213829144080592
0.115238488910910430451650654504
0.115334157057076988617261292802
0.115429930167744887459235769711
0.115525808423027287474837976333
0.115621792003491860589825535044
0.115717881090026009083260305488
0.115814075863909543562257908889
0.115910376506819581821083886553
0.116006783200807733757997652901
0.116103296128301114453762465928
0.116199915472129003402024238767
0.116296641415492563176314888551
0.116393474141967892543370055591
0.116490413835552336641043780219
0.116587460680622645448067942198
0.116684614861902846705277170258
0.116781876564544057073291583038
0.11687924597407450821862084922
0.116976723276454308564353823385
0.117074308657964226698666720949
0.11717200230534330351872540632
0.117269804405672445346553445233
0.117367715146471263132355034031
0.117465734715619690708976463611
0.117563863301447260600873789826
0.117662101092633669674469842903
0.117760448278252952136746500855
0.1178589050478302258095908428
0.117957471591239482222590595484
0.118056148098764468468147015301
0.118154934761136282128646257661
0.118253831769438225163249001071
0.118352839315181590507108921884
0.118451957590282916377155686405
0.11855118678707921020532012335
0.118650527098260863412271248762
0.118749978716997203753713563401
0.118849541836832120478284480214
0.118949216651728709170932063444
0.11904900335603869898637441338
0.119148902144557450322182035052
0.119248913212496421287767134345
0.119349036755424547928683409737
0.119449272969408853972694828371
0.119549622050897988434492447141
0.119650084196718103912715491788
0.119750659604192510876430333155
0.119851348470971841297938453863
0.119952150995222703300235878032
0.120053067375474359357312437169
0.120154097810674043156353718587
0.120255242500242692793577248267
0.12035650164397437844598925949
0.120457875442115933117825932186
0.120559364095320725729365562984
0.120660967804720895002468239454
0.12076268677178229882240856341
0.120864521198533581003431436329
0.120966471287319257688075424539
0.121068537240933596366154745283
0.121170719262669437932267157976
0.121273017556193560273491982571
0.121375432325617885198631995536
0.0130191985949679647077692479229
0.199972137319612858208373040725
0.194581897276134951901838121557
0.189183917871053874915077130936
0.183778188070411740984155812839
0.178364696849043574689019919788
0.172943433125733153632452854254
0.167514385820642042190797837975
0.162077543851872701852201430484
0.156632896098247459404362302848
0.151180431426581385334628748751
0.1457201386834734713193739708
0.140252006708267512591348236128
0.134776024307862007933778158986
0.129292180279147433941133726876
0.12380046340736107490787532015
0.118300862449603208514936625306
0.112793366144704143572141674667
0.107277963223015998517340108265
0.101754642385763108269891574764
0.0962233923185096817753958475805
0.0906842016961462160651308295201
0.0851370591712873603373878950151
0.0795819533764537817566164790151
0.0740188729278219714746711588305
0.0684478064194832674926871618482
0.0628687424298073754824756065318
0.0572816695319727023361089379705
0.0516865762464950723176215774401
0.0460834511191102538796293686119
0.0404722826408603769676730621541
0.0348530593025976054288861405439
0.0292257695729999621148120780845
0.0235904019039581240579916965316
0.0179469447272761484235559237277
0.0122953864514720335315844934598
0.00663571547753693657262230587435
0.000967920169722800310431465309335
-0.00470801110148970011759494980197
-0.0103920900072265176561359112384
-0.0160843282251945628169575996935
-0.0217847374533086494963196599883
-0.0274933294117642515463906249806
-0.0332101158394257425787721160759
-0.0389351084918086176589469005194
-0.0446683191372163543308992927905
-0.0504097595734544212664474116536
-0.0561594416160496046064309894064
-0.0619173771031262393238492336422
-0.0676835778674214211259041462654
-0.0734580557945223450166949419327
-0.0792408227623815769602444447628
-0.0850318906923528267105538702708
-0.0908312715029752637541093918117
-0.096638977137902953851167353605
-0.102455019573514494179988787437
-0.10827941079796889189967856737
-0.114112162796900215577799997391
-0.119953287612598005762443165167
-0.125802797280670647372957660082
-0.131660703864871525547997066496
-0.137527019451187032528238773921
-0.143401756131702057261989580184
-0.149284926049476768250556801831
-0.155176541319633570781277853712
-0.161076614124487926815731952956
-0.166985156634364945160697857318
-0.172902181043432606744048030123
-0.178827699585526855852180005968
-0.18476172448742933518417430605
-0.190704268023153017397319786141
-0.19665534246548063701531816605
-0.202614960110931274783752087387
1.08135585663409580402947430335e-11
0.306743634679182142210862593856
0.251095180493323022474783101643
0.212763445658874145172134717541
0.170929686970024530268119633547
0.129299663468939035615434818283
0.0956677874273734601962004830966
0.0674772884373718989658996747494
0.030161171193125897727060902298
0.00237339415409063263923128417332
-0.0201112574317168744941763947054
-0.0475791690418008936247495910266
-0.0563190346906888850142536284693
-0.0825370702804116701534198341506
-0.0959666926054214969310507399314
-0.110508612621266100184413971874
-0.120558272410549963127301964505
-0.127636120270638253604289502618
-0.138427031583725712593491152802
-0.136536678699255537017265282884
-0.144839153065002890219403752781
-0.142348355544045429565969129726
-0.143425381038848165360377606703
-0.144933056583959191110366759858
-0.135284777946096529399611085864
-0.130981391731851304349731890397
-0.12802290088392276334872121879
-0.123970509380113252939636936389
-0.107545385956576478037050037528
-0.103089455331840135210441644631
-0.0958982312720021989882468460564
-0.0794539055688382317432782997457
-0.0703008923084346148968393208634
-0.0598438550816914396901502470882
-0.0483769898211404980603589365273
-0.0334354048374745499438986939822
-0.0240368844616361716781671731269
-0.0116805516435139079139959861209
-0.00321290338860898616255012960607
0.0194053178293160863421285000641
0.0304842773949801845723150961476
0.0394192738965993202948645546257
0.0520916090486588725938510435753
0.0632424337369593136948253686569
0.0774550555975561522137340375593
0.0848246245290066314126420365938
0.0898561086401995778860651853392
0.107347376331022051343389023259
0.117017120823552506214682011887
0.120055266117620199062265839984
0.126586399484719530628140660156
0.131176606959062552748562779925
0.132971216423019150676410049527
0.135577262493483813310390928564
0.135547322538111497669532923283
0.133540690893018176854667444786
0.130362977604724927793711231061
0.126743202650401259878876203402
0.115421360665134378753471366963
0.108771501590144578641705663813
0.0968391920073920220435326200459
0.0727159629309103577865514012046
0.065365173784508762144795923632
0.0441962778006451673107335409441
0.0162487851656219275953141334412
0.000634451664939204460977317800996
-0.0294067493510059355110719536697
-0.0590828550397209800726372463942
-0.0956715099730923584919750624067
-0.132481959213953170984012785993
-0.176235774484327395450478093153
-0.218748631580992641820770927552
-0.261875426246112541495136838421
