3
13.4496871841707292816181507078
0.114394591987188251613893896774
0.114488991872907397429059983551
0.114583494517013106950287237851
0.114678100094685528342886016162
0.11477280878147624876284282891
0.114867620753236310271461206867
0.114962536186277150540568925408
0.115057555257219168431959133159
0.115152678143053632808801012288
0.1152479050211861616448416612
0.11534323606933015449182988732
0.115438671465627237799900228765
0.115534211388605173587151853098
0.11562985601705708105235714811
0.115725605530285144406654751492
0.115821460107900342517694980415
0.115917419929866372108051564283
0.116013485176627961781292697196
0.116109656028862057164374732565
0.116205932667735184482538102202
0.116302315274782699927591522737
0.116398804031859329222164944895
0.116495399121280276966139410888
0.116592100725677480510533712277
0.116688909028118986688227209925
0.116785824212006061895152697616
0.116882846461183798059124683277
0.116979975959871279611590466629
0.117077212892615023509534921686
0.117174557444411867046518693769
0.117272009800657731060091748532
0.117369570147068544296864445187
0.11746723866981970130218826398
0.117565015555478047382109707542
0.117662900990962951408569381329
0.117760895163588105716279130775
0.117858998261102174143211129831
0.11795721047163135186686133693
0.118055531983697004072553227161
0.118153962986219024378087283367
0.118252503668506939171756187079
0.118351154220279058959519602467
0.118449914831694910755111038725
0.118548785693214864256361806838
0.118647766995804093692612468658
0.118746858930790580299863279379
0.118846061689877685596528067435
0.118945375465246153123821670761
0.119044800449430554500906964677
0.119144336835372732785742755368
0.119243984816451639718870580964
0.119343744586425284937014623665
0.119443616339485830790678733138
0.11954360027023090695674767403
0.119643696573666594162865806084
0.119743905445214252059038528841
0.11984422708072589580652334007
0.119944661676436525876709993099
0.12004520942899735147513240463
0.120145870535530843725702254687
0.120246645193549023256096575096
0.120347533600947631526878467412
0.120448535956078517372702663124
0.120549652457715220088552143807
0.120650883305052622485042945755
0.120752228697681804336916400189
0.12085368883568035902609238974
0.120955263919490213497809349974
0.121056954150024861927015251695
0.12115875972856368636421109386
0.121260680856877814393079972888
0.121362717737153735786392871887
0.00204103735392744843266110699176
0.199970448111014692527120928389
0.194579750658585626243990418516
0.189181326189548193461575920082
0.18377516370207327978114619782
0.178361252167794664957867212252
0.172939580554078847773880056593
0.167510137812934389867081108605
0.162072912864752366468579225511
0.156627894614205398493567145124
0.15117507194296705974601024991
0.145714433756643668704811034331
0.140245968890304106846400600261
0.134769666187820574831945918959
0.129285514458842898388724051983
0.123793502517435635712494956806
0.118293619140135169987004815084
0.112785853099390043219329982094
0.107270193147017245394181372831
0.101746628003312397647839304682
0.0962151463892454567039536073025
0.0906757369965167231429248317909
0.0851283885047728339223738203145
0.079573089557653881032095455339
0.0740098288103862439468727529857
0.0684385948822287676351905361116
0.0628593763672874450421090841701
0.0572721618570884438703672003612
0.051676939927615954395445641012
0.0460736991217598410019995469611
0.0404624279600882263974170882648
0.0348431149646565643807072376603
0.0292157486200313454283161718195
0.0235803174138536977832991681225
0.017936809786350940698618217084
0.0122852141906769300044866000121
0.00662551903515885137752050582094
0.000957712718322557029874964040772
-0.00471821636161047150426206542306
-0.0104022798498990109300477158172
-0.016094489409989261308187025179
-0.021794856711614102318108621148
-0.0275033934448617768675493522323
-0.0332201113260282634986886307615
-0.0389450220774868460793527447095
-0.044678137464941390655237540841
-0.0504194692275663006175712155255
-0.0561690291945602451773034147209
-0.0619268291317876112822560230597
-0.0676928808880984111961964799775
-0.0734671963067482641784877728242
-0.0792497872478071241353347886616
-0.0850406655901480568182648767106
-0.0908398432476155842651976968227
-0.0966473321278132624367884773164
-0.102463144165873751290085635901
-0.108287291349820111174828696221
-0.114119785636275922202642618686
-0.119960639023141801828842289979
-0.125809863535836508052767612753
-0.13166747120733296450012517198
-0.13753347410959798624574546011
-0.143407884290837395191431369312
-0.14929071386285530653736941531
-0.155181974953038231967994420302
-0.161081679670597999187720006375
-0.166989840186174187675050006874
-0.172906468671751190058216707257
-0.178831577309725042734811495393
-0.184765178340231761566769819183
-0.19070728396907846158292443306
-0.196657906462085307897069696992
-0.202617058090894669453163601247
1.66548791004906749153868286921e-12
0.306881987281239498877027926937
0.259172293435985356957473868533
0.215129451911793251328575138359
0.171337286914688247119187280987
0.126448704324334776361027365965
0.0895397569528556119822226833094
0.0650454888351016807801485697382
0.0233137301331112767321940282272
0.0114249760156131599520001884684
-0.0265699410545695118013309610205
-0.0388392032461451208735780937786
-0.0636438924397111360775625144015
-0.0741798884637286243259879370271
-0.0982214180647856816008811620122
-0.107778646138143391342012478162
-0.126084038754491783995703713117
-0.129670326901882904113705308191
-0.138932226540706998951790751562
-0.137929528900303410843264373398
-0.147209912827971495241641264329
-0.141204137055024020463989131713
-0.134929306926770270491644510003
-0.142300786696639480766179985949
-0.143344633959167466752404607178
-0.142687432886613618787663426701
-0.128058592093364453923243218014
-0.12388239197162528859585961527
-0.105533475851423488856006827064
-0.106190024044837350025716204982
-0.0971368467621365472286498743415
-0.0809101114298476781216962194776
-0.0691168961610793414207520868331
-0.0572598123781845394497658219279
-0.0425423599155903137125633861615
-0.0328012572794791484875887022099
-0.0223900148001166462985445093636
-0.0112768382614941552882781294898
0.00129544671348006692167265097027
0.0160493297186550219757261714904
0.0311559331875162978664484114688
0.0508000684531228971496652491169
0.0545749364315921622892169295937
0.0702093490356194005475032327013
0.0765998772481932543865212892342
0.0864472705402462848756073299228
0.0935936790255823825024350526292
0.101563921566510825811313623035
0.115935083795428162112273184903
0.118037045314295027664819315305
0.12104910664135187792211922897
0.129221845490410824908167342073
0.133281775887611725339709778382
0.136476243474827119150916132639
0.13479148918118935562837634734
0.135584507244121715840989850221
0.125656963923293757412480431412
0.126606978724739693831224940368
0.122276422372792570314459226211
0.105604117397979951897823980289
0.090980697517642081240119011909
0.0783386995546524744771232917628
0.0592764371276146978528842623746
0.0355339063047208775225627164218
0.0275616202692637313198531501257
-0.00368207640882383356595308754322
-0.0428011241619270441094435852847
-0.0610777298123239414939789071468
-0.0971808653989444243270767742615
-0.13223829142576212780646471856
-0.163859831525634880300401619024
-0.211461743928971629413737787218
-0.263825735541434569508822960415
