3
292.625618676536191742343362421
0.114599684900529089071063992833
0.114688603638368080694931450125
0.114777615368685234620294011165
0.114866720240753436566016887355
0.114955918404171256175239079766
0.11504521000885654935519397668
0.115134595204967868364853700314
0.115224074143039242890118600826
0.115313646973811328999559577824
0.115403313848421548715172946231
0.115493074918244245652410029379
0.115582930334964389951224461583
0.115672880250573859028939693872
0.115762924817431139823398211774
0.11585306418807643502599802332
0.11594329851542835296829281333
0.116033627952739359923128859009
0.116124052653485063113514286215
0.116214572771532631545454705702
0.116305188460996300481298248997
0.116395899876333128175609488153
0.116486707172256787057307292343
0.116577610503882461712166218604
0.116668610026570418458646827276
0.11675970589597203797005420256
0.116850898268105116151183153761
0.116942187299265781819102016925
0.117033573146103173079346504437
0.117125055965516866596232148368
0.11721663591476388921464035775
0.117308313151433099563725193093
0.117400087833368596546002038394
0.117491960118791052836151322936
0.117583930166231115377328819704
0.117675998134488313251466706788
0.117768164182716697507835590386
0.117860428470394393296594159892
0.11795279115732473784738942868
0.118045252403626149684257029548
0.118137812369698419479036033408
0.118230471216322310934465633636
0.118323229104598873218101573457
0.118416086195899980526569095218
0.118509042651951432278956133359
0.118602098634848093783311639982
0.118695254306920225384480716002
0.118788509830931504618334315637
0.11888186536986640462476572111
0.118975321087152127730313111442
0.119068877146420143420257886646
0.119162533711728635399396125649
0.119256290947424556381228910595
0.119350149018208812057295631348
0.119444108089093059543728259086
0.11953816832542232817537808387
0.119632329892905009405268401679
0.119726592957532060323977418648
0.11982095768567918581126718891
0.119915424244050466962008272276
0.120009992799664136353676724411
0.120104663519877280508652006574
0.120199436572434592562785837799
0.120294312125337712893191621788
0.120389290346991029156953345591
0.120484371406161305806392647355
0.120579555471846816550041125993
0.120674842713530752758011033166
0.120770233300904070161685410767
0.120865727404132650146806327029
0.120961325193604418704040881494
0.121057026840122219923934210328
0.121152832514869510105448568993
0.0334958046439310097586172787487
0.19994648652471472272118546698
0.194547906940007842013784511437
0.189141813185500884397782783708
0.183728194672792749519985022744
0.178307040795667004484670314923
0.172878340930449764245580013267
0.167442084441427108121303035659
0.161998260656446152472298649627
0.156546858901865038049550094001
0.151087868517281481706149293132
0.145621278744172411023782842676
0.140147078901330712774608855398
0.134665258219916317283804119143
0.129175805956363493054439572916
0.12367871131328575518004697642
0.118173963510087368100620608402
0.112661551723808053826481057058
0.107141465147776088207010047881
0.101613692914353653806713850827
0.0960782241614520499117801932698
0.0905350480037667992849748088702
0.0849841535695949751305633412812
0.079425529912876782767661154594
0.0738591661086627077059674206794
0.0682850512138486187563302109993
0.062703174250893528585137914888
0.0571135242397027981242629834924
0.0515160901707832560858513204494
0.0459108610280488868560233584049
0.0402978257667688868903788090847
0.0346769733278434813539270464844
0.0290482926378241232412413808106
0.0234117726111498988816883581876
0.0177674021368187662339721555327
0.0121151700881382499291882837156
0.0064550652983968743320319916279
0.000787076622119306317480746937321
-0.00488880712277241832180996183865
-0.0105725971332452008816238375744
-0.0162643046416385411712113295835
-0.0219639408723098575326737602609
-0.0276715170800264677331004037342
-0.0333870445463316997680713882346
-0.0391105345482773841814250204152
-0.0448419984006735439230340034555
-0.0505814474309613237856808609649
-0.056328892983292730423094951675
-0.0620843464231238401085377631716
-0.0678478191311062545088006459082
-0.0736193225051535726777274248889
-0.0793988679592262380779743580206
-0.0851864669319344902653767803713
-0.0909821308881793439082841246091
-0.0967858712988473313121318142294
-0.102597699631939570652505722137
-0.10841762743790306355862185228
-0.114245666224563835466909722527
-0.120081827530975432383186785046
-0.125926122937248474720206559141
-0.131778564028791567164233811127
-0.137639162397072467580727561653
-0.143507929682265528148477073955
-0.149384877517677233660364777279
-0.155270017564421686229181318595
-0.161163361487902945246020181003
-0.16706492100402853262508529042
-0.172974707812265149353692095247
-0.17889273368413216580563585012
-0.184819010338773015433844193467
-0.190753549564174146313533242392
-0.196696363139645835627078440666
-0.202647462889939899977065351777
2.06292700717734562553792760418e-11
0.310655454796535501760246233971
0.243042077321523330990515887606
0.214714844520420666817983601504
0.17015376212926902610433899099
0.125551378826527698651105424688
0.0992495874721693455144944095991
0.0519741134817723535177513838335
0.0352216239531050606670348201988
0.0107334370806266739262202492
-0.0223227894462077851300829678394
-0.041108592224497642053648860383
-0.055407981817781601363570587182
-0.0715690676971784678350729791418
-0.0955163518895136565145520535225
-0.121270793706728677308070984964
-0.112140568765434947562376066799
-0.131938435052766950272840063008
-0.143011699058382596438931955163
-0.141707197561198566804208098802
-0.137225768128323710737248575242
-0.134376811531737944127584682974
-0.149728290533982510979171820509
-0.136974963665537768919833183645
-0.144016157904341912665557856599
-0.138633301198420016975276780613
-0.118903618311709480259708016092
-0.123230175080998677339394475894
-0.11179685475353003110132732445
-0.101482110709909173484888356143
-0.0902935956063814632033270868305
-0.0846059142872843117366699061677
-0.0725539456499324914018345111799
-0.0636889888936339187974766673506
-0.0460286280562407432159766074165
-0.0474480367969122018845240518203
-0.0237839345702591901943190322299
-0.00273418423591862639471239404543
0.00727796106203245501964360641978
0.0077393756405130416375914848004
0.0211179533425320704875804977974
0.0365244425013391549317276485453
0.0558743996013808044698301102926
0.0713857828074625361258753741822
0.083303493173995213361138212349
0.0918840286297770147960761732975
0.100942747996587214864838699668
0.0986256385618507064316773380597
0.111028380678496366162910646835
0.115603839028920588050119988566
0.131254272096809593284305606176
0.130016570101683048843455026145
0.13718144743316740274963194679
0.143287555617267858831809235198
0.126766036085349531603583272954
0.130977490920068911917084619745
0.131457397861776736913697050113
0.117950671038923204925197296689
0.116605102736557206255518792659
0.107624367934311057637408737264
0.0890478553289493490741079995132
0.0863598421531050902677506542204
0.067080542068457413296123093005
0.043589747025950649483849730359
0.0231872597807676675274457522846
0.00065235913235718416547381792725
-0.0343202034231800748309559878635
-0.0639297023893858895604580538929
-0.101172676492151197846780519285
-0.128118416226748826902692712792
-0.172790524293250119525211516702
-0.219462264117653377271111025948
-0.262308196829319439924432799671
