3
436.2329728307495884109812323
0.113857642725799998451030603519
0.113966339854611020676600219304
0.114075166739725369913216468376
0.114184123630469772092688174325
0.11429321077674318984929158205
0.114402428429014227373450296454
0.114511776838293888314268542672
0.114621256256246778493235183305
0.114730866935017883356806578377
0.114840609127430312574880133525
0.114950483086828689205383113858
0.115060489067150301112363308675
0.115170627322938326497769878642
0.115280898109306348398028774227
0.115391301681973063031350079655
0.115501838297196651739184858343
0.115612508211901249266517766046
0.115723311683558191531595582546
0.115834248970226205699418642325
0.115945320330580248224805473001
0.116056526023884248877138247735
0.116167866310018977338280876666
0.116279341449431708466200063867
0.116390951703204695300009063885
0.116502697332997173784718825118
0.116614578601095753018768164111
0.116726595770355892622838211992
0.116838749104293537772747413328
0.116951038867001352872243558068
0.117063465323198390155567949478
0.117176028738196796874504457264
0.117288729377935010966815809752
0.117401567508958332153312653645
0.117514543398467730117573637472
0.117627657314211403472015149418
0.117740909524627873627977692195
0.117854300298755640397097010919
0.117967829906223536928777662069
0.118081498617319466393205118493
0.118195306702974622936608284363
0.118309254434694047231069191639
0.118423342084667163054412242218
0.118537569925684885263628132179
0.118651938231190634542855377731
0.118766447275224854007724673011
0.118881097332523069654008907037
0.118995888678397221394078542289
0.119110821588848711516384071274
0.119225896340496476111248114194
0.11934111321059825971957479851
0.119456472477067338067158175363
0.119571974418479554103100781504
0.119687619314011839399825021246
0.119803407443550613553640005193
0.119919339087573489921467739805
0.120035414527253081473645579536
0.120151634044418198499215577613
0.120267997921507538428009809195
0.120384506441684677180425921961
0.120501159888722467194988041683
0.120617958547060824536778511629
0.120734902701839105776393523684
0.120851992638816546632440918074
0.120969228644441595399428024393
0.121086611005834551835214085713
0.121204140010784722214509656624
0.121321815947726119322425120117
0.121439639105824781495357456151
0.121557609774844949113159486842
0.121675728245293671148097303103
0.121793994808336386581615329305
0.121912409755785586251697338867
0.110627061989444885892197589783
0.200061969365904118722809812425
0.194689475469539574614685761844
0.189308763956982761822445127109
0.183919822915652730888069754656
0.178522640397522497357485349312
0.173117204447839373449014033213
0.167703503088644512164506750196
0.16228152431931658350450220496
0.156851256124085597365436228756
0.151412686474130780966973475188
0.14596580329999639391580501524
0.140510594546310568775382421336
0.135047048101695460475824006608
0.129575151870622184979708890751
0.124094893711304624095426163422
0.118606261476448385239201854802
0.113109242996604755782108497897
0.107603826083579309780269284147
0.10208999852913726302805486057
0.0965677481013315353042258948335
0.0910370625560605467585517658335
0.0854979296222726087295384900244
0.0799503370206378072282404900761
0.0743942724411169181708558539867
0.0688297235609624524776961607131
0.0632566780289723629149278849582
0.0576751234898825321240067864892
0.052085047549646004694245959854
0.0464864378078100812241579831152
0.0408792818443850791698679358888
0.0352635672121678275803269286826
0.0296392814472209546738934449195
0.0240064120669763285398357055556
0.0183649465717898099925697863455
0.0127148724322083562371377141176
0.00705617710958883568445054734752
0.00138884803767172016267239520459
-0.00428712736165085157857834730066
-0.00997176170080155653552278494089
-0.0156650675854390700192375618371
-0.0213670576794791657049277233682
-0.027077744638429702278559219053
-0.0327971411355035338819341461658
-0.0385252598885241423487535428194
-0.0442621136232044520841810708589
-0.050007715070379488153662350669
-0.0557620770042145039169234621568
-0.0615252122064710582627355961449
-0.0672971334883597782638986473103
-0.0730778536727872823908214172661
-0.0788673856047338167618576676432
-0.0846657421547420269147821159095
-0.0904729362025522149126643967065
-0.0962889806708869255835736566951
-0.102113888474275535389601543557
-0.107947672569763550298738152833
-0.113790345930946501518121749541
-0.119641921537128576025210691114
-0.125502412405533086969811051858
-0.131371831580831599506353768447
-0.137250192105193458136369599742
-0.143137507051769474752944688589
-0.149033789516619885606729667415
-0.154939052625034046073437821178
-0.160853309495631091596834494339
-0.166776573311698178558870608867
-0.172708857238731861016844959522
-0.178650174475217804470617011248
-0.18460053824568870006750387347
-0.190559961797489990642517909691
-0.196528458389878479817269862906
-0.202506041312646101193450931532
1.62070697346118396157854596448e-10
0.305285708376678954767413642912
0.259266031128305374231501900795
0.211459157878885500858601176333
0.169624697205665475596703117844
0.130991417290358680425299553463
0.0951098181924932006836570508312
0.0613932580175452421999970908928
0.0309569562410807012919899960934
0.00439518267450905546211981089755
-0.0210023605304323103537544881192
-0.0444169068645461004307684049763
-0.0651875218944233392193154941197
-0.0788992308213047749410051778796
-0.0949088380588211377730800677455
-0.110274337601335342684549800651
-0.12076833781326774819309122222
-0.126542164543064522552739958883
-0.135692877697526026459229342436
-0.141457730096462674929114200495
-0.144559830420044416188218860952
-0.142728958288413254607007729646
-0.141625273056532802185003561135
-0.140785024056904045641758216334
-0.137624230413573078735112176219
-0.133513936971860230906727906586
-0.12453947870667060604521481082
-0.119125037463383667835081780595
-0.111984031004793316288470350628
-0.104599548073138870485365714558
-0.0951976333081784864553753777727
-0.0854779203717861424394186542486
-0.0722154775658566533413917909456
-0.062298632339084773767989844373
-0.0444577407887419562282360629979
-0.0375834244918824139647384185992
-0.0225873483074190244124235249501
-0.0120017982026691377023253082257
0.00327300318677127598590570478621
0.0136109029432211238452854473735
0.0289711729795317576852120566855
0.0423300394107886876482460536408
0.0553560707860104722621841233376
0.0675887688058678104408016906746
0.0781920995849909039598912841029
0.0883640840107578345863359459145
0.0950157585688998218564904618688
0.103783433794696566820903171902
0.112128953933362265904527532712
0.118469106574500784856418533764
0.12584436635656773284530629553
0.13115762634364333538705693627
0.131260205233931004364933414763
0.136664117959020531278824250876
0.135583342475635248991494563597
0.133574111844469378684863158924
0.128060568039020328257038272568
0.125267461873676433370405902679
0.117828154399120726969485417612
0.104910299821914812512524406429
0.0946964086987849978926945482272
0.080649696798006473286157813618
0.0620920795438076600358812129343
0.0426746086235895022431563461396
0.0220702004913474400527029217756
-0.00384417008646678387204231874819
-0.0314654653475459344935671879284
-0.0609550354896196341925040940168
-0.0966923880126132756496204478935
-0.132242502149874568972975907855
-0.171921621096915888671219363459
-0.214757618257815918738629079598
-0.263912316175481997948537582488
