3
27.8044011190448365766769711627
0.114495805517704080100926944397
0.114587501902715382939845767396
0.114679296186806889412679311135
0.114771188532176118823890931253
0.114863179101379178637110101135
0.114955268057262749437086313264
0.115047455563074871309758862026
0.115139741782335880415644169261
0.115232126878947044312795355836
0.115324611017097525267338653521
0.11541719436134745269129098233
0.115509877076583167276879748897
0.115602659328037857267013066576
0.115695541281246261355875049048
0.115788523102149848442721236097
0.115881604956964368025040812427
0.115974787012273553021834970878
0.11606806943501954410002952045
0.116161452392459271787394925468
0.116254936052193100226581634615
0.116348520582198897144188265429
0.116442206150770000139260673677
0.116535992926540987735251064805
0.116629881078504984981414338563
0.116723870776006058425089406683
0.116817962188736329531835167472
0.116912155486723040587193622741
0.117006450840362319354426290374
0.117100848420391173698718034757
0.117195348397892723513180612827
0.117289950944295437440523244277
0.117384656231397752068623674404
0.117479464431356303566467147448
0.117574375716682610892860338936
0.117669390260214862253818068893
0.117764508235185499929187358248
0.117859729815133068564492191399
0.117955055174022244157683303456
0.118050484486117629456813915567
0.118146017926076637993837437079
0.118241655668907971743486484684
0.118337397889981849052887241669
0.118433244765025147415826722863
0.118529196470137876406880650393
0.118625253181770473620559869232
0.118721415076753517015006877955
0.118817682332279725421209093383
0.118914055125902848319974225433
0.119010533635538817698318325711
0.119107118039500858852619558093
0.119203808516413253815180439688
0.119300605245332869142060872036
0.119397508405656507801673171798
0.119494518177152342364166770494
0.11959163473997087845379638793
0.119688858274651366286889242474
0.119786188962052023154747359968
0.119883626983456573200648165312
0.119981172520525952718273288156
0.120078825755263865482369567417
0.120176586870063620282600425071
0.120274456047708602768331331845
0.12037243347139860161210123124
0.120470519324600969235383729483
0.120568713791310844207771424408
0.120667017055751155107934380339
0.120765429302695348479090853289
0.120863950717144980062656145492
0.12096258148460373171850790186
0.121061321790877987614187816234
0.12116017182221472392456007583
0.121259131765215022458193061539
0.00370271011072499612801212087732
0.199957650118300217512157246347
0.194563144632542733836189086105
0.189161014924760589872576588277
0.183751250198375182254295623352
0.178333839635430146941530438198
0.172908772392644488613555608936
0.167476037609657874005719691013
0.162035624422574464631452428875
0.156587521926676104255804489185
0.151131719234037037447038187565
0.145668205394897637416917746123
0.140196969485101630148449203261
0.134718000543325722162535384996
0.129231287579288950384537315585
0.123736819598364855554706309704
0.118234585607037298582433493266
0.112724574537438393395660796159
0.107206775389393924036163241453
0.1016811770512038998193204975
0.0961477684763467621564814180601
0.090606538526401672606347403871
0.0850574761098818188376213811352
0.0795005700766959061409622222527
0.0739358092753401169305860207714
0.068363182531108929174124000383
0.0627826786574784689864969777773
0.0571942864324923652685761510384
0.0515979946445355025508305857329
0.0459937920469371749887521616529
0.0403816673682787022348072980549
0.034761609333649849673530951577
0.0291336066311540589635065146012
0.0234976479589205679288088646217
0.0178537219872162318534680736093
0.0122018173425404927168180790886
0.00654192265217725440334950448573
0.000874026546058130539978980877436
-0.00480188240394009268480202123897
-0.0104858156061869347425163923049
-0.01617778453000263266803315787
-0.0218778006072098546441750954727
-0.0275858753591848512853879071827
-0.033302020249632934001393635981
-0.0390262468182273336569920729744
-0.0447585666068040233245284298391
-0.0504989911619331474645910873278
-0.0562475320500755923691649229568
-0.0620042008915376585687084798337
-0.0677690092757366330245005769939
-0.0735419688376561797582553481334
-0.0793230912360018136642025865513
-0.085112388123900942216160103726
-0.0909098712097935329756737132811
-0.0967155521856581656958695702997
-0.102529442778537108194036875375
-0.108351554734378893729562776116
-0.114181899822933113908263180747
-0.120020489807711502883158516397
-0.125867336509935284771799501868
-0.131722451739800655579060162381
-0.137585847341995665127356573976
-0.143457535169577321543243897395
-0.149337527101556372111090809085
-0.155225835032009401581731822262
-0.161122470890104230178963007347
-0.167027446601669460335415351437
-0.172940774109555189808062891643
-0.178862465405048132183196685219
-0.184792532484158278371921824146
-0.19073098734480051219541962837
-0.196677842028676774788209513645
-0.202633108590853150410282523808
2.58606305427202529852528714671e-12
0.305249514929717746802850797394
0.256742482768278379445803238923
0.213796659662342014573965798263
0.166929401857827675037526660162
0.131210905223919177542413194715
0.0918661258471778069401025845764
0.0631427855647940794447947610024
0.0353647424131039375683194236899
0.0070293236033831278317118851362
-0.0203558836993513389557186599177
-0.0583251840074037811167961820047
-0.0681360007884747598261299117439
-0.0827911369508751715518002356475
-0.0885324215318778334760096981881
-0.108285356375629901459767268079
-0.121179774938339437917456109517
-0.132144319788960989958681579992
-0.119307126556838810627070301962
-0.134453281873195995554937098859
-0.14002991496192726539327111368
-0.149945210222314440073887453764
-0.136960402689859372937775106038
-0.143287218577519748219373241227
-0.134964937724885464254143130347
-0.139502571633439903520113034574
-0.130654536168669233031636167652
-0.117759941279446930795238301926
-0.117289904000459965782710014537
-0.0977829693202190292078412880983
-0.0963495502762329175672206815761
-0.0840233453040818700774394756081
-0.0742027738882381215912431571269
-0.0667860982733235464259280433907
-0.0492889502124542258632011737518
-0.0247509685409539083311702967194
-0.0346189520126366986896293553855
-0.0076770256275891946701195323044
0.00439906321453672598947859384566
0.0308161555793663340108157200348
0.0265106370215681709512356434288
0.0398907165501242166882889250701
0.0576408858756244368848342674028
0.0628322501870986066530022640109
0.0711383384164066823185379462302
0.0823461472728963250755640501666
0.0984010531804116184151354218557
0.0997753072712500022056758552935
0.118423060136116670149064589168
0.118573810398474088767528655808
0.127709899396376697078281381437
0.127652576267119677311256964458
0.126374976686150553017995434857
0.134429487798351759986204001507
0.13847529953541634628599865664
0.132051594142615413840502469611
0.134334924131128047308791906289
0.128266454310951377726368605181
0.123738206404822581596647523838
0.100089226736969599818039000638
0.0976442401545782878713453101227
0.0793710659468827434137594423191
0.0594277046711967418812783137128
0.0506918459880581484533479397214
0.0206332710170277523753501469628
-0.00705854552447603145193255613776
-0.0326441512890965207516202895022
-0.0631453248052726706651682775373
-0.0915842290527940638966697406431
-0.137319605207284395342881566648
-0.174973200362482539382824597851
-0.216660306042287309491456426258
-0.260155382344924246407202872433
