3
42.1684125189274467970790283289
0.113533160705884803021170625925
0.11365046261579196673618952218
0.113767911527519638426042547508
0.113885507739173302832469403256
0.114003251549576870016444729572
0.114121143258281140808740872217
0.114239183165528807029076574509
0.114357371572333707532287405684
0.114475708780380255880082529529
0.114594195092097561605726241396
0.114712830810638988232597057504
0.114831616239885206387505434122
0.114950551684460208767823985454
0.115069637449685999164294969432
0.11518887384166939802376816715
0.115308261167204592623214409741
0.115427799733849686947273482929
0.115547489849884041368532905381
0.115667331824367308756862371411
0.115787325967040083396497607282
0.115907472588444318550848777249
0.116027771999852535866892822014
0.116148224513276179803433763027
0.116268830441484338766855444192
0.116389590097988118722049932785
0.116510503797083803112499822419
0.116631571853796939253200548592
0.116752794583939265016248043594
0.116874172304029785851575695688
0.116995705331428473394694833587
0.117117393984185622080040900528
0.117239238581168719877112494032
0.117361239442004175459466353004
0.117483396887070531966479336461
0.117605711237543555935936012702
0.117728182815355436607873684807
0.117850811943218738986338678387
0.117973598944655672093873022277
0.118096544143918319447195131033
0.118219647866088406473750183068
0.118342910437007675650278315516
0.11846633218330629433445722043
0.118589913432419188921151942395
0.118713654512554583897454563157
0.118837555752734164160600016658
0.118961617482762835318332861334
0.119085840033249040770257920485
0.119210223735598225269782801661
0.119334768922005160507460175268
0.119459475925503030846464014303
0.119584345079899512231946800966
0.119709376719836488311976552268
0.119834571180742088802873013265
0.119959928798879900124774167125
0.120085449911295397140698071325
0.120211134855891924044790641801
0.120336983971382788238813077442
0.120462997597276660899368039281
0.120589176073931589328047664367
0.120715519742522356394509586153
0.120842028945053248101260123804
0.120968704024382339712317957492
0.121095545324153855415438840737
0.121222553188856219108515688276
0.12134972796387231974701848003
0.121477069995346548259007590786
0.121604579630322492955762925249
0.121732257216633915630765727656
0.121860103103018896364417855693
0.121988117639040147266449309882
0.122116301175098460052304005785
0.122244654062455881948778824153
0.013321593308738504876642672059
0.200131006648877646236783789391
0.194768340577273879610231688275
0.189397192667153296818938201795
0.184017550528993073521988321772
0.178629401739444165775339001812
0.173232733865250176918948454841
0.167827534456128579787304033744
0.162413791036716909088610805156
0.1569914911088623743484760098
0.151560622165787362014555128553
0.146121171671578675699265659205
0.140673127072590331554380327361
0.135216475799417396030932536632
0.129751205255794255233325884547
0.124277302833954786387415936133
0.118794755900559600991783781865
0.113303551807573593679379087007
0.107803677880627141183467188057
0.102295121426515589480032986103
0.096777869738196603544011509257
0.0912519100812215627760437541838
0.0857172297072352762370428536087
0.080173815839481701872593077951
0.0746216556944501868686714374235
0.0690607364545001989331041158948
0.0634910452901456812124791895258
0.0579125693501783972427787716697
0.0523252957627800066586765126431
0.0467292116321649034227370123062
0.0411243040474840448883497856514
0.0355105600774162297184055603338
0.029887966765115066974933810684
0.0242565111422555317044480460709
0.0186161802045448111775360899856
0.0129669609495580671898462554736
0.00730884033509543017820275778718
0.00164180530412066667117487739347
-0.00403415721654711446203522839937
-0.00971906032559839185014372020532
-0.0154129171367254312607908417476
-0.0211157407959851918521909652782
-0.0268275444538659015025761078732
-0.032548341296397317878863475471
-0.0382781445212259582855374162591
-0.0440169673562627525309487452887
-0.0497648230353419929183900194403
-0.0555217248240795421820870103602
-0.0612876860110559765204563120733
-0.0670627198958939352291253044314
-0.0728468398051828752715053383326
-0.0786400590922255032788612538752
-0.0844423911210095551327370344552
-0.0902538492811758435996338789664
-0.0960744469832107289564149255057
-0.101904197660146481063669909872
-0.107743114761878019947083373609
-0.113591211769919903096237590034
-0.119448502172968748502590585758
-0.125314999488941480887405077738
-0.13119071725973605047066428142
-0.137075669044463138712686145482
-0.142969868421264661995095934799
-0.148873328992252917934990819049
-0.154786064388712202299913656134
-0.160708088248044916879209154104
-0.166639414246295497479266600749
-0.172580056067042519885035289917
-0.178530027417888648155752662205
-0.184489342039598769318331505929
-0.190458013682983345882249182068
-0.196436056119991708790450957167
-0.202423483154529709748814525483
2.55001149327609091012924488933e-11
0.307109168984898261989258116955
0.258311603453829363719052025772
0.21226844719029772101670516804
0.169297535066775667322858112129
0.131304359792023345177014448382
0.094030135104740578122495264779
0.0616590941051177107712355507374
0.0307042809820201427484231970766
0.00302560654188201378148037612448
-0.0215535826001941252516580505016
-0.0430316968143861153239804195891
-0.063952292796548584896676459266
-0.0812434697083944112883102661726
-0.0957380404909537047197787273944
-0.108385269616446414109312001983
-0.120263203523742243095107085082
-0.128751784629741683474435376411
-0.133927413600361755463552526635
-0.139840232570084738172866423156
-0.142284579896711421698185517926
-0.144195241306784044388322740815
-0.143255651936871009066720716874
-0.141010989748605514160217921926
-0.137665276273659459294051998768
-0.133341832758440442807668091518
-0.127152002512574441306369976701
-0.120019709797569276710227370586
-0.113299637092393296056158646934
-0.103808112694932883068865692167
-0.0928097708754111738738146186734
-0.0828766551916703259061947051123
-0.071063383069609895037466174017
-0.0595741686657746058464191207804
-0.0474351336957725688847631317913
-0.0350454890378064376488254083597
-0.0228691144928593395602156590485
-0.00985452038843846397919712387647
0.00292382173267907675626164909488
0.0161589053995620027248669714481
0.0277586556680971228983079157615
0.0405339311787656295105186643468
0.0524532283868706858398489600859
0.0642226520674559486767662974671
0.0747417981284503041283784341431
0.0860807498893587930144377651231
0.0959869620387521771398553482868
0.104415818770972279594388965052
0.11267510782041456618429720038
0.11997283068404547556884409687
0.126330448652918203578110478702
0.130652529492035152092199723484
0.131901549032609616274314134898
0.13485862290175487654408925664
0.134113527588041070437441248941
0.133286342383148459500574745107
0.13002795699908575866032833801
0.124299316147121058362401413433
0.11702341715782180187055416809
0.10626969339045080897854234081
0.0945165234096849438127918574537
0.0803016350641364978768521609709
0.0622900011974690318017344736745
0.0443824207650432081551095109262
0.0214838377559217717782669154758
-0.00182908819635270794567993846158
-0.0290233414022827221345757209292
-0.0606140705629093431983100970228
-0.0942382630000456744667758357537
-0.132209569348104877262173317831
-0.172541748880382511677211709866
-0.217450587361394276353365739851
-0.265161576640932428183816682576
