3
2414.94471027993949974188581109
0.114538106507454467974937983854
0.114628672162863029515555979287
0.114719333709284457278876345754
0.114810091303661321315843224511
0.114900945103181287287874567937
0.114991895265409413418034034748
0.115082941948189867997776048014
0.115174085309710155788920360465
0.11526532550846559088686404948
0.115356662703308285311543102125
0.115448097053337153661267677762
0.115539628718051637368269268791
0.115631257857219268969650727286
0.115722984630964004226783004015
0.115814809199712168141793711129
0.115906731724250866566450213213
0.11599875236566227487688962583
0.116090871285333338547296477827
0.116183088645037124742032119684
0.116275404606852164612895705886
0.116367819333162841877182813732
0.11646033298670584177347819832
0.116552945730546655966897162671
0.116645657728081691972832345527
0.116738469143035997199753239784
0.116831380139449853006183843718
0.11692439088175358985477458873
0.117017501534648488137335675674
0.11711071226320914073770751429
0.11720402323283252155050604415
0.117297434609263021010328031934
0.117390946558549549849637116949
0.117484559247146541638429084742
0.117578272841769165824032938872
0.117672087509538114691309829141
0.117766003417863904245699302464
0.117860020734541631748371059984
0.117954139627672011103598492809
0.118048360265733842666691089107
0.118142682817518412941026895169
0.118237107452176165578450195426
0.118331634339223681906538843123
0.11842626364847602671304116484
0.118520995550125879391956118525
0.118615830214735346048726682966
0.118710767813173981299890158425
0.118805808516667207874739631279
0.118900952496828915538884530179
0.118996199925576862099774189119
0.119091550975218576913228218928
0.119187005818385816091620199586
0.119282564628077764057323406632
0.119378227577645157353458671423
0.119473994840806396755539253718
0.11956986659160996622208728013
0.119665843004487570944149865682
0.119761924254228588337944927389
0.11985811051595776643985402643
0.119954401965178425459868094549
0.120050798777720554855186207988
0.120147301129854944257147053577
0.1202439091981196833680556324
0.120340623159495369032256917308
0.120437443191275028731013208017
0.120534369471131927453733112543
0.120631402177114169238514307381
0.120728541487599816406373065547
0.120825787581377699919649160165
0.120923140637616777226526210143
0.121020600835797506600322037684
0.121118168355810490455226613449
0.121215843377914023193397952127
0.303083202936688222983718787873
0.199952847053028431867360836804
0.194556704134573987818868090471
0.189152981216213822435179281456
0.183741667595580471239458120181
0.178322752524895600245713467302
0.172896225250769752790347411064
0.167462075007988014929694031707
0.162020291015907841325471849814
0.156570862453419501481022280132
0.151113778513715990570176472829
0.14564902835631710065200650206
0.140176601114425619654113575052
0.13469648592786709340174411409
0.129208671893662058183238627862
0.12371314811051976889633152723
0.118209903659349413462820166387
0.112698927576675184125676310032
0.107180208921602099225722781739
0.101653736713505665756329676697
0.0961194999410119182980949403827
0.0905774876110258253536500205882
0.0850276886817535743068319220583
0.0794700921027186868439429190403
0.0739046868077951751851983885899
0.0683314617155569847817275785928
0.0627504057273493565105582092656
0.0571615077134796020774665237241
0.0515647565450350828242243039767
0.0459601410677990818154370344928
0.0403476501025975403669221464042
0.0347272724558097267699707799693
0.0290989969256721554835554144347
0.0234628122783456273536817349168
0.0178187072791703322860445979359
0.0121666706467850448819545405854
0.00650669110940854840408054116097
0.000838757372667203065542962381329
-0.00483714189229319125457040584593
-0.0105210180110398184016862188628
-0.0162128823400221888650918344865
-0.0219127462643803061492775441366
-0.0276206211666593752507292691689
-0.0333365184329309782729211519836
-0.0390604495318493186162278618667
-0.0447924258797309515767182119816
-0.0505324589588865211164936397381
-0.056280560244299379646371050967
-0.0620367412380412042161026420217
-0.0678010134549024978678488650985
-0.0735733884430877504989609860786
-0.0793538777583636389945098699172
-0.0851424929654922557631380186649
-0.0909392456676953037097987930792
-0.096744147479144337875567316587
-0.102557210025508035999841638386
-0.108378444972422049996652049231
-0.114207863959096156403205668539
-0.120045478706949412806004318099
-0.125891300908392789192902228024
-0.131745342290508271609894563881
-0.137607614595656346789809276743
-0.143478129593897968385718399986
-0.149356899060535869283583565448
-0.155243934809960265619466213138
-0.161139248649456640061217171933
-0.167042852423907678405257115628
-0.172954757991919477744247046758
-0.178874977251739314398903957226
-0.184803522068370335018627770296
-0.190740404385094541872547324601
-0.19668563612388353933901896653
-0.20263922924462263175371390389
1.98275352255500728228408574752e-10
0.299632070337572720131191772452
0.25934715220568976823400930698
0.208512217627384782714372590817
0.169340645416864721273242366806
0.127617643705456751401783321853
0.102114412410577559686686299756
0.0630037582802911305668303043603
0.0305781233112857667166828434802
-0.000180465768730358626153673085035
-0.0122843514331726719884807508265
-0.0467497390789340452887934418413
-0.0606479560310241375131745655835
-0.0748806686468212467922000996623
-0.102645600891794280817848061815
-0.10306587992301564915553768742
-0.117672009124076146213688787157
-0.121553591436435876049770854479
-0.134203919366405938218278492968
-0.148848340040676846429690272089
-0.148926460778167457643661464317
-0.143698621244400276397712445942
-0.139181534544407625730855215807
-0.144953951754939219798146154972
-0.141189300798467476383279972652
-0.128866062900364009013998156661
-0.128117565163528401850356885916
-0.126168319115919275175130565003
-0.107226536357497737039778940016
-0.10582854116481971162855302282
-0.0974689191299775437027363977904
-0.0842860479277588586777270052153
-0.0685353714291667692748433182715
-0.0625455730402909859666493730401
-0.0496553921939571554777792528057
-0.0376390815843743731239356975493
-0.028057998804928558495008772411
-0.011109934735716571127528418117
0.00214431928272425589843130921963
0.0115564986811274219430378806805
0.033252419889997650304103160579
0.0442529326754272991917282809027
0.0574630565683925467745929438479
0.0688663910824452440984089207632
0.079180137604125649941622100414
0.0949779611984089139342657404086
0.0946764481872528207428985069782
0.110573208017790663992840904939
0.113489811269354951006604892427
0.125826758473779165559136572483
0.123422987111644177904423713699
0.130494705652288156549900577375
0.131558550437039067926292545962
0.137712321761627703997632465871
0.130078607221927738946121166919
0.136574596866147257578916196508
0.126193241010271350877047780159
0.122273083248579120252408358738
0.111006162832160068520970241934
0.101039890151642344773286197324
0.0952951482593960425004908643132
0.0782027622170927139144680495519
0.0617243241572863199362330988151
0.0422577806149796730839085512343
0.0272037758248529423776851388084
0.00246136911551463792927063600757
-0.0413020646915053107894877371109
-0.0543957313923100621577688684738
-0.0996306269750469181145646757614
-0.131266011580918995349520628224
-0.172540749187616720972116013399
-0.214309806550912890221738393848
-0.264229529271601093487475964139
