3
1010.13317707789940413931617513
0.114365451790507235974025945779
0.114460629520607454212566267415
0.114555911422224807050262995745
0.11465129767430229379421291469
0.11474678845620112088710129683
0.114842383947624068762927151965
0.114938084328657041943699823605
0.115033889779767153904721510571
0.115129800481811150891786610373
0.115225816616042336937297818622
0.115321938364044737634905857249
0.115418165907835046368745679501
0.115514499429799313845457220395
0.115610939112683538954051698511
0.11570748513965821435700576103
0.115804137694253739265803915259
0.115900896960391852630323228368
0.115997763122412000935668174861
0.116094736365010164913513790452
0.116191816873259648468241778119
0.116289004832670878064604380597
0.116386300429117350851981882442
0.116483703848861169793948988627
0.116581215278605085372554128753
0.116678834905363598695160476382
0.116776562916626122645702423597
0.116874399500246237137979221643
0.11697234484445226398996453554
0.117070399137929631594445822884
0.117168562569707507270422297552
0.117266835329242008478800585181
0.117365217606403407502035918242
0.11746370959142105050432292046
0.117562311474981973091757936345
0.117661023448131313307030154647
0.117759845702372661913059914696
0.117858778429523511355192511019
0.117957821821945696427746952395
0.118056976072284242063048509408
0.118156241373642334480109639117
0.118255617919561864526123429187
0.118355105903940979739097372203
0.11845470552114023554679533845
0.118554416965884326651270441744
0.118654240433375954277828157046
0.118754176119175366976854490986
0.11885422421926060410068970441
0.118954384930101242368039038411
0.119054658448482814092628245817
0.119155044971690465827052207715
0.119255544697367737994042613536
0.119356157823657202388112352764
0.119456884549023964470215730671
0.119557725072426235257694315806
0.119658679593245373395937747318
0.119759748311267025244752915114
0.119860931426727712612034792983
0.119962229140236048552381475929
0.120063641652892058586665768871
0.120165169166196114658440308176
0.120266811882094176722191036788
0.120368570002934410778649976237
0.120470443731519175067923299594
0.120572433271092432915949643757
0.120674538825321975288318299135
0.120776760598328411488999734047
0.120879098794605330247087238149
0.120981553619191051218706434156
0.121084125277454088265294274152
0.121186813975300344825569709428
0.12128961991898566663561354062
0.121392543315310866280931634265
0.158750734410494115378398305438
0.199974449217899391539887687941
0.194584821479633629515149095823
0.189187437843442496365753413556
0.183782287266322508223481690948
0.178369358672709060753547305467
0.172948640961088223599873003877
0.167520123027762674050578084461
0.162083793743819176702558593206
0.156639641960706149648174800859
0.151187656506205359008276900568
0.145727826208427890808394522537
0.140260139866245719941773018036
0.134784586251208482465813176532
0.129301154147884372891397219973
0.123809832282839205053193154527
0.118310609392517376847742127666
0.112803474185022498121888645528
0.107288415358372413166421210917
0.101765421581672135808993573391
0.0962344815131418451770173305704
0.0906955837779376827789690196369
0.085148717012132585368888726407
0.0795938698044704739942289961618
0.0740310307498803360504169290834
0.0684601883987615150717331857777
0.0628813313081186125996779878733
0.0572944480073150144705529385192
0.0516995269948161279005560686528
0.0460965567659657599053346643814
0.0404855257968391724077150684025
0.034866422542341624080108886119
0.0292392354329965471759766870719
0.0236039528817682323080795470105
0.0179605633011554188804836940108
0.0123090550559723527906941242804
0.00664941651267574648093150457839
0.000981636013817385527299719250038
-0.0046942981093237839268494937528
-0.0103783975669075791831152955069
-0.0160706740610111822875616383044
-0.0217711393250475358784878920915
-0.0274798051275324216324857928839
-0.0331966832083579119205829499606
-0.0389217853922465759075599578409
-0.0446551234637432015173175159362
-0.0503967092560462584516223216724
-0.0561465546200891618688899598055
-0.0619046714231293385144461183245
-0.0676710715352669689437448141689
-0.0734457668895995285929245710577
-0.079228769381312375008619142136
-0.0850200909587725262017698923955
-0.0908197435964483851256190405365
-0.0966277392553894359794597335167
-0.10244408995625198244283637905
-0.108268807720068929723034045765
-0.114101904562278130828012479014
-0.119943392557255529284887529684
-0.125793283788496856878680318914
-0.13165159034130216597624496444
-0.137518324343370496043448270029
-0.143393497924544782717859447985
-0.149277123241817494259109366794
-0.155169212467093725615896460113
-0.161069777814265374660251950445
-0.166978831478068689975202687492
-0.172896385702570959397306182836
-0.178822452738219089818372253831
-0.184757044868492426026307384745
-0.190700174382144899132285331689
-0.196651853597777592774775712314
-0.202612094842467754807202595657
1.33304948194574368426917689609e-10
0.307901061745354198695423519894
0.25662326159117260226949497337
0.210349463474326370260314433835
0.170517923553016204074594952544
0.127502885560765305550390280587
0.092554662552525188146113066523
0.0654470976721762409678007088587
0.0359942195128422834371484384519
0.00426792846080331720465261824415
-0.0247029203616691180045439324431
-0.0423372417379796681102810396169
-0.0626422613848098136513087297317
-0.0843835272708945566266791615817
-0.100326788152701421030776884891
-0.109654969772124494253873194793
-0.116733242522208541247508151173
-0.129378814635848632397241431136
-0.132913642489711963934340133164
-0.13604576112234101348263948239
-0.143325556692446176576538618974
-0.143256138481099609682800632982
-0.147129460305799153463368611483
-0.136739150210446469557723503385
-0.143504846646270417531709995274
-0.135473833349273320436623180285
-0.130853729695479814587599776132
-0.116596123316519154067272268094
-0.113241040567610126710285101126
-0.096177611839889626255128973753
-0.0967982110423223768291833835065
-0.0848211454651063845311398381455
-0.0712966939875276095595069136834
-0.0632873579098425509403824662513
-0.0449640266221778550637111493415
-0.0375526949142313201668308408898
-0.0233853351964362736470359749319
-0.000907573824456193805308712452273
0.000902002636167278416812198571506
0.0179273088896689733462430638156
0.0266218636930916144334169359809
0.0434980801009169359971906487772
0.053702114810222301155562263375
0.058904957285505446518136807299
0.0772384453634668427524090361658
0.0905302725791664597565500116616
0.099550104113952056494873943393
0.109153760013483466795314313913
0.111620267494255062667996014625
0.1194769228547756523273193352
0.127745471303156082898411227688
0.126834998401350373953277994588
0.130746888461202942499639334528
0.136640120799283698582726742643
0.13325917375824916644155848644
0.127592723017945275376661129485
0.13033697479828748599928189833
0.120322583333090996071668143941
0.117744863927578741202850665104
0.108940811220544539472676603964
0.0953480360282553535133942546054
0.0798259847488414775451559535213
0.06625697931363586090647288529
0.0396512909120514053795680808889
0.0263926920977105572418963674863
-0.00713301849828776920320327903369
-0.0303659913910923999480484525293
-0.0589494933575169244299729598424
-0.1001059446508821421106816274
-0.13098948137645441414100844213
-0.173239899502567323841262236783
-0.216795578848921505210611826442
-0.261869606645991848115073707959
