3
39.9142974535295635973852768075
0.1149245285350436740490209786
0.115004741139873120636671899319
0.115085031952889577100407336729
0.115165401085796106905867475234
0.11524584865051618054465620844
0.115326374759145949822070065238
0.115406979523995520398038650001
0.115487663057579723058232445965
0.115568425472653835139880129645
0.115649266882083157081950730571
0.115730187399041686835410303047
0.115811187136788923401908846245
0.115892266208924621384568354188
0.115973424729132065791326056114
0.116054662811374734165958955145
0.116135980569774421855555601724
0.116217378118712494350361907891
0.116298855572719447848406559842
0.116380413046572178670245989451
0.116462050655187526748690629574
0.116543768513814857690213955266
0.116625566737788649573914767643
0.116707445442715204708683529589
0.116789404744364749832996608347
0.116871444758786371953540594859
0.116953565602166215109392055638
0.117035767390959027922647806008
0.117118050241761209595559023455
0.117200414271448394298857920148
0.117282859597093669368206292347
0.117365386335929564043389916606
0.117447994605467509465768216614
0.117530684523375589245475225653
0.117613456207576766443523297312
0.117696309776201948893437077004
0.117779245347576264069111573463
0.117862263040236447952935350258
0.117945362972968814663232706152
0.118028545264737022568724000848
0.118111810034748937470183705045
0.118195157402382761135939404085
0.11827858748729663806997791653
0.118362100409334952688666930953
0.118445696288557250630546491266
0.118529375245231813340573978621
0.118613137399851409359285980827
0.11869698287315991191981368047
0.118780911786070267344150863664
0.118864924259741100431853055852
0.118949020415565084873854573289
0.119033200375122091840829341436
0.119117464260240238371757470759
0.119201812192944248125492379131
0.119286244295516222213571211341
0.119370760690434243866953067936
0.119455361500409695807434218295
0.11954004684834793059700075446
0.119624816857446011897359028353
0.119709671651060819974610183181
0.119794611352799007519820406742
0.11987963608648502522591172692
0.119964745976183867481879019579
0.12004994114618607048416976113
0.120135221720991391958222038738
0.120220587825342103971415497199
0.12030603958419051890960105311
0.12039157712275452838390776833
0.120477200566440220685926476563
0.120562910040899792796231793091
0.120648705672003933586644564002
0.120734587585900124406812494726
0.120820555908891055785225887576
0.00238294151700168665292123293398
0.199928495097814629133381458814
0.194515758711501063338289441162
0.18909589098871001922042012211
0.183668882104447733771834805339
0.178234722228919423292481383214
0.172793401493160109216873365767
0.167344910008712433047151080245
0.161889237895434745517775354529
0.156426375249817173340716180974
0.150956312161298816798549182749
0.14547903866021746899228617167
0.139994544818290073129318784595
0.1345028206652543190102733206
0.129003856188886101286072971561
0.123497641405118721569245110459
0.117984166311764421264385305221
0.112463420869091917930759905175
0.106935395007510827825036869854
0.101400078664062226474484873506
0.0958574617818429286497661223621
0.0903075342479018189356665402556
0.0847502859504733474516058322479
0.0791857067509014606043749040509
0.0736137865193485091408476250763
0.0680345150934852371804595350113
0.0624478822861723181780746472214
0.0568538779011808978469666442379
0.0512524917479008773613102789568
0.0456437135709276894934838253448
0.0400275331490335742334885082983
0.0344039402230148436134804512676
0.0287729244998012716194590865371
0.0231344757046334122130293309283
0.0174885835189098649833372434159
0.0118352376227410707038023574
0.00617442767623773043628165879682
0.000506143326148710600426161576593
-0.00516962581344371403802018249962
-0.0108528901322587495448246386331
-0.0165436600210574838443200462734
-0.0222419459178502532115118128786
-0.0279477582625304275809607901238
-0.0336611075100193835041295642441
-0.0393820041377295204654274130007
-0.0451104586407666749425793284445
-0.0508464815029358030429307291342
-0.0565900832722906407812324403039
-0.0623412744859731735025398791095
-0.068100065704579784697791922099
-0.0738664674928862508007654241737
-0.0796404904291777848701627817718
-0.0854221451665639203154611891478
-0.0912114422969845239919095547521
-0.0970083924638570904708245734582
-0.102813006343382210006076604714
-0.108625294607313946371185409134
-0.11444526795062552604331784778
-0.120272937054835174497391392379
-0.126108312703519465092227846981
-0.131951405588845577243617412933
-0.137802226510363917677537415329
-0.143660786227742059972811716761
-0.149527095546969884809485051846
-0.155401165291593312822726602462
-0.161283006278177237780013797419
-0.16717262937295090940992281503
-0.173070045424668306210946866486
-0.178975265331609373342658386719
-0.184888299972469721810242049287
-0.190809160289283297196050170896
-0.196737857223343998169795554531
-0.20267440171848619123728951763
7.15203031660426941095214316555e-13
0.317362982049158082187290119691
0.232699138286869056102545982867
0.209207258486308722567059703579
0.170086505840065488337486954151
0.10874145380939412297571777799
0.111402828735112688351982512813
0.0601555960972741179948464207428
0.0090215679032269215087413982701
-0.0258288013894737537856638454059
0.00728601573056157462981996530971
-0.0239775753373444346083775968737
-0.0536374673591525213955932827048
-0.0974168213536362459503692434737
-0.0834957354671800738854514634113
-0.102886769534694250127770942527
-0.13293861371032353324572738984
-0.11420683458405596344409360654
-0.127674861792412774885718818041
-0.104151178251008669217725355338
-0.14530952186253293101358963213
-0.151701262470541581306449074873
-0.121298824149987688469920499301
-0.156258604545660206852630835783
-0.161707127005835588073878739124
-0.117808853992653644882082630829
-0.139704313042772615416353687579
-0.103978407462045188691668329284
-0.0961952662003888320230160502433
-0.0999399177955581918819660813824
-0.0984651334316295478998881662847
-0.0992209558011493131246538723644
-0.0434082799556885848279996764632
-0.0564360492416207809585060317659
-0.0654657327423784768383185905805
-0.0664973717300299804744412313084
-0.025507636973481979253408624686
-0.00848683207857748797553476549638
0.0144088749969843860077034491951
0.0281200843479474521524608121581
-0.00432541735877011671723701979886
0.0980860360970842032335426097234
0.0755357248444052664648751260756
0.022822277644874985197409600346
0.0683671327852005822345304864029
0.0730600725955970475844480915839
0.0729771236725924171695467634891
0.0971140828262061217568401616518
0.0883029489938134959370330534512
0.11700536193656908834359597904
0.150151219390262435915417427168
0.1195809509796267183778795129
0.153572227062789751217408706907
0.164835550116969153933155212144
0.146426480821523735675881994212
0.113254235163037675349073651887
0.127144377075656345166265737134
0.0918048616782340121122985010516
0.108246954588547883435722951617
0.0935469734125321666917685092812
0.104367163211301378078488255596
0.0709251867391488405312216514176
0.0926428264890313685198108828445
0.0420371384507171458322360990678
0.0509126080849218592971894281618
0.0255556040458342209609199358056
-0.0318421464625485012289729525037
-0.0928632499903610658664732113721
-0.0876227379031769282313746316504
-0.131218450469442471373326952744
-0.176759478982197654195474001426
-0.200315942488718479186360355015
-0.288178773478806549146469251355
