2
135.363909606732221391212078743
0.115156239332156462573664157389
0.115230221898252244150384626664
0.115304272692056133942095641487
0.115378391801675944661198514041
0.115452579315328221487568782777
0.115526835321409046541951681775
0.115601159908419792721190333395
0.115675553165023689561330400011
0.115750015180025964123267101513
0.115824546042364917575184790621
0.115899145841181133720354523575
0.115973814665660063250030020754
0.116048552605216431787837905176
0.116123359749386950712235488936
0.116198236187815509556919835177
0.116273182010361103566609131121
0.11634819730696915884848863243
0.116423282167760544503209985123
0.116498436683001860281194694835
0.11657366094311469306710193905
0.116648955038625642965932627249
0.116724319060262954339535212966
0.116799753098887293401020315287
0.116875257245468613942485092139
0.116950831591172116352694843044
0.117026476227318973477586894205
0.11710219124531853762682942488
0.117177976736797820334068376269
0.117253832793506290732565844337
0.11732975950732638104057059536
0.117405756970316438314583251668
0.117481825274645249046479023036
0.117557964512702659010123795724
0.11763417477698553947895732108
0.117710456160130386149553771702
0.117786808754939451016063856059
0.117863232654387389830574761618
0.117939727951573952724473315357
0.118016294739767033106225824213
0.118092933112365849890323943328
0.118169643162952434090051667681
0.1182464249852505505655742013
0.118323278673123130633193511585
0.118400204320618526732111774891
0.118477202021905050899341915738
0.118554271871325625498094780141
0.118631413963393342325680634985
0.1187086283927316354702696799
0.118785915254168525367894915235
0.118863274642645691536735341742
0.118940706653316630170280632228
0.119018211381413774319071308128
0.119095788922398637676991484113
0.119173439371844352985263526534
0.119251162825522616373064010986
0.119328959379302226850860790819
0.119406829129269892453280021982
0.11948477217165501262918780867
0.119562788602830080697536629941
0.119640878519324297957204805698
0.119719042017848470438323715825
0.119797279195265227169642230365
0.119875590148575322801960396646
0.11995397497497373162644862532
0.12003243377180601580977992171
0.120110966636565105747358472854
0.120189573666914045757536655401
0.12026825496067428122870524021
0.120347010615832528124258260505
0.120425840730565988923039810743
0.120504745403132301762028077974
0.120583724732056321582440716611
0.00359698161390718329846749590217
0.199939180482354816881240822113
0.194514385176173892899598172335
0.189082785117008156383633377118
0.18364437116594323207152683608
0.178199134107624362899358061441
0.172747064798458915824141968187
0.167288153984373327842760659223
0.16182239247825885852805072318
0.156349771049693914148903672867
0.150870280424576341804510093425
0.14538391133722511350256922924
0.139890654561529353960835919679
0.134390500752234826054021255004
0.128883440641714641650139583362
0.123369464857963753723346655988
0.117848564105528477718998203727
0.112320729034381991406910117348
0.106785950222249848007294303898
0.101244218393300638991760820318
0.0956955240762038528146149474196
0.0901398578705001202182600650303
0.0845772103797201718622389421398
0.0790075721045338658088397210122
0.073430933691259220319480505168
0.0678472855847522121619519452906
0.0622566183058861286059304518403
0.0566589223935320199232457127891
0.0510541883431090484646297511517
0.0454424065901178064752485852296
0.0398235676327443541278050531673
0.0341976618383862257521954575168
0.028564679714783939440403415233
0.0229246116332731258991017853077
0.0172774479892542423553614128195
0.0116231791928980941752680422496
0.00596179557572361525086268585483
0.000293287469053597163893415400437
-0.00538235470493092071214702443172
-0.01106514071087223716194358758
-0.0167550802297915073235667904328
-0.0224521829158514790725220677814
-0.0281564585431553250638447849497
-0.0338679168670213345815334093913
-0.0395865675798773228311056016082
-0.0453124205231266521942679048607
-0.0510454854513586256392621010036
-0.0567857721260423067843881028693
-0.0625332904568492997654516329931
-0.0682880502095968011655457985398
-0.074050061269598094204624771919
-0.0798193334800293557984574022157
-0.0855958766847937091437614753886
-0.0913797008517183984022125287083
-0.0971708158749684108856925490727
-0.102969231658717325084140270519
-0.108774958141965361058112193859
-0.11458800531171528525042901947
-0.120408383107297456415807346275
-0.126236101571237935292657539321
-0.132071170630616657737377295234
-0.13791360036643982023285559535
-0.143763400844737765371661453173
-0.149620582073986901905371382782
-0.15548515409272051224220945187
-0.16135712704099317016392944879
-0.16723651099587491519748994051
-0.173123316096701923560985392214
-0.179017552460722012552807314023
-0.184919230215212143653147336408
-0.190828359573478822941439148053
-0.19674495071020234315817276638
-0.20266901379125215609811050399
