3
1022.05137393404481827019480988
0.114387346997272418280822137149
0.11448194029613939504130826208
0.114576636704180112591444640202
0.114671436397446355193174838405
0.114766339552462237616481388613
0.114861346346073575630519769675
0.11495645695546315157020700326
0.115051671558217813440272436765
0.11514699033235249736595307013
0.115242413456123238280071063855
0.115337941108298688841493628843
0.115433573467941794077340489366
0.11552931071449748512414146262
0.115625153027807237027246856087
0.115721100588086669991305655003
0.115817153575938178167170633515
0.115913312172312529813034132076
0.116009576558579255434189292373
0.116105946916453095507648640705
0.116202423428078308043076560807
0.116299006275924238229535490063
0.11639569564290891401370231506
0.116492491712257811853348243858
0.116589394667652501702548306639
0.116686404693138054411427617651
0.116783521973109580271987795186
0.116880746692448189705260119808
0.116978079036301751969517681573
0.117075519190281265857755954585
0.117173067340385558821047595757
0.117270723673007545850843769131
0.117368488374915008742860322855
0.117466361633279822718201046428
0.117564343635643941965440717468
0.117662434569997281785802556442
0.117760634624678742210512893962
0.117858943988482303688591912305
0.117957362850505634299658197506
0.118055891400355258968879468284
0.118154529827964732691114591034
0.118253278323699986818162699365
0.118352137078321692498228401291
0.118451106282995002882962864987
0.118550186129300808013375956307
0.118649376809193782267293215682
0.118748678515073591288597754101
0.118848091439735153995727046095
0.118947615776367962570070346828
0.119047251718582977608740236519
0.119146999460401387116448290726
0.119246859196258200852547304294
0.1193468311209956722596103873
0.119446915429881631021125087955
0.119547112318578160894411155368
0.119647421983174365167634789486
0.119747844620188670372584738288
0.119848380426519365848925247064
0.119949029599541401314155564251
0.120049792336971800077449756827
0.120150668837046836756599077489
0.120251659298328414382517337344
0.12035276391985909316684200121
0.120453982901092604418380460629
0.120555316441893378698324568177
0.120656764742573530124758462989
0.120758328003860007648917473944
0.120860006426885296937356883973
0.120961800213271020165706204352
0.121063709565006352719684912245
0.121165734684543197063888442244
0.121267875774746139438953207446
0.121370133038939925773647132701
0.156471156193316529581238683022
0.199971430280449891103700110762
0.194580999847857122331262758053
0.189182835194898535391416771745
0.183776925295796256243363586691
0.178363259115611627603215083582
0.172941825622263706252468296043
0.167512613719666358935711514278
0.162075612342277242117205560135
0.156630810375260165479005536326
0.151178196691129612672099824522
0.145717760168906307338687611264
0.140249489627242707179277658724
0.13477337389371343845390072147
0.129289401802087783321937308756
0.123797562109642364513995005382
0.118297843596803967103348043111
0.112790235018303139358231135247
0.10727472510603149047359039514
0.101751302578994340386486783245
0.0962199561337913622516282430297
0.0906806744523247221234640846887
0.085133446187459466125702078898
0.0795782599967858189637937016414
0.0740151044955331821606492326282
0.068443968299097102114814106244
0.0628648399923770473396444913305
0.057277708148357309170251028263
0.0516825613116312712613797941685
0.0460793880301986480407805402137
0.0404681768117747947544060593827
0.0348489161440842243333548822193
0.0292215945180140553028014238635
0.0235862003996007915662680431979
0.0179427222229207317116816966518
0.0122911484034678390037109707578
0.00663146735745905133857514002216
0.000963667471368737419377958897115
-0.00471226289587054619767414465059
-0.0103963353951957663406924226024
-0.0160885616844286122306684205796
-0.021788953473645181896367617469
-0.0274975224528106951260575385731
-0.0332142803484189036433704700357
-0.0389392389226525040268889199524
-0.044672409928059389483401275811
-0.0504138051394702330076924567948
-0.0561634363767792368915543477215
-0.0619213154576628149738937167967
-0.0676874542034272275170536659061
-0.0734618644989248337218157303141
-0.0792445582060531533707958828927
-0.0850355472342864127099915094732
-0.090834843492445235813015358417
-0.0966424589213914220220402739869
-0.102458405479633113399628996376
-0.108282695129312697690515676641
-0.114115339873899226952325136608
-0.119956351718689596674849440205
-0.125805742709499290832297901943
-0.131663524897961431436854695676
-0.137529710342366745523534632412
-0.143404311135410300614978496014
-0.149287339406677599384920540615
-0.155178807266512258644652888506
-0.161078726875450356503804982822
-0.166987110397302018771625853333
-0.172903970034402942879125930631
-0.178829317977222179703034043996
-0.184763166463377842552162633183
-0.190705527745524017202427558004
-0.196656414086203906732563950754
-0.202615837774331591925047746372
1.29140594003267053052083611567e-10
0.307072017441738509546667046379
0.255336241017789178364694180345
0.210640840317913441426256326849
0.173917461551220425830521776334
0.125870929468276299134643636535
0.0938640063958871700977582008818
0.0593890048245515334013333585972
0.0260757960583446746216651490613
0.00424858799564348677685332589249
-0.0225690375302812669400243095197
-0.0401104562089178370842823539988
-0.060469685745801270149168971102
-0.0834613634085480254887201567726
-0.0936193997189629228961038620582
-0.100391478988950649808842285893
-0.122227152661403215549995593392
-0.124022228923460348104512718237
-0.133101019205336762452063226192
-0.135033852645478485987595718143
-0.136668416417618898694996687482
-0.148678346185855292382882453239
-0.143723795399332943123482664305
-0.13700918294518660278669131003
-0.140536474564123436969964586751
-0.134893993155582259113600684941
-0.124331680909299788218014271024
-0.124715407862915642067669352855
-0.114730972144114262700753670288
-0.106429248560174993798455034266
-0.102138115624206299303367018183
-0.0803501346554962858625970056892
-0.0798796725739063517846005879619
-0.0619173271491916601960703303575
-0.0507381945660545785603545709819
-0.0428032750561965977253997550633
-0.0150680804090659141436514545376
-0.00978611001373617256371417738592
0.0031905371287011476295891743149
0.0135960931470950358718186024021
0.0323385998789610037973396572397
0.0367904189609857684706284430831
0.0559671912992583051038586461345
0.0691572125365176731959238054515
0.0752303175654836647767709223444
0.0876354100072176955826819266804
0.09944987444871321302652944496
0.109398061682276531714208545054
0.111994703675994691782769052679
0.127813951962758826086385965937
0.126605108629510937356954514144
0.137216648450757011667988649606
0.133416796559434502889018858696
0.138964700188240586342658389185
0.136776243168522049220570124817
0.136158953689144129883814571258
0.123664371613737777977348741842
0.119750148108662177182104358053
0.114777292030392677468775275429
0.101321116584810341776368147748
0.087621281656613730914884285994
0.083024469663219482851168606885
0.0603528835595116205925414476496
0.0362955358161448013443184379412
0.0229452989501669653293891570911
-0.00061583085013243172699953786875
-0.0331926003352365286969138935547
-0.0596861708932935330906843773846
-0.0894038551842339657138580832907
-0.134377386136816379114122810279
-0.171091631878820232826043934438
-0.212430546085433935576958219826
-0.267620804933224154531501426391
