3
50.9405533588444683346097008325
0.114057446194884323786844504411
0.114160831857811145839676214564
0.114264336999273269368515570932
0.114367961839973553139770956477
0.114471706601115816304137240422
0.114575571504411749534924069849
0.114679556772034133005355727164
0.114783662626689472729957230968
0.114887889291594449958644474918
0.114992236990394972040441246008
0.115096705947292418659166912676
0.11520129638698396734586282264
0.115306008534646592389449892835
0.115410842615978906366969169994
0.115515798857155363443816042945
0.11562087748492942684830353528
0.115726078726500480886585364715
0.115831402809559169675424072921
0.115936849962349250442450454557
0.116042420413613206475744732415
0.116148114392615395273899991935
0.116253932129098166980973871887
0.116359873853367726259655512422
0.116465939796215361967668400212
0.116572130188945063955507919218
0.116678445263394214848062802048
0.116784885251932216143622156324
0.116891450387422796142189440616
0.116998140903268738055587050439
0.117104957033387371834187717923
0.117211899012231793304472660111
0.117318967074761998370391324897
0.117426161456499519863960756538
0.117533482393462840320808027172
0.117640930122226844423138913953
0.117748504879851959015191198432
0.11785620690398812548949081247
0.117964036432800817300048379366
0.118071993704987318607457780217
0.118180078959776418967564382001
0.118288292436931896656204799001
0.118396634376776554997690027449
0.118505105020157930351132336
0.118613704608479669788678734221
0.118722433383672554274568256005
0.118831291588217313748288006536
0.118940279465185358431789097722
0.119049397258105663088834091923
0.119158645211124694651694255754
0.119268023568962266978132902295
0.119377532576786390960954520324
0.119487172480407397023860482932
0.119596943526180859995733385404
0.119706845960990307387028508401
0.119816880032314346249400216493
0.119927045988122454867053079397
0.120037344077042862355853003464
0.120147774548155492069234639985
0.120258337651211272278928277046
0.120369033636464631276119519043
0.120479862754697575333295844757
0.120590825257352846078262587071
0.12070192139641849893294534013
0.120813151424389836341433124289
0.120924515594389922479301446856
0.12103601416010871527628722788
0.121147647375816416848159917663
0.121259415496331554584763523508
0.121371318777039521874527849832
0.121483357473982783725219292137
0.121595531843699380947221300175
0.121707842143347330643443626741
0.0109678278733495535718356350685
0.200024000866455942126975742212
0.194645065712660630952157703177
0.189258086376545592299791564983
0.183863051254732595696239627614
0.178459948726618522485409812361
0.173048767150399490644119282479
0.167629494863313355246248192998
0.162202120211508898917074361634
0.156766631476947221335294102573
0.15132301695429403731729678384
0.145871264912427411886142181174
0.140411363596948168819267266372
0.134943301243307889336620064569
0.129467066059805041566832528588
0.123982646240584568064768689055
0.118490029959248108215597028448
0.112989205371924320009391351505
0.107480160614232364557629750834
0.101962883805042189844236588669
0.0964373630365596284930163051285
0.0909035863951301731367138359019
0.0853615419426281135661938037629
0.0798112177070838396675256376511
0.0742526017317697156761013843607
0.068685682004234624442595702476
0.0631104465087739679995948449687
0.0575268832217999404043951017229
0.0519349800663356439556217480913
0.0463347249960265952783977638774
0.0407261059055607152479261401368
0.0351091106762256924267440183485
0.0294837271850311583021309047581
0.0238499432718995152402641224398
0.0182077467799630424161172470576
0.0125571255037351340450024750339
0.00689806724271254008418186032259
0.00123055976591433216711657383513
-0.00444540917550351535880714948235
-0.010129851851930550890590332358
-0.0158227805481079772387253967736
-0.0215242075705063436175112911997
-0.0272341452552894366934133074665
-0.0329526059421560574280718469709
-0.0386796020024268508152864853855
-0.0444151458147632530182313814748
-0.0501592497979068477342856624546
-0.0559119263703986360547482092898
-0.0616731879850468955872599963186
-0.0674430471074107251716611699521
-0.0732215162096525179480366318785
-0.0790086078238380201677060199472
-0.0848043344534716303506627355091
-0.0906087086575779881991721254053
-0.0964217429994967817341589011448
-0.102243450066872562653763623075
-0.108073842472034165052008347629
-0.113912932841625916258188055963
-0.119760733809794614468380302696
-0.125617258060707392974819640585
-0.131482518278978416370605941665
-0.137356527175258313899774975653
-0.143239297474530513643031781612
-0.149130841927081425613010878806
-0.155031173313707165695163325836
-0.160940304409970202925705962116
-0.166858248038159656667644981098
-0.172785017030759185940880229282
-0.178720624234037533950569809349
-0.184665082527392165889779107601
-0.190618404807319313798430471252
-0.196580603980339663205967326576
-0.202551692992243653757000743099
1.33424637678551974051611388188e-11
0.303380193951782672900918669256
0.258929522766694397706288555128
0.214320768056682597890727492995
0.170519011267752707006195578288
0.129886516428648735033135608319
0.0930193773133377727058146433592
0.0630498896017089721643955613217
0.0291314606781989879347172234247
0.000633540044199903322301448138631
-0.0193036462140387908570371422456
-0.0452311262217565818177789083165
-0.0631491193194147759637502304031
-0.0789216229020123921644724873659
-0.0951118302368487156250864700269
-0.107064594909731039540368158214
-0.121880621124333066163103467261
-0.125492859950601970409067575929
-0.137204141800682299923153095733
-0.138646175014457001539724956274
-0.1402672847442655024163826738
-0.147152802530368581601649680124
-0.138564739538301340271431172368
-0.139916230860181234341155231959
-0.136447731666425431384936928225
-0.134086718264676690859360519426
-0.127027821220186631911985841725
-0.122039270580851164083036053398
-0.113792472477789924356628148416
-0.103628615288920616910317562542
-0.0975126105070093507354300754741
-0.0787263700024292273349502124802
-0.07420040141219798324190293215
-0.0609484035189344283689472092647
-0.0509185292671769720862506858339
-0.0366531937755707887260925303963
-0.0232132222967638864041806101568
-0.00892295679637335539813314255753
0.00421239828108155474339913126869
0.015303015246906165325313509129
0.0267913551560207026380755479522
0.0404536024710705072182648223134
0.05401794625131434157694343412
0.0615331234046698691275700809911
0.073315897334713553412655073771
0.0883640891163837149946402860223
0.0953871184900410840068474271902
0.109749232234656657336557827875
0.116043481827022579300212612452
0.125637256862889762354384970422
0.125312972634365887847351928031
0.13136866089478846375548926062
0.132226783052607099744335528158
0.137034320654208813250463094846
0.133094476781113607577466950715
0.133851541867477524805352118165
0.130383102118472621322453619541
0.123214974119602443947130154811
0.116217017979977951802617042176
0.10709561670031904345723461347
0.0938983890496904033406977418963
0.0784776049073369619257789508993
0.0639199436215648064685268536778
0.0401273796593939816035323531196
0.0238925027753152316445373060105
-0.00538407549391644191932870811002
-0.0345554765975531474886395244539
-0.0614753054551579608544287225413
-0.0943380544227383766031636014304
-0.130601198770344734123582952634
-0.170390984666841188710506571624
-0.217468546662472006492095033536
-0.263505718862456272955085978538
