2
1.10641626510703017238768097741
0
0
0
0
0
0.70660945906802596905293967211
-1.42007670083467192733477977039e-16
0.707603753774378785301735206303
0
0
0
0
0
0
0
0
0
0
0
0
0
0
0
0
0
0
0
0
0
0
0
0
0
0
0
0
0
0
0
0
0
0
0
0
0
0
0
0
0
0
0
0
0
0
0
0
0
0
0
0
0
0
0
0
0
0
0
0
0
0
0
0
1.68954285883724449352847447013e-07
0
0
0
0
0
0.707603753774378896324037668819
9.28646570605665280042231729822e-10
-0.706609459068025858030637209595
0
0
0
0
0
0
0
0
0
0
0
0
0
0
0
0
0
0
0
0
0
0
0
0
0
0
0
0
0
0
0
0
0
0
0
0
0
0
0
0
0
0
0
0
0
0
0
0
0
0
0
0
0
0
0
0
0
0
0
0
0
0
0
0
