3
116.958469109362951598996005487
0.114537118185715020013404341626
0.114627710265209001305741765009
0.11471839828245870840373044075
0.114809182394550776673547431983
0.114900062758779439309186898299
0.114991039532860689353910288446
0.115082112874743069941274598023
0.11517328294275928912693274242
0.115264549895512768973304673636
0.115355913891948783089880237185
0.11544737509136902831041737727
0.115538933653326944539507792342
0.115630589737759734147992674025
0.115722343504920957557580152297
0.115814195115329740537468694583
0.115906144729910273727391256671
0.115998192509856754006669632417
0.116090338616758562140240940153
0.116182583212441362108258147146
0.116274926459125543809491887259
0.116367368519342984090059189839
0.116459909555954491122697902483
0.116552549732152690986630716452
0.116645289211460778666662463365
0.116738128157717446775620828703
0.116831066735148925150866716649
0.116924105108260553698151795743
0.117017243441917884183567366563
0.117110481901292334816488960314
0.11720382065194968890242677162
0.117297259859744831822503385865
0.117390799690885130890372067825
0.117484440311916946142467566006
0.117578181889726129938367193972
0.117672024591548518568373538074
0.117765968584929214824086329827
0.117860014037794683106064042022
0.117954161118415001840986633397
0.118048409995348352330424290813
0.11814276083757581370381473107
0.118237213814353592233885592577
0.118331769095306169048420485979
0.118426426850445867811068012543
0.118521187250092099874088091838
0.118616050464909153494552640495
0.11871101666591701850883566749
0.118806086024500157094507812872
0.118901258712383023352643363069
0.118996534901629563707459169564
0.119091914764707956786438103336
0.119187398474372097112450319401
0.119282986203753063603194561892
0.11937867812636504538659210084
0.119474474416039797008970424486
0.119570375247003188312611143829
0.119666380793793380998835118589
0.119762491231346815401259675582
0.119858706734937106586080801662
0.119955027480213929913510639835
0.120051453643171351926000056665
0.120147985400188450633152115188
0.120244622927963423775210571876
0.120341366403615257496539925341
0.120438216004572093420499356853
0.120535171908680460717278037919
0.120632234294102261284997723578
0.120729403339379245951867858366
0.12082667922347513356218229319
0.120924062125641579301671413305
0.121021552225529682722537927475
0.121119149703198175638263478504
0.121216854739046919764433596356
0.0146995203582456820251556095513
0.199952955355357175903918687254
0.194556851024588917109525709748
0.189153165649514787283180794475
0.183741888526706337314564621011
0.178323008913541553033255127048
0.172896516049765996969611592249
0.167462399160847513757133242507
0.162020647465842326795382177806
0.156571250148619695030660636803
0.151114196395659539096101298128
0.145649475370880715496824109323
0.140177076205107192796717185956
0.134696988027060760018116525316
0.129209199943102343022260924954
0.123713701041218163134693952543
0.118210480394735806264350230776
0.112699527049674994017003371027
0.107180830057092529861151319892
0.101654378443163162515361364058
0.0961201611874098055254833639083
0.0905781672863158332509314618619
0.085028385707813597393922577794
0.0794708053949249870751003754776
0.0739054152949155662710722936026
0.0683322042916695016057104794527
0.0627511613125200512497414706559
0.0571622752159598526700001741574
0.0515655348695854831575502430496
0.0459609291171660105934648754555
0.0403484467770272997588776320299
0.034728076660971850253556425514
0.0290998075496956207230958568744
0.0234636282191737662039532352765
0.0178195274325181167440756979659
0.012167493896908415304536354995
0.00650751636233591005537002516235
0.000839583503566211164850785486635
-0.00483631599353527130008556511598
-0.0105201934605591088112142017508
-0.016212060279574648513634116398
-0.0219119277891783766076816419854
-0.0276198073929058394992974712068
-0.0333357105199518569116357014082
-0.0390596485925901806823823392278
-0.044791633040252666619895904887
-0.0505316753515198044399703292129
-0.0562797870039986811163679192305
-0.0620359795097426627852321701084
-0.0678002643739652327559142008795
-0.0735726531411786260905572021329
-0.0793531573812041451931875712944
-0.0851417886692232006584646342162
-0.090938558591932894259457498265
-0.096743478775134630898158150103
-0.102556560849015612757462179161
-0.108377816468259155491260514736
-0.114207257303374040691146262816
-0.120044895049476046944292306762
-0.125890741390169730307135864678
-0.131744808098262083939644639941
-0.137607106897123909750035863908
-0.143477649542462559750788386737
-0.149356447834962907661449094121
-0.155243513567294821875464094774
-0.16113885857864421180529745925
-0.167042494706875627175080012421
-0.172954433799091339407638656667
-0.178874687758292821859740229229
-0.184803268467724185475375975329
-0.190740187857049270370168869704
-0.196685457873012448093419379802
-0.202639090439868663207079180211
9.77889185184998702114864284564e-12
0.30370529820309061230787506247
0.25447335004820909043488086354
0.210437874510237654668287632376
0.171256910940072476501327969345
0.128970469163677797785894085791
0.0946486157538476147177419761647
0.0717657122416372750262070212557
0.0290833170174719483902503469608
0.0131907157404505797487770379917
-0.0190321106266428952125124851591
-0.0522682000797176360418205831593
-0.0656619519638441118125626871915
-0.0798625891639748453076919076921
-0.0983684329772132465263823064561
-0.105317338163645468629425749896
-0.118482312462819594500729181163
-0.133147317681138355194292444139
-0.133311365419285815514527371306
-0.13521387586429173266466818859
-0.15079007367962452001997064599
-0.143147397294674627588051407656
-0.147926345157870287039258982986
-0.144200115583682897391071264792
-0.130409735149510264129446568404
-0.136537537756713955872100996203
-0.1300623683313526235405532816
-0.122158720920361632544803853762
-0.123449529179653447186204573427
-0.100949680732888444345540790437
-0.0995611970969608045534116058661
-0.0810156798516533382947812924613
-0.0681050401535093774540996491851
-0.0549397593656106297821395401115
-0.0407593293993070496239461419918
-0.0365602735232299774770226008513
-0.0192468943549900378675587830912
-0.0117220006196893707789419281085
0.0102575217065816442357784055162
0.0271741656865954507582561205936
0.0349224249571562991856232827104
0.0368083394424736434769052095817
0.0511627234725544471904967736009
0.0580201036034839606747581797208
0.0712011908227662693171566843375
0.0878029056769617094468927120943
0.0958710653194477374627879839863
0.103036442218366525169770397952
0.118912604086891776633549966391
0.123117814387448898383325968098
0.118139351255725971734378276778
0.1353417866987517703680765635
0.129609674589476614459115921818
0.139173711305351804901064838305
0.136741952256085735895041466392
0.127864898265121790243981081403
0.13275448760905791956155042044
0.131135058951984295738668606646
0.109627865814515557119079858239
0.100587809336300154638976778187
0.0918174307076969759000562021356
0.0786568299683801791521986501721
0.0696405014352587808934558211149
0.0342461406174400032065285870431
0.02669291075478890523653419109
-0.00390993116582860882751715436711
-0.0272731733403031514906267318565
-0.0651728349632313130879168738829
-0.0974025728760248010740241397798
-0.137283326184152815185868234948
-0.171620578683026964172952943954
-0.213211280283646859023960473678
-0.259726081646687867454659226496
