3
346.382639065728596960980212316
0.114769822562871701143727420913
0.114854185335899833253492374752
0.114938633248916066698086524411
0.115023166430939821625045738074
0.115107785011284671772280319146
0.115192489119448640555454232981
0.115277278885264802821275509359
0.115362154438710520776290024969
0.115447115910099595836868502374
0.115532163429923270814292379782
0.115617297128947832396406170119
0.115702517138214736047707731359
0.115787823588956811926564682835
0.115873216612723387020089660382
0.115958696341235470428365772477
0.116044262906513553912368763577
0.116129916440843500291535406177
0.116215657076723224983005877675
0.116301484946918998186760063618
0.116387400184461170526972750849
0.116473402922615654198068568803
0.116559493294909125027380980555
0.116645671435116282665944709152
0.116731937477287495141808904009
0.116818291555691428085239635948
0.116904733804894536697283058402
0.116991264359674732031812993682
0.117077883355113251950818664682
0.117164590926511852364555466011
0.117251387209455826265980249445
0.117338272339758811768639645834
0.117425246453537607260741992832
0.117512309687130320212666845237
0.117599462177153349373703861147
0.117686704060482108524787747683
0.117774035474256896782740966501
0.117861456555861332518020390125
0.117948967442970939489832460367
0.118036568273478151280819758995
0.118124259185589303156049822974
0.118212040317762584473726406031
0.118299911808703459015212899885
0.118387873797416068311072478991
0.118475926423119548580586979369
0.11856406982533383709377261539
0.118652304143865738872420934058
0.118740629518735096858961242106
0.118829046090269771496217288131
0.11891755399907555368343992086
0.119006153385983831638483820825
0.119094844392128348942172522129
0.119183627158926719324938403588
0.119272501828027663317577378166
0.119361468541384102559632651719
0.119450527441195761269021602402
0.119539678669996485282922549231
0.119628922370489526594283802297
0.119718258685769393667719384666
0.119807687759104150582167847006
0.119897209734089807420254203407
0.119986824754593227049248582716
0.120076532964790511082142643318
0.120166334509051356271847055268
0.120256229532103880996984912599
0.120346218178917413466066932415
0.120436300594761527826825897591
0.120526476925128633865824667737
0.120616747315895972425536797346
0.120707111913103320999240963829
0.120797570863168959864886176092
0.120888124312752101574552909824
0.120978772408789056469480271971
0.0294156218009372118216138147773
0.199933376979904292580769720189
0.194527690861581947778802259563
0.189114682694318525513210715872
0.183694342234176438699577715852
0.178266659266001353811859075904
0.172831623551024687879262842216
0.167389224817676651735354198536
0.161939452803335326436240393377
0.156482297203776127281216190568
0.151017747723705658691173425723
0.145545794019226626403451518854
0.140066425765494662059040820168
0.134579632591065534441554518708
0.129085404146360521737690874033
0.123583730006516692712104088514
0.118074599786592626671222205914
0.112558003049719232424585868557
0.107033929368669053494578236041
0.101502368272519780112439491404
0.0959633092995626491017446824117
0.090416741933764227523440126788
0.0848626556985648816677780814643
0.0793010400564468503903370333319
0.0737318844548617985390492890474
0.0681551783467418820228189701993
0.0625709111640082582539434952196
0.0569790723009531430154339659566
0.0513796511538954503439668997089
0.0457726371000986911874441886994
0.0401580194829444792059547353347
0.0345357876790087295337805528561
0.0289059309568833293357936753409
0.0232684386616178670581511767068
0.017623300068877884028140101691
0.0119705044481298577413452832729
0.00631004105945922547787896306204
0.000641899140982424873218270544584
-0.00503393209205156740015940641797
-0.0107174634381533833565880442507
-0.0164087057016872733816725826728
-0.0221076697368929910025858731615
-0.0278143663777090204003439311009
-0.0335288064651919071046393128199
-0.0392510009365911946566107815215
-0.0449809606632233030532042050709
-0.0507186965789474253352153709784
-0.0564642195915651748383545793786
-0.0622175406925066232233234586602
-0.0679786708329742639378423518792
-0.0737476209932472065444741815554
-0.0795244022089999225144651973096
-0.0853090254803984121556581499135
-0.0911015018662753167655310448936
-0.0969018424122304045109643766409
-0.102710058211790203341884364363
-0.10852616035718662401698964004
-0.114350159950677321418766041461
-0.120182068138834780013368686014
-0.126021896065394017893979139444
-0.131869654907599970217191298616
-0.13772535583966402650268889829
-0.143589010056970445283752724208
-0.149460628804774481315220668876
-0.155340223308185060302477609184
-0.161227804828252163638069305307
-0.167123384642219763307480207004
-0.173026974043976183859072648374
-0.178938584353347945876677727028
-0.184858226887663623649871169619
-0.19078591301188371764929740948
-0.196721654092956749204645916507
-0.202665461491480070055359874459
1.26886783462310063350701838582e-11
0.303094952069768608371447271566
0.250455834207388372547598009987
0.223996760503593378421882675866
0.175102489782021031317071901867
0.114084604601559322367698712242
0.0848699322037489017889200226819
0.0759100739150264658405831141863
0.028689411974648183073499652096
-0.00481133338752264341775521927502
-0.013152535830887872314587383471
-0.048589146587799184051625900338
-0.0394792742642291541455001890881
-0.0846561050467887488135687590329
-0.0983987008132545665217705277428
-0.115401290514085527738608050186
-0.108007618525785845098319271074
-0.145604614002606352896052044343
-0.128933201179390555246584426641
-0.14226014245768342503239978214
-0.156966382367856538415651357354
-0.142723923382456985287092265935
-0.146207806242067861468569844874
-0.128950813785414508672033662151
-0.132800301244021923263716189467
-0.13641266594475623397109131929
-0.135346133453917105704533696553
-0.116854293632277200787328297338
-0.116926800611925993389483835472
-0.101228045458537155298905929612
-0.0826236816314274008510309954545
-0.0782113317339985930631840460592
-0.0649501340733176640851453953474
-0.0601175938262936138123393448041
-0.0578051465236210093578961277672
-0.0284532303504118275205847510279
-0.0203468459258284092849855539953
-0.00988431002437820636907783722336
0.022810110192262110506700167889
-0.00688923029136130193189613279969
0.0288630355165518451276973621589
0.0336819170466958542342617022314
0.0553701679707469529567731569841
0.0527686264665895646275295405303
0.0889764133029375681172012946263
0.0847313043688517619766997768238
0.106139298142641336220037828753
0.110364781690261898328131451308
0.113765849494871645886107103252
0.125915495435437480020723910457
0.12057302209131309789214014927
0.156522401670689981223461018089
0.118780266147306259871818667762
0.11921400412458563189410654104
0.120317940044598628568373044345
0.138951218887092803333516144448
0.127136690153934611702268853151
0.122048628574086798215247995358
0.121957501853513755607494317701
0.0730957849760534433825043265642
0.0878296906116638742556546048945
0.0797709357500565041654283504613
0.0609880269885035020127617144681
0.0574547567919956592152885832547
0.021886440889861098063606803521
0.0146872347790554941271423672333
-0.0306509031310679032344967964718
-0.0455747108292321595479634765979
-0.100415674634272200638207550583
-0.117752017575071463162394991286
-0.174299883166258218203381602507
-0.223614509739064493132332245295
-0.275465915188430165994049048095
