3
9397.33637855845881858840584755
0.114387356704262921347492465429
0.114481949743997279966833957587
0.114576645892429010431534663894
0.114671445325626772393512453618
0.114766348220103037158779102356
0.114861354752682415236719748464
0.114956465100582702620890529488
0.115051679441386958679949259476
0.115146997953059396224695376532
0.115242420813918985955659479714
0.115337948202670848019124605344
0.115433580298426707866354945509
0.115529317280609666873658625263
0.115625159329062532354015502278
0.115721106624004824170448557652
0.115817159346015441379051935655
0.115913317676091670582749770801
0.116009581795541716342512472693
0.116105951886126365635298895995
0.11620242812995741632509094643
0.11629901070952529396063113154
0.116395699807728458807787319529
0.116492495607811274993537153932
0.116589398293440879572635537897
0.116686408048641110379861629553
0.116783525057862908047567884751
0.11688074950591254008713804069
0.116978081577983186734037701626
0.117075521459705192417466435018
0.117173069337030782977038256831
0.117270725396359687398017968007
0.11736848982445927114248718226
0.117466362808516286420079666186
0.117564344536066692215037221558
0.117662435195087761163890149874
0.117760634973929828595018420856
0.117858944061359702248914516076
0.117957362646519139937062448098
0.118055890918961584046265045345
0.118154529068658545321035546749
0.118253277285970390120262152323
0.118352135761630866683802310035
0.118451104686830080425785638454
0.118550184253118209842803310039
0.118649374652492006765314158656
0.118748676077316248078652449749
0.11884808872038694904649247519
0.118947612774897307219568176606
0.119047248434463820432327452181
0.119146995893102972119415028374
0.119246855345242749879552945913
0.119346826985730486425651974969
0.119446911009814346615875990665
0.119547107613177661100678506045
0.11964741699191210055897016673
0.119747839342514858507193764581
0.119848374861887971287721654789
0.119949023747394689642931098206
0.120049786196793559223117142665
0.12015066240826365040472722967
0.120251652580404891357268581942
0.120352756912238900710576672282
0.120453975603216953405016909073
0.120555308853219744769091903436
0.120656756862542333119669990538
0.120758319831914068265277251157
0.120859997962478357691473718205
0.120961791455822226248884021516
0.121063700513956137849724825628
0.121165725339340252242337214739
0.121267866134823390500407924719
0.121370123103734253722230107542
1.43867016044934903362673139782
0.199971428956177726954379636481
0.194580998165376634068124417354
0.189182833161977120850494316073
0.183776922925882046921941537221
0.178363256426646021868265279409
0.172941822609625539541866601212
0.16751261040379605837813414837
0.162075608723278086209518278338
0.15663080646505964099723939853
0.151178192509250075570292892735
0.145717755712327229344893453344
0.140249484908152755036070402639
0.134773368937280813018020353411
0.129289396589845700935583749924
0.123797556669521330308114670515
0.118297837936580343964898531794
0.112790229147032891598989579052
0.107274719037945637234443552188
0.101751296315939723791110793627
0.0962199496919646513060087045233
0.09068066783684904097473378215
0.0851334394187125004238581027494
0.0795782530702087154139690028387
0.0740150974318257021122846595063
0.068443961104955361451906981074
0.062864832675000870132464569906
0.0572777007193245174532236774212
0.0516825537892524680683159488126
0.0460793804089789649225394896348
0.0404681691061282433619084031307
0.0348489083752422657003222639105
0.0292215866949406821717616367096
0.0235861925213901070519373348588
0.0179427143019968114712181517234
0.0122911404552641604498441907367
0.00663145939443183195238784577441
0.000963659499097316166529858527667
-0.00471227087577446093757949086012
-0.0103963433590513066456795243653
-0.0160885696286226544116093606362
-0.0217889613808140390760481608368
-0.0274975303181523057782786878533
-0.0332142881654767241350612039241
-0.0389392466685488589095420763897
-0.0446724175984592741794898529406
-0.0504138127310802611202866785334
-0.0561634438680159511769751645716
-0.0619213228397378495637681794506
-0.0676874614736226870581603520804
-0.0734618716440203628481597775135
-0.0792445652165724157001136518375
-0.0850355540940044146713816530792
-0.0908348501929312351910184020198
-0.09664246545546227584733145477
-0.102458411827808709704257239537
-0.108282701286351798475315888481
-0.114115345825067229790228395814
-0.119956357464821417035949480123
-0.125805748235828934733504524957
-0.131663530178531745784553663725
-0.137529715380593664519892627141
-0.143404315927234404792756095048
-0.149287343928432042483578356951
-0.155178811518933562618727250992
-0.161078730833093403118638775595
-0.166987114058834429375366426029
-0.172903973382124820368233031331
-0.178829321003832503178543333888
-0.184763169162437290715672588703
-0.190705530102413839399488892923
-0.196656416090543739727536376449
-0.202615839412215476000866942741
1.17498895909878570124263725139e-09
0.308338424928403631586348865312
0.258661503830162842199058559345
0.212130960514791383486610243381
0.165798808373455314191247111921
0.127029319849074839865465946787
0.0922439773249331823601337987384
0.0594400213373538974237497711783
0.0304268327864114646041926448561
0.0061584424572901329264507097605
-0.0227634970515094535448152868184
-0.0393090239612411060377006322142
-0.0598994857361916585580807748102
-0.0792926978843720015044382876113
-0.0990932965371156687650611161189
-0.102657493168955407658593514952
-0.119991145770402971026946659094
-0.125451416131798471065295075277
-0.138696231256248719843071626201
-0.139198879013325310660675881991
-0.144763465588397921557373138057
-0.142716065328537727863178474763
-0.146333224349953328058404622425
-0.140032255699857971498190067905
-0.141133276963087445077249526548
-0.13664336589448830561188685806
-0.122328545494084534039913592096
-0.116911203117248244098824727644
-0.11275096072942594749299871637
-0.103401095591828598441175302014
-0.0923194400959239658277510898188
-0.0789377131831371647852080286611
-0.0727511247253638942966702529702
-0.0652183667282780765717120630143
-0.0538002357794979957361647393554
-0.0347857791867195037527338286054
-0.0232634222351036125397971687789
-0.0110623688090796343935773293765
-0.000702356129132354774745328196417
0.0173887981736873947768984294271
0.030765599173498605484189383219
0.0442002387862746454194606826604
0.0540211309763823713248065416792
0.0702807235025485199653161316746
0.0745549239303653493715628997052
0.0859444174143270261945204424592
0.0923562926014967200405436642541
0.101776676287170103618606731288
0.115955221842849051649970704148
0.127402212322117541765109649532
0.123393689969064968003920057527
0.128470809508092004280754849788
0.136177725234514934715690515077
0.137482820422153650952168391086
0.132139689774984719905503993687
0.130596992851662291323933118292
0.129333675013633908612575851294
0.122945000021414604929326230831
0.118439136034445280376559139768
0.104515787819846994732841949372
0.0965620740532248528209535720634
0.082794385716668153496478055331
0.0630854486178559492604023262174
0.0411993469019957744836624158324
0.0195080753769702637534511069362
-0.002368020359184345655090275784
-0.0311021359585916534751248718749
-0.0636791400843156468747352505488
-0.092362147106900174819976712115
-0.134681988389944357065175495336
-0.168980848616156448249725485766
-0.213215028405005779799097354044
-0.268877225986124013257239084851
