3
684.975795978198561897443141788
0.114301524197352302736341300715
0.114398407560878809241522446882
0.114495398217656169093103812884
0.114592496355090556203748519692
0.114689702160928913565740572267
0.114787015823362606448121425728
0.114884437530961655560268752652
0.11498196747274774809355335492
0.115079605838070114787186071226
0.115177352816726669137992189462
0.115275208598934322812290531601
0.115373173375298371245989415002
0.115471247336800850180615896079
0.115569430674882289711291605272
0.115667723581394141230127559083
0.115766126248544723442712722772
0.115864638868991093323401742055
0.115963261635811581973243278298
0.116061994742489349441427748388
0.116160838382892983577932000117
0.116259792751352994399915985468
0.116358858042573537483477252863
0.116458034451723146940338438071
0.116557322174339311748880732011
0.116656721406401306384559291018
0.116756232344334395789609004623
0.116855855184928233980734546549
0.116955590125463318451615180038
0.117055437363566661179703487505
0.117155397097355187807643517317
0.117255469525348252068930321457
0.117355654846495502385828046954
0.117455953260156717443685181479
0.117556364966126272730839730229
0.117656890164652652708277003057
0.117757529056373502762689042811
0.117858281842413287199278215667
0.117959148724275708630671033461
0.118060129903930485784080417488
0.118161225583774343039777932063
0.118262435966629941841432582805
0.118363761255780935988113355961
0.118465201654906884809470568598
0.118566757368167949304726960236
0.118668428600149672424990399122
0.118770215555887806435642062297
0.118872118440833673957968130708
0.118974137460906542740346480969
0.119076272822484924285291185697
0.11917852473234191723605590596
0.11928089339772790511418065762
0.119383379026360231245362797381
0.119485981826368312108677116612
0.119588702006368979846584466031
0.119691539775377803200839821329
0.119794495342927534431431979556
0.119897568918950522820487947229
0.120000760713845383564901680984
0.120104070938496718112808991918
0.120207499804208708948927153415
0.120311047522764266726191806356
0.12041471430639141826368643251
0.120518500367792838479097383697
0.120622405920128628054044384044
0.120726431176998716399140221256
0.120830576352512861215693362738
0.120934841661194780737531573322
0.121039227318054151694148856677
0.12114373353858533255422713637
0.121248360538721330903477735319
0.121353108534890230529867949372
0.121457977743966452632840002934
0.115820585093351732797195552394
0.199983683280022112027651814969
0.194596363731537158603401849177
0.189201226023994334424216390289
0.183798258977533185420938366406
0.178387451394787566183453009216
0.172968792067028476200363229509
0.167542269769336893414646283418
0.162107873240142419390963368642
0.15666559122114198654429628732
0.151215412429014484096967407822
0.145757325556227668172937228519
0.140291319286228344243028232086
0.13481738227712228295196439376
0.129335503178856753292436110314
0.123845670607561852971656435329
0.118347873175054768557501461146
0.112842099476684776249157948769
0.107328338070987891472718445129
0.101806577514005583418033040743
0.0962768063436811732946907227415
0.0907390130708107811585705348989
0.0851931861993044381442530266213
0.0796393141948514154959681832224
0.0740773855276901649347109923838
0.0685073886451242758388602283048
0.0629293119505889841924783922877
0.0573431438680019889275740752055
0.0517488727788920563344099434744
0.0461464870433067192445619753016
0.040535975016896166889246444498
0.0349173250246582189681987529184
0.0292905253816941740785395609237
0.0236555643793355217796570144628
0.0180124302926760286591711945903
0.0123611113702683152876238281692
0.00670159586228202645841189877274
0.00103387197182010421615816486707
-0.00464207209705988672887588819549
-0.010326248168578971639575136976
-0.0160186680797731184622278988172
-0.0217193436866920559780158583862
-0.0274282868738677902686884380046
-0.0331455095399659921406865237259
-0.0388710235869209400072499249745
-0.044604840958410954532276093687
-0.0503469736141156712361244274234
-0.0560974335228178119794328893022
-0.0618562326785086005753733218171
-0.0676233830944092256798327866818
-0.0733988967967934696767784430449
-0.0791827858462106348724773852155
-0.0849750623062501819759972931934
-0.0907757382656955574828927524322
-0.0965848258432870920842105988413
-0.102402337159043774206246268932
-0.108228284365070953620957538988
-0.114062679627911334190315528758
-0.119905535139910826569753510284
-0.125756863101743887600747484612
-0.131616675747490197156963631642
-0.137484985323301334148027308402
-0.143361804092348638084430945128
-0.149247144341189047489493191279
-0.155141018376128564382199215288
-0.161043438528560206579598457211
-0.166954417142601813095481588789
-0.172873966577855947557296190098
-0.178802099229841304772747889729
-0.184738827503253683071093860235
-0.190684163815611429360075135264
-0.196638120626447782113288553774
-0.202600710392765531731029682305
1.06377917191508860106180739489e-10
0.302256997111282066370563370583
0.256217989801502121771648035065
0.214263317107160761176842811437
0.173862058122995238873542689362
0.131005818943344953808605168888
0.0960550258627323044757773118363
0.0618219925870179057292297386539
0.0322940711201456578938184804883
0.00372134417065115739517433546268
-0.0195354325609901728622030958604
-0.046545721282566586418649734469
-0.0624043153794040100779128010799
-0.0811032167485633004311296190281
-0.0996726307385740889488445759525
-0.110409746673948289119593368923
-0.122820792941323878033621497252
-0.135787876364406173701482316574
-0.131860101751426594951510651299
-0.13705806690856797702693370411
-0.140975050531740975223726763943
-0.143564837562029756767856270017
-0.141510720165104270096279037716
-0.140858465769584328963759389808
-0.138161542689415522966456251197
-0.131392379694913963295022085731
-0.131603570772871075744703261989
-0.118039943714787792794496112947
-0.112885078436055316664088365997
-0.102399408464165841969872872141
-0.092846645899018226399945774574
-0.0818296214592504206342127304197
-0.074203813443995028653610290803
-0.0617107551653933023017017944767
-0.0468419893200559822599160497703
-0.0364834489110772361430967691831
-0.0211917098294989933449095076412
-0.00701093737532087341035591521177
0.00296877039526583213352450840716
0.0172158082089137257075783793425
0.0272888117757571768695612490774
0.0392040622295347779280305644534
0.054497432703257540909103084914
0.0625352034170621740027939949869
0.0775179272091353760432141939418
0.0877462160149759390348478405031
0.09938620631803010696536659907
0.102682086790708490542378683585
0.113855329651336517615689558625
0.120523717751940484532724440214
0.131007202990895410543714660889
0.129681543039545404960577457132
0.131697762976092980213849159554
0.134665794708417940750422303609
0.134385610075893585646511496634
0.133806609142848503823941541668
0.130783208541209394759619044635
0.122459556519097345628210860013
0.11696671034988467829940361753
0.105357688791274980988355025602
0.0904851970019393408994901051301
0.0795436766266111733303389996763
0.0604098342888017697527303084826
0.0435717482925589497111396042328
0.0213740830928346552120000723107
-0.00441764819646841850470098123083
-0.0298082591493019077866222232842
-0.0604605291343101730605624766213
-0.0916502647730615127574793632448
-0.131558928139253572542344272733
-0.174473469527875069129407847868
-0.216664526024862191810882450227
-0.263328581120839566587221725058
