3
19.0391196132027360476968169678
0.114466161248718778509214644146
0.114558649747606738911187562735
0.114651237560830288053637104895
0.114743924854428316906229667893
0.114836711794682244658361014444
0.114929598548247538514210930316
0.115022585282113731786068910878
0.115115672163633733782184265237
0.115208859360491758239142257025
0.115302147040707139713511253376
0.115395535372678312291405688939
0.115489024525136499410571389035
0.115582614667099917160619781953
0.115676305968054601858163721317
0.115770098597730242140357859171
0.115863992726282255540937171645
0.115957988524151553444418993877
0.116052086162201986696551614386
0.116146285811569313639601830346
0.116240587643810344697925529545
0.116334991830792502942593102944
0.116429498544790399616744025479
0.116524107958379835592310769243
0.116618820244532975238804795026
0.116713635576543350858003122994
0.116808554128096583890616955159
0.116903576073216650121899817805
0.116998701586303599508909201177
0.117093930842111532131255557942
0.117189264015761546167126994078
0.117284701282711220637899884878
0.117380242818820285100045452964
0.117475888800298494674123617187
0.117571639403717162486451286441
0.117667494806020192510409572151
0.117763455184497781158547979885
0.117859520716838972465012602697
0.117955691581098823239592832124
0.118051967955666498033551192748
0.118148350019364634100327293709
0.118244837951300932332721060902
0.118341431931048707282272403063
0.118438132138491955536174771169
0.118534938753915047859877063274
0.118631851957959486010274474665
0.118728871931666479788702872611
0.118825998856443501572321963522
0.118923232914041401842020206914
0.119020574286670829944334570882
0.119118023156861832512198873246
0.119215579707504140682949866914
0.119313244121952474752212935982
0.119411016583841511629060505584
0.119508897277295814132180851175
0.119606886386713531789105502412
0.119704984096964492379377986708
0.11980319059329076758491083865
0.119901506061266802105613749063
0.119999930686918027111786955174
0.12009846465663609471619110991
0.120197108157181667409396652602
0.120295861375734322584740709772
0.120394724499844049669938783609
0.120493697717466818897236180419
0.120592781216982108949409280285
0.120691975187085201448589089068
0.12079127981693232873894316981
0.120890695296062666841407917673
0.12099022181439277046077762634
0.121089859562252960545336577525
0.121189608730380010692684322748
0.121289469509886976839041494713
0.0026384393439908213063738173787
0.199961213901493517486329665189
0.194567839278663834434723867162
0.189166809911863686988198196559
0.183758114918206844068393479574
0.178341743445929984401843171327
0.172917684572597013525907527765
0.167485927389793537445328297508
0.162046460969873268309626723749
0.156599274357906187438160827696
0.151144356585582201324413631482
0.145681696669849092273807400488
0.140211283595365943099864125543
0.134733106372972588626879542062
0.129247153924231084065610275502
0.123753415227850410706977868358
0.118251879185273425787450207736
0.112742534722993420492898053453
0.107225370716502663159808150795
0.101700376053813976162665255742
0.0961675395781777936354828284493
0.0906268501412140214945623029053
0.0850782965354438397431735552345
0.0795218675921044310106466923571
0.0739575520827412818958279672188
0.0683853387723567796019352726944
0.0628052164074466984233779953684
0.0572171737257231166617899020821
0.0516211994208277125117945161037
0.0460172822077056301037778496266
0.0404054107514378105237007332562
0.0347855737063959211119446024441
0.0291577597182528236441356739306
0.0235219573955032304479750848714
0.0178781553583941543728030865168
0.0122263421817065415925229743266
0.00656650643325788069271098379431
0.000898636650373589693403808542627
-0.00477727862613336416025555664078
-0.0104612508901370786923434863525
-0.0161532916445782104286621461142
-0.0218534124285477381055553536271
-0.0275616247781799161842286594037
-0.033277940257359236997380946832
-0.0390023704542380236781617952602
-0.0447349269570646509985856198455
-0.0504756214013785467487060998337
-0.0562244654066802393432844553445
-0.0619814706645990531885814789348
-0.0677466488060573385210361152531
-0.0735200115574005663710011049261
-0.0793015706172718604083371474189
-0.0850913377242813323553249915676
-0.0908893246331894666401041149584
-0.0966955431125319786467287030973
-0.10251000494620726710692792949
-0.108332721947252963445862405933
-0.114163705940650492265397986102
-0.120002968783330221658189884693
-0.125850522323461944118605515541
-0.131706378453392780603081746449
-0.137570549079985088303246243413
-0.143443046132581297769092998351
-0.149323881548040604538840625537
-0.155213067279353383876028260602
-0.161110615319298627889921249334
-0.167016537666425851638152266787
-0.172930846340058119725568985814
-0.178853553380227237035171583557
-0.184784670844952009227668554558
-0.190724210810977068408789136811
-0.196672185386372544435573672672
-0.202628606673928096659764719334
1.92970033639897367236340628817e-12
0.311268996581946788548833637833
0.256577390573333063983341162384
0.204997507386262711737145991719
0.164233112550815435470852321487
0.128791326223450686150329147495
0.0939088261606448454488216270875
0.0612822905238354156964852847977
0.0310038684476499626363477091218
0.00256661548745655207492966098926
-0.0201908883666120989031078636344
-0.0381926117867069439548721732081
-0.060874483226864756213458917955
-0.0807847609600046978606258107902
-0.0930806976299698302090845913881
-0.104781720772089095849999296206
-0.120076627197175975214626930665
-0.134868596601840640136771298785
-0.135089817959260782842534354131
-0.134386498825498079678908425194
-0.141450785518272031948683320479
-0.139308278495935494722957059821
-0.140779790294787182647340273434
-0.141399489834762748241558938389
-0.136256192079242499648472630724
-0.134436540827075845516702656823
-0.129902982633287811253808285983
-0.116658427105004514068298249185
-0.115574895468519109331673178076
-0.101361253949388441242263070308
-0.091333523871873267818699559939
-0.0833721249735752678589051356539
-0.0757701386625953404729827411757
-0.0590698309991541173347151527651
-0.0509107274544500429391824525283
-0.0393029011731619720704244969056
-0.0274696053086966734957385938287
-0.0127126503278310511863002929545
0.00837222012866398884733953877912
0.00884055676316304432649229028129
0.023473653789565385868742808384
0.0473523132864679743847524662215
0.0551902846034098004679435689468
0.0589392623839577189936989043417
0.0740066610203682639923528086001
0.0860761837330126511336203520841
0.0894562058725553166382837844139
0.10748184882434366760328714463
0.118275884401303640891534030288
0.119101057446949473717090484115
0.126791131303332305080289188481
0.135499570597310825537107348282
0.138032172557925325584449183225
0.136239304146819117935507392758
0.136814547529997443398031009565
0.13078694641711197110822695322
0.13406074659150835071130813958
0.124154159174653652697450922915
0.118640720794159951201329761261
0.103361688422441741486146327134
0.0927968356400262484040553090381
0.0844940384434542807179369106052
0.0617134699622270757601860680097
0.0386136882373739678819823950562
0.024447592679661116210620974698
-0.0036441274380170128946443419693
-0.0313342001773113248974667044422
-0.0579233668747381816310770830114
-0.0938964060788937959767253005339
-0.132019686019636234286522835646
-0.169501006349532884476261074269
-0.224033954059514123224872150786
-0.265849007906047207772104457035
