2
1.85044440458128178761398885399
0
0
0
0
0
0.706546691510985591655469306716
-8.49166351284463599926673519818e-17
0.707666427573669931661015652935
0
0
0
0
0
0
0
0
0
0
0
0
0
0
0
0
0
0
0
0
0
0
0
0
0
0
0
0
0
0
0
0
0
0
0
0
0
0
0
0
0
0
0
0
0
0
0
0
0
0
0
0
0
0
0
0
0
0
0
0
0
0
0
0
5.7545534631885787477898483791e-07
0
0
0
0
0
0.707666427573670042683318115451
2.72627375835892178085473680558e-10
-0.7065466915109854806331668442
0
0
0
0
0
0
0
0
0
0
0
0
0
0
0
0
0
0
0
0
0
0
0
0
0
0
0
0
0
0
0
0
0
0
0
0
0
0
0
0
0
0
0
0
0
0
0
0
0
0
0
0
0
0
0
0
0
0
0
0
0
0
0
0
