3
10.4165851120889279002312832745
0.114304236947651613465204434306
0.11440104795520580904799601285
0.114497966122949046408052709012
0.114594991637892981706237094386
0.114692124687458402165773918568
0.114789365459474726471889027835
0.114886714142140411443193670493
0.114984170924099987631805674937
0.115081735994355435770408746521
0.115179409542343860750612805077
0.115277191757901936730590364277
0.115375082831254083259864273714
0.115473082953048006293883531725
0.115571192314329787564908258446
0.115669411106581285220151755766
0.115767739521644527633803534172
0.115866177751820759178613684526
0.115964725989777264758551211798
0.11606338442862473847583260067
0.116162153261883116517338976337
0.116261032683502879558901099699
0.116360022887805711344633152748
0.116459124069554373348545084355
0.116558336423936356740505004836
0.116657660146552724644841703139
0.11675709543341676599492728883
0.116856642480963016095252271498
0.116956301486055444516232171281
0.117056072645996891989916832699
0.117155956158460583527158860306
0.117255952221589715422922495236
0.117356061033944317206767493644
0.117456282794502694932781139414
0.117556617702667468017274643444
0.117657065958285969586860630898
0.117757627761644126374029895032
0.117858303313419135460726749898
0.117959092814732421916623650304
0.118059996467166930522729728636
0.118161014472712086464945002717
0.118262147033817086039242383322
0.118363394353326947805449265161
0.118464756634549445157844616006
0.118566234081244920028908040877
0.118667826897575476308155373317
0.11876953528818966210334195921
0.118871359458136191533661474296
0.118973299612913016587434356097
0.119075355958481302054430273074
0.119177528701233645391788229517
0.119279818048011743147895913353
0.119382224206101450469930114195
0.119484747383225162198350233211
0.119587387787598545263456628618
0.119690145627807026373901067018
0.119793021112983039122568129642
0.119896014452623045354329178735
0.119999125856723370953105245462
0.120102355535754476423271341901
0.120205703700597965610796791225
0.120309170562613296229237391799
0.120412756333600212688139663442
0.120516461225836438164726871491
0.120620285452062200870493313687
0.120724229225471102466826778254
0.120828292759714406301441158575
0.120932476268894445459167741319
0.121036779967611279884565078646
0.12114120407092664188919428625
0.121245748794319180285938841735
0.121350414353786573151694483386
0.121455200965790474643135610222
0.00175601816590324278158363746627
0.19998327916008110105572370685
0.19459586270189185852608204641
0.18920063069777079411970532874
0.183797571970435863475401561118
0.178386675337067202029572854372
0.172967929586609558967325028789
0.167541323491593729944071355931
0.162106845814427413809966083136
0.156664485289757404729016343481
0.151214230637450930405663029887
0.145756070562147815872222622602
0.140289993749174973780569075643
0.134815988860864377496540100765
0.12933404455049932191279538074
0.123844149444616719035749952127
0.118346292158755764245547936753
0.112840461285907051047772142738
0.107326645400727227475101699383
0.101804833056023710802229231831
0.0962750127970679325795089198436
0.090737173143649610396188620598
0.0851913025960660541535673928593
0.0796373896362568278739502147801
0.0740754227393941311330394228207
0.0685053903323162433069981602785
0.0629272808683515594285751149073
0.0573410827396146835499557425919
0.0517467843415385861383093413224
0.0461443740510968439250127914875
0.0405338402152165405700756650731
0.0349151711751910995285008709743
0.0292883552401029811917965162138
0.0236533807206219665042468136562
0.0180102358857011160542249683658
0.0123589089923612088783855256224
0.00669938828793553101809132854783
0.00103166200058035458821115160077
-0.00464428167995745763002579664658
-0.01032845456412305636118009744
-0.0160208684738085277432517727902
-0.0217215352866856198366107832953
-0.0274304668547336594208729820821
-0.0331476750774106071473212864475
-0.0388731718686966751241662620941
-0.0446069691515574226481355424312
-0.050349078883365656900128470852
-0.0560995130266896679938071201832
-0.0618582835673536085563384290253
-0.0676254025219457932660560572913
-0.0734008819104954995937717399102
-0.0791847337742723755837914723088
-0.0849769701830300761002945364453
-0.0907776032281169681370514012997
-0.0965866450029602002791406789584
-0.102404107634869789844600518336
-0.108230003269096985984987213669
-0.11406434407084263538134649707
-0.119907142217997267352735946133
-0.12575840990766168348002906896
-0.13161815937610374382948918992
-0.137486402849153227512246644437
-0.143363152602729554407900991464
-0.14924842090610157541163971473
-0.155142220072858133539384084543
-0.161044562408721531054922593285
-0.16695546026298571651302893315
-0.172874925995337436201992886708
-0.17880297199129588370247745388
-0.184739610640518608919435905591
-0.190684854376554496768747526403
-0.19663871563227799943440743391
-0.202601206865058613981744883858
1.58285607508282624354725651919e-12
0.309953972435130675755488027789
0.260563342091800542732471512863
0.211785171924699783252421525503
0.169360380616167649492354030372
0.126315459199271756807192446104
0.0926064593417626064075776071149
0.0624367510498446964817276239046
0.0303842550950456369296404091074
0.00274325006550232798271937717516
-0.0220663490020991427675856044743
-0.0469684656813402698349868558125
-0.0637571834008305027285956612104
-0.0820132482020740072314879398618
-0.0962422868736489967034231085563
-0.111291279928862327230909556874
-0.120295551690412644285643750663
-0.129128201607940834572119115364
-0.136713474674590773627613771168
-0.139633298926796295402752434711
-0.141959992380059296657179856993
-0.138189360977879927006028992764
-0.142208171574864095099144378764
-0.140326937326177569875795825283
-0.13627255590055711853558761959
-0.137187085396482388865990742488
-0.123214705037243632546051230747
-0.11566290387056514521457728506
-0.111139391602542034198641829335
-0.10229621833478910741810352647
-0.0932171328684889832771887085983
-0.0857061926598487733297559998391
-0.0720318739115107936621384965292
-0.0593092256369541701022107815788
-0.0421670388163271417369948323994
-0.0356109109698005549260457769378
-0.0175460518720797487013385307364
-0.00876375455034545183807814794363
0.00642504104744933638576620538174
0.01520053909794251423281963298
0.0275903382967840962725070141914
0.0402570997691052076539186543869
0.0467993901431174932903367391646
0.0584728423195250771038367076926
0.0730036644254239835971631578104
0.0842598187584158997420757941654
0.0928538445618920516011485233321
0.103760615070009901139691521621
0.114433822965117670822365880667
0.118304598218227280392866873626
0.123863944749842316839227862602
0.127739751404163714987305411341
0.134002807827063336043593722025
0.135138034636564929868995932338
0.136898367893751315982342475763
0.134800406186050381052154989447
0.128724154149904790322977987671
0.125950667278775102486676473745
0.118294973309036724473664037305
0.110419263741789563937345519662
0.0964135253926055868500810674959
0.0785723136446541958743949862765
0.0625287348081796506837903848464
0.046036868833824490243600280337
0.0233540407145986436687756793162
-0.00202540746601992047160045729015
-0.0311563696605780052206746688626
-0.062415767570207683623273453577
-0.0927291380968954526142766781049
-0.132273742753590717313727509463
-0.173273406445836997136211721227
-0.218790138348490620368025361131
-0.266619347908026105287149221112
