3
1943.77151053178749862127006054
0.114155842598741452675881191681
0.114256608817817392753646288384
0.114357489553138666482645646738
0.114458485011748267723419303366
0.114559595401184516338943808478
0.114660820929411516599927267634
0.114762161804831022693385023103
0.1148636182363377694626294101
0.114965190433273564685201506563
0.115066878605432770799055219868
0.115168682963061819179984013317
0.115270603716893044188296357788
0.115372641078096291322729882722
0.115474795258364501537862167879
0.115577066469767800183099382139
0.11567945492490000480856338072
0.115781960836800687508763019196
0.115884584419011907319152498985
0.115987325885490655252851865953
0.116090185450724539539812951716
0.116193163329624135626794156906
0.116296259737593318805970454832
0.116399474890535495341659100177
0.116502809004760482514129193987
0.11660626229714485257993317191
0.116709834984970325932884804843
0.116813527286041843322728084331
0.116917339418616539337136828181
0.117021271601469578627074952237
0.117125324053810583868617811731
0.117229496995362406086549356132
0.117333790646321836637078206422
0.117438205227413272613290473601
0.117542740959787575527606406922
0.117647398065091821073302469358
0.117752176765529806279353408627
0.117857077283712766146983597082
0.117962099842815706929322061569
0.118067244666444262635174311526
0.118172511978728578263542203786
0.118277902004315357831210064887
0.118383414968290967550501591177
0.118489051096330663681577277657
0.118594810614533974213458122904
0.118700693749480723493405776026
0.118806700728356487428705179354
0.118912831778759650602772524053
0.119019087128829526012196993179
0.119125467007204416391985546397
0.11923197164303886430580803335
0.119338601265984348143156523747
0.119445356106188560474379301013
0.119552236394343092129588512762
0.11965924236166344818421691798
0.119766374239813774837948301411
0.119873632261018575606570379932
0.119981016658021494292185593622
0.120088527664074601331023472994
0.120196165512939670549918957931
0.120303930438908204814119073944
0.120411822676811663956897291428
0.120519842461958875956540282459
0.120627990030208853688975523255
0.120736265617964855234589549582
0.120844669462121009906319102356
0.120953201800113790964630311464
0.121061862869918462903839895262
0.121170652910038117999746987152
0.121279572159478099546703333544
0.121388620857830309418545766675
0.121497799245170248760850029157
0.121607107562151456336962951355
0.382088341107576168198534105613
0.200006857665758652764509406552
0.194624617934191584955883058683
0.189234423061971579471673976514
0.183836261615937496260997363606
0.178430122149298070466372223564
0.173015993179146010394475752037
0.167593863213258059685628609259
0.162163720760125223963044049924
0.156725554277924811197308940791
0.151279352216761614480233788527
0.145825103031238079154263687087
0.140362795120856254094121595699
0.134892416895507516461094610349
0.129413956728155643549627029643
0.123927402981763717937369051469
0.118432744005025569755673586769
0.112929968122404647545842237832
0.10741906363176793870461978031
0.101900018833693789543914931528
0.0963728219843726918725224095397
0.0908374613332322555780962147765
0.0852939251247250701526425586962
0.0797422015588235416627682639046
0.0741822788343707711922192515885
0.0686141451258171913840655520289
0.0630377885882388716565216668641
0.057453197354260701623651641512
0.0518603595431597896858733065528
0.0462592632599306483043299920155
0.0406498965808929704768281965244
0.0350322475612056746796518780229
0.0294063042471369232022659900849
0.0237720546519748221481194150329
0.0181294867959295377679573846308
0.0124785886522223235517436989994
0.00681934818793442087958567299211
0.00115175334344738288135101544896
-0.00452420795272129045577758077457
-0.0102085477968344440213854795729
-0.0159012782910685143700213473039
-0.0216024115818876857875174835044
-0.0273119598104669437932390252399
-0.0330299351633874943567903414987
-0.0387563498081189214405917198292
-0.0444912159714541052824010591848
-0.0502345458868868471880020365461
-0.0559863517901868154580391490072
-0.061746645963438512305643257605
-0.0675154406887056163233395977841
-0.0732927482778724659340241487371
-0.0790785810558028018357745736466
-0.0848729513787581796302461611958
-0.090675871612394015608415998031
-0.096487354142222647723770023731
-0.102307411376954857096244211334
-0.108136055745670159322635583976
-0.113973299695581481438821924712
-0.119819155703607266305610323798
-0.12567363624846525360645443925
-0.13153675383856316960518029191
-0.137408521007442968597800359021
-0.143288950308008755651911769746
-0.149178054296584150506532751024
-0.155075845574425524864281555892
-0.160982336750858906482264387705
-0.166897540445334252590114942905
-0.172821469319963255673044955074
-0.178754136041293060221946120691
-0.184695553298272585607264772989
-0.190645733813760459574027095186
-0.196604690302014717406819954704
-0.202572435529539046639158073049
4.16009815633852163055917834623e-10
0.308311632337965213501718153566
0.255860450226133073758916225415
0.214393086886545264357906148689
0.172038058985999164907099157062
0.132650594050444797789012341127
0.0917220441010510173507341846744
0.0575360478092942356775907342126
0.0311670996575579700715863395999
0.00163373483670958960164987239239
-0.0210298218245034626572298463998
-0.0441762079789124531559174613449
-0.0665882173963737306054966325064
-0.0766364827598839393196783476014
-0.10058230014190697176879041308
-0.108926731808329971262772062346
-0.120108723733158770374807033932
-0.127205636196798227421922433678
-0.136020377774315609498145818179
-0.142448678302436876341729998785
-0.14285714980017871766904136166
-0.138950536059188389792495854635
-0.140636149197317650294536406363
-0.139876412238435582358064834807
-0.136111754948953750377071969524
-0.131838341484434545813897443622
-0.127337489621147742502316191349
-0.120617788839124134847580194219
-0.114848051513924812039313394507
-0.102213138750602186566318607674
-0.0921833741225527025786590229472
-0.0823317608568828185333643432386
-0.0724901390272734008624055945802
-0.06185482769128022861870874749
-0.0487482767487897525326978609428
-0.0375597323019948789446509351819
-0.0225787350466329916898189367203
-0.0137449612323011661346727763089
0.00426611303398017217142212942349
0.0172560651106565196566400288702
0.0295951750104583959088966338413
0.0422619526075300802614442829963
0.0566156633795735844683072457428
0.0646344554118244707385798619725
0.0784283662136144310572660742764
0.0890156481927690257371921234153
0.0982050916820475516821886685648
0.105229125659519306967837337652
0.109357054560720562408349110228
0.120515937050790652995679863579
0.121554288731763410202901809498
0.130061778199860783589159041185
0.132452772375774685542637598701
0.134222110289813151284832315469
0.134043415250589159626315449714
0.133064879432546856463659423753
0.12807529037876669297801868197
0.121033896710027594201264378171
0.11513694710995001080355848444
0.107357115078758155735094703687
0.092853020049304402228074195591
0.0837160280634168946223283569452
0.0622400165856831430466478138896
0.0448515521700416294748059442554
0.0250111455753757074005338978395
0.000882570877972052754423248899229
-0.0295529295886837635454202910523
-0.0666619387762708848210735368411
-0.092585535507829844203975255823
-0.132142344918544346610289608179
-0.174450513209469137976270758372
-0.216357757407399486915267061704
-0.264949071315935924531004275195
