3
40.7095557666406477892451221123
0.114290561768784076912552905014
0.114387737508390624485699049728
0.11448502107955896289759323281
0.1145824126710788121163986375
0.114679912472225115083190871701
0.114777520672646696220375872599
0.114875237462375906494216337705
0.114973063031871061689948021467
0.115070997572009128817605017048
0.115169041274063257973558904723
0.115267194329719505074827168301
0.115365456931065493706434210708
0.115463829270603515753101930841
0.115562311541268752934641383945
0.115660903936366410427183382126
0.11575960664969126012735500808
0.115858419875356208339489683112
0.115957343807949420089187242411
0.116056378642497209918715839194
0.116155524574388602232488665322
0.116254781799474571357677632477
0.11635415051399594643655177606
0.116453630914619327141323879005
0.116553223198484434686150734706
0.116652927563080752171309484311
0.116752744206371994462045904584
0.116852673326722070190619717778
0.116952715122962361271596876122
0.117052869794273262105122057619
0.117153137540347604406143489086
0.1172535185612631203344591313
0.117354013057532083341705231305
0.117454621230110869967155906579
0.117555343280390037219440557692
0.117656179410174810406886081182
0.11775712982171231135719580152
0.117858194717716358024262035542
0.117959374301294162012965216491
0.118060668776002672397673620708
0.118162078345869864248740555013
0.118263603215329402007505166239
0.118365243589248214650666568559
0.118466999672974152013615878332
0.118568871672284970042454688155
0.118670859793381142099910618981
0.118772964242924078392960041128
0.118875185228027077655177379256
0.118977522956264111786417458916
0.119079977635626929610701552065
0.119182549474559140723073369372
0.119285238681974187224810179941
0.119388045467254524933942150255
0.119490970040207616920113764536
0.119594012611059827277948386381
0.119697173390575312135197805219
0.119800452589935241265450827086
0.119903850420767330020588303796
0.120007367095160813463827764735
0.120111002825683016448365947326
0.12021475782533452836275955633
0.120318632307636660949690110556
0.120422626486488895669602072758
0.120526740576332377918866711752
0.120630974792021117281137776445
0.120735329348908876356816222142
0.12083980446278078102473330091
0.120944400349953268269942441293
0.121049117227148214648302371188
0.121153955311604694111693447667
0.121258914820993060623699477674
0.121363995973499713687537848728
0.121469198987755946927968864202
0.00696710596312814529201817848048
0.199985327116038447137214006943
0.194598398284355433851544603385
0.189203640751694601718213561981
0.183801043325370172532018386846
0.178390594778920413832068447846
0.172972283895793610408730955896
0.167546099406803705722524000521
0.162112030057503186952772011864
0.156670064557892174672559804094
0.151220191600926784358804866315
0.145762399867331970959583031799
0.140296678012784947764401977111
0.134823014677512342807119694044
0.129341398498774157177493293602
0.123851818052734791164581906742
0.11835426195606459087716899603
0.112848718759382057874596227975
0.107335177017794672349459972338
0.10181362525961179521516442037
0.0962840520039898589699234321415
0.090746445736435546458586998142
0.085200794951182601266737037804
0.0796470880900168182181531051356
0.0740853135927781042413542422764
0.0685154598904427619698864759812
0.0629375153760424882465329687875
0.0573514684375561953344480059513
0.0517573074392381135555574189766
0.04615502072912847780772338524
0.0405445966375246186208514131977
0.0349260234679158940163112845312
0.0292992895120581312018437358802
0.0236643830448278122413618973496
0.0180212923127966717640191518512
0.0123700055530798318226270993136
0.00671051098345094507169328323926
0.00104279680299633036727469104221
-0.00463314882412878357303975818127
-0.0103173377278999601341924474696
-0.0160097817769908161433800586337
-0.0217104928470947984575634137627
-0.0274194828316002593704414636022
-0.0331367636640392260183318740019
-0.0388623472700358116305174860372
-0.044596245609575826951420651767
-0.0503384706626045924648948926006
-0.0560890344192612466667213766414
-0.0618479488919607411911982808306
-0.0676152261187009662180003033427
-0.0733908781557012640517356771852
-0.0791749170680103309116759646713
-0.0849673549517539344888561458902
-0.0907682039207635821265185427364
-0.096577476106026419189198861659
-0.102395183651340329622492220096
-0.108221338734220462463042622403
-0.114055953539268686847130140904
-0.119899040284090360741764413888
-0.125750611183368055101539084717
-0.131610678511119572053900128594
-0.137479254514518201002459818483
-0.143356351484992122768957756307
-0.149241981738100715215722402718
-0.155136157602238200503563803068
-0.161038891419496649204390337218
-0.166950195561467312765913106887
-0.172870082415015752230758039332
-0.178798564387186581514654903913
-0.184735653919884501572568069605
-0.190681363441207202269467302358
-0.19663570543197980700078630889
-0.202598692377857159119258767532
6.41851800587992579423873707059e-12
0.311162394891682847486436003237
0.257179137302411431331705671255
0.215461339143019459108074897813
0.16445127724193747686953770426
0.13026682286312490921531548338
0.0954821003386924077593889137461
0.0615636956989070380230621992723
0.0321799948434487725901220755986
0.00178002264818378987294711368605
-0.0248950704781561241163423403577
-0.045602809088228835054934506843
-0.0642508783808205391485657287376
-0.0830967891081410003906171368726
-0.101491692054256135713252717778
-0.113961750659137661667585916803
-0.116997278253291078775610856155
-0.129229996219077242214368084205
-0.131478847215245248092330143663
-0.136039243865469255956313077149
-0.13980808430586019741603820421
-0.140780567497381908781406423259
-0.143906056510754665200835233918
-0.140225003684892712829679339848
-0.136312503435501580772992724633
-0.131916123058824164004931844829
-0.127619857832541067077514185257
-0.118715758824608177968151778714
-0.112172498893048755430612573036
-0.104751626557716068233183648317
-0.093645337697503480689498189804
-0.0867680952349540318691012430463
-0.0733019751175430916978470463619
-0.0586729543022126917573011439799
-0.0458808803659893280069148602252
-0.0319183932139791640136827766128
-0.0153741515921203813349604772043
-0.010157062205310561642246369729
0.000797586115968283021482321260009
0.015842354637379305049016409157
0.0277179364786243054297187882185
0.0423809129696138542353622824521
0.0487018972964256072200051050913
0.063869323070046182810877155589
0.0758362856275275748485498183982
0.086142998064759251919397797792
0.0968361600680279072106415583221
0.104776943065188449244473645194
0.113160284737225710904873210438
0.116423833495031686657839031795
0.122608592394622989418806469075
0.131062663732726292220576169711
0.135688042537274733412289151602
0.137416649735394497122697998748
0.134649415209958378536470036124
0.130834871506372102389903488984
0.130568809119934819973352091438
0.118549502433401884871067011318
0.114232048757785059622804624269
0.107673501546282329721648807208
0.0958200030689515397375188854312
0.0796454772040658121046163842038
0.0657398374872962265591525010677
0.0443351226130819925375092793729
0.0241143344195265292573271409537
-0.000206000197175341774862705745974
-0.0288885801890722410112388729431
-0.0617146444841712368822861378703
-0.0968211106432961682299875860735
-0.132016776894281262499930562626
-0.172035138518832536602687355298
-0.221150136753316323146023592017
-0.263101958922797807272075942819
