3
19.7823199930098354570873198099
0.114716303091751486986638042254
0.114802099919360203750251514521
0.114887984331820333649964993583
0.114973956464464927007540495651
0.115060016452852034718468132724
0.115146164432751885176031692026
0.115232400540252258314133371186
0.115318724911690470569247679578
0.115405137683677591620146074547
0.115491638993074741126321214324
0.115578228977002941957330506284
0.115664907772814573583275432611
0.115751675518217370108864372469
0.115838532351122486252492649328
0.115925478409684534764068075674
0.116012513832403837965578929925
0.116099638757953135814737777309
0.116186853325342481779713921242
0.116274157673851991079416734465
0.11636155194296542159104745906
0.116449036272515168977115251892
0.116536610802556242494354421524
0.116624275673427410526805658719
0.116712031025746676426990688924
0.116799877000373059088289551255
0.116887813738470819346915163806
0.116975841381499842674962508227
0.117063960071131831219837238223
0.117152169949337636722930255928
0.117240471158396836193205103882
0.117328863840796493445139958567
0.117417348139398372564023986797
0.117505924197257666241611673286
0.117594592157717156566398841733
0.117683352164432847297703688128
0.117772204361314261622517562955
0.117861148892593942116846505996
0.117950185902708101770564041999
0.11803931553643223772986914355
0.118128537938787400718432252233
0.118217853255130289635843610085
0.118307261631025964487839985395
0.118396763212421624045234125333
0.118486358145416567633212423516
0.118576046576531451970382136096
0.118665828652455992986425314939
0.118755704520270996549236031115
0.118845674327262465497234700251
0.11893573822103387094273330149
0.119025896349487403380607020154
0.119116148860800866171594236675
0.119206495903423331794712680676
0.119296937626137869448150752305
0.119387474177983315959394872152
0.119478105708297061005040973214
0.11956883236672194437133498468
0.119659654303178569767496242093
0.11975057166786459705853928881
0.119841584611318774378219131904
0.11993269328434966181085030712
0.120023897838037837959568321367
0.120115198423794727888846978203
0.120206595193309839775253067273
0.120298088298558356057377238812
0.120389677891858309921602199211
0.12048136412579105170017612636
0.120573147153223425576129557157
0.120665027127356577762995470948
0.120757004201678896926352990704
0.120849078529971010187438196226
0.120941250266332248064493626316
0.121033519565142994034445678153
0.00186040584666079928354009975777
0.199936727061243130210144158809
0.194533341179976559942588210106
0.189122571051115878626447397437
0.183704406311143042529465674306
0.178278836614068486587925121967
0.172845851601364591809684156942
0.167405440882186368201089976537
0.161957594062349913288656466648
0.156502300718950826396991260481
0.151039550432591651585312320094
0.145569332737054107917984424603
0.140091637169154764608336449783
0.134606453246066681828096989193
0.129113770466127708580472699396
0.123613578326530540452132811424
0.118105866271292853086904983684
0.112590623772312686812213655685
0.107067840228102242883245764915
0.101537505094029006924571945092
0.0959996077432508504445607400157
0.0904541375696669008865669070474
0.0849010839420010626765744632394
0.0793404361926325074616528354454
0.0737721836517594847792977930112
0.0681963156533685610494188722441
0.0626128214761776658026093400622
0.0570216904150625120140105650535
0.0514229117182309972133857911558
0.0458164746328597535796056661184
0.0402023683907755460809063663419
0.034580582196219331048148148966
0.0289511052543375141388182214541
0.023313926732299178334884004471
0.0176690357926107162456208499179
0.0120164215667137135035158479468
0.00635607319904039035074472252518
0.000687979777479262631992296128658
-0.00498786960533506140008652707252
-0.0106714858632361245943664940228
-0.0163628799750982940885979388668
-0.0220620628619361928979270004447
-0.0277690455439912817214853646419
-0.0334838390005950184424854398912
-0.0392064542493309464710193879
-0.0449369023218736812763651755631
-0.0506751942810367353442480009562
-0.0564213411788011542924436980684
-0.0621753541304060700078970569393
-0.067937244219195142003187015689
-0.0737070225853697913453999035482
-0.0794847003411895680624610349696
-0.0852702886724249070615755385916
-0.0910637987428951911628161042245
-0.0968652417621051198270976101412
-0.102674628932539493963993493253
-0.108491971483297811040813485306
-0.114317280664228110298452634197
-0.120150567759220019969923498593
-0.125991844030586358504919530787
-0.131841120803745021072828080833
-0.137698409375528713072256437044
-0.143563721107401814913728799183
-0.149437067357762826125266997224
-0.155318459500976252529724774831
-0.161207908915662917470612569559
-0.167105427026536412782320439874
-0.173011025280986635577207266579
-0.178924715101727666022313201211
-0.184846507987616565094057818897
-0.190776415412914013280953895446
-0.196714448879083209087426098449
-0.202660619908645228681720595887
9.3840406668232538642668611675e-13
0.294573678322936238771490025101
0.243729197286208842943011632087
0.21213793019954779728308835729
0.175956871975829071130803527012
0.129067128360774413531331106242
0.0927310708567251895662053584601
0.0607938705095639880804370136502
0.0472578255836275523682488142185
-0.00269943152214722472889696369691
-0.0134764676949856755661105722766
-0.0413322195835581635003919132032
-0.0623970147538142547172235197195
-0.0746638967727975139121454617452
-0.0995893831603466284096981553375
-0.100119326775739744816995369092
-0.10910141610076574958387851666
-0.126254809214198793210215399085
-0.137792059239348507748701422315
-0.146212968477522659016543116195
-0.13087052270374333051705662001
-0.137050387036236120952281680729
-0.135255744459484156250184128112
-0.145301101389315068246332884883
-0.144958793993046092252185985672
-0.131901589904187044322014799036
-0.141630039140037522482629128717
-0.126530790897573602871162279371
-0.115748401842552903207028691668
-0.101548814488389441135218760337
-0.106250099979959586327105114378
-0.0816553250991481904819124792994
-0.0701389138678422813244495159779
-0.0602295007467683884971876295822
-0.0539552065386743884278786254072
-0.0355767525530652634069284090401
-0.0136150768613306424881237433056
-0.0183947582736972668759900528812
-0.0181880757424415125111938351665
0.00546713896744166309715762253063
0.0216244926092565500908015962978
0.042916247935748469410910388433
0.0656549393934400260519623770961
0.0810886671572314532419056831714
0.0941923058354118686308353858294
0.0771316523388081154433137953674
0.095321671015646203262150493174
0.113696359928088755464337111789
0.119451987898034697743732124309
0.119650089515757243607829707344
0.117664591849511959709140285213
0.132775904888514401092081129718
0.139251922615967194118979932682
0.139443776988250028869842367385
0.127436291418937669428501635593
0.134446261379104869959633106191
0.128764960255615151796249051586
0.125743536463718413864754097631
0.110840879942055894891161926807
0.103189518632684995580461873033
0.100953718188343158357334061748
0.0849266363485546293965455788566
0.0706877533409163427702281978782
0.0494552262856188459827500025767
0.01583360044758764031969100472
-0.00273476588978460288109628706366
-0.0415717961246495834592984408573
-0.0682752301251875470811114610115
-0.104747057344217381347206696773
-0.119950107925048260471001526639
-0.177579459340717921156382885783
-0.21002625256642046269739410036
-0.266493889704902453541279783167
