3
135.462049631648142167250625789
0.114721683594107698445085929961
0.114807336289062950074324476191
0.114893076322051382320843515572
0.114978903827712697349738846242
0.115064818940968205396302437293
0.115150821797002422819389266806
0.115236912531247528979072569655
0.115323091279381506613077590373
0.11540935817736930335541956083
0.115495713361451965428550181514
0.115582156968079344250277529227
0.115668689134020188924445449175
0.115755309996249819426417104751
0.11584201969207154336860554622
0.115928818358998139692594975259
0.116015706134858315179414489648
0.11610268315768089431028187164
0.116189749565821287546896201093
0.116276905497878807471678896945
0.116364151092701123557660025654
0.116451486489438746363411780749
0.11653891182750816812863092764
0.116626427246560554484844374201
0.11671403288655987640076716616
0.116801728887691039227014755397
0.116889515390472098488316987641
0.11697739253563060879415047566
0.11706536046420952523750003138
0.117153419317505558261416354071
0.117241569237128376301804166815
0.117329810364861883420495303199
0.117418142842876341291891151286
0.117506566813567414619967621547
0.117595082419594168521292942842
0.117683689803922852945561317028
0.11777238910978406194463019574
0.117861180480685501237303469679
0.117950064060398540632945696416
0.118039039993008298967680502756
0.118128108422840216729099438453
0.118217269494548513075748985557
0.118306523353005177412455850572
0.118395870143419443265564439116
0.118485310011261418816630452966
0.11857484310226885926287110351
0.118664469562508673172729345424
0.118754189538259044556234300671
0.118844003176160353807411240723
0.118933910623098840209088677966
0.119023912026236466932260782414
0.119114007533062310484339718641
0.119204197291290434068677939194
0.119294481449011752216549098193
0.119384860154499214401901951987
0.119475333556407561919066040446
0.119565901803642210543543455969
0.119656565045365814725641939731
0.119747323431115548775238721646
0.119838177110654239831966094698
0.119929126234040561715943340459
0.12002017095165001814294214455
0.120111311414174498635176746575
0.120202547772525286662315124886
0.120293880177977097201136302829
0.120385308782060537757807594517
0.120476833736644667327553293035
0.120568455193841642114627177307
0.120660173306106080493016463606
0.120751988226175804852502437825
0.120843900107101234753237406494
0.12093590910218705858358845262
0.121028015365090432786665530784
0.0126140939178520008340234070943
0.199936356032027667817274618756
0.194532741768243783164749061143
0.189121749414976059178172818065
0.18370336865473377296886781096
0.178277589131028618707475175142
0.172844400498456007841951986848
0.167403792403825218970681021347
0.161955754425366166282529434284
0.156500276175740554718274211154
0.151037347229998675235407290529
0.145566957171262473247352886574
0.140089095509160960206784807269
0.134603751798335474765266894792
0.129110915535847525781321110117
0.123610576234139138418477443793
0.118102723354643820985465652029
0.112587346380249878063928292704
0.107064434725545942761470996629
0.101533977856136936601672005054
0.0959959651509191269624921005743
0.090450386027984427950165979837
0.084897229842912008690447578374
0.079336485963989081260372415727
0.0737681437485327301528670318476
0.0681921924968995341043154212457
0.0626086215571676762969843821338
0.0570174201766627392062858348254
0.051418577654105075691592929843
0.0458120832603783473269132286987
0.0401979262056356770327347760485
0.0345760957279301062161636082237
0.0289465810419525307328747487645
0.0233093713278213487960499605833
0.0176644557561689494185053206365
0.0120118234850540121783080138584
0.00635146364342488618792703647387
0.000683365363838273000458845007898
-0.00499248226280347116856628275627
-0.0106760901401735559812511411337
-0.0163674692244492013537549013336
-0.0220666304437073870770014138998
-0.0277735847753993077280387780092
-0.0334883432143267059655222794845
-0.0392109167315667847542037804942
-0.0449413163889079148027860810544
-0.0506795531981149016687027142325
-0.0564256382315172499986033471941
-0.0621795825504413632311973003652
-0.0679413972548817413077415494627
-0.0737110934646751786436524866986
-0.0794886822765033806970080831888
-0.0852741748764014179107206814479
-0.0910675823992809357898536859466
-0.0968689160301351021020721532295
-0.102678186981791041976208589404
-0.10849540645714611519778713955
-0.114320585714989139680675123145
-0.120153735987948817598436335174
-0.125994868555765138218305310147
-0.131843994706417166895562331774
-0.137701125759052633856782676958
-0.143566273019126833254688335728
-0.149439447848956158404476468604
-0.155320661618051358843217713002
-0.161209925687261307336584081895
-0.16710725146068747259953113371
-0.173012650381256904985605160618
-0.178926133858991143199546058895
-0.184847713365526133966199040515
-0.190777400362907245678911749565
-0.19671520634921138559469966367
-0.202661142846020048136068680833
5.99580923642319829019347161211e-12
0.310863481965833909903551557363
0.244408053807576436389226159918
0.212971319484022897361441550856
0.159996161785608603800312721432
0.125394329157463874091504862918
0.0940527584181727049905674675756
0.0690125965814737951653512482153
0.0265596130218085438312591861632
0.00395299964742282759766478505981
-0.00549833307647860404510087306562
-0.0414285594548412933191272600197
-0.0414202930218588866173590190556
-0.0744681476858938123930542474227
-0.114914157547281986504472683919
-0.12248418593762964989846153685
-0.102841465612973068100011175829
-0.132041737367980194228778145771
-0.138892676745903248525237927424
-0.128941223939188831515423316887
-0.15275634463858592249074774827
-0.13253666399206781578712366354
-0.14583884178354858396353677108
-0.139022597862786700950721296977
-0.153925213649118375336399822118
-0.118250904377504309494817391624
-0.130100847880387920918465738396
-0.116052658202377770302327064655
-0.116624936591248631878592334488
-0.111141608275253156445927515961
-0.105902725080339030205855976874
-0.0859486588158236974877013381047
-0.0812704299036333122074893253739
-0.0779612874932285315754398880017
-0.0477074461729134757792536447596
-0.0303067404375595914056695789895
-0.0159401648923707013605355342634
0.00455887083610978516290401785227
0.022771550695215594939391223761
0.0147837419922482223716420079995
0.0337304456289574811078679772436
0.0433469694443260888938596053777
0.044124070834016058950677319217
0.0610354326572170383102822199817
0.0714194128508836151292271665625
0.0792181579792869822176371030764
0.102164852986122337008545457593
0.119531360275160092321300453477
0.110914238905763851139596454232
0.120246849540389791344274783569
0.130896879305333363463503815183
0.136146170260389248740651169101
0.134365549345776436052091185047
0.122976066618678520070417903298
0.131852937677651826930969036766
0.14254112212259195668906386345
0.12191322409251525993312270657
0.132396714480373711708693917899
0.103193602491768510187597485128
0.116427911758309771128594434231
0.0924928528031775804008063346373
0.0772515275194231576527670313226
0.0641674457488162763851846648322
0.0323558928166383444335885144483
0.0219903014248756766002568241447
-0.00569146388404939435751161980193
-0.0421267202488224759560075938225
-0.0537120454642739109107907324869
-0.0898932344220041423810130254424
-0.121695275062787988673562722397
-0.181724134501001305386225226357
-0.213365427558612430480877719674
-0.263558133313728071289716581305
