3
254.962050840335081147713935934
0.114630272034269523051541739278
0.114718372320213202186778289615
0.114806564169837185818145997018
0.114894847728717414137022956311
0.114983223142693880003406547985
0.115071690557923628217551481612
0.115160250120885473967824452757
0.115248901978231108045314101673
0.115337646277049024612360028641
0.115426483164595000685537229401
0.115515412788492505269388743727
0.115604435296625354667732210601
0.115693550837185091251235746768
0.115782759558610198746819719418
0.115872061609707505125399507051
0.115961457139551984973913079102
0.116050946297471355150854321892
0.116140529233138001252712001587
0.116230206096490720768521498485
0.1163199770377807001908720963
0.11640984220756157851983658702
0.116499801756676096831100153395
0.116589855836275679834557195136
0.116680004597791570075671074846
0.116770248192991296654064115046
0.116860586773886124256627283557
0.116951020492856813670634608116
0.117041549502547317929135317627
0.117132173955893162387020822734
0.117222894006201408534373342718
0.117313709806961138926162391272
0.117404621512104664904363460209
0.11749562927579333682093221114
0.11758673325251091379417545113
0.117677933597014131028579697613
0.117769230464427623883416629269
0.117860624010154929619531571916
0.117952114389914389236402314509
0.118043701759738106638053523056
0.118135386275949119672112885837
0.118227168095227139210656730484
0.118319047374487923418584500723
0.118411024271046425027087423132
0.118503098942484036415478954041
0.118595271546666145012771664824
0.118687542241877302950925354708
0.118779911186613171270032296434
0.118872378539742140635127043424
0.118964944460412253013359418219
0.119057609108135689646168486888
0.119150372642723920146856642077
0.119243235224262042470932954075
0.119336197013249101228637982786
0.119429258170413540862675461085
0.119522418856889120486464150872
0.119615679234039942735456918399
0.119709039463640851130854514395
0.119802499707741053058818181398
0.119896060128707016012583608244
0.119989720889285639282562101471
0.120083482152504902873424441623
0.120177344081712419998630991813
0.120271306840615918587467092493
0.120365370593242107521980699403
0.120459535503915665666241352483
0.120553801737349072786820158854
0.120648169458542023346758753632
0.120742638832846943541809991984
0.120837210025936253598999314818
0.120931883203793527625791170976
0.121026658532803546575173925248
0.121121536179631367202702563191
0.0278023081798813367915279570752
0.1999436238642341989724116047
0.194543809050032684426767559671
0.189136513438231318451343554443
0.183721726511489102939833628625
0.178299437729549314912702584479
0.172869636533074855222480437078
0.167432312338931077455583817937
0.161987454576959066798735875636
0.156535052621339848544224082616
0.151075095840637829702757244377
0.14560757360347897915175963135
0.140132475259656719135392677344
0.13464979011719763191123888646
0.129159507474138957050513454305
0.123661616637536761476034996576
0.118156106883444605992750098267
0.112642967444282926514631526516
0.107122187580706934584284795164
0.101593756496500001174076999177
0.0960576634007535845594105694545
0.0905138974789403277787513957264
0.0849624479201666338301635050811
0.0794033038330379942193459896771
0.0738364543831652730965231512528
0.0682618886835400506818416488386
0.0626795958207412573504058173057
0.0570895648840195474305048151109
0.051491784948839346147675399834
0.045886245045878307213804703224
0.0402729342027151465677192732073
0.0346518414379168929184693581647
0.0290229557591438376562553713711
0.0233862661078639115508348567118
0.0177417614790932910706633407472
0.0120894307894059763186511702315
0.0064292629696643954773094264965
0.000761246925474798395543085671733
-0.00491462845671150790061165736233
-0.0105983743037012610038738458229
-0.0162900017673054606226479279485
-0.0219895220216431500070974891514
-0.0276969462413413428092390233815
-0.0334122856257003802982197271376
-0.0391355514042552449227585498193
-0.0448667548093508936069007120295
-0.0506059070995266563341985488478
-0.0563530195414466486547588885969
-0.06210810345072739074856471575
-0.0678711701168284997631729993373
-0.0736422308663284980179142280576
-0.0794212970610281288053045045672
-0.0852083800751333303447054845492
-0.0910034912535118561960345573425
-0.0968066420422237922105423990615
-0.102617843838537767253704657833
-0.108437108095812986818806678002
-0.114264446248373993664237957546
-0.120099869795275329686923271311
-0.125943390213400424615386441474
-0.131795019032168087003142886715
-0.137654767776819397795406985097
-0.143522647992316509935051271896
-0.149398671263678783915906933544
-0.155282849158089542029870244733
-0.161175193294293167545205847091
-0.16707571529388007269822935541
-0.172984426812874542145337386501
-0.178901339488226868157383364633
-0.184826465028238240417834958862
-0.190759815121418652150708794579
-0.196701401485036148075735695784
-0.202651235868711726562096941961
1.58985522660277851985873899822e-11
0.304749225308125704092532259892
0.262667031940062800643431728531
0.205390343534563424299221878755
0.165592572295125167736173921185
0.126800659693106693159947440108
0.0931866563357763855179882739321
0.0635920806429494389622192329625
0.0251159342982818431511127243994
0.00527430852457129971389004907678
-0.0240950388508211002513981213724
-0.0306598666755750551282666549469
-0.0661685496692445557220807472731
-0.0735010209422229526809999811121
-0.0886214512199521020630044176869
-0.101171058352084383691327218457
-0.112374803455872751545285836983
-0.136306441654114679495890527505
-0.128598213356001911389370206962
-0.142612517298235763618663440866
-0.158056002031854880840455734869
-0.145044683739067259420352229426
-0.142796780920193044916999269844
-0.142973956342072439085200130648
-0.138711226426536382572152206194
-0.134615073804498608378565904786
-0.125433174021031851319563088509
-0.126390142501154240095573300096
-0.109228722969772679141087223798
-0.0960855404530680246022456003629
-0.0957359196579267296423054744992
-0.0884727396649114122828549966471
-0.076812507903588067570410657936
-0.0564605209514190894970475653736
-0.0518718435518571510667307222775
-0.0351354644891063508382877955682
-0.0253743423323710033667754970566
-0.0095415835386438267728959061742
-0.000200682130939238768160132186935
0.0156490969849468163077599314192
0.0305329468175923393613580003603
0.0444174750022967440576948661146
0.0553952968195077916080393265474
0.0709005450993956398697548593191
0.0744716954652879792320163687691
0.0854359230354909682247921409726
0.096872263740696212819258903437
0.109941938502866876081753844119
0.10823342921686542050796475678
0.1250673115291486003908261182
0.13568221365764224217720368415
0.121392033982890876209204122915
0.141573989703569574905017702804
0.143418560717118837022354682631
0.13604183017091284191302236195
0.13873583143418813379277310105
0.119131605152450761875293494541
0.116878247061353052194121460161
0.11079040348736771126603173343
0.110188571886602929006393480904
0.0884764149300554525456874443989
0.0833675560321302938637799684329
0.0529556223282880433878005987935
0.0435813245200665014267293884132
0.034690692483201959750438447827
-0.0106186258553497992612735245643
-0.0504016200361043706368313621624
-0.0440484068166561923418633739402
-0.0981645228724626062177804897146
-0.130579918732497635147637993214
-0.169038688485156463059411180438
-0.215597979681337120760886705284
-0.264650376224829508853275683578
