3
318.978537625566275437449803576
0.114658435014474868740563806568
0.114745781478593461555348653746
0.114833218197380959590958582339
0.114920745313010705390688315219
0.11500836296793946755823156991
0.115096071304868652340758217179
0.115183870466839033408490422516
0.115271760597157796324196965543
0.115359741839348939329568111134
0.115447814337304693887986672962
0.115535978235174877082336308831
0.115624233677314766643995369577
0.115712580808491311001873214082
0.115801019773676058810529809762
0.115889550718118822247859611707
0.115978173787392363491832725231
0.116066889127334052500550853892
0.11615569688409067838907873238
0.116244597204040303606298323302
0.116333590233928793611362095817
0.11642267612073219085200292966
0.11651185501171271163833864648
0.116601127054477213262906332147
0.116690492396878592318287815033
0.116779951187070102358589451796
0.116869503573502162008246330061
0.116959149704893822230289401887
0.11704888973028976240087217775
0.117138723798999241920704150743
0.117228652060678090185419364389
0.117318674665228772635572340732
0.117408791762834363581191610137
0.117499003504040688827814165052
0.117589310039635547289194050791
0.117679711520709398553385938158
0.117770208098686490760798051269
0.117860799925258885600953817629
0.117951487152426828797224800383
0.118042269932485524575049851137
0.118133148418063813056555488856
0.118224122762020947274841375929
0.118315193117605674255621295288
0.118406359638288008473416823563
0.118497622477926195516673146813
0.118588981790613223754604632632
0.118680437730782906147197763858
0.118771990453163431289418383585
0.118863640112792809389041792656
0.118955386865006562668867218235
0.119047230865469491623009901105
0.119139172270144089171850509956
0.119231211235300532669256767804
0.119323347917521083161318529164
0.119415582473686984754657203212
0.119507915061016364854928895056
0.119600345837040766827641391501
0.119692874959570566550937087413
0.119785502586728945240146515516
0.119878228877030423848992768399
0.119971053989212109169848474721
0.120063978082363839727797483192
0.120157001315902206561858633904
0.120250123849539786169415833683
0.120343345843346841150811599164
0.120436667457673576842047680202
0.120530088853188291353468741818
0.120623610190886340620686212333
0.120717231632129703977618362387
0.120810953338535892465088750214
0.120904775472070707964533653467
0.120998698195026954671504881844
0.121092721670023148461403650344
0.033203140249815125961685424727
0.19994117287585247422221357283
0.194540205234649876686603420239
0.189131787943916662708687681516
0.183715910567735146718959526879
0.178292562609435822906789326225
0.172861733572623743615537250662
0.167423412950256894626832604445
0.161977590212398131486182251138
0.156524254800433998413566882846
0.151063396164273888722107130889
0.145595003713815812629306378767
0.140119066858798324570756221874
0.134635574977397809437462683491
0.129144517457791069281469731322
0.123645883616859672549104232075
0.118139662817751664447563086924
0.112625844358494917041291216719
0.107104417569108184560278118624
0.101575371696147498390416785696
0.096038696038452844860877632982
0.0904943798150619482800749437956
0.0849424122738147296951538578469
0.0793827826288034804624871298984
0.0738154800843218994454986159326
0.0682404938043744552222946708753
0.0626578129701148983654590551851
0.0570674267057886888676598857728
0.0514693241497698183994913279093
0.045863494422848316567353776918
0.0402499266024441623712526450163
0.0346286097684940438745648805252
0.0289995329875838078748095938408
0.0233626852793260911256290057736
0.0177180556900452881863294862796
0.0120656332033078940446646498685
0.00640540682486033692566440578275
0.000737365521431482219202879768716
-0.00493850176542722559686060535
-0.0106222060790699280447002550432
-0.0163137585308028368324961832059
-0.022013170204040380384391539792
-0.0277204522234784297984866441311
-0.0334356157276126039756825036875
-0.0391586718667067817944982266454
-0.0448896318045728451306963791012
-0.0506285067615696166010152978743
-0.0563753079220169345253665937889
-0.0621300465040011962170041215359
-0.0678927337805957237248932756302
-0.0736633809997198213403990507686
-0.0794419994420993424988353126537
-0.0852286004096311083921833073873
-0.0910231952202881222646624337358
-0.0968257952026746054885464332074
-0.102636411715550115997253044497
-0.10845505613075093198638398917
-0.114281739848113780833038788387
-0.120116474258925770568495750013
-0.125959270808005757702474625148
-0.131810140928567298690410325435
-0.137669096102637833478610218663
-0.143536147789844831246242051748
-0.14941130750083861378207927828
-0.155294586757977942648167868356
-0.161185997108348522122156509795
-0.167085550097060636653978349386
-0.172993257294683566716031464239
-0.178909130310644370887018794747
-0.184833180758568471624414542021
-0.190765420260220808224005395459
-0.196705860469717747074369640359
-0.202654513063006386230924249503
1.75924644576306733842771249804e-11
0.306766772207673288352935969669
0.269624840175367530559213946617
0.22162766217141716129646056288
0.165032478182535274902065225433
0.121158883814454193528220571352
0.0853206360170226801864501453565
0.0425960957083997560079779987063
0.0324363308890349560931198880098
0.0153903642002182067249904662276
-0.0283272507421931420135141621586
-0.0359591968788048332861251310533
-0.0753115522857738528550441969855
-0.0852795426765924208245550630636
-0.0896922396073439459618370506178
-0.111443486112893661021949753831
-0.120342431612842359900383826243
-0.128148653930891726071550351662
-0.135997108052758747254173954389
-0.138383456449241853958298520411
-0.143390089338856552281242784375
-0.124443939548140397599595985412
-0.146456073327000640960093846843
-0.138803764662014800235212419466
-0.1429445585418683273282169921
-0.136922172990970869577154189756
-0.119522771251375628520641214436
-0.113252907918654763252952477615
-0.105917831288236091724641596556
-0.102500278793736035454209343243
-0.0850288248940674895592906068487
-0.0841301801462525783437129689446
-0.0660356707655177926907796859268
-0.0628126862924720807956902035585
-0.0473285985765665231927989964333
-0.0352436004743942946082491118887
-0.0187411549643643413065596803335
-0.00803319915495901912261267341364
0.00660966280663063433797876911058
0.00986609619576573650123751946239
0.0183446659753933732917019483466
0.0344967281493680014148317525269
0.0353961735592221507507026956318
0.0610421525165197459417143477367
0.0759049390324855882683507957154
0.0915455061650715939958189437675
0.0956172273296507363449237004716
0.0905777640794733912565916966741
0.11345252348058125491103709237
0.109134253566922356792900927758
0.138577881765209132147731452278
0.126573159125101059041540452199
0.152892972872109567106235772371
0.144045641596970919184883541675
0.126833962951547668529528323234
0.136481204106597281411339395163
0.130056597436541493406636504915
0.139762367505042089943501082416
0.113594486505785338681384644133
0.0927449729521516302854777791254
0.101611404647973926906878716636
0.0760471332335731220464225543765
0.0530595617476038033943908089896
0.0491120906437692641977044161194
0.011183191703728266944151137352
4.03627448962179831280132694116e-06
-0.02029185973599620732010784252
-0.0694616358655932158994161795817
-0.0905126449824905782159945033527
-0.118372937965083455114090327243
-0.173191947639209892217948549842
-0.219271261490735336341373340474
-0.272985748312726317355014771238
