2
4692.882424047189488192088902
0.115334514427391801594247056073
0.115403691134957270270078311114
0.115472928751604725361445957788
0.115542227349775580846902300891
0.115611587002044297056713162419
0.115681007781067601847269088466
0.115750489759621946750378640445
0.115820033010607198464825273732
0.115889637607015788534070566129
0.115959303621967518838076216525
0.116029031128635204406229775032
0.116098820200350366649288957888
0.116168670910589799660783683066
0.116238583332824760296908550572
0.116308557540754767267721092594
0.116378593608154612404348426935
0.116448691608820972809290594796
0.116518851616833160611541586604
0.116589073706210702430219328107
0.116659357951183470514244788774
0.116729704426074484824304988706
0.116800113205284938899808366841
0.116870584363370902392098571454
0.116941117974982106142434190588
0.11701171411485476736569211198
0.117082372857887334616222574368
0.117153094279065533855899161608
0.117223878453470070626352139698
0.117294725456308965294560664461
0.117365635362928225071676990865
0.117436608248736362725139770191
0.11750764418928789922791366962
0.117578743260264961811856210261
0.117649905537427421076124289812
0.117721131096653566783238886728
0.11779242001396723893424933749
0.117863772365478902681701356414
0.11793518822742354856814017694
0.118006667676134616162819668261
0.118078210788100351757989869839
0.11814981763987086882394805798
0.118221488308141955969610137345
0.11829322286974032485407093418
0.118365021401589359806294510236
0.118436883980690646489541961728
0.118508810684243667821213819025
0.118580801589494452819018022183
0.118652856773846029914132316208
0.118724976314794727905166382698
0.118797160289951964085020108541
0.118869408777076038252751288837
0.118941721854023921278731279472
0.11901409959875708377552427919
0.119086542089373956243569807611
0.11915904940408181267308407314
0.119231621621216102302476258501
0.1193042588191951941523072378
0.119376961076635090819308970822
0.119449728472173388738042376644
0.119522561084659348362713160441
0.119595458992954803423280907282
0.119668422276155400618691260206
0.119741451013383307100390595679
0.119814545283956797039337516253
0.119887705167252375804132213943
0.119960930742794374959103720357
0.120034222090234926616503230434
0.120107579289346913520297732703
0.120181002419991939111909573512
0.120254491562194532061624840935
0.120328046796062557155515548857
0.120401668201861392071272405246
0.0354757555325328835515996672711
0.19997082973336016697984973689
0.194534809816441667251751823642
0.189092289571222232913427774292
0.183643260329728469359977793829
0.178187713445108336651756530955
0.172725640513459233194026865021
0.167257033086245232578193053996
0.161781882506161461821037050868
0.156300179966907343276361075368
0.150811917069986117789781587817
0.145317085068816187476414825142
0.139815675515968185216308938834
0.134307679744097380192258128773
0.128793088877464462216337892642
0.123271894355921396435604719954
0.117744087541305553212822587739
0.112209659635310168845911960034
0.106668602108351134871710996777
0.101120905908082064916797548904
0.0955665627188884980736105489996
0.0900055634218404343460662175858
0.0844378994532265225725353730013
0.0788635618471608262902705632769
0.07328254204404355265367598804
0.0676948309971502210080629424738
0.0621004201876314415597946094749
0.0564993004346563618134346995703
0.050891463117580935937578345829
0.0452768991613350310632135631295
0.0396556000696742100286584786772
0.0340275565831926543602925505638
0.0283927599751433897001806627713
0.0227512013231783993827406220589
0.0171028716007641141960693431656
0.0114477617892496680990221946672
0.00578586330300899249340362828775
0.000117166614763921582116970587784
-0.00555833676032279570128347145896
-0.0112406560227953072200746120757
-0.0169298002603736549853685744438
-0.0226257784410632926952455790115
-0.0283285996515728853706317380556
-0.0340382726849908640032182916002
-0.0397548068848121369245340872567
-0.0454782113523377537478431520412
-0.0512084951438470728501961559687
-0.0569456673193190696102838899151
-0.0626897369432146689405271899886
-0.068440713310456452456165266085
-0.074198605542730167172749133897
-0.0799634228429363935752860470529
-0.085735174292783572491671861826
-0.0915138689733597521236418970147
-0.0972995165171252618385722144012
-0.103092125702294978850659390446
-0.10889170600466481497736737083
-0.11469826666559758410190994482
-0.120511816964094034543286682037
-0.126332366135413681762500459627
-0.132159923440523074944508152839
-0.137994498301090728897833059818
-0.143836100074148265370865829027
-0.14968473794120251696426748822
-0.155540421406243301039040716205
-0.161403159727191602978990658812
-0.167272962353550602720986262284
-0.173149838778271780714845817783
-0.179033798194727589159214176107
-0.184924850242105753839183535092
-0.190823004196937068277506455161
-0.196728269785706649797063505503
-0.202640656154592174731376985619
