3
309.731784159674930378969293088
0.114391860970204747860456961916
0.114486333765157530240053063153
0.114580909450680945571576785369
0.114675588202285530514679123826
0.114770370195874021890247718147
0.114865255607684887961816855295
0.114960244614380355243632436668
0.115055337392910364546771972982
0.115150534120678632588052892061
0.115245834975380337383832340947
0.115341240135158534796389062649
0.115436749778472833027898047931
0.115532364084217339939009150385
0.115628083231574294020838067354
0.11572390740019615484879267342
0.115819836770042594586982431792
0.115915871521495850160476948076
0.116012011835290695938027738521
0.116108257892535385313870222035
0.116204609874765149579722844919
0.116301067963830120910451171312
0.11639763234204006381311558016
0.11649430319200912431476524489
0.116591080696787641191036755117
0.116687965039789454113616784525
0.116784956404835091325900009451
0.116882054976099949983314729707
0.11697926093817820336617785415
0.117076574476048314576992481761
0.117173995775053413348487652001
0.117271525020954045515075847561
0.117369162399888551928661684087
0.117466908098404224092270453639
0.117564762303410882959830985328
0.117662725202257206769118624834
0.117760796982636931073962216487
0.117858977832687339404316162472
0.117957267940918195114896604991
0.118055667496233335223010385562
0.118154176687952264246384004309
0.118252795705776611590032132426
0.118351524739801775010228368501
0.118450363980598522006815187524
0.118549313619019269783194658885
0.118648373846419435961863086959
0.118747544854525308166692809664
0.118846826835448088344193706689
0.118946219981775153096137387365
0.119045724486412041187577415258
0.11914534054272712948474577388
0.119245068344465812715249342091
0.11934490808582823295758146287
0.119444859961404512005422873244
0.119544924166195082326780152471
0.119645100895611589120193229974
0.11974539034548736804453028526
0.119845792712059071027930201581
0.119946308192003539550007928938
0.120046936982381544090081604281
0.120147679280698402304317085054
0.120248535284897137276338696665
0.120349505193291669846722413695
0.120450589204668487286475908604
0.120551787518190664516559706954
0.120653100333480395311980259976
0.120754527850551920953314777307
0.120856070269891341384393967928
0.120957727792364078123199533366
0.12105950061929489358636402585
0.121161388952430310039787286769
0.121263392993936361397011580721
0.12136551294641936826756989376
0.0471594836824053148527369216936
0.199970817352508156705681585663
0.194580220637965595198437540603
0.189181894186860877216105336629
0.183775826990490109835718612885
0.178362008025290175172727913377
0.172940426240994121753757895021
0.167511070588108018641904095603
0.162073929978409969621111486049
0.156628993332445176633882510941
0.151176249508827714729264357629
0.145715687400099047632551219067
0.140247295844496022709790850058
0.134771063675999752673462239727
0.129286979716748462454489754236
0.123795032758888354229576123089
0.118295211576884620741090259344
0.112787504941879182518427171544
0.107271901600648186803077521745
0.101748390256815396393008654741
0.0962169596354330441956292929717
0.0906775984191862671757178304688
0.0851302952873981555459437231548
0.0795750388738412084421725012362
0.0740118178340008481264078454842
0.0684406207721246634401168762452
0.0628614362913220842132844268235
0.0572742529630479516034036180372
0.0516790593680608867366288450285
0.0460758440342766140140895458899
0.0404645954838217594695670698002
0.034845302230510771801519354085
0.0292179527576412120803972527483
0.0235825355419982812810175687446
0.0179390390216319396687882914421
0.0122874516371511855600262563826
0.00662776180489706243786907080562
0.000959957913118743917831043876987
-0.00471597165624686696927536644353
-0.010400038545180106258625229998
-0.0160922544223900329529719499533
-0.0217926309628465771084382396339
-0.0275011798608044491509794227113
-0.0332179128412864663189019154288
-0.0389428416392520529432097475819
-0.044675978008263159124702212921
-0.050417333716612555694069897072
-0.0561669205657733885961313546886
-0.0619247503679069347115593302533
-0.0676908349537660297690067068288
-0.0734651861597283989402384918321
-0.0792478158748720906690010679085
-0.085038735977861226733587329818
-0.090837958384598294081513358833
-0.0966454950090433057008354467143
-0.102461357803178609859884318212
-0.108285558733224346328327669653
-0.114118109786411500716774014563
-0.11995902296137159193101240362
-0.125808310287198910071282398349
-0.131665983801004915498822356312
-0.137532055568180378024578658369
-0.143406537667352118603503186023
-0.149289442208335898509830030889
-0.155180781303774911750181786374
-0.161080567102662997047701765041
-0.166988811755549304560730661251
-0.172905527446115814260707566064
-0.178830726377957216488567837587
-0.184764420769385151466224215255
-0.190706622848977658257751954807
-0.196657344889975410628935037494
-0.202616599163111116288504831573
3.81476191401502524332172667554e-11
0.301806824469390333476326304663
0.255607876408281531332988834038
0.20821643234459344395936852834
0.172458299076996640630810020411
0.135477748415441689999738628103
0.100580141865142053125836696381
0.0633966267349030665467779499522
0.0299988946329257516465460753352
-0.00157640199036878422139684730041
-0.0243047381391148682727720853336
-0.040782331791605695714419965725
-0.0645556882322424196996024647888
-0.0814528591657070755172043163839
-0.0951617332023138723373634206837
-0.108331803704368789809109330236
-0.119120198735214496976730913502
-0.127930408313679050413824711541
-0.131168798849470441547637733493
-0.136306558811675998521550923215
-0.138153156441664121123480413189
-0.144577963577853380039428543569
-0.148740420146928342681746926246
-0.140600938201488445677966865333
-0.139465975504418693287078667709
-0.136581965135779526132608907574
-0.131193610327392573555727040002
-0.124295811189795490925291687745
-0.108201543136893077456939238346
-0.108714736649653545552673961083
-0.0945922288935248933849919694694
-0.0772421509118988575126607543098
-0.0682982602323016635414987263175
-0.0594656139157219848501156889142
-0.0475794875318549040366100655319
-0.0377720542733338965346590043737
-0.0279683220229790772959344025139
-0.00859132599042329928029637642339
0.0047612302543168305915544102902
0.0170484397394236528167077437956
0.0283033495801749863940433016296
0.0378533509143609905867045029026
0.0467982737345129864992010482183
0.070543765657809953673051950318
0.0790875349262966237384731016391
0.0875994973245861202615358820367
0.102644232608133267881100891827
0.104617700681389882988447936896
0.124313954267364482064728292698
0.125113870641929941784908919544
0.122781872219908105847707702196
0.131419991794200580192963911941
0.121052242278671257080802092787
0.131984445129718935829643555735
0.129514511988125219366096985141
0.132954112987582334648450910208
0.132905311996192598833488318633
0.124196149896198440587546940606
0.116675683855321954407457951675
0.102157019267701057452235602341
0.0908097521288040582243539233787
0.0808022597490180849444385557945
0.0626151710310810932780256621299
0.0466719497271601280186104077075
0.0206739031404965661886663497171
0.000381956323254189990170498480992
-0.0309724366829205906281874405295
-0.0584146277770440786047956294169
-0.0866945921598757940351731576811
-0.13676353144241454318219552988
-0.170802416150933389360488945385
-0.221596251919560366383521454736
-0.265808311381922679483835736391
