2
80.2654361114572054702875902876
0.115073803048250739022861921512
0.115150004111716497412487569818
0.115226276895796869714772014959
0.115302621496633742048665283164
0.115379038010493553678692535414
0.115455526533863095384191410631
0.115532087163330909884706443336
0.115608719995680772618662501827
0.11568542512786450515704927966
0.115762202656970222824917016169
0.115839052680277929119334601182
0.115915975295220019525288535078
0.115992970599387165697713442114
0.116070038690555807359139350865
0.116147179666651154117396060883
0.116224393625753472103490082645
0.11630168066615682864739511615
0.116379040886244317087871991134
0.11645647438462311540341431737
0.116533981260075678032528401218
0.11661156161149613397221003197
0.116689215538013021933316792911
0.116766943138854772943346915781
0.116844744513478732139688531788
0.116922619761483936873247557742
0.117000568982645422599908613392
0.117078592276875476096975603468
0.117156689744299311040087729907
0.11723486148519392247013826136
0.117313107600011498621306316181
0.117391428189372870605211574002
0.117469823354053370945138112802
0.117548293195030989499727525072
0.117626837813429085954908259737
0.1177054573105777712793695855
0.11778415178792064899049307769
0.117862921347133539629048470943
0.117941766090030208946615175591
0.118020686118629689054237985602
0.118099681535060729853370276032
0.118178752441695622543704757845
0.1182578989410710962326689355
0.118337121135867112675654766463
0.118416419128948985362015378087
0.118495793023350157180395569867
0.118575242922338744411270283763
0.118654768929253112696997618514
0.118734371147728987039293713224
0.118814049681470204622435460351
0.118893804634450983570559401414
0.118973636110734859450133171777
0.11905354421465041969696585511
0.119133529050624423217819014553
0.11921359072331472184202993958
0.11929372933754328611755113343
0.119373944998322586985572968388
0.119454237810828992061296105476
0.119534607880420876147020692315
0.119615055312629878225827440019
0.119695580213201549502066711739
0.119776182688028892675546899227
0.119856862843196215751007116523
0.119937620784986515021230957245
0.12001845661983630286773205853
0.120099370454375742323094300446
0.120180362395453974033721067372
0.120261432550046398759491239616
0.120342581025344411149724521692
0.120423807928715334569780281981
0.120505113367716090722048249972
0.12058649745007821163511607665
0.120667960283736649951258357305
0.00301301447595435584539402817938
0.199932318484189325280553362063
0.194512068003110799585542167733
0.189084889645237230748620049781
0.183650774008098455203352727949
0.178209711650943153360415749376
0.172761693154769829794403790402
0.167306708950058391494053466886
0.161844749712124563734150228811
0.156375805846862447889833447334
0.150899867927402897560540395716
0.145416926378754085558142605805
0.13992697165799808378672253184
0.134429994258953439123516204745
0.128925984593724174409601346269
0.123414933083120681445166155754
0.11789683013638389830202157782
0.112371666140856335536213350679
0.106839431474696197610363412878
0.10130011652519754772328042236
0.0957537115720017012465703487578
0.0902002069906073095095777603092
0.084639593090363979266399496737
0.079071860152558501311226279995
0.0734969984844494189646368909052
0.0679149983563444858969404549498
0.0623258499850895958394048079754
0.056729543659736092475753821418
0.0511260695355303385056799925223
0.0455154178664420247524269313999
0.0398975788625392582820161635482
0.0342725426575998873279793599522
0.028640299402945781914731071538
0.0230008392891816841607788290958
0.0173541524115180915976974773685
0.0117002289030325289792555665258
0.006039058843476791810234161062
0.00037063232042560274306572387637
-0.00530506063780665157447735680307
-0.0109880299003438340610383505691
-0.0166782854910622717337087550504
-0.0223758373606166745262147088624
-0.0280806955192246833485913981576
-0.0337928700078365396031188083725
-0.0395123708050661021085048218993
-0.0452392079882730502315979492778
-0.0509733915977128512753147049352
-0.0567149317415053741409103338356
-0.0624638384886722491939892165647
-0.0682201219559336879960653732269
-0.0739837922709211809335627663131
-0.079754859544359388290324375248
-0.0855333339881648307967410005404
-0.0913192257573245680379869781973
-0.0971125449830529396955114407319
-0.102913301925535508041242849231
-0.108721506812431381594485912956
-0.114537169861580481744489645735
-0.12036030137033282283454127537
-0.126190911548224010685359530726
-0.132029010689637404940555143185
-0.137874609135962999939550854833
-0.143727717178079000825974276268
-0.149588345175259734842754255624
-0.155456503469793894112171983579
-0.161332202404989161204085235113
-0.167215452421995897092088512181
-0.173106263901993157050540617092
-0.179004647223755974927428269439
-0.184910612853491501672564822911
-0.190824171274119352981202268893
-0.196745332907939746158731963988
-0.202674108275742864693214073668
