3
607.176342527797146431112196296
0.114221455990578757422326816595
0.114320474102225830281831520097
0.114419603458409471774537280453
0.114518844257274932108003895337
0.114618196697343729950624435787
0.114717660977581750736398191748
0.114817237297420979280637709508
0.11491692585667200032784052155
0.115016726855606932211628645746
0.115116640494931671279132956442
0.115216666975795523075731807694
0.115316806499758922610610056836
0.115417059268848237740812123775
0.115517425485502478466059983475
0.115617905352644323446753560347
0.115718499073570027513291336163
0.115819206852086922787670175694
0.115920028892403478848471820584
0.116020965399156725239571130714
0.116122016577488815225471796566
0.116223182632952282133942389919
0.116324463771534380995831270411
0.1164258601996898817576564511
0.116527372124319086865718020363
0.116628999752777823273319768305
0.116730743292855501658245032104
0.116832602952819469832590471015
0.116934578941393058082454103896
0.117036671467720995720718235589
0.117138880741426032461305339893
0.11724120697259643453236321875
0.117343650371754690264758380636
0.117446211149937543294363706536
0.117548889518545321419829008391
0.117651685689524304612163518868
0.117754599875264098773897103456
0.117857632288610680859619606053
0.117960783142858016692144929038
0.118064052651808901184260491846
0.118167441029677758312921298511
0.118270948491209365593945790351
0.118374575251573119216708107615
0.118478321526425289800243945137
0.118582187531904165167517817281
0.118686173484592039084617454137
0.118790279601580034407604102853
0.118894506100400976222886129108
0.11899885319912094361338716908
0.119103321116211316454958080158
0.11920791007065832667333182826
0.11931262028193519164620539641
0.119417451969993732019403864797
0.119522405355246996716545027084
0.119627480658621457298984580575
0.119732678101518663638103134872
0.119837997905831730727221895449
0.119943440293899847293168647866
0.120049005488597274049489271874
0.120154693713293764245619854591
0.120260505191816358117051777299
0.120366440148486950056927469177
0.120472498808171929463028959617
0.12057868139614476288290489947
0.120684988138259424728104818314
0.120791419260815088843052933498
0.120897974990638132353204525771
0.121004655555009013601086564904
0.12111146118178160724365710621
0.121218392099258262528671536984
0.121325448536259108966994801904
0.121432630722094744846195624177
0.121539938886597198575145739596
0.111810110092505118895012117264
0.199996073792948231284682947262
0.19461157550548371930609903302
0.189219182957162446179211201525
0.183818884844116098298272277134
0.178410669819531797486433788436
0.172994526531779491129725556675
0.167570443598451968014728663547
0.162138409627993251849176203905
0.156698413210730330691333733739
0.151250442915987909353603413365
0.145794487295739016996520831526
0.140330534884946261930949162888
0.134858574195632990866400291452
0.129378593726181156942089955919
0.123890581957613599151102334872
0.118394527341962582656087477062
0.112890418335608921918122860006
0.107378243342726595321856564169
0.101857990780085297388701803811
0.0963296490317324116681163559406
0.0907932064610516426084174668176
0.0852486514249468779746976565548
0.0796959722510146156837507191995
0.0741351572423310095638626648906
0.068566194702250546355593030512
0.0629890728989735554366191649933
0.0574037800864270544853873445845
0.0518103045087376992694494504121
0.0462086343763264753570219056655
0.0405987578944197596841902964115
0.0349806632335437975300784785304
0.0293543385588010651010559826091
0.0237197720191818679780215717301
0.0180769517279218382144190258032
0.0124258657891428269531841621642
0.00676650228892880338527060501974
0.00109884929395462544766959300802
-0.00457710514368974644844323407256
-0.0102613730109909172261151155681
-0.0159539662832164710892790537855
-0.0216548969845991035043653027969
-0.0273641771388235741091499164668
-0.0330818188020134962279428236798
-0.0388078340384487296965687619377
-0.0445422349402438827459249637286
-0.0502850336139092010667717147498
-0.0560362421876213837035329845548
-0.0617958728041309163225847100875
-0.0675639376443541439520856783929
-0.0733404488793347603126093758874
-0.0791254187149992155303479535178
-0.0849188593899698196398873051294
-0.0907207831442544965216967511878
-0.0965312022302524108674504077499
-0.102350128951068708449412270056
-0.108177575608009834962075501608
-0.114013554513443374216485892703
-0.119858078020880262637426483252
-0.12571115850041436612372081072
-0.131572808320506051682485804122
-0.13744303989608305793801434902
-0.143321865650131191616267756217
-0.149209298028084441645191304815
-0.155105349491326566235827044693
-0.161010032531746671846661911331
-0.166923359638135621052512647111
-0.17284534334587406401162468228
-0.178775996199882880599574264124
-0.184715330772231289824247824072
-0.190663359636706442046261145151
-0.19662009539691191473131937073
-0.202585550689877491592483238492
1.10965127356177474320206346247e-10
0.308385423524271784501138427004
0.256437079629075526110426608284
0.212338909569868339310971805389
0.169564511323445576973512061159
0.129686289165257984112855638159
0.0957817984910828840172669629283
0.0637071015490018599525257059213
0.0296201879703592539649914527899
0.00569348802048513270845919720387
-0.0233240420698001618693417924533
-0.0480916931706457245754293694517
-0.0624538852351494838677226084656
-0.0822463801660675425386770598379
-0.0995183118209233968931570757377
-0.110356812812317225946934229341
-0.120193170344831373741456559401
-0.124462161332810475333765509731
-0.136810463904433604609423014153
-0.143027686761862643516352022743
-0.141169717870638006251837737182
-0.141736867238674679736476491598
-0.138682561491940775644238215136
-0.138746313203889248821809587753
-0.141392348833522252249395023682
-0.132411419876709374188195056377
-0.12447087380450139182386237735
-0.12007935401889763271654487653
-0.113006281620716991787034544359
-0.102552911187288403604966902094
-0.0902535059675425715974839135924
-0.0832596254589625522912754718163
-0.0720723844589035295138401693293
-0.0609839914032637361862576597105
-0.0487439395284885307324529435391
-0.0360866792370465525041645094007
-0.0248881371281922149363285967638
-0.0112087985389461314983394757405
0.00549395511667113804754603023639
0.0160089907120575976329224232586
0.0294874238605264057944133071487
0.0373608735601864000441807434072
0.0526019754629465513540154120165
0.0688038774005889641749433849327
0.0773050410788951869456298027217
0.0876814819351043189810113176463
0.0954169640744523955833145123506
0.105048012598740247991457863463
0.115751730668147340130857969598
0.118049963684352901549523551239
0.1251137009414307332821891805
0.12742531990185537726922859747
0.133434368270608366691121204894
0.133743601115771715281965725808
0.135458051044284599750966435749
0.130224382280561212787972635851
0.126970434117725933242937230716
0.125446421848044165070490407743
0.114551102733741777539577810785
0.109759296198744860095786179954
0.0915139626967259034451274146704
0.082134631155900805765668337699
0.0642983628361145365115447702919
0.0442989434432617817938293569568
0.0208002036630606373934782027391
0.000750685524308005065752258389011
-0.0296680474443515723725894872587
-0.0621226816173859608394280940047
-0.0943557012009977047473086031459
-0.13003640595443247129914254856
-0.172467795033018206352082302146
-0.218049261593339482878661783616
-0.267170867036178705244964248777
