3
133.689216848086715572208049707
0.114247374908637108759101863598
0.114345702164702661685069529085
0.114444139381235515662282864469
0.114542686752875114142291579356
0.11464134447466423072370389491
0.114740112742035813009344735747
0.114838991750886673659515224699
0.114937981697532359826041670203
0.115037082778653571013549594682
0.115136295191433382645307403891
0.115235619133430458593814194046
0.115335054802671296836358294513
0.115434602397550684083071814712
0.115534262116938388209597121659
0.115634034160153484349642383222
0.115733918726873843962899002236
0.115833916017271415510592191822
0.115934026231915232596492160155
0.116034249571851058591143157628
0.116134586238514150857703555175
0.116235036433797817023716447693
0.116335600360036470202196312584
0.116436278219980690606938367182
0.116537070216847601922260935225
0.116637976554292283060121349081
0.116738997436390365414204950412
0.116840133067661097743261677806
0.116941383653105746009970289379
0.117042749398125464632691716815
0.117144230508583760408392038244
0.117245827190780818605198021487
0.117347539651515717085139556275
0.11744936809796018006846196613
0.117551312737798105412245774914
0.117653373779121495079635906222
0.11775555143050149553562988558
0.117857845900946167638778661058
0.117960257399943979628176293772
0.118062786137414665876832486902
0.118165432323731792174648091986
0.118268196169748512902586412565
0.118371077886769496267937995526
0.118474077686537768161478823004
0.118577195781288002862652319891
0.118680432383720224631673545446
0.118783787706958673946466831239
0.118887261964630966404321554819
0.11899085537081756369648388727
0.119094568140039172576827297689
0.119198400487358122101788637792
0.119302352628221211561232451004
0.119406424778599695724068396885
0.119510617154893153402106520389
0.119614929974038525228863250049
0.119719363453397009688927710158
0.119823917810792879290460177799
0.119928593264595859113619269465
0.120033390033559575482691172965
0.120138308336986160407278134699
0.120243348394654878119602869901
0.120348510426762894676144810546
0.120453794654076809522713631395
0.12055920129777976390617055813
0.120664730579584641989576709875
0.120770382721618968480115086095
0.120876157946603862702872334012
0.120982056477665578242408628284
0.121088078538437254882964566605
0.121194224353072269040332287204
0.121300494146171403131440058587
0.121406888142872995683951842238
0.121513406568772755478313740696
0.023965045914177793284771667004
0.199991967046232760329971256397
0.194606563589653114298982927721
0.18921329029559644241409444021
0.183812135878822197065929344717
0.178403089057803526662482340726
0.172986138512597392713487920446
0.16756127291615965924087561234
0.162128480927873519501503096762
0.156687751177453676865169995835
0.151239072280992259411647182787
0.145782432840386277916877588723
0.140317821435325396084436988531
0.134845226618247271410666598968
0.129364636942858768353659115746
0.123876040934030928752918043756
0.118379427103437448454137381759
0.112874783924436422610781960429
0.107362099880950592756256867233
0.101841363415808933146067261077
0.0963125629718926123956634910428
0.0907756869565533724975026075299
0.0852307237667001005299027838191
0.0796776617851864821240326364205
0.0741164893591175349962796303771
0.0685471948471285397186392174262
0.0629697665572966913671848487866
0.0573841928016570190784761962277
0.0517904618482405501578291762144
0.0461885619850127271401873940704
0.0405784814421691827912574979109
0.0349602084507796354029274255026
0.0293337312250764974119743300207
0.0236990379436333893636845715491
0.0180561167932303499872315200037
0.0124049559103924095238014047027
0.00674554344207959049456446720683
0.00107786749352726217432429933751
-0.00459808383356506093081472741346
-0.0102823224696539372580161852966
-0.015974860355701541586581626575
-0.0216757094565751262660313614106
-0.0273848817600000418726047257678
-0.033102389248585210868025541231
-0.0388282439600479839514335367312
-0.0445624579247387644920230798107
-0.050305043210155407640282732018
-0.0560560118790535133470598339045
-0.0618153760470047733410758894479
-0.0675831478249119405043998654037
-0.0733593393446410751979058773031
-0.0791439627664283218422269783332
-0.084937030273602776020425153547
-0.0907385540472897822450448757081
-0.0965485463179722724902376285172
-0.102367019306838100134449121015
-0.108193985285641627869246406135
-0.114029456510042426220508104961
-0.119873445284953514256010009831
-0.125725963922666550409701358149
-0.131587024760184911897908932588
-0.137456640146445874250957785989
-0.14333482246090026301921227514
-0.149221584087781244942760849881
-0.155116937448285224787625224963
-0.161020894977702277994779933579
-0.166933469127756917149696391789
-0.172854672368298378781759083722
-0.17878451719902849204046901832
-0.184723016137522455526465137154
-0.190670181710569625055384790357
-0.196626026475022308570572704411
-0.202590563009583057851870080412
2.36141333569598423264878510484e-11
0.304252888450136316222938148712
0.256958015563729491592681597467
0.213413971991776502123983050296
0.166319353879578163413199831666
0.130120523693500633743980188228
0.0950513670894597567651018721335
0.06272351756081187557079203998
0.0321069405733013513160045704353
0.0075177191018835588451341145344
-0.0206254301988744379037221676754
-0.0430395317455242107373969417949
-0.0633880028700614106540456305083
-0.0823327368682188337478677908621
-0.0926590981098871363519364763306
-0.109776413254372304240114033291
-0.122507327545254882106284810561
-0.130157232347594992161177174239
-0.13340097827583169420861963772
-0.137807784170298958104083908438
-0.145259243978202917668696159126
-0.143510061805385752409236488347
-0.142404817287714341444981869245
-0.142931723877988497983793081403
-0.135169744062709290544077589402
-0.133608906276920791356133122463
-0.125581340008266123531299740534
-0.120433140048228817797770773268
-0.112670641038319266358236347969
-0.105833595450182393893356902481
-0.090713491587973690832846784815
-0.0849295415717779278441668111554
-0.0738254575961419107210659262819
-0.0613506485779430829619052190083
-0.0508571329211943562453868139528
-0.0367834457866825503824514953521
-0.0258592481976502377993831771619
-0.0118789499215158338846221042218
0.00508234009288870223347567289807
0.0200995082650547787772588037569
0.0318447992353474082505293552003
0.0405877596525148209849476188538
0.0539766958126841125964467948961
0.0656696624256544875253283066741
0.076515535397219433533244625778
0.0875948532212682956510363396774
0.0928062560400738228993944289869
0.104595223691750408012701711868
0.111456115760105653467171293869
0.120355680352625241114061793724
0.127194282364341715307887170638
0.13125125187391714631779393585
0.135318139841655027399980326663
0.138030783628543401997390560609
0.132836010870501841640844986614
0.134521930244938053844450109864
0.135148945757552318980287964223
0.122374684908160252794218081362
0.11936974778511928729773927671
0.107342169898388031801239606011
0.0932484085195484369013030345741
0.0790726137235330389652077087703
0.0587658884560429348176135988524
0.0444881756647306642049599645361
0.0200364533003239038422282902729
-0.00731886933087090227334492453792
-0.0359521478755917278657960878263
-0.060005638724932253147414940031
-0.0941697597407953335135744055151
-0.131295692153306747806951193525
-0.170527298937038551684963749722
-0.21751293495994372673152383868
-0.261923090260976376697499290458
