3
666.282791246401984608382917941
0.114533138682788165896297982727
0.114623837156713093143878268165
0.11471463175678765777920631308
0.114805522640518256616282144478
0.114896509965768167660371545935
0.114987593890694961284992814399
0.115078774573800765579356664148
0.115170052173875964163229923543
0.115261426850046505565572374508
0.115352898761782368675099519351
0.115444468068833669405215403003
0.115536134931302533757069284093
0.115627899509642861897162902096
0.115719761964575215684725151277
0.115811722457187113444199155765
0.115903781148882834006741404664
0.11599593820139594835261220851
0.116088193776761758324589379754
0.116180548037408667982894883153
0.116273001146019627771721616227
0.116365553265676921479432337492
0.11645820455974666141063522673
0.116550955191941224553531242236
0.116643805326305985414769850195
0.116736755127225588779538156814
0.116829804759440838979323018521
0.116922954387969055267681994792
0.117016204178233940158548875843
0.117109554295934892298447493886
0.11720300490713185526114870072
0.117296556178262581515703288915
0.117390208276028182310390945986
0.117483961367538511377794918644
0.117577815620207568048094515234
0.117671771201810285156774682491
0.117765828280443810016642203209
0.117859987024579324077500075418
0.117954247602986991849682851807
0.118048610184838628778258851071
0.118143074939585354665716465661
0.118237642037091680857763265067
0.118332311647518992336891585637
0.118427083941422081614369687941
0.118521959089655140595631621636
0.118616937263467420171636490522
0.118712018634416660578523305958
0.118807203374465167322604486344
0.118902491655875644505080401814
0.11899788365128567690920391442
0.119093379533690674199064574168
0.119188979476441705984690599962
0.119284683653227127630991333263
0.119380492238122901116348373307
0.119476405405536195702964619159
0.11957242333024740987834633188
0.119668546187382207612870388402
0.119764774152452777022936913909
0.119861107401273078720826958943
0.11995754611009554202460947181
0.120054090455490120037396195585
0.120150740614407350315140377006
0.120247496764118749768002203382
0.120344359082336038735405736588
0.120441327747067283837623108411
0.120538402936727587211329648653
0.120635584830095760056067888399
0.120732873606291049584093855174
0.120830269444838989123525152536
0.120927772525625434885121478601
0.121025383028870364698903472345
0.121123101135204580547366504106
0.121220927025658897768778388127
0.0842182396714239583923600207527
0.199953393381526484118282382951
0.194557444254643774339541550944
0.189153909901253247660690703924
0.183742779585495202843148376814
0.178324042576222863143442509681
0.172897688089756029761190347926
0.167463705371823978751422146161
0.162022083608348799188547673111
0.156572811983040210970230532439
0.151115879673249325909623053121
0.145651275827633180925957390173
0.140178989568807921273219108116
0.134699010033152322129978983867
0.129211326305846918582886928561
0.123715927473886336263042551309
0.118212802601385003065104228881
0.112701940720368515291838207304
0.107183330878068291958093993799
0.101656962073766177212519323803
0.0961228233155225902928364689615
0.0905809035615478541636491627287
0.0850311917839818853792621666798
0.0794736769099778500580200102377
0.0739083478858613557305190511215
0.0683351935847349156727403851619
0.062754202921535995329804791254
0.0571653647580566692809611595294
0.0515686679342517162449865963936
0.0459641012969782200570101338144
0.0403516536581121770810298698962
0.034731313816593140098021308404
0.0291030705486321414343642288713
0.0234669126211732304021495565394
0.0178228287756603959168799633517
0.0121708077376763684068761151025
0.00651083821725859015344672897641
0.000842908901829054861554180178018
-0.00483299153812973437266409248991
-0.0105168744464208679945116386989
-0.0162087511869835922129201577491
-0.021908633154738930276517194784
-0.0276165317416430210195610328583
-0.0333324583622837608554156929586
-0.0390564244701771118295496876271
-0.0447884415067369354157555960683
-0.0505285209534903634320812670921
-0.0562766743159912943839096044485
-0.0620329130852156490627535845306
-0.0677972488043017268433132471728
-0.0735696930254832598405911880945
-0.0793502573084738926922909740824
-0.0851389532492619338643891069296
-0.0909357924464444800083384734535
-0.0967407865292568142079332460526
-0.102553947128820779899349702191
-0.108375285922494887791422968348
-0.114204814580519842248662598649
-0.120042544807262771544564827764
-0.125888488322009550746116701703
-0.131742656862982865373368213113
-0.137605062173312975293271165356
-0.143475716047418905274568601271
-0.149354630263813098478564711513
-0.155241816644227953458923252583
-0.161137287020973046791638694231
-0.167041053243828452323782585154
-0.17295312718313018973681494117
-0.17887352072593953877799322072
-0.184802245789951025134456585874
-0.19073931430013058019312666147
-0.196684738199594366658828903383
-0.202638529464718886163865363415
5.50394043798457670273281735058e-11
0.308458275479194909962643578183
0.25592183528206757792133885232
0.209031151665248271509511823751
0.175833236115607888239154021903
0.126218075034607996043334310343
0.0921802039396614064648005637537
0.0610883585053705047140937267613
0.0305737869597737521587532683043
0.0104956865331350505943230899675
-0.0220943017872966725179129099388
-0.0526201088194304944511969779342
-0.0675071125942817013010355253755
-0.0781228951457914599920684395329
-0.100898880076495625623955731953
-0.113257379340217720353756192253
-0.114479355130637241999558284533
-0.120326432296394031373765187709
-0.130423230242538851220146511878
-0.138855463295412262514361145804
-0.144532668675888292808551227608
-0.14265441092479824725103298988
-0.147040485854060848369684322279
-0.140742350502226498676350274764
-0.138134113248727152800654494058
-0.128466099800788574603060965273
-0.13167268203395343650896620602
-0.11119360715939238803962041402
-0.112249245705506220383007587316
-0.107434618919169166950666749472
-0.0879884146987123805239150442503
-0.0738513812757270876607762488675
-0.0700784244130950167983584719877
-0.0639677790652935507331733333558
-0.0490899318160714429049029661201
-0.0364236253880612786959503068829
-0.0249384319971085177680691913338
-0.0141377720620201405982152564889
0.00070080777914055287104028169054
0.013633495374846297046311782708
0.0265163955180556937252234206426
0.039668966433864333298586757337
0.0457090778904566327756064936239
0.0652317277392272243385917818159
0.0748425498141333245261108686464
0.0826612629202628651503559353841
0.101890081539171173385938118372
0.103233842746624504549401990516
0.114446498113261449502964239855
0.121857866351657101455785436883
0.127827513348774263191032218856
0.132736693452812637428195330358
0.132580139894906134934160490957
0.13334152031654109005209818406
0.138938154552971954158735456986
0.130782645405667502513935573916
0.130442172040081016959334192507
0.128407733462697820625564304464
0.11240503995570039208473644976
0.108491329900327920787717062012
0.0944807034717427274284062832521
0.0826709321181647721621388313906
0.0612064704576132864732862515211
0.0507166953165844799911177176455
0.0222704110098581944954254652203
-0.00632173982048018015533763502845
-0.0306855128597014331637282680276
-0.0573902419168331040522090802369
-0.0979826866289726650105507133048
-0.137230463983536055128098496425
-0.173178469977478405317228293825
-0.220243593181999652852454119056
-0.26123431020161341775676078214
