3
219.211899962955982346102246083
0.114733260905159131781694270558
0.114818603439016911349490612793
0.114904032780496614951637468494
0.114989549062948656632521249321
0.11507515241991826682177446628
0.115160842985217642953088557078
0.115246620892887452480835008828
0.115332486277271897834317826437
0.115418439272963774255842395178
0.115504480014763794004650776515
0.115590608637800976166154498515
0.115676825277423164783918707599
0.1157631300692259779250292695
0.115849523149121266807348717975
0.115936004653224164484548452947
0.116022574717941265309839593556
0.116109233479931434063203710139
0.11619598107611160686669649067
0.116282817643699784571076349948
0.116369743320120247465077056859
0.11645675824308084067570945308
0.116543862550574597869434967379
0.116631056380863851185125668053
0.116718339872429299752809583879
0.116805713164076493959520064436
0.116893176394835887621503900391
0.116980729704032407334501897367
0.117068373231248620824906936377
0.117156107116318769501006613609
0.117243931499402723184211083662
0.117331846520855376247993717698
0.117419852321357903734977412569
0.117507949041843223758618819375
0.117596136823528610304556707433
0.117684415807887465810210869677
0.117772786136658702549340205223
0.117861247951898867603048870478
0.117949801395886094690368395277
0.118038446611213473924628658551
0.118127183740741020789855042494
0.118216012927568045465243073977
0.118304934315126827892861172131
0.118393948047098143683264481751
0.118483054267449844365600597484
0.118572253120399664916284621086
0.118661544750497935374333735581
0.118750929302558635991537983045
0.118840406921616667523800003892
0.118929977753083754299368024476
0.119019641942594942007893621394
0.119109399636049370641011080352
0.119199250979709223119407113245
0.119289196120029222791814049742
0.119379235203801253861755071739
0.119469368378113824369357587329
0.119559595790307726659307263617
0.11964991758800015697605800824
0.11974033391916909241370348127
0.119830844931985813772712390346
0.119921450774964258312316189858
0.120012151596895169647361001353
0.120102947546857588556612483899
0.120193838774253047851914288913
0.120284825428712258132968315749
0.120375907660188158354586107635
0.12046708561896411759928327001
0.120558359455555846873053837953
0.120649729320806836652124616194
0.120741195365823075769107219912
0.120832757742068017114966949066
0.120924416601219192335392449422
0.121016172095329846425393327536
0.0199778303900141097904086251447
0.19993558311037892827322082212
0.194531475290809802158875640998
0.189120002733706688013981533913
0.183701155138131483335328653084
0.178274922169501470747832172492
0.172841293525397926567066519965
0.167400258849896343971153100938
0.161951807787320906095729355911
0.156495929960582841333760484304
0.151032614962133326930171506319
0.145561852389863244372492090406
0.14008363183187297340559496206
0.134597942812896526065813418427
0.129104774883377237948423044145
0.123604117578660438470095073171
0.118095960392651522230522687096
0.11258029282700333928435298958
0.107057104332073993457896676773
0.101526384382098655567716605219
0.095988122398288536207822119195
0.0904423078181666173502861738598
0.0848889300401031998699608038805
0.0793279784570812135369166639975
0.0737594424436849305237728913198
0.0681833113437217419594560396945
0.0625995744886002902784838397565
0.0570082212057910417413175707679
0.0514092407970270295902714963177
0.0458026225495573452439757033972
0.0401883557222722856416829984028
0.0345664295748181887857342076131
0.0289368333666363483636096987084
0.0232995562656495361353314876851
0.0176545874932177507266040095146
0.0120019162501352680272326267641
0.0063415316772010305729212475967
0.000673422908484983548729752023121
-0.00500242088753580400883880230367
-0.0106860106137949256027708244687
-0.0163773571974320207578212915678
-0.0220764715318982167324701748612
-0.0277833645601819369252982738772
-0.0334980472707460535941592638665
-0.0392205305993311784118482421491
-0.0449508255450632998595494882466
-0.0506889431388764105657074310329
-0.0564348944035673108499118200143
-0.0621886903678342609080864633597
-0.0679503421182265088251739371117
-0.073719860719034205343014320988
-0.0794972572848981068327489651892
-0.085282542912670178392176012494
-0.0910757287564314260697173608605
-0.0968768259588117242042670795854
-0.102685845702722711170196134844
-0.108502799162691329626362346517
-0.11432769754430974207259907871
-0.120160552075995921694762103016
-0.12600137402213373860604406218
-0.13185017461451833953312018366
-0.137706965149476001641914990614
-0.143571756914741388566625346357
-0.149444561230837186238673552907
-0.155325389455248957792932174016
-0.161214252895096804563124237575
-0.167111162954732078711472809118
-0.173016131005380630059065083515
-0.178929168471155003450334675108
-0.184850286739479008346620503289
-0.190779497312582313472972828094
-0.19671681161535273241192101068
-0.202662241146783772549611057912
9.55198234659044956546432199386e-12
0.304774769567159820038426687461
0.251489647049157161173837948809
0.216807624672132825960346735883
0.169325723655762594432871992467
0.129952956314960066386277048878
0.0978854031527631035514147583854
0.0671486240752595942016256458373
0.023298990635749999844605895305
-0.00288199853283234528472656066356
-0.0137017620105905745669927497943
-0.0514282441395169168107948109991
-0.0819117198524867834441565150883
-0.0671879640108060116610033674078
-0.116499245688036268120413296856
-0.0945913622166833639726135629644
-0.123443258493867613623251600075
-0.133522467871708544473463575741
-0.130025597329911174471206436465
-0.138569019532041620701434680996
-0.1242407281605976687721692997
-0.149339441330113453787475918944
-0.131113850922946029164961601055
-0.130019375061506237134523189525
-0.153914990901995257788215099026
-0.120505032102638867663735311453
-0.119208081412906966023435018087
-0.117174560326882462590880606967
-0.103258592468183807433490528638
-0.0923984308872545373469975515945
-0.0882138161795117947683309012064
-0.0856690371855462345918041933146
-0.0870178396145731142263812785131
-0.0529131273079743169596156349144
-0.0442549978303035940196963338167
-0.0218758095174323777265534829439
-0.0601033580210727572112894279144
-0.0317962323466348534273251402738
-0.00206865104719173957537048380573
0.000635229571621120404911753354327
0.0288623439531282485748242550017
0.0377577356216631590535293128141
0.07037498386374513303920252838
0.0659497765968071192332899954636
0.0690303439885024683331238293249
0.0754441772949176053808528763511
0.0839907406066391221122202637162
0.120222210792942194035326508583
0.128828932859877121064329230649
0.138640651361033789834564800003
0.125455255280299188269665933149
0.140016580209088664643601873649
0.141629670654823291986446065494
0.120114826035375044099851038482
0.121957260284286689300259354241
0.148169634413065604006121134262
0.126804581667844390446830971086
0.112015749128337893658624579984
0.129100348203833148463814950446
0.0945334353327701576441555175734
0.0999063859412364779766235756142
0.0837041996922757713939233781275
0.0464500541385084730894305948823
0.0350021711545465200043913966965
0.0282037222499507828077369708808
0.00556551169870443847298435713356
-0.036045080798422751700016419818
-0.0462579124145714171145726822942
-0.103193032831382078273740887653
-0.127619703413084123466703090344
-0.168021971178890866527311231948
-0.216600451004145960753888289219
-0.272423576179521897966395727053
