2
53.9937248078324572020392224658
0.115139429294057030195297386399
0.115213864433532708897445218099
0.1152883685076192682439355508
0.115362941605994182014960358629
0.115437583818488925802014932742
0.115512295235105671986630682113
0.115587075945959377731853123805
0.115661926041340304416316087099
0.115736845611655883581114778735
0.115811834747513164867172008599
0.115886893539625168703111057766
0.115962022078853102535767050085
0.116037220456234532739436815518
0.116112488762937074437964213303
0.116187827090274239938416656059
0.116263235529711725368962049743
0.116338714172906379507033136633
0.116414263111595625566074829749
0.11648988243773736317443479038
0.116565572243336301738736437983
0.116641332620682894316566091675
0.116717163662158437964500024009
0.116793065460233824737201757671
0.116869038107642000956509775733
0.116945081697197542092148125903
0.117021196321877254953314206887
0.117097382074859646117204192706
0.11717363904940461538650708917
0.1172499673389642560472623245
0.117326367037132298087875881265
0.117402838237692666578659839161
0.11747938103454078073717425923
0.117555995521726769359460718078
0.117632681793497367861434099723
0.117709439944225877083816556024
0.117786270068433826518905505054
0.11786317226080900155693598208
0.117940146616202515272853190709
0.118017193229626143891053402513
0.118094312196208070520064836728
0.118171503611291889290768608589
0.11824876757036054120142409829
0.118326104169033191615412192732
0.118403513503099008796759505913
0.11848099566849722152905854955
0.118558550761365774639521930567
0.118636178877942990994576177854
0.118713880114682146516003058423
0.118791654568158391858112565842
0.118869502335109303303717354083
0.11894742351247679368331233718
0.119025418197276952603225197436
0.119103486486789547638132091834
0.11918162847838914553122435791
0.119259844269654441406558476046
0.119338133958252351485285203125
0.119416497642081134711311563024
0.119494935419219322492168089411
0.119573447387831072186159531157
0.119652033646275468559139198987
0.119730694293122136295792756755
0.119809429427060853967645925877
0.119888239146933056611388224155
0.119967123551777951617758333214
0.120046082740782517062072543013
0.120125116813291035744448720379
0.120204225868839886803840499852
0.12028341000712056141352945815
0.120362669327982438338686677071
0.12044200393142825977754739597
0.120521413917675623839187437625
0.120600899387067417301011573727
0.00155066465510017960707789264063
0.199937455543546305225532933036
0.194513614106790966307158896598
0.189082941998774317626796914737
0.183645430106112950152663643166
0.178201069222823582638426387348
0.172749850062303672570962476129
0.167291763279961952504137912001
0.161826799726769665621617377838
0.156354950051124513832334628205
0.15087620500995913008779325537
0.145390555247870839616908256176
0.139897991417335887387451975883
0.134398504195043927422759111323
0.128892084202963219663473637411
0.123378722075369706701053473807
0.117858408438425446562725085187
0.112331133868120935925816183953
0.106796888900758044083083575515
0.101255664192705790993542791512
0.0957074502483123285001553881557
0.0901522375974694867295511357952
0.0845900167432361710373456276102
0.0790207782542362985322981216996
0.0734445125943213178443258470907
0.0678612101575376130968564325485
0.0622708615169789425625168632905
0.0566734571126809305585680931472
0.0510689872821219817411453334444
0.0454574425017368610735246647891
0.0398388132101410719076994837451
0.0342130897669357461610140092034
0.0285802624755467950257159515104
0.0229403218008526997573337524727
0.0172932579168070810204937970411
0.0116390613988184878080378581444
0.00597772230000865028437528891914
0.000309231070283719471775141229841
-0.00536642205972675829378504275269
-0.0110492467544748493302186886922
-0.0167392529037713663764286309288
-0.0224364502209367655538585495378
-0.0281408484176779785657096510931
-0.0338524573626683700222628203846
-0.039571286860747796609860671424
-0.0452973466916490180578236390829
-0.0510306467641155753200976619155
-0.0567711969585673048577234567347
-0.0625190070483724186223284391417
-0.068274086993186836047620147383
-0.074036446687661031096361341497
-0.0798060960473076924648339058876
-0.0855830450388898322788833183949
-0.0913673036292566298488537768208
-0.0971588817135348586928600411738
-0.102957789350778733394875530394
-0.108764036509547940001496613149
-0.114577633199910322581160926347
-0.120398589433487926414478863535
-0.126226915336459077909836423714
-0.132062620958127846515495207314
-0.137905716295480679223217634899
-0.143756211517430260160566035665
-0.149614116689816195604478821224
-0.155479442072410711794816506881
-0.161352197679672765273650725248
-0.16723239365046338456011199014
-0.173120040269134023436237157512
-0.179015147664771251401205631737
-0.184917726084302125322267329466
-0.190827785715322495452284101702
-0.196745336798327119520735095648
-0.202670389641978199168903529426
