3
603.291553992385388482944108546
0.114635540013144215931717440071
0.114723499311427182267841828889
0.114811549928077086257793837376
0.114899692007988760145131834634
0.114987925696409351572491175375
0.115076251138829119269324507968
0.115164668481056539639517666274
0.115253177869149611711740988085
0.115341779449518400113561256148
0.115430473368790614818735207336
0.115519259773928587020641600702
0.11560813881214702936173210901
0.115697110631014773995950406515
0.115786175378309652561625853195
0.115875333202193217529973878754
0.115964584251018354432716250813
0.116053928673510470259699900453
0.116143366618666782352775612708
0.116232898235772361128503860073
0.116322523674415256866865320262
0.116412243084440689133707280689
0.116502056616076155037831085792
0.116591964419763535754093197738
0.116681966646278084676069397574
0.116772063446701657163373511139
0.116862254972397189289878838281
0.116952541375040214299829699485
0.117042922806599419827122687821
0.117133399419350428538599828698
0.117223971365864557125924250158
0.117314638799026565996186377561
0.117405401872020295761522845623
0.117496260738304159065847898091
0.117587215551723120454674642588
0.117678266466333975026614666604
0.117769413636542322199041166186
0.117860657217077613445610495546
0.117951997362938057478665143663
0.118043434229471402852063022237
0.118134967972301913041732746024
0.118226598747378744413971674021
0.118318326710956364666849083278
0.118410152019602490924832238761
0.118502074830223055879052651562
0.118594095299972196455584594332
0.118686213586373476291946360561
0.118778429847277364195257121082
0.118870744240767142740899942055
0.118963156925318377932221380888
0.119055668059710184625288320603
0.11914827780301281978658778371
0.119240986314643443444438730694
0.119333793754306694001598998511
0.119426700282060163638142569198
0.119519706058248062485738216765
0.119612811243576477870931284997
0.119706015999009873773673007236
0.119799320485920249290678896159
0.119892724865926655897219177405
0.119986229301015573378563772167
0.120079833953473644192477820525
0.120173538985923686328582959959
0.120267344561314937223528431787
0.120361250842925815440764836239
0.120455257994365863560837226487
0.120549366179552544520170442865
0.120643575562745006268805525451
0.120737886308541139679384457395
0.120832298581857316976950755816
0.120926812547943907105718608364
0.121021428372374451054582777942
0.121116146221086976031422466349
0.0652251824721819251085008772861
0.199943151691318377061179489829
0.1945431223803921194637212011
0.189135618073776656800077944354
0.183720628259090412726095564722
0.178298142411267485085701878234
0.172868149978706475700107603188
0.167430640393694596390616879944
0.161985603083731222184837861278
0.156533027450036277272715778963
0.151072902865539759886814863421
0.14560521872633205853198035129
0.140129964361254161220315950231
0.134647129112084040780672467008
0.129156702297642006493916255749
0.123658673216405681771767888222
0.118153031158459251304115866787
0.112639765385492460203487041781
0.107118865137958957367558809892
0.101590319666527040265435744004
0.0960541181723860021390848373812
0.0905102498551599299325687297824
0.0849587039006519106898451809684
0.0793994694739178080711283769233
0.073832535713651101239030083434
0.068257891741269297036787122579
0.0626755266915415554240809115072
0.0570854296365221960951608082269
0.0514875896481610112465077122579
0.0458819958053411705578561452512
0.0402686371399915490898457903768
0.0346475026752432954668670106457
0.0290185814159057246797157603169
0.0233818623411996967531578661692
0.0177373344463987205055222062811
0.012084986659443130996294257784
0.00642480792455664504597701025546
0.000756787162395484080609775467963
-0.00491908673741504529064449968701
-0.0106028248829593101099089125228
-0.0162944384183829303613944006202
-0.0219939384895591096003020226135
-0.027701336270559276386826752514
-0.0334166429652532973038070451821
-0.0391398697591395852701801061357
-0.0448710279001964737477514688635
-0.0506101286206709563564309917183
-0.0563571831789709057347614873379
-0.0621122028582625981818488014596
-0.0678751989703997443692529145665
-0.0736461828168462201427146851529
-0.0794251657460290916290546192613
-0.0852121590943252932293106027828
-0.0910071742461579097360768741964
-0.096810222586496977315029255351
-0.102621315528386450321995937429
-0.108440464488243834551006727906
-0.114267680925372067113343632627
-0.120102976286615717449457463317
-0.125946362072974521462143115969
-0.131797849777858744335645724277
-0.13765745092143510941440354145
-0.143525177033426265538196275884
-0.149401039667905105590151038086
-0.155285050421452741620242932186
-0.161177220874964582941757385015
-0.167077562633566434335818939871
-0.172986087345824879335509649536
-0.178902806640546779837208646313
-0.184827732216178930446659478548
-0.190760875726945389185829071721
-0.196702248905740645357198559395
-0.202651863464486048371782089816
3.59744133035960233951888967158e-11
0.308415727666382810667755620671
0.263978460690537986010895110667
0.208868562753122849473541577936
0.17590406127143812242685783076
0.128161481710937136258010582424
0.0931434646930115323071319721748
0.061151967004937267391451172216
0.0254927565519973108043583209792
0.00365144461217522219020903406772
-0.0291868297051691739929513147445
-0.0508459876107744054851700354902
-0.0623653517763191125866661934651
-0.0880270978230946049558625077225
-0.0926144472926994921646581815367
-0.111950509914205756367699962084
-0.116434039320833154773637829749
-0.116445423729204466933850881105
-0.145311655998899252884015709242
-0.141383134152555711704479790569
-0.127948705351501101912248259396
-0.13704194627644994408655065854
-0.14145931260935187823157832554
-0.146878303295453038757045760576
-0.149307645073562617055173973313
-0.128299590923336703784940482365
-0.125150708680545008633089310024
-0.123609603363550882293431243397
-0.117666549668409614604058788245
-0.103226764569979825858503375002
-0.0798289380360167472039378822046
-0.0802591605943975411330271185761
-0.0760371221937182067973637344949
-0.0629270043419649371951862804053
-0.0471503965439989333741088728402
-0.039773971558830618910906906649
-0.0239923612258865007196284580004
-0.00667137696356818587356540817268
-0.00714097266814901505266321990462
0.0112952671231212001951016432599
0.0318639171602099757762971421471
0.0585283124517722852520051901593
0.0554106718196455683145273951595
0.0598436998113788046205208104311
0.0834982678537084799241796417846
0.077680803792325142653751868238
0.107452545219886591576496925882
0.115347200253803738867475203733
0.119035319736530059708812245844
0.120195796480036781739286766424
0.131029765857108043691781062989
0.135803274915314325932413908049
0.12115620189783486704282466917
0.126830587343761180818546563387
0.125412449336535836152961564949
0.128066196709206880921527726969
0.132734313893044464371939739067
0.115918377269179528887832475448
0.117049216217092050262849056708
0.108546960316326004947207195528
0.0954426583341056872233920671533
0.0745936696601508103521283032933
0.0507057575778733157778610518562
0.0540745137229261471634167435241
0.0278819987994104005746276442324
-0.00731346098875788191984170794058
-0.026991249250154177030669444548
-0.0639877011444083682034644766645
-0.10133968101023282937234171186
-0.131912619137680320324790272934
-0.169018583993850307622963669019
-0.211630614020686363963008602695
-0.26299529046704794854605324872
