3
338.91918794602054276765557006
0.11452582075418228646501717094
0.114616714865940591550064198145
0.11470770545048947219868296088
0.114798792666314999899590532095
0.114889976672185881167997933971
0.114981257627158342526918488602
0.115072635690674413000422759978
0.115164111022442408605037655889
0.11525568378251388468314075908
0.115347354131284010603231138248
0.115439122229461788027293778214
0.115530988238067219842086785775
0.115622952318472499433354983012
0.115715014632345597478391141522
0.115807175341738025076132601043
0.115899434608978363359099716945
0.115991792596750645238934396275
0.116084249468044464759231004791
0.11617680538622930652703502119
0.116269460514963521302611582087
0.116362215018259412824264131814
0.116455069060461879892898195976
0.116548022806235829218479693736
0.116641076420613762354427933587
0.116734230068920696865575337142
0.11682748391686505196052081601
0.116920838130460544301847392035
0.117014292876073677796000538365
0.117107848320430585342677431981
0.117201504630539091178498267709
0.11729526197381349994497412581
0.11738912051795802327092133055
0.117483080431057734793753866143
0.117577141881520436106356441996
0.117671305038124424102718990071
0.117765570069962036137134475666
0.117859937146470694635524978366
0.117954406437471986945908497546
0.118048978113105190734799521124
0.118143652343859609232801233247
0.118238429300566799673433138196
0.118333309154455432188335350929
0.118428292077024197026524632292
0.118523378240233484559595922292
0.118618567816278094873005954923
0.118713860977770174764955868341
0.11880925789768097267096180758
0.118904758749339686807466875962
0.119000363706364631344314375383
0.119096072942835015662232933664
0.119191886633098514947093349292
0.119287804951921636020806261058
0.11938382807439082422540366224
0.119479956175958149100502225792
0.119576189432476179264064342078
0.119672528020098895007450323646
0.119768972115404229161761406885
0.119865521895252610806714699265
0.119962177536984807013631382233
0.120058939218188387432206809535
0.120155807116901700015709764102
0.120252781411486805995814108883
0.120349862280691860538794912827
0.120447049903616862365218764808
0.12054434445973137568497435268
0.120641746128909280177943230683
0.120739255091362129856946694417
0.120836871527688488603402561239
0.120934595618850782017261735746
0.121032427546194670808787918759
0.121130367491419407843800115643
0.121228415636652125941807867093
0.0432878227686440131272149756114
0.199954206892190622379956721488
0.194558542491580582778354369111
0.189155285176021425996850666706
0.183744424204124623400957716512
0.178325948806661527257233501587
0.17289984821132126091569602977
0.167466111620527630110544237141
0.162024728217751490255693624931
0.156575687188364454094369193626
0.151118977664681297667925718997
0.145654588795965628245099310334
0.140182509699222190846512603457
0.134702729474089816230630844984
0.129215237204602401144271084377
0.123720021955556938597631244647
0.118217072781120868807391843802
0.112706378700931225678161240467
0.107187928735891974119098790652
0.101661711887797073794459379315
0.0961277171223817727963023571647
0.0905859334116777131784559173866
0.0850363496847753030927208328649
0.0794789548876827373069531290639
0.073913737909867244235684324849
0.0683406876411345592936541493145
0.0627597929667880749526887029788
0.057171042732399243724294990443
0.0515744257684290635657120560609
0.0459699309129842012544564511245
0.0403575469425488664310108788413
0.0347372626535384573798204144168
0.0291090668111779436733055348441
0.0234729481525118022222642366614
0.0178288954193706501716309986705
0.0121768973025902973311707100379
0.00651694250724292080401145454971
0.000849019701674632145185772635898
-0.00482688245366100481675841749052
-0.0105107753252673963295649173233
-0.0162026702924034995967339511935
-0.0219025787420421939877268613373
-0.0276105121168788124330628619418
-0.0333264818314526756193316714416
-0.0390504993623497984045478403914
-0.0447825761583752271488556573331
-0.0505227237272461091044384318138
-0.0562709535667214669207858435129
-0.0620272772208284584039006404055
-0.0677917062204312359519065012137
-0.0735642521359003431768996961182
-0.0793449265642219708771776254252
-0.0851337410834635127665492859705
-0.0909307073410217658882004343468
-0.096735836964172844387732652649
-0.102549141614815500500590417232
-0.108370632967873053997820420591
-0.1142003227249277219623735391
-0.120038222595837559825149298831
-0.125884344329473596424406878214
-0.131738699649849411166258050798
-0.137601300365400580627550652935
-0.143472158246801567704764579503
-0.149351285112598153315133231445
-0.155238692779220005535378845707
-0.161134393118533253419499828851
-0.167038397981809388914697933615
-0.172950719259864910126722747918
-0.178871368860905932685056995979
-0.184800358710318468613564846237
-0.190737700758700917669230534557
-0.196683406955209971744835684149
-0.202637489300474954445618891441
2.87098111841217845866712240359e-11
0.302606638318358933670282340245
0.257161924458892854339353561954
0.219422059049595913338137620485
0.166464819337262065479521311318
0.130506867033775064701472956585
0.100832231845455103091957482775
0.066474692138115326622838097137
0.0220458926034537185112416324273
-0.00195319210539366631268487495277
-0.0212987556173377598489615536437
-0.0419069952292180775144103677121
-0.0633959450913328809162905486119
-0.0823411165508826647929652153834
-0.0985835400285420965227345391213
-0.109570690655056396378697058935
-0.111158919695494712298611261758
-0.131287706228403855401865030217
-0.142763622150962388168693451007
-0.142632053254558632815474084055
-0.143369749748692126845028838034
-0.14990881110234779982626207584
-0.141531512211943627521648636503
-0.138435527837573180143238005257
-0.142618268974710749041889812361
-0.129326511386729625652236563838
-0.122901954410767955128136463827
-0.11475318044190795097048152229
-0.106390502951867374492600504254
-0.0977893151624303763602696903945
-0.0960204791696556009261698250157
-0.0774861584983254220171389192728
-0.0681493675412583183037540379701
-0.0576214544942538139937759922304
-0.0460513494628685335352535901166
-0.0321126638922804505393848728545
-0.0287138286264044771678438650042
-0.00868269174428293322165473000496
0.00024178855392715614767290555065
0.0117529744454707169715179659875
0.0209209562307625732135996088346
0.0410277268216393750654980010495
0.0515155494571846103712964293209
0.0632574614802533796709127500435
0.0797586864886134228047609440182
0.082794686252765786749208132278
0.0994903083760540069002686891508
0.10495961633706375748520400748
0.112765458278746122378066729652
0.115334989877526133961183063548
0.125396286644242016539152473342
0.126794053451031230039802721876
0.121606602454645829070045692788
0.138199545518968291979433615779
0.135014789340241553317056855121
0.13812814935848330422096807979
0.139076888300738887860319437095
0.125478188486973923909673089838
0.115449485086170047787312853416
0.108534863680939730468111292794
0.0968206718513586195307141224475
0.0766529179978413244267443360513
0.0681176554182196802855742134852
0.0463510238674580965501093032799
0.0190816353729493064228517340553
-0.000945807454463409944672713791647
-0.02850278661918917780249138616
-0.0686138501529796746014611130704
-0.0958271912158953631521995930598
-0.129862033320535058544820117277
-0.180435375474776338311500012423
-0.215895421163273870668319887045
-0.261156542758287202321554332229
