3
11.8272276168774155280516424682
0.114816565539028317410874535653
0.114899675140426330011145239496
0.114982867765906396351205387418
0.115066143539138618367978494916
0.11514950258408357397499344188
0.115232945024864030791889035754
0.115316470985883282041051245415
0.11540008059175591026424001484
0.115483773967326203147010232897
0.115567551237678159403721167564
0.115651412528124442058441445624
0.11573535796424083699207585596
0.115819387671787288329738885295
0.115903501776788112054283885755
0.115987700405506724554705044739
0.116071983684449417384421110455
0.116156351740321323040561196649
0.116240804700096678203635747195
0.116325342690986502369732136231
0.116409965840414214577336338152
0.116494674276083690078742449714
0.116579468125896784647110848709
0.116664347518025152128373633786
0.116749312580874897715688121025
0.11683436344307182586099713717
0.11691950023348968157321792205
0.117004723081282638319500222224
0.117090032115797326728312555133
0.117175427466652978814032337596
0.117260909263666349144905609592
0.117346477636993212767535510466
0.117432132716941223238293900977
0.117517874634096880503975057763
0.117603703519292487889025267123
0.117689619503625053642537068299
0.117775622718385875042912402932
0.11786171329516455241748218441
0.117947891365787108086671253204
0.118034157062311143016053449628
0.118120510517032595299014019474
0.118206951862572448574972838742
0.118293481231682207077682278396
0.118380098757490295757754950046
0.118466804573283943091688286131
0.118553598812618371516336424065
0.118640481609333117707372196037
0.11872745309748371222990925844
0.118814513411404129583637256928
0.118901662685687636855647042466
0.118988901055160023467749397241
0.119076228654909271886808141971
0.119163645620286903770157493909
0.119251152086869663393464691126
0.119338748190558549544526556474
0.119426434067430600749482039191
0.119514209853867389710124768953
0.119602075686490783024140682755
0.119690031702240129440895088919
0.119778078038183605213973237369
0.119866214831773620907995336893
0.119954442220701090748846695533
0.120042760342856408284362146333
0.120131169336448628826019557891
0.120219669339929058349270007966
0.120308260491999705066312742474
0.120396942931679878929784877073
0.120485716798178363329263618198
0.120574582231020382971919957527
0.120663539369970651549124340818
0.120752588355080944793051855868
0.120841729326629856999808509954
0.120930962425219570843815120043
0.000911976452248920710363933039844
0.19993110472850941783384826067
0.194523354983421270514298839771
0.189108339011310772059815121793
0.183686046656381080088848989362
0.178256467836926335568392687492
0.172819592419648948578014824307
0.167375410264215429556600156502
0.161923911172949241965568489832
0.156465084999582421110275731735
0.15099892152037130976793832815
0.145525410547791805848660828815
0.140044541831981866897294253249
0.134556305150057925468232156163
0.12906069023551841601360479217
0.123557686787860734889399338954
0.118047284534898169749972396403
0.11252947314546825341441405044
0.107004242325459852924751658065
0.101471581718110215319939015899
0.0959314809463884532458877174577
0.090383929646230001808682175124
0.0848289174124310929592240881902
0.0792664338711110971757989318576
0.0736964685657238993687911943198
0.0681190110395265974174705547739
0.0625340508952185458735328893454
0.0569415775713623326104162458705
0.0513415806403529836887678072799
0.0457340495546277037153259925617
0.0401189738239664250851745919135
0.0344963428587250625634297307442
0.0288661461418142223367411247636
0.0232283730890117424972007853512
0.0175830130732705612606192602243
0.0119300555225712191093068170744
0.00626948977171557127185952396076
0.000601305204263166931215323085524
-0.00507450883064028412938739620586
-0.0107579630645292904922438737003
-0.0164490681448764344829704953099
-0.0221478347838358693988602965419
-0.0278542737518446756328494018362
-0.0335683957752318032352611965052
-0.0392902116025697911716463295306
-0.0450197320435787168291241755469
-0.0507569678768973603366632119105
-0.0565019299334393113043439882404
-0.06225462904380139883553368918
-0.0680150760447705698963360987364
-0.0737832818418024810602773300161
-0.0795592572827377997324305169968
-0.0853430132881946024170360942662
-0.0911345607770308874240328123051
-0.0969339107264725052814924310951
-0.102741073995706588828369376643
-0.108556061642714765658190856357
-0.114378884653171114527125951099
-0.120209554013866834476509382057
-0.126048080761926833970321126799
-0.131894475936199212506849676174
-0.137748750594969882055096377371
-0.143610915833006752562184260569
-0.149480982750019614213599083996
-0.155358962451116855429944507705
-0.161244866058594255031621855778
-0.167138704762402140469035316528
-0.173040489694349347571389330369
-0.178950232080404836310094651708
-0.184867943109526755574023582085
-0.190793633986116900613794200581
-0.196727315961903848062775068684
-0.20266900032457058067336674867
3.5896747412813829632783016421e-13
0.288256025041909835771036796359
0.268773564384806318283693826743
0.225149093953579015892074721705
0.149967120369764755904995467972
0.128327423537185292268247849279
0.0965531007479675656979267728275
0.0548527316496076194907161038827
0.0180512629547121446205171224619
0.000583753221762051870483145599167
-0.0139093210692491330016107298206
-0.016336139589184821979683803761
-0.0764417934547848149096083147924
-0.0858509835230025636354511675563
-0.0843149726917412495330594879306
-0.0840921207840797935162413523358
-0.124554202095558980145639793591
-0.150223992699207165024688492849
-0.130181613722500144625371376605
-0.148819453109483385011557743383
-0.145687852928900851701143892569
-0.125955828189838275887879603943
-0.133045693281765298188190627116
-0.137129695639424870057254679523
-0.152846828255880307079195290498
-0.144844111067246789081863767024
-0.113231836412982331263599178328
-0.12300387002952427317747918778
-0.104657450781271477158185234657
-0.0697092525125171946775992637413
-0.129673213244431706492321154656
-0.0835194373454345856400138359277
-0.0817765071566557838478317421504
-0.0180323483089584110650172021906
-0.0426909124540201315167742279755
-0.0415902616540700723057888410494
-0.00611461722772292312622077758988
-0.0109622722899375153043921571339
-0.00590742035557592550659711250205
-0.0101666706090936635742405513838
0.0165993252787663969627374171978
0.0471966715897415567404493685899
0.0394435671875603827141176793702
0.0667931049257060177604117257033
0.0699183252317559233990351685861
0.0859908193416691335464463463722
0.126603633362147888208326662607
0.0816447653255438221542306109768
0.122773974862444013034235013038
0.100554311452810796190249220672
0.123010242790931922929331676642
0.141668636485043047956722261915
0.1117347925602630853703089997
0.122030748587947865391178936534
0.132454307140960597655165997821
0.144019822783192918969064066914
0.147703534042934403469615745053
0.121235173007692112467914569152
0.115557413512114751097392684187
0.0873068172439702555598373123757
0.104029225449984774609646365207
0.101436798506494049720849659479
0.0599478575078521425112398901547
0.0770463806718097860004590415883
0.0251596504231716110167038635836
-0.0217731655037599267088488375066
-0.0085665828506807061015759785505
-0.0826573409802919406574872596138
-0.108327638658065827925724988745
-0.122633396786237913733685900297
-0.188386551945761177018212606527
-0.224212745906123916972418896876
-0.250507468969703384065184081919
