3
44.3110008177614673741118167527
0.114043401081481116099425321408
0.114147160441753867110570297427
0.114251039994284236955834899163
0.114355039961734850084695835903
0.11445916056730875975944172751
0.114563402034694797326785931091
0.11466776458805033600540923544
0.114772248452098768467521949788
0.114876853852001775679880779535
0.114981581013472167196454165605
0.115086430162682828992615213792
0.115191401526380049480380307614
0.115296495331733403477691979333
0.115401711806493875722701147879
0.115507051178881672837128746778
0.115612513677660552757764378384
0.115718099532077164925958356889
0.115823808971889583019354574844
0.115929642227396628717528415109
0.116035599529400859641903309694
0.11614168110924982801890337214
0.116247887198743238279519118805
0.116354218030264466854362126469
0.116460673836718875406859297073
0.116567254851489318645541004571
0.116673961308512458279196266631
0.116780793442243707724870205311
0.116887751487689539597880639121
0.116994835680333114646956005345
0.117102046256245845290422380458
0.117209383451990056812519469531
0.117316847504686572190024662632
0.117424438651976839609325509173
0.117532157132009873468092564508
0.11764000318352585416903366422
0.117747977045775914506364756562
0.117856078958552337732079706711
0.117964309162166838818031067149
0.118072667897509253620569324994
0.118181155406014981590345769291
0.118289771929610446066227780193
0.118398517710819869974692153392
0.118507392992695789746271373133
0.118616398018854193874282998422
0.118725533033421815076735583716
0.118834798281129111474641035784
0.118944194007233411403134937245
0.119053720457541145627544665331
0.119163377878416174016074080555
0.119273166516786557900253740172
0.119383086620147835232863542387
0.119493138436541149194347610774
0.11960332221455455270486822883
0.119713638203370761892152529526
0.11982408665271176984035150781
0.119934667812896994520954763175
0.120045381934776498877859296499
0.120156229269760730926641656424
0.120267210069905317038063685686
0.120378324587745333396071600873
0.120489573076439038246121526754
0.120600955789700689524401866493
0.120712472981842747210556865411
0.120824124907728341904444846477
0.120935911822803110471369336665
0.12104783398312370101823631785
0.121159891645263834147883130754
0.121272085066477214310154408849
0.121384414504479481999865697617
0.121496880217685815361861045858
0.121609482465034543507975683951
0.121722221506066444196569875658
0.00965931547151046600296897537419
0.200026536983785196976981524131
0.194648065954415083744777348329
0.189261538232585763141813117727
0.183866942203056493720936259706
0.178464266217355893573426328658
0.173053498610308054139750311151
0.167634627706311128969574042458
0.162207641800370810925002729164
0.156772529181993192093358402417
0.151329278106534487191581206389
0.145877876818552132398565390758
0.140418313550826762137191394686
0.134950576505008135175245342907
0.12947465387002374259672876633
0.123990533813844686084060242592
0.118498204492611794447221029714
0.112997654030093944155233032234
0.107488870545714224058464481004
0.101971842129474604687899841338
0.0964465568565713721183030315842
0.090913002781457807888187971912
0.0853711679449978416700517414029
0.0798210403578758498355227857246
0.0742626080260067322758033014907
0.0686958589212269404855604193472
0.0631207810088649790003501038882
0.0575373622311422250330537053742
0.0519455905013927118907268720704
0.046345453728716443086987908373
0.040736939793818330302066499371
0.0351200365640291986557564030136
0.0294947318732194166401860968563
0.0238610135525873998108004059304
0.0182188694097563594342936710291
0.0125682872263622440883734654449
0.00690925476732500310622642203384
0.0012417597843413466941059342119
-0.00443421000223299683479227795146
-0.0101186668780606330020344074683
-0.0158116231639683114951200337828
-0.021513091185616860234741665181
-0.027223083294747100341348655661
-0.0329416118706532742854697914936
-0.0386686892930088454978232448411
-0.0444043279847173982810559778045
-0.050148540374627667559614963011
-0.0559013389061242815802899031041
-0.0616627360626945605903692637639
-0.0674327443267446063890346863445
-0.0732113762120149141887637256332
-0.0789986442530784677140687222163
-0.0847945609980883391321171416166
-0.090599139020046778880690396818
-0.0964123909097259618183883844722
-0.102234329282079566825203187364
-0.108064966765005307514080357123
-0.113904316015563805697397015138
-0.119752389705825884602674591406
-0.125609200527148523462983575882
-0.131474761195685990733394987728
-0.137349084444379626601673294317
-0.143232183024575659979760189344
-0.149124069722772312207581535404
-0.155024757323282191823210496295
-0.16093425864703542194078522698
-0.166852586532691582466014779129
-0.172779753836463600968897935672
-0.178715773433990698926265849877
-0.184660658229939989016799017918
-0.190614421141057421849041020323
-0.196577075108054138974367219816
-0.202548633090990887195559366774
1.17610170374286663853234684934e-11
0.305446864579138277484560148878
0.258249425334196425207977654281
0.210620687595406530512320841808
0.16950066474067326804942013041
0.130326411470251424251642902163
0.0945558812677570192928300230051
0.0630366559095895950814991692823
0.0315549031629238432850037554545
0.00434203902596157643306584716925
-0.0205462861410492109159875440128
-0.0429717263746436858862232099909
-0.0636682180119576696109007230007
-0.081924960494759724305424697377
-0.0935450095296721378934634572033
-0.109238377308406922616690337691
-0.118851686530794878327021990572
-0.130344717858090874962329053233
-0.135016521804102479498155275905
-0.139374153096276154339960839934
-0.143284208310259425500632346484
-0.145375600913438624006701616054
-0.144343478959686272178331023497
-0.141517944085989000324588005242
-0.137999725967663133818774667816
-0.133126022296029183911159066156
-0.128380596536255359163547495882
-0.118662559445494406040744195252
-0.112659491099070432906792404992
-0.104228061023541568319572547807
-0.0929438577022600326271728476968
-0.0825922318538665489739969416405
-0.0703100418785362057949583913796
-0.0616213847038459480720540284437
-0.0468243169000213121933029469801
-0.0365288194663841853104813139907
-0.0228534965039216310389580399942
-0.0103482413368184318624987128032
0.00637086628174159900345197016236
0.0145778534903602662725630167984
0.0264372215802895389746840493217
0.0415481641438268656241206144841
0.0534654611667614854120245126978
0.0651853124756389540328527232305
0.0746699994917845166764180930841
0.0883738789637795035813994104501
0.0982674075232416871505947142396
0.10378308666102906143713369147
0.115974047613772196507753164951
0.120399726693328393278825672041
0.1240143091578148892839550399
0.131158535661424047180645402477
0.133232993456176784796696210833
0.13522349355172907925393133155
0.132008212323886514605320030569
0.132010057181104228929413579863
0.130413120425948547698169477371
0.123515262271085474177212404356
0.115698048107576570431298534913
0.10587024331190969528293521762
0.0951860807031186528792687795431
0.0800218387495891664284997091272
0.0637559239127765825516647169025
0.0437261337878628725261975773719
0.0222079810765026357255447209127
-0.00327385217646498439050817275131
-0.0312393066690911901106542103435
-0.0606013020454207254616996181085
-0.0938601582589958377544903100897
-0.13193219146678639153158485442
-0.171980017622801156784717591108
-0.219189040663818307530519291504
-0.263521391789190428944777977449
