3
262.571187585785651208425406367
0.114135501769060218602014344924
0.114236809692592825027368519386
0.114338233152687707150363394248
0.114439772359263960965769513223
0.114541427522608846301110929744
0.114643198853496219857817095544
0.114745086563202980389775120784
0.114847090863415074446507446737
0.114949211966313039057219214101
0.115051450084529799378074699234
0.115153805431212521992456743192
0.115256278219929078621142082284
0.115358868664714411811367256178
0.115461576980134608683137287244
0.115564403381157754235886159222
0.115667348083282758852696758822
0.115770411302450262902574706914
0.115873593255077331209967894665
0.115976894158081864083520429176
0.116080314228843378687727749821
0.116183853685237786779183011276
0.116287512745602075736606195733
0.116391291628775969679843171889
0.116495190554064834143055406912
0.116599209741293216580082514611
0.116703349410709616984505032633
0.116807609783118451773908930136
0.116911991079763064038665731914
0.117016493522404466109954057629
0.117121117333316315800573192973
0.117225862735165040073859188396
0.117330729951236029107164426932
0.117435719205229022188419207851
0.117540830721407127401612058293
0.117646064724427290570929471869
0.117751421439575953975520405947
0.117856901092500229721871107813
0.117962503909488689024520624571
0.11806823011718757532317880532
0.118174079942884688310122953681
0.118280053614278027329653752986
0.118386151359606464628093647207
0.118492373407610651625532227627
0.118598719987566075806384446878
0.118705191329199336025546074325
0.118811787662801635057086002689
0.118918509219166274037959851739
0.11902535622955194571925829905
0.119132328925839456323920728664
0.119239427540283521311792469533
0.119346652305793068937767031912
0.119454003455688698154268934104
0.119561481223874666035555947019
0.119669085844772718485451434844
0.1197768175532812479078259571
0.119884676584884830585764348143
0.119992663175563382682575763738
0.120100777561783694791230914234
0.12020901998061073179258073651
0.120317390669601606556504691525
0.120425889866842494857479550774
0.120534517810972560680760068408
0.120643274741131067973043400343
0.120752160897036248110580913817
0.120861176518892748932287872776
0.120970321847473707976838852574
0.121079597124103516270210434413
0.121189002590585223617658527928
0.1212985384893472406986347778
0.121408205063295054904060066292
0.121518002555895371363803292297
0.121627931211174128423024853873
0.0526282802078779643473183114111
0.200010309000905051046714788754
0.194628760262602423791733485814
0.189239237765696538540183269106
0.18384173004272300055994548984
0.178436225588334773650700526559
0.173022712914115861515540473192
0.167601180484908324208603858096
0.162171616751678654422264003188
0.156734010163383202796083537578
0.151288349135549310409132317545
0.145834622061222163313942701279
0.140372817335787714032591111391
0.134902923308625077858380336693
0.129424928339040512526025850093
0.123938820742222635673535080514
0.118444588832012615009503520014
0.112942220894937828123971712557
0.107431705199796209693197113211
0.101913030003049978611251447091
0.0963861835358036933563141701597
0.0908511540122666633179093764738
0.0853079296230884881468981006947
0.0797564985503189938231827227355
0.0741968489492774718740975004039
0.0686289689610590086799035702825
0.0630528466979496521327419600311
0.057468470268786819854511804806
0.051875827752698777661777285175
0.0462749072060099492231799445108
0.0406656966816262011032989676096
0.0350481841988392051057132903225
0.0294223577607460422267404709373
0.0237882053562542480906749631231
0.0181457149484731856958763529519
0.01249487449498617314125326061
0.00683567190555135501678352127897
0.00116809510051955477323570864456
-0.00450786802435563203894641759462
-0.0101922296142631305104764294356
-0.0158850018129062589555822171405
-0.0215861967905443020987465985172
-0.027295826732149607030120108675
-0.0330139038491772118799616464457
-0.0387404403668260774451503891669
-0.044475448544819044804921048808
-0.0502189406358344858638531604811
-0.0559709289251381428287324126813
-0.0617314257295375409806403865787
-0.067500443370672749687777525196
-0.0732779942035464426641766522152
-0.0790640905839078977912492973701
-0.0848587448995062471057693187504
-0.0906619695585251517133684728833
-0.0964737769857774291049068438042
-0.10229417962614972825718950844
-0.108123189953286319431313700079
-0.113960820440280038989833144569
-0.119807083606601638692268352315
-0.125661991971858483241319959234
-0.131525558074743864622746514215
-0.13739779450524491899443546572
-0.143278713824793957343217698508
-0.149168328653994458621312446667
-0.15506665162416660708188942408
-0.160973695367760127883371978896
-0.166889472568285845976987502581
-0.172813995904875866704841769206
-0.178747278093788680708442484502
-0.184689331857851773976975096048
-0.190640169956288962893609095772
-0.196599805151666362501572393739
-0.20256825024028943249554401973
5.81058002568490918237977786522e-11
0.305106784320513524377815883781
0.253878559343669707448754024881
0.215210710412164996085948587279
0.171383452974856215211829635336
0.130380333179165003310018278171
0.0963415553900259513664394717125
0.0612363259945735080580497822211
0.0311112072876168904711491336457
0.00236624954482361716731619871723
-0.0211392335072679085627989081786
-0.045067136653983923266775235561
-0.0631576130924764167495766287175
-0.0811170169464240364831653096189
-0.0952159807545591430066878047001
-0.111626565713421874170840908391
-0.122006621349126348485825133139
-0.128024055104267564519915367782
-0.131632215818292902520525444743
-0.141699401084263654215789074442
-0.139470417127664031431422131391
-0.142448295502618560437468886448
-0.141289001191998442319430751013
-0.140399905021425575046833955639
-0.13666282112184172103930279718
-0.135125590971114456495527633706
-0.127219278645114314274522371306
-0.122012520079648273396699664772
-0.112417041747275292529195667157
-0.106457367184946347093976726228
-0.0913237620645005604425037404326
-0.0823308384677451932098790621239
-0.0680049527698185218849147304354
-0.05879061233978546963108158252
-0.0513453240154790949145713341295
-0.0352252771879433476676091174795
-0.0224167872172218035631274801744
-0.0106211736106251834754754526102
0.000479651541748574758005502216562
0.0153359543381078652218851843259
0.0267105486711382185405216915797
0.0423154279667436808431979500256
0.0558201809824929312542352022319
0.0649379735057704771117315090123
0.0763056345228874388642026360685
0.0882317132637030765440755430973
0.0915979293884993661656324093201
0.103119385803174007376625809229
0.112848881333275058436171889298
0.122710838153510984338545597438
0.12607291238915091513561606007
0.1291699056002002243825899086
0.135798638661745657563173494964
0.130534285327554372413416672316
0.13385821134192610326607564275
0.133399343094240951934636996157
0.13012589391443937780756812117
0.121119628833845513482536659922
0.118353752788756552694060530939
0.107571790416975870963156580729
0.0938460413389761854974224775106
0.0814930753795490292468173265661
0.0648294146996869491417214703688
0.0440901300146309474414785256613
0.020893045672476597690581101574
0.000805329114041627297515546501927
-0.0265499913755532154779892550778
-0.0603904103854252180538786376474
-0.0980287382814776370176801378875
-0.132690799684157950677487747271
-0.174151460969396432165723354046
-0.216563175281048070353051571146
-0.266720718835462555773574422346
