3
2440.7045943874818476615473628
0.114668331599316580815539623472
0.114755413113470761121703844765
0.114842584423800839199536483193
0.114929845671289707076390129714
0.115017196997192594487557926186
0.115104638543053194865706245764
0.115192170450711159346290912708
0.115279792862228488981024554505
0.11536750591996443315867537649
0.115455309766603619880953601751
0.11554320454505656590171724929
0.115631190398529232199464900077
0.115719267470502526484743555102
0.115807435904770564261134779827
0.115895695845353849384729016947
0.115984047436605106073947979439
0.116072490823125873404819685675
0.116161026149825097331103052056
0.116249653561886198693819949312
0.116338373204759024104326670113
0.116427185224209112091031670388
0.116516089766267816330014284176
0.11660508697726544580230978454
0.116694177003830931727001996023
0.116783359992819205097625001599
0.116872636091473511288363340554
0.116962005447223862941719119135
0.117051468207869643900487233168
0.11714102452146442356895050807
0.117230674536345572112061574899
0.117320418401172368860763128851
0.117410256264861442843105976408
0.117500188276647724028300956434
0.11759021458606606913566139383
0.117680335342898664818811482746
0.117770550697281789487291803198
0.117860860799608405113936271391
0.117951265800611507228445873352
0.118041765851256849617634259175
0.118132361102859281820620651615
0.118223051707009974009565667075
0.118313837815618022597519143346
0.11840471958086171144763909524
0.118495697155246063059230721137
0.118586770691548215594934845285
0.118677940342916732330280638052
0.118769206262708509891368180433
0.118860568604652064306215208944
0.118952027522760045430416653289
0.119043583171321826208455263441
0.119135235704971850778655095837
0.119226985278648278665514226304
0.119318832047562439768739750434
0.119410776167270485381699529626
0.119502817793616558650349190884
0.119594957082758843180947394558
0.119687194191158641221051084358
0.119779529275592461212696093753
0.119871962493166103747022077641
0.119964494001253793586947438143
0.120057123957592423724172192578
0.120149852520184508009037926968
0.120242679847381433999586874961
0.120335606097838554440215830255
0.120428631430537474988895496608
0.120521756004742797152573530184
0.120614979980047817842425672552
0.120708303516397871812948494608
0.12080172677402761793885588304
0.120895249913475055780764932933
0.120988873095634788534802339655
0.121082596481694074186385989833
0.249833002362205902624481268504
0.199940355134076208631910276381
0.194538978734315387564279831167
0.189130163744168355854924357118
0.183713899728535051680822220987
0.178290176211742756873235293824
0.172858982747740419494419938928
0.167420308825009245268233826209
0.161974143949371152118033023726
0.156520477567390292605864487996
0.151059299175657441027809113621
0.145590598191111586512391795623
0.140114364031680926903078443502
0.13463058612714368100782280635
0.129139253860004188378951539562
0.123640356596254608056995039078
0.118133883705891090665218712275
0.112619824512640784308636909827
0.107098168357860998312069966687
0.101568904522448807958845407029
0.0960320223264979622168624473488
0.0904875110150666073227654351285
0.0849353598603136972222671374766
0.0793755580800583199208020346305
0.0738080949110145184688391850614
0.0682329595514623715724056296494
0.062650141185455351933164536149
0.0570596289706833612043190839813
0.0514614120801195479293355106165
0.0458554796236192163672029664667
0.0402418207230542460117739267389
0.0346204244935066560162617577134
0.0289912800010396418115554695305
0.0233543763072855715956510636033
0.0177097024693879633028270603745
0.0120572475089662702746329259185
0.00639700042338898176852435284445
0.000728950235533868578022276274453
-0.0049469141142872777305861120567
-0.0106306036376840554874556588061
-0.01632212941708200901191894161
-0.0220215025149815141203291091188
-0.0277287340312147578824664151398
-0.0334438350971274292455781562694
-0.0391668168197320878953782141707
-0.0448976903522613213226577499881
-0.0506364668782128546364873500352
-0.0563831575589545594406892803363
-0.0621377736213524836661470374111
-0.067900326268773500415498745042
-0.0736708267521121867860145471241
-0.0794492863314012615072456924281
-0.0852357162699795695148807794794
-0.0910301278663196850038374918768
-0.0968325324371328427508487379782
-0.102642941312205276949143240017
-0.108461365822049252138903341347
-0.114287817373312658442152667249
-0.120122307307272538356990310149
-0.125964847057490669790524862037
-0.1318154480349051638210511328
-0.137674121669534993417371993019
-0.143540879439419816199219326336
-0.149415732817486462957745629865
-0.155298693289635775238721748792
-0.161189772381392648625819674635
-0.167088981621018151102475712833
-0.172996332554900295042088487207
-0.178911836764586301695700853998
-0.184835505828860796606605276793
-0.190767351365181941913462537741
-0.196707384990908423771927004964
-0.20265561837332554673274387369
1.32866855679454222904583740658e-10
0.29739397507813852827851519578
0.260125958546427948903101423639
0.222487428152181143659049666894
0.167430872020481125161950330948
0.128538703896045353181065706849
0.0819750094234614340438227486629
0.0633287330148520760664254680705
0.0312345197913750927121157019428
-0.00209733610102054478588340380441
-0.0161731898552986419481669599918
-0.0487879684609888453206139047325
-0.0657639278572117319532353008071
-0.0811168467905045015298171051654
-0.0909274098606309005843328918672
-0.106257385610791663110852312002
-0.113855980298276523998701748042
-0.115631590459294886219510090086
-0.129008569768850667180970503978
-0.13570060333963182563898897115
-0.140989525376774144094227381174
-0.138727635006498595249269101259
-0.140800694521318658924968758583
-0.151351513981168778189001500323
-0.14588604501355717513177978617
-0.128157959611592792148471176006
-0.131138314266029953891745662986
-0.118814259845318140329517575537
-0.115163072708360750273648420716
-0.110358513272992883602618974237
-0.0887567019625061237597662966436
-0.0896961560908828142713034026201
-0.0837429466623575702310944279816
-0.0565227435425862262396989876834
-0.0478658837044269661054052278359
-0.0415278536924134980545808559782
-0.016302006292953894611708065554
-0.00546148595278597021041022685495
0.0043053564461064458210315386566
0.021920529972611940000559727082
0.0427340411311417506246002062653
0.0452901261421604500734261478101
0.0556610964862413390430440074397
0.0595935239741225419862757917144
0.0631734779227291487480044906988
0.0788037127316183888536826884774
0.0904466595335215450823795890756
0.105126581342373362493169963727
0.105154761022484416477240642962
0.116012945674461437350899473131
0.13907124262208489517966825133
0.12290856082585606412482803762
0.129483522765800190823526349959
0.131040874414526969937710987324
0.144866536934302375660976736071
0.142307944269424335725915398143
0.132766560429240371155046318563
0.12066038077668210515280833306
0.112786293190047168244483088984
0.116268842653577786361296375617
0.0937450705035230980044502757664
0.0765796861831098685247098956097
0.066009751351694720411522609993
0.0406369096555756967314998462371
0.0262310914666490750668526032996
0.00194917269957506377776879080699
-0.0419383002886513853169070387139
-0.0497397116087100882309002258808
-0.0832125522246413701354939007615
-0.141071351264648536805168532737
-0.180327604768311111627099307952
-0.217705865398259756915422258317
-0.267429889820150756829519878011
