3
13.9884620808188540053151882603
0.114864804686861179949808331457
0.114946620316156586372180470335
0.115028516805289152125091334256
0.115110494272509106261637157331
0.115192552836316935982452491771
0.115274692615423071662128506887
0.115356913728764651216884828955
0.11543921629545704499175684532
0.115521600434865839845954837983
0.115604066266572755306007991294
0.115686613910374685998405652754
0.115769243486303061163589234184
0.115851955114566501636730322389
0.115934748915661883783556618255
0.116017625010239669447464905261
0.116100583519214137218078519709
0.116183624563723178479968112242
0.116266748265094060910129769582
0.116349954744940614626003139165
0.116433244125007662184145829087
0.116516616527333388697584837246
0.116600072074173749525627385992
0.116683610887996599969618216619
0.116767233091480543416551540759
0.11685093880757620177224254121
0.116934728159406087222293990635
0.117018601270364508426524707829
0.117102558264030195966931557905
0.117186599264278004661754550852
0.117270724395144285145953233496
0.117354933780921530384055984086
0.117439227546131480517388467888
0.117523605815507761751526061289
0.117608068714062444226620129939
0.117692616366979987962970710669
0.117777248899723144259787943611
0.117861966437939433283155210574
0.117946769107604543247447281828
0.118031657034756931601293672429
0.11811663034587145670872843084
0.118201689167517567935483668862
0.118286833626510698436185009541
0.118372063849982320227205434549
0.118457379965213882577756976389
0.118542782099778684634650005592
0.118628270381436862201951498719
0.118713844938240470350265809429
0.118799505898448426455260573675
0.118885253390543330076489780822
0.118971087543309594902751769041
0.119057008485677837117400201805
0.119143016346897556712036703175
0.119229111256400011065181843151
0.119315293343924155866631053868
0.119401562739386193912061173705
0.119487919572986045491091999793
0.119574363975137834548156945402
0.11966089607652405368831693977
0.119747516008042245716502804953
0.119834223900871589263417149596
0.119921019886383220520720271907
0.120007904096267534188591241673
0.120094876662363472807903974626
0.120181937716872300203618806336
0.12026908739211700227755841297
0.12035632582078330254926612497
0.120443653135678604981784189931
0.120531069470020887890449046154
0.120618574957135238356897843914
0.120706169730670845319231432313
0.120793853924491684237452204798
0.120881627672720703969844180392
0.000968161952727970018597880574873
0.199929456605006855562933765214
0.194519519005670049605072335908
0.189102374337614675958718635229
0.183678012610564628248610574701
0.178246423855564023464026490728
0.172807598029935644001753303201
0.167361525108101510950220358609
0.161908195069377869312887696651
0.15644759783683034881640594449
0.150979723338880295058217484439
0.145504561468090681808362774063
0.140022102151647842571691171543
0.134532335209311015855604409808
0.129035250568300868811988380003
0.123530838015117008787946417669
0.118019087400337202575784090186
0.112499988517849106028911876365
0.106973531198790189344904888458
0.101439705174323172021111361119
0.0958985002450230550330445566942
0.0903499061435681233289685110321
0.0847939125814702043815174192787
0.079230509303071225413184208719
0.0736596859921672814097703962943
0.0680814323303275820142843599569
0.0624957379512441554836321699895
0.0569025925425681866620664095535
0.0513019857328141787311537314054
0.0456939071238920274664607745763
0.0400783462940911758276563148229
0.0344552928521538112671684928046
0.0288247363404229330063888170343
0.0231866663395667027547375482754
0.017541072351454019967453845652
0.0118879438853215172594568471709
0.0062272704812232791346526816767
0.00055904156867383277169925026584
-0.00511675337053060872577470163947
-0.0108001248581017401939607935901
-0.0164910835009712299081829911529
-0.022189639865983535466087417376
-0.0278958045930477183116380501815
-0.0336095882772961748741202825386
-0.0393310015281134114917271915601
-0.045060055029888364253043420149
-0.0507967594844067338311077719482
-0.0565411255330354051151786620721
-0.0622931639045055871028999661121
-0.0680528853006154427207619050932
-0.0738203004776202265091455956281
-0.0795954201866702765189032220405
-0.0853782552336226630007587345972
-0.0911688163662473516346551605238
-0.0969671144136895618581561961946
-0.102773160218176853875071685707
-0.108586964588879106297092391742
-0.114408538437523521480443378096
-0.120237892580397340291931129741
-0.126075037954568369702457175663
-0.131919985493146291188892860191
-0.1377727460649628421496259989
-0.143633330696382149893608470848
-0.149501750275536332557280161382
-0.155378015840690858473394087014
-0.161262138370315361024509570598
-0.167154128917667732512342126938
-0.173053998480360765599428418682
-0.178961758132875153881613528029
-0.184877418941928550744080439472
-0.190800991995834057224357138693
-0.196732488433461610854990908592
-0.202671919341931544567003697921
3.72671580043778634532084535048e-13
0.286449039947988481902285684555
0.259494846330276529577929522929
0.195283514788894885239045606795
0.181478545496606552545060253578
0.121170355269954135857268795462
0.0935770635005787748683658833215
0.0573007720236963016824383032599
0.0526790432479793957476488230895
0.00358795746670912936784891833497
-0.0211835169436056201808238341755
-0.0638903478205327945982361370625
-0.0610556313020864729890213595809
-0.0720316596522675572922267406284
-0.0834564711638196704557302041394
-0.0574414563126165317319404834961
-0.14779074257312091456029179426
-0.102179986135149655779308375259
-0.153355687404678864282914219075
-0.130816478004374375787577378105
-0.133949538176667548583509415039
-0.113651960348471539608006253275
-0.169964274377508883784315685261
-0.128890855518911245924940089935
-0.175210144970007725140348497916
-0.113306709388675153071801560145
-0.165130107579560314601252457578
-0.124274228118921178931621795982
-0.121485813539148626571950728703
-0.113053626047317307135031683174
-0.0952463620850208247947676909462
-0.0633762790327996178296743323699
-0.0574097791743645377571247934156
-0.0654111030717548919133363938272
-0.0731780716446334827951503143595
-0.0416576007415414770185257964386
-0.0555072958379320274824308967254
0.00553714543077466099518790798584
0.0135875610825819739813091757696
0.0451934532424497839575572299964
0.0153674543113256380222342301067
0.0700031233005516534406709183713
0.0115206010252323892001369287641
0.0717922658795819290666884171515
0.109739279083883201071358826084
0.0900965916246408982104298956983
0.110880413101916860951767773713
0.103151482997597812585333088009
0.141733182809012037139950734854
0.121642361609819255052755693214
0.119211845700653976121152766154
0.159695148426576505329421706847
0.125509224119914081230220403995
0.114452742852225508585206625867
0.148417249007296331297922620251
0.123232244925211453789870574838
0.120625490491882411681068276721
0.119498989561302323969549377125
0.0908165038092399318214731351873
0.104002509015092794997237035659
0.0615343882433624644878733533915
0.083992248691380125280581125935
0.0499728708531254200986282398844
0.0335884810499668812200368961385
-0.00221167397994768239952168009665
0.00599005945139354650796903456467
-0.0323964117060153294902491438734
-0.0329583572140667441230377221473
-0.104382681498889379190231352368
-0.0942872618555093411352174825879
-0.147852912924568508090672480648
-0.213799806183058438424637870412
-0.289973820678418148233390638779
