3
406.419885092267634263407671824
0.113989593489516843893838426993
0.114094784040491101229086723379
0.114200097530359631625707095282
0.114305534189429680580474268936
0.114411094248519931704244356752
0.114516777938952235560421399896
0.114622585492592077294204955251
0.114728517141842831228437660229
0.114834573119612523561805517147
0.114940753659313443790779274423
0.115047058994927592356916079552
0.115153489360932045904029052963
0.11526004499236885969537524943
0.115366726124774235384684573091
0.115473532994236308124591516844
0.115580465837374649074043020391
0.115687524891341847466108561093
0.11579471039382219221813841159
0.115902022583070835048957292202
0.116009461697824584058835739597
0.116117027977396272686583245104
0.116224721661662727667518879571
0.116332542990965986939855270066
0.116440492206300566513377248157
0.116548569549135561107533476388
0.116656775261473402705014734693
0.116765109585916709855624162628
0.116873572765596123179676624204
0.116982165044182725988086701818
0.117090886665948787359603500136
0.117199737875640835893520375066
0.117308718918628235305945395339
0.117417830040796450363771441516
0.117527071488607040561369387888
0.117636443509097535220497832142
0.117745946349846072886968784132
0.117855580259009051768970266494
0.1179653454852362254312581058
0.118075242277900727128070457184
0.118185270886767695985852810736
0.118295431562270195180452958539
0.118405724555383853879853006674
0.118516150117683030651427600333
0.118626708501262778661100583122
0.118737399958845829539555438714
0.118848224743705030426177415848
0.118959183109651825405173042327
0.119070275311181666966220404902
0.119181501603266765121347248169
0.11929286224150134620991536849
0.119404357482061518336280414587
0.119515987581721522259314838266
0.119627752797801384376796818287
0.119739653388249045473656906324
0.119851689611580006222801841886
0.119963861726919945871472350518
0.120076169993974329885944030138
0.12018861467301872325563749655
0.120301196024969803133330970013
0.120413914311294237280414165525
0.120526769794085650278070431796
0.120639762736037770007868630273
0.120752893400440167170906136107
0.120866162051177783443023372456
0.120979568952736316056473242497
0.121093114370233595478154597913
0.121206798569353277339466501417
0.121320621816428386718911269782
0.121434584378381629776733063864
0.1215486865227427687452532723
0.121662928517662152771983130606
0.121777310631919030714520602032
0.0927783151998766014711961247485
0.200036447245509563241938622014
0.194659737733297394379761158234
0.189274924091351021138152077583
0.183881994608870003027334405488
0.178480937543850609605655677115
0.173071741161230197025844290692
0.167654393679671331884861729122
0.162228883311687110957421964486
0.156795198261604290523862914597
0.151353326688479117301255882921
0.145903256764732924821714732389
0.140444976611852012648995469135
0.134978474359621319900170988149
0.129503738101134385773960389088
0.12402075590999477039400034073
0.118529515867128648620720809959
0.113030005990852860930928613925
0.107522214323085285592185300629
0.102006128854512101433726911637
0.0964817375786064940212938267905
0.0909490284638092560953737120144
0.0854079894388048155295933838715
0.0798586084508226407008280034461
0.0743008733974082208328937326769
0.0687347721742221362539737583575
0.063160292643520396516088055705
0.05757742265522188679360837682
0.0519861500456782407719735772389
0.0463864626281774022897863574144
0.0407783481806839598338143559886
0.0351617944918142660837290236486
0.0295367893043032569977413004381
0.0239033203522949870556413287659
0.0182613753541599303786835406527
0.0126109419972722635455708584118
0.00695200795779418994485565619357
0.00128456089247956477261691787817
-0.00439141156290368418063652100614
-0.0100759217996976464803982054264
-0.01576898221567560667843999056
-0.0214706052397050858870919398669
-0.0271808033107133473205152540686
-0.0328995888996670773907204932129
-0.0386269744939543788198044182991
-0.0443629725839138830401076063481
-0.0501075957077889433399775498401
-0.0558608564075125102466046200789
-0.0616227672383869093386543625002
-0.0673933408006405637591385016094
-0.0731725896835630218451029804783
-0.0789605265289207713941266320035
-0.0847571639648568714298093595971
-0.090562514670448193698781835792
-0.0963765913221348580197656019664
-0.102199406633741038397111822178
-0.108030973328471183170229608095
-0.11387130415266583094435759449
-0.119720411879070801064450790818
-0.125578309289319400843254470601
-0.13144500919539048311435180949
-0.137320524419915435121453128886
-0.143204867827882581510223758414
-0.149098052278392456670985666278
-0.155000090662921224948789244991
-0.160910995898150332994447353485
-0.166830780912822024264485776257
-0.172759458664578341435813513272
-0.178697042121234217493253026987
-0.184643544280402777113536672005
-0.190598978161525933749942396389
-0.19656335680304309887489466746
-0.202536693255837729754631482137
1.19656878650872568697200719463e-10
0.305626789311221280787123077971
0.259959446458316756345396925099
0.211910163242552990192635320454
0.171108155910222770046402729349
0.13419113667530108147118994566
0.0928297243009886530185070796506
0.0574193794387175965310277092613
0.0322046283857447754317426813486
0.00249267092976113418395511800441
-0.0221525971442704701364068142766
-0.0430529270798182955859445542046
-0.0622914678682633393691503442824
-0.0854213016541493508348992236279
-0.0966465405485837925070313758624
-0.109749576122611117168226257945
-0.121017833401517962976789988261
-0.129058712863506980239591825921
-0.135757108573724305511376542199
-0.137461933279279857611498982806
-0.143355870735487694878074194094
-0.142488097064476237907371114488
-0.142495529798060238668711008359
-0.138969133966291874537901662734
-0.137223283157000830456695439352
-0.13290970839382959534091810383
-0.123317565420309485646477298815
-0.120872873990879078909266297615
-0.11389130947299347385026635493
-0.10157477775780522633031210944
-0.0937026691222486302068617192162
-0.0810105124762731804155535542122
-0.0716569648214198523517026728769
-0.060999462832458876959673688134
-0.0482298165267841597025899602613
-0.0398034051010218228872084011982
-0.023927187299550699284278465484
-0.00999265254740133203326113431331
0.00657424208911146310679862736492
0.0157145324853198674330823081391
0.0269178713164997598927818955872
0.0438508964519752353350412477084
0.0556972001989610374095285294516
0.0624388125296132592834119634517
0.0751865520489627264799636918724
0.0817670822529321800198331970932
0.0959718669830829929079385465229
0.105640066153837128282155788384
0.113935041603171277602157829278
0.120730839353780303180307953426
0.125407842616799131141291923086
0.131973653889230879698857279436
0.132388711555723376234183774613
0.135729801324004750728846602215
0.133754149281480216870932054007
0.133992813313205449965437310311
0.130909560523114504304587057959
0.123938426279794677853374196275
0.115727339381425098352451641404
0.103785843847243486326448191903
0.0934222085483961406371378188851
0.0803731885727700656740779550091
0.0642392887206045259951281423128
0.0442656271999265077399243750733
0.0214906720304160296641793337358
-0.000427038552242588382613919240072
-0.0301410729619482932462037894084
-0.065629847971646421145308636369
-0.0922861379251313507232623578602
-0.132041955093150892297515497376
-0.1725213154008326255084426748
-0.217122235525041062942364078481
-0.264315327623102669374333117958
