2
59.0822981218850387108432187233
0.115292028865967038919748688386
0.115362351938402260542737565174
0.115432737633667584220553692376
0.115503186027726426066131182324
0.115573697196594507574651800041
0.115644271216418306758022538361
0.115714908163486437930878025782
0.115785608114185478711988253053
0.115856371145028183566871859966
0.115927197332605674828798214548
0.115998086753700296869240560227
0.116069039485127450950230354465
0.116140055603885378188167010194
0.116211135187048231198758685423
0.116282278311828149441886637305
0.116353485055547531401565208853
0.116424755495656506720791867338
0.11649608970971303545383079836
0.11656748777539430173000312152
0.116638949770497504787591935838
0.116710475772917932069105972914
0.116782065860742606533406728886
0.116853720112083170334926762735
0.116925438605215176179896729991
0.116997221418557506567026393896
0.11706906863060474732751714555
0.117140980320001808490104622251
0.117212956565475381887075911891
0.117284997445944824678853990463
0.117357103040373153546305218242
0.117429273427905794813241868724
0.117501508687716083034757730275
0.117573808899227985613755720351
0.117646174141926282419312599359
0.117718604495379922103559522384
0.117791100039299920232416241106
0.117863660853576662779218509058
0.117936287018157129335982347129
0.118008978613139747793070455373
0.11808173571873556428890594816
0.118154558415276098037871577162
0.118227446783226108895092920648
0.118300400903188801526866313907
0.118373420855877473090167484315
0.11844650672208906216908985698
0.118519658582800821444713790243
0.118592876519111642408255136161
0.118666160612203072655113089695
0.118739510943428633327201282555
0.118812927594246955931289733144
0.118886410646231829857377704229
0.118959960181077753493816828723
0.119033576280656624990506031736
0.119107259026903569698596641047
0.119181008501898777485195068948
0.119254824787891178239362943714
0.119328707967211067320079109777
0.119402658122292032460975974573
0.11947667533575148657298825583
0.119550759690353433639664615384
0.119624911268892519800033369393
0.119699130154372251899630441585
0.119773416429902829216658233236
0.119847770178701212850924662234
0.119922191484164455954619654676
0.119996680429768312614591252441
0.120071237099133212855583963119
0.120145861576014173488502478904
0.120220553944309277438762251222
0.120295314288006285896592828522
0.120370142691274911728172014591
0.120445039238369619449819936108
0.000670611875504595030331178584504
0.199960680685814240487019333159
0.194527552102543271894674603573
0.189087844616351030690992729433
0.183641549703647766200731439312
0.178188658414759559800444321809
0.172729162293287830109989045013
0.167263052356096730832746288797
0.16179032009951671566838626859
0.156310956472735046451916218757
0.150824953110131304567786969528
0.145332300741387282494443411451
0.139832990945756269196564858248
0.134327014675986483593916887003
0.128814363181839003358319928338
0.123295027712542137887652415884
0.117768999259881643193459410668
0.11223626913540821203874031653
0.106696828213990888012396851536
0.101150667906602223511391969168
0.0955977790047849024235304682406
0.090038152691012687811600301302
0.0844717801038428195425922240247
0.0788986522811926382914293753856
0.0733187601258408622184603586902
0.067732094713970375510214694259
0.0621386471866416725817749977523
0.0565384083784128341210184487409
0.0509313693339797160519744068097
0.0453175209028291586799142010022
0.0396968541657862702964898460323
0.0340693601893300584970702971077
0.0284350296046857152487685738151
0.022793853437984706866714645912
0.017145822533855905461797064504
0.0114909279503720464232774389757
0.0058291603803391611043904774192
0.00016051071630620650839554874878
-0.00551503022344692304945734662169
-0.0111974715734431597841114225389
-0.0168868224671773793643669847597
-0.0225830922217642136862192359104
-0.0282862900204738955400873834378
-0.0339964251199781353207640677283
-0.0397135067966305141395899624968
-0.0454375441999960091865595757099
-0.0511685466869159430447489000926
-0.0569065236119212294885194580729
-0.0626514841294085883527387181857
-0.0684034376445142311418123881595
-0.0741623934393422501454296025258
-0.0799283609537815159518103769187
-0.0857013495658781460084796322008
-0.0914813684984142339029489221502
-0.0972684274417536798296168853994
-0.103062535376977418288824139836
-0.108863702128351183540111435377
-0.114671937046624636269420705048
-0.120487249413971847511461987779
-0.126309648752386843861827969704
-0.132139144733610047754979177626
-0.137975746644056485035179093757
-0.143819463970917132966675922034
-0.1496703064868064869674668671
-0.155528283562501423720192406108
-0.161393404619449676307141317011
-0.16726567957503191141910292572
-0.173145117857129410277039482935
-0.179031729011985912825011268978
-0.184925522667787028963104489776
-0.190826508508352671311669723764
-0.196734696178132578703312560719
-0.202650095328093221569432103024
