3
181.93993555775554682440997567
0.114033898365508798433687331908
0.114137910535371450704289486566
0.11424204338114447854213295841
0.114346297126838220004074742064
0.114450671996979655431481148753
0.114555168216600333774835007716
0.114659786011246225823079214479
0.114764525606926098832971661068
0.114869387230229158536332079166
0.114974371108179221345757525796
0.115079477468345625634782436464
0.115184706538816336585107080737
0.115290058548153537265612555984
0.115395533725480184394918126145
0.115501132300392841956160339123
0.115606854503027642322443568901
0.115712700564052445306728600372
0.115818670714589302961350369969
0.115924765186340747447069077225
0.116030984211534751726624392631
0.116137328022848040909309474955
0.116243796853575595551255617011
0.116350390937477926600607247565
0.116457110508844746687984184064
0.116563955802506807879481698365
0.11667092705383924622353220002
0.116778024498713356438273081039
0.116885248373534075816415622739
0.116992598915287626670789222771
0.117100076361431826299508429656
0.117207680949988693464014488654
0.117315412919512224165785596597
0.117423272509101617178117749063
0.117531259958397457654477591404
0.117639375507570032031168238973
0.117747619397334246649222677661
0.11785599186894214762677535191
0.117964493164203987340954427054
0.118073123525473347439351812227
0.118181883195643058770407662905
0.118290772418162035140021259849
0.118399791437030249552364580268
0.118508940496784079265957245752
0.118618219842545530307020840155
0.118727629719945437791750464385
0.118837170375235820496406802249
0.118946842055130813653462951152
0.119056645007007591563485959796
0.119166579478734699359954163356
0.119276645718740081925091089943
0.119386843976060932903671130134
0.11949717450027085019481631889
0.11960763754150274817966703722
0.119718233350480290910766711932
0.119828962178451847719884426624
0.119939824277285167486439831919
0.12005081989940710740505380727
0.12016194929779558386861992858
0.120273212726005607198231928123
0.120384610438203906723764191611
0.120496142689097321398783435598
0.120607809733976209520811551101
0.120719611828719736168480380911
0.120831549229779525167494114157
0.120943622194233005306962525083
0.121055830979656955936896167714
0.121168175844285422315671496563
0.121280657046922465958083137139
0.12139327484695257297619974679
0.121506029504350174241800175423
0.121618921279694661152781520741
0.121731950434137828342961995531
0.0399913394561851737174507093187
0.200028264970107561016021691103
0.19465010692712575446350342645
0.189263883766714130496566781403
0.183869583845411466160868485531
0.178467195506573639285363697127
0.173056707073939275431939677219
0.167638106842276674024461158297
0.162211383106368206563629996708
0.156776524127388905416324860198
0.151333518151791773798109375093
0.145882353413781445938823821962
0.140423018118147197030864958833
0.134955500457702021188666208218
0.129479788601746997889208046217
0.123995870708844879715115894214
0.118503734910720165407482795672
0.11300336932455214145054611663
0.10749476204239416521346583977
0.101977901148237529160844871967
0.0964527746992379503288006503681
0.0909193707282858615270626501115
0.0853776772636349878808914581896
0.0798276823046175643128208321286
0.0742693738315965690244269126197
0.0687027398108331355253142191941
0.0631277681850637567562145591182
0.0575444468786185311937053654674
0.0519527637945076670167310339821
0.0463527068202674516483874356254
0.0407442638237152515712224953859
0.0351274226526746627397024269612
0.0295021711345923622060727353755
0.0238684970729985783399751397837
0.0182263882584751367443853808936
0.0125758324670937251393842970515
0.00691681743793250581459064463274
0.001249330910498882771242357137
-0.00442663940884811465958925680297
-0.0101111058303011338427301879506
-0.0158040806825763893717073926837
-0.0215055763124367554928184631535
-0.0272156050895185526450337221149
-0.0329341794043426297489141063579
-0.0386613116615666593811617701704
-0.0443970142896749353500496226843
-0.0501412997411241900813649863267
-0.0558941804807814301980783966428
-0.0616556689908555888290919710926
-0.0674257777883759401582608461467
-0.0732045193979359298808162748173
-0.0789919063646256358612873782477
-0.0847879512648792577067524689483
-0.0905926666819441978040217122725
-0.0964060652172120946534761287694
-0.102228159516414882079793358116
-0.108058962212008280445729724306
-0.11389848598683112446128262718
-0.119746743520164802832006500921
-0.125603747528373360653475288018
-0.131469510745310297350485484458
-0.137344045914288281906578959024
-0.143227365812871404449069245857
-0.149119483229037702587405078702
-0.155020410977731754043063006065
-0.160930161894917961307172049601
-0.166848748827233356317734092045
-0.172776184661593557034819923501
-0.178712482282236184705226378355
-0.184657654611690813517554943246
-0.190611714581167046578258350564
-0.196574675155625072653364782127
-0.202546549313675050552063794385
4.94185409973413705743021686598e-11
0.306839051127051398726308661935
0.25803038536154471183081682284
0.213172330442732510524805888963
0.168677305248698478079560914011
0.132452296482489351170386271406
0.0943111344004904650351051031976
0.060253454597636306455665788917
0.0314933700870407770611159037344
0.00457496721364390474678929265906
-0.0222916509544294275113607284311
-0.0443589641969946088528864436284
-0.0657688456216399125464633357296
-0.0811808733408318494717548219342
-0.0964176710739843706443608084555
-0.109458166533184825253144367707
-0.119109578809547880795527419195
-0.129601056674364389920128814992
-0.1356290046575045205035081608
-0.137953491638792141715796901735
-0.144796507433887833293795210921
-0.141925230170222405057245396165
-0.141299105919026862787646336983
-0.141477724473920679626459673273
-0.137673667696207618904580272101
-0.133093816857819263743678561696
-0.127968785673940682601212870395
-0.119391355686788103174222896996
-0.113177688163625639328202510114
-0.104360606229391264521133564358
-0.0928195319303589394532849610187
-0.0845160263421396718008793413901
-0.0708923422338140624132662992452
-0.0614545891979334096832943146183
-0.0479829760263917326490457071486
-0.036350829443937693330468619024
-0.0224658545649381036213299012161
-0.00796490380680434963134306514121
0.00427524170586416826789211143023
0.0171914037963159030408810679091
0.0304500070518018209342336888312
0.042905321961879253067628781082
0.0539193410340256112922574516233
0.0636840525882746838481907047935
0.076866622961715092010592798033
0.0878489640911251090660272211608
0.0962518126697943093850184936855
0.103301994615943554256531911051
0.111993251392071210825740479322
0.119336771210028919076862052862
0.126851238651815523272858854398
0.128272315694364674731886566406
0.133330359535644538127030500618
0.134900035190644307370178012206
0.13473967267562628191690521362
0.131656800462539330665023840083
0.128236549617891965047178359782
0.12280017199048894049884239621
0.117177196234598879343025146227
0.106591168501165442505929092931
0.0920883394287058815175228687622
0.0794568688136706308133838660979
0.0649527562914579553732252747977
0.0451758711021279374397963124466
0.022360713656162784640502039224
-0.00202710503597643794046478937787
-0.0315101435493303563828426661075
-0.0592972466968499783979140715928
-0.0956153074435011768317238534109
-0.13264282756435533117134184522
-0.173802395133064974119818657528
-0.216440268890508435983832669081
-0.263653085592092661926244545612
