3
264.535236989039788113586837426
0.114815275718940804083878504116
0.114898419908956161972213294575
0.114981647181189708395443460631
0.115064957659508013132487747043
0.115148351467929371816367734027
0.115231828730787619341491279101
0.115315389572599458212209810881
0.11539903411812434119720904846
0.115482762492387300290452856188
0.115566574820620715513541654218
0.115650471228256668254630312731
0.115734451841019936324528316618
0.115818516784843783540281947353
0.115902666185909081209004511948
0.115986900170595985670729533012
0.116071218865580791379521485851
0.116155622397705396431355495679
0.116240110894120105000659748384
0.116324684482179488420605650845
0.116409343289462771653397510363
0.116494087443815119709000782677
0.116578917073305921014991781703
0.116663832306247008951949339917
0.116748833271181490234269517714
0.116833920096928292609028687821
0.116919092912514677173874133587
0.117004351847205048664513071799
0.117089697030560171975288596968
0.117175128592305041741461479887
0.117260646662467021839049152732
0.117346251371290982712380923658
0.117431942849288900587723105673
0.117517721227182389553966856965
0.117603586635983956010242934553
0.117689539206922391678666883763
0.11777557907147596927277533041
0.117861706361387555408448690741
0.117947921208626446687439681682
0.118034223745416624873350031066
0.118120614104241392072758287668
0.118207092417841094778019339628
0.11829365881916424629860529194
0.118380313441467516222260769609
0.11846705641819303689299403004
0.118553887883106875977823335688
0.118640807970175399255197135062
0.118727816813634243220398900576
0.118814914547993380478096980823
0.118902101307959404130620839624
0.118989377228593956603575065856
0.119076742445078556653648149677
0.119164197092973558889106300285
0.119251741308023795351545004451
0.119339375226281005359929565657
0.119427098983971399781545130736
0.11951491271767912538681599699
0.119602816564187919290418449236
0.119690810660562432787834552528
0.119778895144105237968723542963
0.119867070152414087469416870135
0.119955335823308875675685669648
0.120043692294900250505662597789
0.120132139705537127616352677251
0.120220678193859564775181070218
0.120309307898766287836522792531
0.120398028959378289304282816374
0.120486841515131462565513231766
0.120575745705687020770113804247
0.120664741671012001877905106539
0.120753829551331723357598946222
0.120843009487090813358634022734
0.120932281619063775046640785149
0.0204543357001122083627109304871
0.199931158769257960594600831428
0.194523466710388365230599561073
0.189108506827589339938100465588
0.183686269021879206020386732234
0.178256743172904075223073050438
0.172819919166096014340183728564
0.167375786845557622539715225685
0.161924336016045777864036381288
0.156465556519807230673180242775
0.150999438142380010274834489792
0.145525970689809741598352843539
0.140045143913576364269601981505
0.134556947548086724975036077012
0.12906137137009657256392358704
0.123558405080707922607530235837
0.118048038361048907018968634475
0.11253026093244644645352536827
0.10700506242947090129735698838
0.101472432533762133011201456156
0.0959323608689942319838195317061
0.0903848370627359232187814086501
0.0848298507215289182559203595702
0.0792673914110917227082708791386
0.0736974487282922030573217853089
0.0681200122064393870369158889844
0.0625350713946726394221187206313
0.056942615811541030801379292825
0.0513426349489582226071071602291
0.0457351183116895682045921489589
0.0401200553764851017279902123391
0.0344974355642990657133672982582
0.0288672483272141323917825417311
0.0232294831084423128442217887368
0.017584129268631936565681073148
0.011931176215535958806679417421
0.00627061334796297394078568032683
0.000602429955571740687395032587403
-0.00507338459010641621566017889222
-0.0107568409731090587622137633161
-0.016447949902744708750024216215
-0.0221467220865205864643865396602
-0.0278531682653977291641567148872
-0.0335672991734762074522713248825
-0.0392891256097664953728099135333
-0.0450186583372262985602851870226
-0.0507559081574045986573473498993
-0.0565008859106571822983333674983
-0.0622536024169484253354411862347
-0.0680140685257181049072627843088
-0.0737822951388086012425304716089
-0.0795582931075880794846710841739
-0.0853420733750483995194713315868
-0.0911336468458047027629831404738
-0.0969330244606119995065540706491
-0.102740217191436777888213782717
-0.108555236021584691763486318905
-0.114378091920036686901518407922
-0.120208795912964017116308923505
-0.126047359035274336713783327468
-0.131893792332285625379384441658
-0.137748106888396976144051109259
-0.143610313751402651760713524709
-0.149480424061454286732697482876
-0.15535844890304151277860000846
-0.161244399437759783344503716762
-0.167138286819497966506631314587
-0.173040122213983071919329859156
-0.178949916817513848821263877653
-0.184867681848600112770597547751
-0.190793428508111956309889478689
-0.196727168065855911871508965305
-0.202668911795562317612606761941
7.95132313783782480688636531205e-12
0.297685598711159848939189487282
0.260627132167931874207056353043
0.208859081627390863467041981494
0.185526393340083639582616115149
0.13956647207989147929652062885
0.13290136272710464937496510629
0.0468797491029586677058205168578
0.0136961912396598647911893920082
-0.00418242215901116782400537275066
-0.0287995313420874587961861834629
-0.0242252028030153915283406718117
-0.104889909128041844410539340515
-0.0824748513689409351590242636121
-0.100575126869858283429337575399
-0.110386627057074124258484459915
-0.123868794205356416715524403571
-0.122043815937943153637768034514
-0.135164433282336293729031240218
-0.141725659750949889437166007156
-0.154748107041648486070783974355
-0.15209028495299331540380194383
-0.157907251798138137388605173328
-0.146226456963529038990401431874
-0.130939251934729716797534138095
-0.157209931896325622036059144193
-0.111204230247132773712337439065
-0.123480074460030536664945088887
-0.103069367514795590112797185611
-0.0773746073846019455366729289381
-0.06983492601306226510438079913
-0.0688689107747193635100657616022
-0.074512685140256204596731492984
-0.0566122698568905721727695379286
-0.0452805024911919068442145430708
0.0079941441642624629093649701872
-0.0395735028735294050439286195342
0.0036405336953186104645419085557
0.00198681015507723738797163370862
0.0257939192714861376121149305618
0.0120327451412295966665100266368
0.0230497328117495840771322690443
0.0500440228773877740509057332474
0.0584481952725672271320433992514
0.087423952471915492012932702437
0.0750229035759440304742540206462
0.102903020646115728187197646548
0.111845666393257728299381881243
0.0936823511765994126898604577036
0.135175831659164275011519862346
0.126632320513132251571519759636
0.162652377691299920847711746319
0.140877361170832160475185901305
0.11846271366118651946486295401
0.114358876534352255083248905976
0.142982819851472597871833158933
0.122307788303605669000262423651
0.119259980783227789724598721932
0.0931627809437029497097171315545
0.109848946600847360843822286824
0.0978001650733177768648474170732
0.0843343017687212398447726968698
0.0369104064881110513485218405094
0.00733284297054246497760132683652
0.0301840624266156778987557629534
0.00653496023431128503222709014153
-0.0438861103193236221087225601423
-0.0431371486002238985202339449643
-0.0954401291449730737603829311411
-0.128416128234223547721626346174
-0.166445740425023497310874631694
-0.229816280138212147843290722449
-0.233979763077210189958776709318
