3
622.30003941427526115148793906
0.114735138116514132078371801526
0.114820430355364350161195829969
0.114905809315976839557471578246
0.114991275131441528234432780664
0.115076827935064865404690692685
0.115162467860478318071315584348
0.115248195041498580071248625245
0.115334009612224411278624813804
0.115419911707022954105994472229
0.115505901460511803402475550229
0.115591979007570788695602459484
0.115678144483295594624472357737
0.115764398023115805402838418559
0.115850739762685756018001370649
0.115937169837878467637537482915
0.116023688384898904235598138257
0.116110295540182956175456752135
0.116196991440401145578853459028
0.116283776222532719835101033823
0.116370650023789184990263834152
0.116457612981666444595951759311
0.116544665233903846357499389796
0.116631806918540456563526674927
0.116719038173818970283157625545
0.116806359138325946411818279103
0.116893769950862480566655676739
0.116981270750485227827297762815
0.117068861676575916574982727525
0.117156542868738167140207906414
0.117244314466873139624070176978
0.11733217661110720286821162972
0.117420129441895657040895173395
0.117508173099923840521086049193
0.117596307726184970410265862029
0.117684533461883789051682924764
0.117772850448567500958318987614
0.117861258828019122013586184039
0.117949758742286053836423320718
0.118038350333709962658446102068
0.118127033744909862300609404429
0.118215809118784848097405415501
0.118304676598481026128517612506
0.118393636327437101751769432667
0.118482688449396994512241576558
0.118571833108351995522689037443
0.118661070448546804301237500567
0.118750400614589829428879852458
0.118839823751280881936054356629
0.118929340003745970255621955403
0.119018949517394390102964507605
0.119108652437891621156396126935
0.119198448911228632729475407359
0.119288339083621214298247537045
0.119378323101620581470072579577
0.119468401112033009714430420445
0.119558573261975706336635028038
0.119648839698826545130394549687
0.119739200570249865185346038743
0.119829656024223574206644116202
0.119920206208977406237004004197
0.120010851273071622591359641774
0.12010159136530575152423949703
0.12019242663483853394978950746
0.120283357231035323287038352191
0.120374383303624696295308638128
0.120465505002579617577218584756
0.120556722478173047874427936677
0.120648035881002799185601759291
0.120739445361930902711478097444
0.120830951072113917943440242198
0.120922553163000393028347900781
0.121014251786401391686176509666
0.0565134353300818376153458189037
0.199935461087158927728779644895
0.194531272971917995606716544899
0.189119722278262097914236505858
0.183700798707871648662859342949
0.178274491983692440211228813496
0.172840791743074262409862740242
0.167399687669851165994217012667
0.161951169390637167433411036654
0.156495226539419246547524267044
0.151031848733572338083774866391
0.145561025557012446718374576449
0.140082746592461976353760633174
0.134597001388327613957685002788
0.129103779508657784402814172608
0.123603070467276171529036332686
0.118094863762877658186489782111
0.112579148917239302285508983914
0.107055915380290050942235779985
0.101525152625977693743308805097
0.0959868500959693699003949518556
0.0904409972121272692779925250761
0.0848875833835245202640962247642
0.0793265980090734623697557026389
0.0737580304503435285612411576039
0.0681818700865191584803426394501
0.0625981062363296231199072394702
0.0570067282436163766390357920955
0.0514077254078856779595518844417
0.0458010870104079842457522886434
0.0401868023315113537252685205203
0.0345648606343406730734280074557
0.0289352511407389122177757911913
0.0232979630945092004712382305343
0.0176529856743560115139857202848
0.0120003080762352241916968154101
0.0063399194807713743840538178631
0.000671809031327201783105607102442
-0.005004034151581002176634171974
-0.010687620923406764353313924687
-0.0163789622010806282248474019525
-0.0220780689085787636127822253229
-0.0277849519603233369169359434636
-0.0334996223258822584112337494844
-0.0392220909733784692252633874432
-0.0449523688904731114068802355632
-0.050690467087369343868186177815
-0.0564363965654963370410790446385
-0.0621901683957137504932255467338
-0.0679517936172420733420551641757
-0.0737212833235458969705078402512
-0.0794986486013610077483448890234
-0.0852839005466058952542596216517
-0.0910770503047014373665390962742
-0.0968781090361659075194111778728
-0.102687087888689257408891819523
-0.108503998051951405789949944847
-0.114328850734416981316243777655
-0.120161657143137756698081375362
-0.12600242853845169954674076962
-0.131851176152579879774506821377
-0.137707911278518974063089785886
-0.143572645198682707912141154338
-0.149445389221011748492884407824
-0.155326154685342582295604074716
-0.161214952928360050199430020257
-0.167111795329976886570477745408
-0.173016693269509164165853576378
-0.178929658148299086661836554413
-0.184850701376003401232850364977
-0.190779834417530325119116696442
-0.196717068715841214565642758316
-0.202662415734811196532660915182
2.7331728389011729702100405939e-11
0.299879316798318695802549882501
0.246435505381528224821963135582
0.213756800473720670607846727762
0.168854825599994234908152179742
0.13504765126379408846091223495
0.098852842920288244710214087263
0.0666390969513443731653268287118
0.0356109663703192552697274209095
-0.00130897479060734290602641127776
-0.022828866786842035713211984671
-0.0443810875815023597734665372627
-0.0617730090307405735328138973728
-0.082682201402404550960589801889
-0.0909340865813303839138015405297
-0.0878672398731520781778314699295
-0.121863034428505892514671415938
-0.123999758167020759924703554589
-0.142579265586561865220005529409
-0.139031787202306605921720006336
-0.153704832708888600167895788218
-0.141114240906901750038926479647
-0.148303771459060956816600196362
-0.143778757997819611746947998654
-0.146536360187208031247152462129
-0.145350286386627253198966513992
-0.129874210514683979811323411013
-0.117972192715511445260112566302
-0.105398186196901569311457080858
-0.103971968183859481138497926622
-0.0900436492756758327660193685915
-0.0651445033860266059511090475098
-0.0673864090331406095923938437409
-0.0572991190577944453643510769325
-0.041885024962453207275636657414
-0.034698540339210721950014004733
-0.0280919115265382650370451500521
-0.011127809646088733519508906511
-0.0105098180901136532827688796488
0.0213947491532713307549329329049
0.0130866959398484861143430180164
0.0439334584890586424266167853148
0.0515164547519448359769178580336
0.0648997030955955345188357341613
0.0767155217100908976002315853293
0.0890943964635530216700232131188
0.0856763877524958361586726596215
0.12039855624641672415808812957
0.114083150105141986618839666789
0.106934747936492907660621654031
0.109077826476587383397465202961
0.160063547472218264955401423322
0.134439804371399518334584399781
0.137113914789813801098361523145
0.132275383418642394905972992092
0.142289842098968111194778884965
0.125357111092704837096434289379
0.130802181335006234563778093616
0.121938158468898216746367779706
0.102616541737350366880754393151
0.0843674232988619182682654695782
0.0803497466070385163439127040874
0.0566863193940390364122805522129
0.0530891616642954686233757399805
0.0297203304641076408720845591915
-0.0059686432211889647522773394428
-0.0388999613030668600632822062835
-0.0665027626873470195656423697983
-0.0920631509307862083701934352575
-0.149665149542562825324409914174
-0.16874499955751179336438383416
-0.215674056180499673640582614098
-0.253998502331678976950968262827
