3
56.5128788011310589922686631326
0.11410263097531123110961459588
0.114204814067921794906723675922
0.114307114352061089945777894172
0.114409532042140896224147184057
0.114512067353023952454016409774
0.114614720500073929976281306153
0.114717491699163745555445359514
0.114820381166568313835441017545
0.114923389119065758046112080137
0.115026515773986579005416786003
0.115129761349012649240819428087
0.115233126062427276847799362258
0.115336610132938555128845337094
0.11544021377975929865122850515
0.115543937222577039469761928103
0.115647780681581213713116085273
0.115751744377422499665541977265
0.115855828531289326011055607069
0.115960033364792089449757384045
0.116064359100119376955184691269
0.116168805959887863621382564361
0.116273374167246271171372029585
0.116378063945775683807326572605
0.116482875519658926610766513932
0.116587809113480780909277711999
0.116692864952405522815936933512
0.116798043262021242205683790871
0.116903344268482228818228918499
0.117008768198431936657932794787
0.117114315278969677303066987406
0.117219985737745821530175760472
0.117325779802927895878461583834
0.117431697703193879678273958689
0.117537739667668991727644822731
0.117643905926062261602105252223
0.117750196708538673595612067402
0.117856612245866354538037512611
0.117963152769212376025365074383
0.118069818510332699701415037907
0.118176609701497833948558024986
0.118283526575446593098739356265
0.118390569365500339382712979841
0.118497738305477592901659988911
0.118605033629716166698742085828
0.118712455573085018389889455648
0.118820004370943074767374980638
0.118927680259238041649005879208
0.119035483474393979919092600994
0.119143414253408158609559563956
0.119251472833769925352420671061
0.119359659453518132665728046504
0.119467974351215630579581272741
0.119576417765968931461451063569
0.119684989937417024519206165678
0.119793691105761573867383162906
0.119902521511688411881557669858
0.120011481396464114723698912712
0.120120571001867432192611317987
0.120229790570272040972632510147
0.120339140344542336324984432849
0.120448620568101016914397405344
0.120558231484961697610458486452
0.120667973339593281867365703874
0.120777846377115652409806045853
0.120887850843125255195786849072
0.120997986983828645368710397179
0.121108255045925816695273624646
0.121218655276729314618222588251
0.121329187924071185689101071148
0.121439853236329720065356241321
0.121550651462508804701023734651
0.121661582852089680817364580889
0.011680592341057151328787000466
0.200015989982688408010957914485
0.19463554910335509329222247743
0.189247104602825622077233447271
0.183850644969824422725324097883
0.178446158636951818232674327191
0.173033634060113850061668472335
0.167613059648821310920752125639
0.162184423803731853075404956144
0.156747714910232260887568145336
0.151302921324253769608247921497
0.145850031399538920817704479305
0.140389033456544076727823266992
0.134919915787958172304072945735
0.129442666716224979994720456489
0.123957274478910084436478200587
0.118463727339173541253103394411
0.112962013533953006816368258569
0.10745212127221856479586392652
0.101934038744286803446215117219
0.0964077541287004513570479957707
0.0908732555868223546013950908673
0.0853305312590289521956776752631
0.0797795692536808487282939950092
0.0742203576671602582859321728392
0.0686528846010990984050081920032
0.0630771381009585241361747875999
0.0574931062129226400081449810386
0.051900776961710921864057155517
0.0463001383524856632845079218441
0.040691178370399816444091811718
0.0350738849776716724027103566641
0.0294482461331269512738728622026
0.0238142497505909531141377044605
0.0181718837367907878888040329457
0.0125211359943993225107838895838
0.00686199438090195640987944969424
0.00119444675605119088671046689853
-0.00448151905839385376884020928401
-0.0101659152441450715415038885681
-0.0158587540212573874232049320199
-0.0215600476059163610742519523455
-0.0272698082449185259801271996594
-0.0329880482204785926980683541387
-0.038714779804641177851642908081
-0.0444500153156025604173073872971
-0.050193767063620449431216030689
-0.0559460474142759178750594628582
-0.0617068687246758035280791432342
-0.0674762433786821880232764669927
-0.0732541837901525272336300531606
-0.0790407023732629665513371719499
-0.0848358115918705357749729500938
-0.090639523890295489727542133096
-0.0964518517707429190455314937935
-0.102272807727694411972230170704
-0.108102404295383855425960462071
-0.113940654016434730899653970937
-0.119787569454560566262202314647
-0.12564316321267976483966322121
-0.131507447875643695978098435262
-0.137380436086693286101834132751
-0.143262140483751548858393221053
-0.149152573739776500572062900574
-0.155051748542424233656689125382
-0.160959677602731082712850252392
-0.166876373642633052396533344108
-0.172801849416171632300986971131
-0.178736117707273545196500208476
-0.184679191282443699861914865323
-0.190631082965353776392802842565
-0.196591805589819645927462943291
-0.202561372006504453180397717915
1.34146229606952451206796190047e-11
0.307752985528703726370025606229
0.256482012857360552882113324813
0.214985864506729129619344575985
0.171860717277203256525552887979
0.129860756881428257569766060442
0.0938584567614615394859356456436
0.0593134433957070716925130682284
0.0332354370765876871995914143554
0.00318744971767853484123644847159
-0.0225738313566243575802872101121
-0.0456612214051370299272569752702
-0.0661277591409481779738399609414
-0.0818673672786838918513652174624
-0.0959638236352173684684530030609
-0.110705568616968952344592480586
-0.122111272253175556778970189953
-0.128872608782019615336622564428
-0.134170332362996080899364415018
-0.142736581567174669604725067984
-0.138356559711142468316324993793
-0.14273077985923707244886315948
-0.141542704032432020699872055047
-0.140042407061041623839159342424
-0.139134726007232562006166176616
-0.132382053788107134639773221352
-0.127710543223596761919225173187
-0.121090162442401644282696793198
-0.11186465130142966839521534439
-0.101575864902270537881712186845
-0.0920856550378375132703823169322
-0.0810776613307464949498282180684
-0.0726932752705600621068171562911
-0.0566662775417377320708034460495
-0.0493989036520703292398870587476
-0.0366426792388654803955816419148
-0.0212485752354062799873712918952
-0.00985106184819035078648052916606
0.00339492286173861870096635229288
0.0162552938591257883915730531044
0.0310062719785438624386930683841
0.0402255063487980124570242423943
0.0538188119865828651366967960712
0.0696096261736042082324260604764
0.0740288534789276669867419400362
0.0820305335386781048212512246209
0.0944767023826708213229963462254
0.106255274299566257467652974356
0.110384828806934079392654268759
0.118619200793701778939848168193
0.127030016779697024764672619312
0.129358410546683816333413119537
0.129506467834917177173181812577
0.136821906988251723591432096327
0.134394274863018664545322167214
0.131782149302240164656652154918
0.132162777236347672715766066176
0.121788067560364102193126711882
0.113767956485432725211026649959
0.106772965055040330861757524872
0.0972867893123047638992417773807
0.0794113922257086296552230919588
0.0628878600381400088004113513307
0.0424286822156661955207646030885
0.0219654649111901134617141906347
0.00267660440716363393423571359619
-0.0300614946339085725712791941078
-0.060640258914428063485857478554
-0.0946485258464948714385300831964
-0.132317633855612348803276745457
-0.17224264230690589094763254252
-0.217491320494620637981952882001
-0.266348923277254123753721160028
