2
3.75821638954106962415835369029
0
0
0
0
0
0.706486075517295808445794591535
-8.36284732157703233524140363604e-17
0.707726942471579079096954956185
0
0
0
0
0
0
0
0
0
0
0
0
0
0
0
0
0
0
0
0
0
0
0
0
0
0
0
0
0
0
0
0
0
0
0
0
0
0
0
0
0
0
0
0
0
0
0
0
0
0
0
0
0
0
0
0
0
0
0
0
0
0
0
0
1.80038319507904498369696769111e-06
0
0
0
0
0
0.707726942471579190119257418701
1.74264480974992051706474908603e-10
-0.706486075517295697423492129019
0
0
0
0
0
0
0
0
0
0
0
0
0
0
0
0
0
0
0
0
0
0
0
0
0
0
0
0
0
0
0
0
0
0
0
0
0
0
0
0
0
0
0
0
0
0
0
0
0
0
0
0
0
0
0
0
0
0
0
0
0
0
0
0
