3
15.6129673134722573024646408157
0.114335972488331244489856430846
0.114431936882618212614204367128
0.114528006884299954348804817528
0.114624182676175564998821698737
0.114720464441466066252139910375
0.114816852363790022906187004992
0.114913346627119994369792266298
0.115009947415844998586109682037
0.115106654914737094319576726775
0.115203469308945469218308232939
0.115300390784052686488081462812
0.115397419525980871046755282805
0.115494555721073352549943535905
0.115591799556083854594312754216
0.115689151218174746116318374334
0.115786610894830360729557128252
0.115884178774027096769927425157
0.115981855044055601200447824795
0.116079639893709715692260431297
0.116177533512043615337994140191
0.116275536088660494393742794728
0.116373647813483527269085016087
0.116471868876817916116372941815
0.116570199469484755971926404072
0.116668639782582100883345788134
0.116767190007700485954167390901
0.116865850336813015264425530404
0.116964620962282786487129726538
0.117063502076922357209021186009
0.11716249387391894365428868241
0.117261596546876151192506654297
0.117360810289862560473750363599
0.117460135297282275423924602364
0.117559571764018683248664842722
0.117659119885314550346677719972
0.117758779856873621594282042224
0.117858551874813990978374533825
0.1179584361356683375188225682
0.118058432836370755247834551938
0.118158542174293473836499401841
0.118258764347217881773843828341
0.118359099553389912617973322995
0.118459547991403360556184054531
0.118560109860346984955725702093
0.118660785359723741638759975103
0.118761574689427204520875136495
0.118862478049825914805381898987
0.11896349564168653967222155643
0.119064627666192190957872298895
0.119165874325024914726078861804
0.119267235820201794593842237191
0.119368712354253905805201441126
0.119470304130144519549894255306
0.119572011351210802376776598521
0.119673834221267871846805519453
0.119775772944594155466901952423
0.119877827725827043603423760487
0.119979998770127549434505453974
0.120082286283049635700059809551
0.12018469047060220677991537741
0.120287211539261404413814204872
0.120389849695891060221697443922
0.12049260514785629927470012035
0.120595478102941328080177640913
0.120698468769384378851405870137
0.120801577355854103390520037919
0.120904804071502683382455245464
0.121008149125908168186604996208
0.121111612729108475416950341241
0.121215195091585070663597889506
0.12131889642427380604505771089
0.121422716938604735581463955896
0.00253940826528368428574577997381
0.199978631331837380935567693996
0.19459007439903691638605209846
0.189193732687402638159568368792
0.183789595086714524496684930455
0.178377650455853298261388317769
0.172957887652616604245991993594
0.167530295515076393941811261357
0.162094862853539301017491425227
0.156651578456305506925616555236
0.151200431122851947085550250449
0.145741409605195354481921299339
0.140274502642505544125484107099
0.13479969897562232850063423939
0.129316987294007978981369433313
0.123826356296643250165523397754
0.118327794656803930717359207847
0.112821291018588301668934548161
0.107306834035689149797754282645
0.101784412315311559305008870524
0.0962540144497277538881974123797
0.0907156290262980946614845834119
0.0851692446116154022739408446796
0.0796148497476116129289991363294
0.0740524329479542858800655835694
0.0684819827351882820520856398616
0.0629034875947636351600777970816
0.0573169359967983238490774056118
0.0517223163911726541153157654662
0.04611961721807005670781265394
0.0405088268765947112637348936914
0.0348899337786374233449926407502
0.0292629263013321032349534078776
0.0236277927949238332472337020818
0.0179845216054461964905186732722
0.0123331010479771317756014781253
0.00667351943315341433055065678559
0.00100576503582686625770659105683
-0.00467017385832215435603753661553
-0.0103543090245986138531186782075
-0.0160466522232245445422904595034
-0.0217472152594679439541192067509
-0.0274560099243441498029216774057
-0.0331730480617450085301101125879
-0.0388983415194562587302584688587
-0.0446319021484055389326073282064
-0.0503737418617206528237417728633
-0.056123872548832227924453519563
-0.0618823061371743671221778981817
-0.0676490545628465056449130088367
-0.0734241298093046002026795804341
-0.0792075438433949702288217054047
-0.0849993086766778482843420761128
-0.0907994363170208096391888830112
-0.0966079388175519609971431123085
-0.102424828236383852475555045203
-0.108250116650273189855546718263
-0.114083816169540802620829822445
-0.11992593889373555360311485174
-0.12577649697036530351823557794
-0.131635502554398514662992170088
-0.137502967832633049560797644517
-0.143378904992711941890348725792
-0.149263326254453487784701337659
-0.155156243864597920278924902959
-0.161057670063351615619140488889
-0.166967617132812079505654878631
-0.1728860973751064344927641514
-0.178813123093519432682541037138
-0.184748706637879733793994319058
-0.190692860353266713246966901352
-0.196645596620781321073323510973
-0.202606927850772750021590695724
2.20200662905827116790561833548e-12
0.308899355277000187136593467585
0.256438093778536935207768010514
0.214638770069650597349664167268
0.169473826657847548293744921466
0.131263750689963210049882036401
0.0923258437737889542384905894323
0.0574801934653528037721947896443
0.0267412570772322631673656445628
0.00304654205212591313450820607045
-0.0242075136074459025536942391454
-0.043966758965766322697632517702
-0.0639354002574945429193675749957
-0.0793499363372797278382009267261
-0.0894786329283073500473477679407
-0.109627812931485782432794451324
-0.117257388543288848525847356541
-0.12921031219697753922304173102
-0.130643547107873098100938591415
-0.142546979926969769048028524594
-0.142596276246279407562411734034
-0.14770749866647203685232625503
-0.146914167253125144130265766762
-0.140218616612371171914475098674
-0.131648162864106577085721028197
-0.134433227873945515540299311397
-0.127273701519445253671491968817
-0.117198259355134531967124189578
-0.113586507115286630686945557045
-0.104570364953389921547355356779
-0.0934792500242478396899059589487
-0.0752639614063573408886398397044
-0.0794188611997212329240980466238
-0.0578601357990415274268336531804
-0.0415717380753362619749680106906
-0.0369611583427783621513817990945
-0.0216020060921097468986662448742
-0.0100392028668401314672742330458
0.00237979505530832094462034831395
0.0113181513387806114562250670019
0.0303602924827205480906577861333
0.0428826393021633778257495350772
0.0598653180107746735183482655884
0.0637832376307323617448119534856
0.0787200825794446140681870360822
0.0797350145723043496337467672674
0.094480896084586360461621268314
0.0988497533219424018291476841114
0.11595447152438395632678691527
0.115377883956294197131953183089
0.121873138328102079142034597226
0.128923874623419587592820789723
0.128549361811269025057669068701
0.135433624999459850668515059624
0.136862615902377221521746264443
0.126930307061648151023547370642
0.133067584135173888615355508591
0.128294445418717539819652984079
0.119403649637577380371311619456
0.108717433309127017859729846805
0.0957209554251977484673474805277
0.0831032615082089309854751491002
0.0636152152054648145629300870496
0.0397990887031277815188978763672
0.0239835150078614722790604218972
0.00602125403036701291326071583399
-0.033982087662920511250685962068
-0.0657607670656474574411021194464
-0.0910752691126381630493114016645
-0.128379303546268724867118748989
-0.173412285594709364433541054495
-0.222532331858021487080989686547
-0.266559175003858450647697964087
