3
11.3935148592728321403910740628
0.114217040101108210925495711763
0.114316175898487693007865573236
0.114415423159663104391015053807
0.114514782083348573560321881359
0.114614252868681265606909391863
0.114713835715235468182271461046
0.114813530823009671277823429136
0.114913338392463384995956232615
0.115013258624441894184542434232
0.11511329172028612888301069006
0.11521343788174508160349063246
0.115313697310977555932076654699
0.115414070210634794877435638227
0.115514556783776006776420786082
0.115615157233919255141962878497
0.115715871764998465276441663718
0.115816700581426110239213755904
0.115917643888032578791680293762
0.116018701890111916585901497001
0.116119874793385466360540192454
0.11622116280403958776812345377
0.116322566128704646404301570328
0.116424084974475997023013462695
0.116525719548869546859926060733
0.116627470059868981744344296203
0.116729336715911596877859324195
0.116831319725919230423372141559
0.116933419299186103224030830461
0.117035635645580199382109753969
0.117137968975305886698556889769
0.117240419499135578584869676888
0.117342987428209324929362367129
0.117445672974212031447471815682
0.117548476349216141079168096439
0.117651397765814555440577748868
0.11775443743705027443979815871
0.117857595576393248126834123468
0.117960872397841851078048591717
0.118064268115804171799254618236
0.118167782945215765755264669679
0.118271417101435044605395319195
0.118375170800314746810677490885
0.118479044258187074523114290514
0.11858303769182577946939005642
0.118687151318525307974738325356
0.118791385356009998597315302504
0.118895740022519111334098340649
0.119000215536762654622293666762
0.119104812117897432277580094251
0.119209529985586315525836198503
0.119314369360026262256724294275
0.119419330461776621032932155231
0.119524413512009416993286947672
0.119629618732296494343358972401
0.119734946344728837575033253415
0.119840396571867568997760145066
0.119945969636819416148654227072
0.120051665763082862636856873451
0.120157485174741396338760068829
0.120263428096338109707374997015
0.120369494752880931698335587043
0.12047568536992268872776179478
0.120582000173473799509160642174
0.120688439390071552970162827023
0.120795003246728482881877653199
0.12090169197096053976814289399
0.121008505790818204905789912118
0.121115444934810634336486145912
0.121222509631968261567536160328
0.121329700111840743659286090406
0.121437016604463182689599420883
0.121544459340379884526583964544
0.00210759119290157472675906191739
0.199996782320627036755311678462
0.194612437494733364617971460575
0.189220194277751274647414447827
0.183820041351750285141264384947
0.178411967353981626427383844202
0.172995960932166376045060474098
0.167572010697929846267939524296
0.16214010525095445824916851052
0.156700233168557356844274863761
0.151252383020480690722919803193
0.145796543340579731751205372348
0.140332702666438213778832277967
0.134860849489518402899435045583
0.129380972317417825001584219535
0.123893059603793098677471107294
0.118397099809976188988791534484
0.112893081370516248918001167567
0.107380992697247323874876201444
0.101860822185794203109665545526
0.0963325582123395474098970225896
0.0907961891466233794734108641933
0.0852517033155245351760953553821
0.079699089053743413235686432472
0.0741383346528237396899640998527
0.0685694284090554856403443295676
0.0629923585767261096091118588447
0.0574071134155517762143183801982
0.0518136811467168056921650531876
0.0462120499815629540152350784865
0.0406022081086180597342405462769
0.0349841436963436169804708697484
0.0293578449047300973906438059657
0.0237232998648088007354051143238
0.0180804966906885147825967408153
0.0124294234774555423239661422485
0.00677006830219950995336519738999
0.00110241922083692761927253833676
-0.00457353572876461906410172630899
-0.0102578085243390185882228493597
-0.0159504111695983954999356058124
-0.0216513556824662611877130302673
-0.0273606540989742019753805379878
-0.033078318488852238854480702912
-0.0388043609147408763426767563942
-0.0445387934861483925086389490389
-0.0502816283064962538107423029032
-0.0560328775304336362816925998231
-0.0617925532931386731205769535791
-0.0675606677837413682752298882406
-0.0733372331971697682950761532084
-0.0791222617328159877336801741876
-0.0849157656416580503000446356054
-0.0907177571744137573039878930103
-0.0965282485977143056565807910374
-0.10234725220797960543173132919
-0.108174780319722718679997797153
-0.114010845262093415963811082747
-0.119855459392994759260098192044
-0.125708635083219555372835429807
-0.131570384726459488344829651396
-0.137440720728146531515179162852
-0.143319655536428919306857210358
-0.149207201587850613044849978905
-0.155103371363433023555344902888
-0.161008177355821430198901111908
-0.166921632077909137814586415516
-0.172843748063361862810083380282
-0.178774537861704885255420549584
-0.184714014050963382107539700883
-0.190662189224353989525084784873
-0.19661907600104353011083446745
-0.202584687008212832592946028853
2.14236553225612741932675930856e-12
0.306906506759701824815778081756
0.256740004378438357868219554803
0.210058953600217757085033554176
0.169682383034043593461603904871
0.131563546093227845545925447368
0.0963954530993537533900550329236
0.0612903747753922936714054969798
0.0350542616271729348675911808186
0.00208855189054695704678477063965
-0.0250651324580831481869669374873
-0.0453653021327784025662488431863
-0.063158367247717922543515101097
-0.0819117477841485308598379333489
-0.0927238412944814682781213832641
-0.108560067992563347161194542423
-0.119128465019029697313790450153
-0.1291460266678274293461470279
-0.133809893642691246640197277884
-0.138905946418995757118963751964
-0.145886178861683923901892967478
-0.143444230563186808646847225646
-0.143664665320087286959349626159
-0.140989528046609302602831803597
-0.137431256868139645144211158367
-0.130652052397480566980902949581
-0.127135122129203220753268510634
-0.121033627004525481951624499288
-0.112773724172167508217334841447
-0.103584354715159254745060479763
-0.0938803849890123276455966561116
-0.083544028002131495713733499997
-0.0738302046112619819728806191961
-0.062138647895557577727210230023
-0.0483432078538726939243019842252
-0.0341814294110275584959168782007
-0.0234188375698328836438388833585
-0.0113237729748954223801815643924
0.00360705994495931969376356640566
0.0144342811901713753697240605334
0.0303706416575068825769445624019
0.0408487927697522151815334723324
0.0552857347153878353473999140988
0.0665721268037234442660476929632
0.0763784868797510313465082276707
0.0884758708825414130760833586464
0.098822397715876517110267229782
0.105392034433432563167443163366
0.113838938545537587954115110733
0.121380193177183945407726639587
0.125982532564559851495644693387
0.132211145361829429667466229148
0.132323063832578163845354879413
0.134710735378774121295819554689
0.135863313868397617145689082463
0.127573810290473432793589836365
0.128771839830884804456445635878
0.122619566106255947768310932133
0.112533884357556290822799383022
0.106806223290218063604051224047
0.0942073049424320269062960164774
0.0797832780306914207679724881928
0.0648072541535344159857601198382
0.0456712632512064828360642820826
0.0212486227902400001688043573722
-0.00129919927063045794433937540902
-0.0322630615504995235665042230266
-0.0613238906936588723528558375619
-0.0940823710285096370675717025733
-0.134134289251920973962128869061
-0.171103699307331713619362290046
-0.216868784042571038916946690733
-0.26414756465681060726424789209
