2
1.73251481732256218393217750418
0
0
0
0
0
0.706473012666632427247748182708
-9.07062053156280224604296622171e-17
0.707739982178294368964088789653
0
0
0
0
0
0
0
0
0
0
0
0
0
0
0
0
0
0
0
0
0
0
0
0
0
0
0
0
0
0
0
0
0
0
0
0
0
0
0
0
0
0
0
0
0
0
0
0
0
0
0
0
0
0
0
0
0
0
0
0
0
0
0
0
8.94579960264013732106622763668e-07
0
0
0
0
0
0.707739982178294479986391252169
1.75354387484225662641309990092e-10
-0.706473012666632316225445720193
0
0
0
0
0
0
0
0
0
0
0
0
0
0
0
0
0
0
0
0
0
0
0
0
0
0
0
0
0
0
0
0
0
0
0
0
0
0
0
0
0
0
0
0
0
0
0
0
0
0
0
0
0
0
0
0
0
0
0
0
0
0
0
0
