2
1250.63658736389379555475898087
0.115032398278144959435920213764
0.115109712756749166251424298935
0.115187100734890052189385301062
0.11526456231288506604215626794
0.115342097591246459109548538891
0.115419706670588734231941430153
0.115497389651814039157606828212
0.115575146635926551130779671439
0.11565297772407746867973088456
0.115730883017694935466224137599
0.115808862618277011446998869815
0.115886916627541691759972763975
0.115965045147378931211790131783
0.116043248279845120918274403721
0.116121526127185972776523215089
0.116199878791842181602333994306
0.116278306376372417285658400488
0.116356808983565665482906581474
0.116435386716340696922067365904
0.116514039677849193243908132445
0.116592767971380628644340049505
0.116671571700417725514498101802
0.116750450968609156832123119329
0.116829405879824627101370992932
0.116908436538023047246426244783
0.116987543047450015532007228103
0.117066725512473823744841183725
0.11714598403763869238769501635
0.117225318727692401354900653132
0.117304729687542436122882349991
0.117384217022313594447346929428
0.11746378083726213836790464029
0.117543421237875186924348724915
0.117623138329777873756221140411
0.117702932218815642384512898388
0.117782803010997499937317911645
0.11786275081252359231420712149
0.117942775729776780369029154372
0.118022877869319295363048638592
0.1181030573379050208071561201
0.118183314242498976875950233989
0.118263648690171849220398314628
0.118344060788257682270696591331
0.11842455064425483346468581658
0.118505118365846595640533678306
0.118585764060895215710189631864
0.118666487837454939779924245613
0.118747289803788638740122962645
0.118828170068311200768818025608
0.118909128739654215700660699895
0.118990165926627061709908161902
0.119071281738229589608479841445
0.119152476283648875443610393177
0.119233749672263925067916545686
0.119315102013673540737315192928
0.119396533417614844618803715548
0.11947804399404227115866206077
0.119559633853102420530944982602
0.119641303105141594276261685081
0.119723051860694124082229450323
0.119804880230470409130383302454
0.119886788325408333300003960176
0.119968776256605430541313239701
0.1200508441353517613547907672
0.120132992073210667638427651127
0.120215220181797935450340730767
0.120297528573059503420594751333
0.120379917359067917237425149324
0.120462386652089623040318144831
0.120544936564616442242758864722
0.12062756720934320053828514574
0.12071027869913575347737832999
0.0543037722872013878250285756621
0.199930254769657228530732595573
0.194512172000752991962713167595
0.189087102673189955126531458518
0.183655037213727501121951490859
0.178215966064531411428006890674
0.172769879706740625557870316698
0.167316768512186575534883559158
0.161856622913642639316478266664
0.156389433284445322769329322909
0.150915190015625727548709278381
0.145433883454376605692814905524
0.139945503964725076473385456666
0.134450041835665251577225376423
0.12894748739319736308139852099
0.123437830982129820300841060998
0.117921062831307460472274328822
0.112397173210476347682273967621
0.106866152399374220172134641871
0.101327990600839384915943242049
0.095782678086499803415954090724
0.0902302050104869385327432951271
0.08467056160011421361843986233
0.0791037380153323393949804653857
0.0735297244151292828107102650392
0.067948510929845662431603159348
0.0623600877075499299140304287903
0.0567644448337786544644956165939
0.0511615724514400960210025459673
0.045551460596298970484596679853
0.0399340993440312139184378281698
0.0343094787819464702716132364912
0.0286775888667737156867421077777
0.0230384196971635119011168058023
0.0173919612169574806792571308733
0.0117382034471639508377283078744
0.00607713634011458701117414094028
0.000408749855537294843211421069284
-0.00526696605112288683547827616849
-0.0109500215007549434736988658301
-0.0166404265097416445562394926583
-0.0223381913139957706537774839717
-0.0280433259301964554754960090577
-0.0337558405144768869377003284171
-0.0394757452718121071288948087386
-0.045203050342206771428088529774
-0.0509377659156193679512725225322
-0.0566799022220811007932717018321
-0.0624294694558037224774160733887
-0.0681864778929342080227016253957
-0.0739509377477908930176297985781
-0.0797228593047407813054761049898
-0.0855022528777149154466385994056
-0.0912891287241150151121615863303
-0.0970834972246295141440342035821
-0.102885368653504644109730747914
-0.108694753417005907092374172862
-0.114511661856220178790088937149
-0.120336104371861291051359899029
-0.126168091346457872381492393288
-0.132007633235455335007912935907
-0.137854740461910402204992465158
-0.143709423463303620494002643682
-0.149571692726026161945895864847
-0.155441558719659228549048179957
-0.161319031991055517050170919902
-0.167204123008513422243836998859
-0.173096842348263557642695786853
-0.178997200518458299267621214312
-0.184905208143686633492919213495
-0.190820875793748262472249166422
-0.196744214055460386880724854564
-0.202675233586342540270663903357
