3
279.282279790719485390582121909
0.114284578302341705002831417914
0.114381913611997149127219586262
0.114479357047351765208631491078
0.114576908798072085726715840792
0.114674569054152686309322461966
0.114772338006093529982898360231
0.11487021584468719292981830904
0.11496820276125618853768628469
0.115066298947422249177030550982
0.115164504595313341162032827469
0.115262819897397145174622323793
0.115361245046603611008606549149
0.115459780236245562745622805778
0.115558425660056446337975444294
0.115657181512198045658657008516
0.115756047987232962848125339406
0.115855025280164475320887618182
0.115954113586386672873906888981
0.116053313101737623491693796041
0.116152624022460140840173892229
0.116252046545215412254314912843
0.116351580867109699601869010621
0.116451227185668082508840370792
0.11655098569880167902468315333
0.116650856604900418633796732593
0.116750840102768538297794975733
0.116850936391598672625669053105
0.11695114567107507685950196219
0.117051468141263215194669555785
0.117151904002686310657388446543
0.117252453456274718934793099834
0.117353116703419829702781385095
0.117453893945927520525707166144
0.11755478538605795835181311304
0.117655791226485770262222274596
0.117756911670337707787048486807
0.117858146921183196131899251213
0.11795949718300187403219325688
0.118060962660261503653913450762
0.118162543557828556006761289154
0.118264240081041652197235691801
0.118366052435651208929456856822
0.11846798082790453710000377896
0.118570025464415501614823256205
0.11867218655233814639249345646
0.1187744642992250576618573632
0.11887685891304353158481887931
0.118979370602284750813026903415
0.119081999575846503303111489913
0.119184746043100572854278595969
0.11928761021384304275017029795
0.119390592298340564303416044822
0.119493692507334006713826113355
0.119596911052003138098420720326
0.119700248143992424298964749596
0.119803703995391724879127082204
0.119907278818770390849124396482
0.120010972827138115426315323475
0.120114786233959852657093847483
0.120218719253231895449651744912
0.120322772099361041675535943796
0.120426944987180151169781083809
0.120531238132077514468853962626
0.120635651749850872360703135655
0.120740186056792916935442860904
0.1208448412696384172138053259
0.120949617605650303064912520767
0.121054515282480887328198093655
0.121159534518354927712380231242
0.121264675531869411950758319563
0.121369938542198227415802591622
0.121475323768903589738421544553
0.0481103637732578151564588608835
0.1999862315629509779135730696
0.194599515373819142993738751102
0.189204964757610699654932773228
0.183802568499159824089161929805
0.178392315364667708443846549926
0.17297419411528949795275877932
0.167548193494242325662924031349
0.162114302214324851325599752272
0.156672508980598423899976978646
0.151222802481239038119298356833
0.145765171381069230660543212252
0.140299604327404320303074314324
0.134826089945591837127025769405
0.129344616859510597173255064263
0.123855173643633464930502441348
0.118357748894130310191030730493
0.112852331152911100620173101561
0.107338908973525645751401214056
0.101817470863608983133730134796
0.0962880053298410670814533318662
0.0907505008556249853635122804008
0.0852049459033362294180236062857
0.0796513289198982760153100457501
0.074089638344030900318770704871
0.0685198625772439756653753306637
0.0629419900138774024433985232463
0.0573560090133062999706581308601
0.0517619079504003376523968427136
0.046159675141358574856909058326
0.0405492989169882883659923322739
0.0349307675774641959720590023153
0.0293040693774664594284384833145
0.0236691926065226605768732071056
0.0180261254870524613436177929771
0.0123748562462346854695649511768
0.00671537308457970539415926580773
0.0010476642063272656197475685147
-0.0046282822565118786339866119306
-0.0103124781270673999272746712563
-0.0160049352923987003860517575049
-0.021705665642696155698265769729
-0.02741468109224430571568831283
-0.0331319935619359337564127088172
-0.0388576150006361281663558315813
-0.0445915573877512030898095929388
-0.0503338327063377957704126686167
-0.0560844529596667557003186743714
-0.0618434301744206701978434637113
-0.0676107763927667609893390476827
-0.0733865036940041653990007830544
-0.0791706241484055189827628851162
-0.0849631498630466913679626372868
-0.0907640929639865895461880995754
-0.0965734655886575366068313996948
-0.102391279908716006930013975307
-0.108217548102613664307014573751
-0.11405228236286958642953237586
-0.119895494924555395810372715459
-0.125747198025459389070235260988
-0.131607403920345339409792018159
-0.137476124897679602421263211909
-0.143353373252057658682190321997
-0.149239161298551720191696290385
-0.155133501395137318734640530238
-0.161036405888878408898534644322
-0.166947887164494712664009057335
-0.172867957618833195665430935151
-0.178796629673511175973033004993
-0.184733915776819551668452845661
-0.190679828376690146951588644697
-0.196634379959116756264592140724
-0.202597583028993416531804427905
4.49356294431590654099088280113e-11
0.307656179495879145147085864664
0.261187193090977542997421778637
0.211459666904921433916442197187
0.168249514715527154207208582193
0.125912437388926462533689232259
0.0964712204274132262282748229154
0.0584560696294371337500273000387
0.0331957582137194576188399253169
0.00475475449703671466245014087804
-0.0217027151605931299671592427103
-0.0477207922632323922051966746949
-0.0640987053938035372668835520926
-0.0849727392318894991785072079438
-0.0939271834563285140662358685404
-0.106127667233783598565999284347
-0.122893768784792939419148183333
-0.128190059492252678152723888161
-0.137657390618541985993772414076
-0.132033210658533045611662259944
-0.141720036609953609074707969739
-0.140337509942781407668022097823
-0.146861851366281687125692201334
-0.138967068619382266847495088768
-0.137764017824560908165310024742
-0.132390175970589968335033859148
-0.126024463605297343260502884732
-0.123964351795685934209956258201
-0.111280000052440472546599892212
-0.103970230236132790690994909255
-0.095110506212991385854849113457
-0.0849754266850883122064175267951
-0.0670328044794550742535577114722
-0.057803399942403792255429806346
-0.0469529303914599863145618030558
-0.0360125783952535832854735531328
-0.0221967894324668069128136949075
-0.00951305818765820279669931380795
0.00306732407100778967090626281333
0.0165281126518616108822534727096
0.0282643030777443501899703903746
0.0418420531579349469497586255784
0.0538500491960054034068505757205
0.0616667660281556562207327942815
0.0782496207822786643548695906247
0.0802341247312136351954592328184
0.0959427385241011787542220190517
0.10539995922724593180319629937
0.113556680652802471920281845996
0.123583441100712676519179922252
0.12408186208946940520814194997
0.126042883417104983889700520194
0.134302764748910619108102082464
0.134028556329847087225104473873
0.132867899374530057388099635318
0.130436864184524742293902477286
0.127394485681380564834341839742
0.128232621484703129821625111617
0.114924240819329184781771857615
0.107040924641174359233097845845
0.0936800911441700301374169157498
0.0815467801710475503895736437698
0.0641219247378954082527968694194
0.0498109203270909808858313283508
0.0264777871520227997548246889892
-0.00770218262322053433266422217685
-0.0276113667914782735801626500916
-0.0621973394686453906476941710935
-0.0961658061892687321403627720429
-0.131675183367392450994870500836
-0.169190835087610874643004876816
-0.220405396338777009868081790955
-0.267322411796449110887863298558
