3
642.900762468532548155053518713
0.114816989911159808568363871473
0.114900088132211683489281028869
0.114983269358230194567838111652
0.115066533712833582447920832692
0.115149881319908220511649687978
0.115233312303549648158984552992
0.115316826788118456659226751526
0.115400424898160672282365624142
0.115484106758500210121454188084
0.115567872494148321527163147948
0.115651722230389761292279615645
0.115735656092726638122236693107
0.115819674206877290534301039315
0.115903776698829757973996379405
0.115987963694791793023419756992
0.116072235321193067969502976666
0.116156591704726225300348119163
0.116241032972299110359593043995
0.116325559251073046285185341731
0.116410170668429471807492348034
0.116494867352015932238096240781
0.116579649429684434336351728234
0.116664517029555034333121454893
0.116749470279979811193626915156
0.11683450930952550550490087744
0.116919634247062129150940279487
0.117004845221632694518554274055
0.117090142362554772148541815113
0.117175525799393831505312846275
0.117260995661970054970701937691
0.117346552080286659069940924383
0.11743219518465917994287650572
0.117517925105609793989813738335
0.117603741973938760723150664944
0.117689645920659780031769514608
0.117775637077035616462339362442
0.117861715574605591116963410059
0.117947881545138591463661725811
0.118034135120601499369108466908
0.118120476433312193709213033799
0.118206905615760513028611455866
0.118293422800720443577304763494
0.118380028121194580403852114614
0.118466721710431349690040292444
0.1185535037019874171626554471
0.118640374229575615294685064782
0.118727333427271888877108096949
0.118814381429309820492612459475
0.11890151837023807401827468766
0.118988744384818032062689496797
0.119076059608101622599996005647
0.119163464175360556129845690521
0.119250958222159128552242179921
0.119338541884307910989626577702
0.119426215297826140981918285888
0.119513978599065526231548517444
0.119601831924598916989666008703
0.119689775411239610058977689278
0.119777809196116899470574423958
0.119865933416527514765448358958
0.119954148210144870279059148288
0.120042453714808386444623522493
0.120130850068669650654307190507
0.120219337410108012553777712128
0.120307915877799931347880146859
0.120396585610658607423673061021
0.120485346747884719542653897406
0.120574199428918518717246399774
0.120663143793495561406636795709
0.12075217998156935472753303884
0.120841308133415245573694107861
0.120930528389530583810440589332
0.0495277757438558965952246637698
0.199931087047527322742013211609
0.194523318333230249566057068478
0.18910828388269643185459756296
0.183685973578980393794424230691
0.178256377323878500984477568636
0.172819484985351962125221803035
0.167375286412194651530782607551
0.161923771435616759006848042191
0.156464929894196913551240868401
0.150998751574226347527130087656
0.145525226280914882215355987682
0.140044343772748991483467762009
0.134556093813366500766548483625
0.129060466129106238275525697645
0.123557450465488272151048931846
0.118047036513640249411061233786
0.112529213958687368535294126559
0.107003972484661646902281972871
0.101471301761898308191334194817
0.0959311914062390691526616137708
0.0903836310692011368761455969434
0.0848286103172208039158164183391
0.0792661188012077078113293282513
0.0736961460494411774169165596504
0.0681186816183599885832222753379
0.0625337150849011730313620205379
0.0569412359341972054704861250229
0.0513412337156348361211222197653
0.0457336978847254008173628392342
0.0401186179300886680554327767823
0.0344959832976775640500655129017
0.0288657834626277060019461373486
0.0232280078075690968320010654224
0.0175826457668449356863682453422
0.0119296867185316023823871134368
0.00626912004705379270752541032152
0.000600935088951070608617732737855
-0.0050748787974916635332145453674
-0.0107583323088456511013033534141
-0.0164494361187696828963122896994
-0.0221482009566075083162317582719
-0.0278546375372806624681754072981
-0.0335687566307508247764879172337
-0.0392905689785056563834153564585
-0.0450200853671163456204418196194
-0.0507573166014386317757001165774
-0.056502273480597560439964155421
-0.0622549668651686330389516399464
-0.0680154075827855836289259627847
-0.0737836065209648006568698974661
-0.0795595745462653602952940445903
-0.0853433225709903514610843444643
-0.0911348615070061845999660476991
-0.0969342023042464168147702707756
-0.102741355919087840042891457415
-0.108556333316432898628001169072
-0.11437914548110676704606447629
-0.120209803430654876832406330323
-0.126048318202690717848568624504
-0.131894700830054056872597811889
-0.137748962362554405736148055439
-0.14361111389544461980349865371
-0.149481166521327063501090037789
-0.15535913135685747166192527402
-0.161245019539923095663880303618
-0.167138842204319487683150669
-0.173040610543509748575630169398
-0.178950335729172987919710635651
-0.184868028967751757418724878335
-0.190793701479937849452284126528
-0.196727364514214131396840912203
-0.202669029349382273652580011003
1.91450259280696447670973375022e-11
0.327791763900021182465138736006
0.267398295549955034022815425487
0.206892844252542729144295208243
0.160331272042378625286573878839
0.134973661323418370194815452123
0.0971942759033516262556773313008
0.0567716998686840779164697323722
0.0223151834510199424677079349522
0.0156470892705601709316010072826
-0.0530873468709939164145161782926
-0.0324324873445485870049331822429
-0.0660561277923708001225122643518
-0.0881042699380668870023924910129
-0.101563883424027903701336583708
-0.121069862606846032071494789761
-0.117118646697379188981180675455
-0.147235798252509320072078935482
-0.149710715524466519976698464234
-0.159129492144554518517907126807
-0.139237060807077178692381380642
-0.126142942905689420252102195263
-0.132550874769470222735989750618
-0.14742127481749475736982901708
-0.147457534748000412827551031114
-0.13052330867169986694520389392
-0.122441257796484917474977294205
-0.11628079641002039834596359924
-0.0983721268040679691635475023759
-0.0777398389897564351391778814104
-0.0822995999253920557103825217382
-0.0801191320411382551514023475647
-0.066294877336763466391111876419
-0.0456195211480317081020885439102
-0.0448075283039138447249705166087
-0.0444244815509590371127579544464
-0.00100278754299046291530161933991
1.19967980704593358534573027674e-06
0.0156250763657040450671509290714
0.0119177989780854549223265692603
0.0247450494469361424731967957769
0.0551336159048388119163774945264
0.0503237681668334893569927146473
0.0309429993277253352623734627969
0.0643177595396215162626418759828
0.0815271103431133015160270360866
0.0973194774067905887804386111384
0.100376053953791941064643822301
0.104771336152962912802166783877
0.113431773055257284488206437345
0.122928569945755100656370473189
0.13543338187285375306956325403
0.14336320919502543169699038117
0.134888087605655321299380489108
0.13882718306162644683610096763
0.131281521190606154103619473972
0.129671285450412315798374152109
0.112239857371375262307111597693
0.118832800173465147342000136632
0.111005251964476928105973740912
0.0879895006852823707843569422948
0.0775041481696263218070797051951
0.060909993225552301610026262324
0.0581991180253601247951422692495
0.00992235239631709779739576759994
-0.00618428719334470494706224030779
-0.0506526739845918824722836859564
-0.0639687296740687749707632292484
-0.100540542063060844846233976568
-0.113268551454256571897616368005
-0.187874435384272703286612227203
-0.200878326722241679069824726866
-0.251095668402348093373177562171
