3
421.203742137875622120191110298
0.11475606348926008226651873656
0.114840795017188648796668815066
0.114925612311410504928765874411
0.115010515502500451634482203644
0.115095504721441033169071488373
0.115180580099276230754412608803
0.115265741767449456101068960834
0.115350989857585808917583847233
0.115436324501578382872857275743
0.115521745831538499849067136438
0.115607253979869775695199507481
0.11569284907921495442195691794
0.115778531262478903696155896341
0.115864300662806549158112545683
0.115950157413578044951485424008
0.116036101648483505610620625248
0.116122133501409971478857130478
0.116208253106523176634290450693
0.116294460598267895834467822169
0.116380756111302718913691478519
0.116467139780574088780973340818
0.116553611741278081992412296586
0.116640172128869235024239969789
0.116726821079044723594719812354
0.116813558727820496208060774279
0.116900385211369625682031880842
0.116987300666222052147880106077
0.117074305229124431271259254572
0.117161399037084584806578391181
0.117248582227401323963000834283
0.117335854937583278223556249031
0.117423217305464622217670012105
0.11751066946911019328592118427
0.117598211566852961507123609408
0.117685843737275655507268368183
0.117773566119284439634995464985
0.117861378851958825686452314585
0.117949282074731195968375629946
0.118037275927273879738699235986
0.118125360549499555662400496203
0.118213536081630640750539384953
0.118301802664135341514040078437
0.118390160437743460764004055363
0.118478609543496413158969460255
0.118567150122666900569079473371
0.118655782316801419740137646386
0.118744506267756913531208340373
0.118833322117620987512509600492
0.118922230008769030940030120291
0.119011230083856792139052060975
0.119100322485813009398825101925
0.119189507357856841474053055663
0.119278784843435209372941585571
0.119368155086304689183052119006
0.119457618230525239311212715165
0.119547174420403051753325485151
0.119636823800512104298832127824
0.119726566515728799489082234686
0.119816402711198088937294414791
0.11990633253236415711739937251
0.119996356124930175779397245606
0.120086473634875040561453829469
0.120176685208499126056302941379
0.120266990992349678823991609988
0.120357391133255275939006878616
0.120447885778359992103858644441
0.120538475075072898379247021694
0.120629159171082259160989735847
0.12071993821438342653351583067
0.120810812353236790572807990429
0.120901781736204957939939674816
0.120992846512126744906723274653
0.0367501867892116029779003838485
0.199934164539773140401024420498
0.194529075955149260979126779603
0.1891166491339535959959050615
0.183696873841390773129944591346
0.178269739830376139355649911522
0.172835236797154373489249223894
0.167393354471010141759634848313
0.161944082550912055173952808218
0.156487410684069960797870635361
0.151023328554120928046700100822
0.14555182579614253657318556634
0.14007289201174472070832166537
0.134586516858748922453870022764
0.129092689885469069643875172915
0.123591400685423916105953878741
0.11808263883937966665094165819
0.11256639384660592495546183045
0.107042655268442948868212738489
0.101511412589518401627941557308
0.0959726553269359683451256159969
0.0904263729332681481798417166829
0.084872554883515083368195064395
0.0793111906066415184302087482138
0.0737422695496099123158018073809
0.0681657810949523879084921418325
0.0625817146505318888660696075021
0.0569900595848117919040021206456
0.0513908052605731788253784486642
0.0457839410187131160001605678644
0.0401694561639268088448773141863
0.0345473400216764828241089446692
0.0289175818884804154695888911419
0.0232801710169422033935848759256
0.0176350966648137971737320128796
0.0119823480789577330174466851531
0.00632191446915009776924554429911
0.00065378504281062585577061208042
-0.00502205100912369618859631970054
-0.0107056045146595724126825643907
-0.0163968863363665035004501646654
-0.0220959073341135958656877846806
-0.0278026783954572233314994633702
-0.0335172104021243325022716419426
-0.0392395143017392061812742554139
-0.0449696010251711200678137458908
-0.0507074815162395220458080302706
-0.0564531667440466775054197512418
-0.0622066677066540965612695401887
-0.0679679954075419617831599339297
-0.0737371608570403791471647991784
-0.0795141751354391246309205598664
-0.085299049265964418942154168235
-0.0910917943330428747650273635372
-0.0968924214463324912083308504407
-0.102700941706242901418910662414
-0.108517366265878170694669790919
-0.114341706238104273696265522631
-0.120173972802844114537990094504
-0.126014177184119835484210625509
-0.131862330532740518185264022577
-0.137718444097001124770685009935
-0.143582529112428303186277389614
-0.149454596836975428519878050793
-0.1553346585310687588687983407
-0.161222725509836101176475153807
-0.167118809076648444644774826884
-0.173022920570561566933065478224
-0.17893507132315392138544041245
-0.184855272714989526949835862979
-0.190783536126256481058049985222
-0.196719872968058401285773584277
-0.202664294659686800015307994727
1.68047599348595178527673438533e-11
0.320945482790638780823400111331
0.270494473366439891481860513522
0.19649892211515079809558415036
0.17088454650541884394243652423
0.119011630335010151759966845475
0.0882815563019752752582647303825
0.0348696701423830551780369546577
0.0384622378213291399307038886946
0.0140635431175879614673629447452
-0.0217362762536422171599781449913
-0.037485566645661702600555997833
-0.0806547240381718100188379594329
-0.0940223547433506612325260221041
-0.0841142730000302013548818536037
-0.113071753367117874833347457297
-0.117486537723106007624629398833
-0.108423871979227495754294352537
-0.135607632567803226830704943495
-0.138371172961220562092066188598
-0.147506860893150126834427737776
-0.161594461262114852395654907014
-0.116314859543363874339050312301
-0.137767947371594534633487683095
-0.128211024030463305312110833256
-0.120025772123635202093261398204
-0.131447853568127659418252051182
-0.113334253949333496613860461366
-0.114308028592097238318459062612
-0.110061521213874149993650064516
-0.0949181912305328695511619230274
-0.089672828281060851240980014154
-0.0867715473829600986155341502126
-0.0746758423817904526398336884085
-0.0309242198859249958764472410166
-0.0416496521439787686924560716761
-0.0143988482289119715251679565426
0.00859255885650021464239323165657
0.00696361396109484390853916480069
0.00615210369663437769971459090357
0.0456552480292307175102628491459
0.0215669259043678070153493564476
0.054451985712127358441048130544
0.0698434167778190923003833745497
0.069408630033949217374988904794
0.0860159805145956080085767325727
0.0928170790977536491750399250122
0.109542625448407135446693416725
0.116860089670407021888998144732
0.112636240570732473753601254884
0.123990240549084515531141903466
0.11775315640048351906177259707
0.117616622875067952658234560204
0.154530164869052549780903405008
0.14020900764435700880383706135
0.130569906771364818709457722434
0.12711274693644628031030663351
0.121589142844546443944508951063
0.113709693880871917648356372865
0.117388502346972886658527102099
0.0806765995058028317910014948211
0.10530873893597621215878490375
0.073912038346190575555105795047
0.0624877657293487973055867712446
-0.00715283409486102035590437964174
-0.00981844656337596197182016055649
-0.0344780412069641203909320381626
-0.0682505085587366833177469516158
-0.120988486781500911848574730811
-0.132909505294562163557614553611
-0.155791632704525923047711444269
-0.203128266928360695642297173436
-0.263757768644643286748419086507
