3
569.789303590882013850205112249
0.114175822722447709023363415781
0.114276056738868245221674158074
0.114376404272064122191743251733
0.114476865526371124337501328228
0.114577440706548183690927089629
0.114678130017827825670728714158
0.114778933665833957067370363347
0.114879851856702408507970858409
0.114980884797007687492254035533
0.115082032693748184670745615676
0.115183295754386613718445175891
0.115284674186846194943179000347
0.115386168199514388410520382422
0.115487778001223923007856342338
0.115589503801265480742443969575
0.115691345809375567554866393039
0.115793304235773511501328414397
0.115895379291150055212078484601
0.115997571186603157245009754206
0.116099880133754856936789678912
0.116202306344648245706174805036
0.116304850031830303569435614008
0.116407511408271824304705432951
0.116510290687439635459732301115
0.116613188083281998919105149071
0.116716203810178040245482122828
0.11681933808299914401285235499
0.116922591117095117652091573746
0.117025963128278884251010083517
0.117129454332842150576787787486
0.117233064947560347568433769538
0.117336795189676559858504845124
0.117440645276903149474279075548
0.117544615427443460697887189781
0.117648705859998439771096911954
0.117752916793709749843088729904
0.117857248448246118566196116717
0.117961701043713146352942544581
0.118066274800746259798778226013
0.118170969940450634738660085077
0.118275786684411410298878308822
0.11838072525470356988197551118
0.118485785873915949739654251971
0.118590968765084694980238566586
0.118696274151791347772899598567
0.118801702258064231787493270076
0.118907253308455085338835033326
0.119012927527995665544224834775
0.119118725142244225034815485742
0.119224646377214263393007342984
0.119330691459451451730267024232
0.119436860615979370536798853664
0.119543154074352245275214556841
0.119649572062618905765596366564
0.119756114809310892921345725881
0.119862782543478735286512915081
0.119969575494706909291053875677
0.120076493893043131921949395746
0.120183537969076673079804606914
0.120290707953905742777500620377
0.12039800407911555035767037225
0.120505426576841129238104599608
0.120612975679704151343862861268
0.120720651620850827345776679067
0.120828454633954265884376866325
0.120936384953200665171024752453
0.121044442813290409333149000304
0.121152628449440816216231553426
0.121260942097429533226282671876
0.121369383993498183849091276443
0.121477954374460975217608904586
0.12158665347764766040405959302
0.109844473493306837852401258715
0.200003516550672888474338151354
0.194620593913501033211943536116
0.189229734551992934132869095265
0.18383092705141290679193843971
0.178424160005608734014259653122
0.173009421971682036955897387998
0.167586701492638739940943537476
0.162155987101896048585558673949
0.156717267289538636498846813083
0.151270530572590461426685237711
0.145815765391994367483619043924
0.1403529602235674689225675138
0.134882103490632287989825499608
0.129403183606058208576783385979
0.123916188972824373171199852095
0.118421107965969357733726496917
0.1129179289526665574960873073
0.107406640263056782358397356347
0.101887230229060099517823800852
0.0963596871506068319845894620812
0.0908239993128798078769747803562
0.0852801549867073932498229282828
0.0797281424133594873726593732499
0.0741679498266779174686647024828
0.0685995654349820932482728608193
0.0630229774242172940956763227405
0.0574381739840528898755067643833
0.0518451432449625534970572005022
0.046243873363750208349554071674
0.0406343524365709238277410975115
0.035016568572960087013523633459
0.0293905098453532132030119328192
0.0237561643111953539608816043938
0.0181135200067352453157099034797
0.0124625649586708291127745695803
0.0068032871645922355502422718132
0.00113567460628675250162988863423
-0.00454028475535805248197718242409
-0.0102246029763537107232229672604
-0.0159172921300742564731933725852
-0.0216183643191472513178652548049
-0.0273278316580930248635983303984
-0.0330457062730505693459726046513
-0.0387720003343039881782416955502
-0.0445067259960708616617353072797
-0.0502498954625905588922130107221
-0.0560015209526027527009439666017
-0.0617616146906527704874001472035
-0.0675301889253305531735094291435
-0.0733072559372864862581309353118
-0.0790928280121895171950185954302
-0.0848869174750849081467762857756
-0.0906895366399971536441881880819
-0.0965006978621999883527493580004
-0.102320413517320088492290608428
-0.108148695997772437138451095961
-0.113985557709334273113199742511
-0.119831011085589841935750143875
-0.125685068579335368355032187537
-0.131547742653903759757483271642
-0.137419045812981088783288896593
-0.143298990562934075443379811077
-0.149187589427316080747942805829
-0.155084854966579005486337905495
-0.160990799752153218582506610801
-0.166905436373125881654999602688
-0.172828777444626491277546165293
-0.178760835599242329241320703659
-0.184701623487986077432054798919
-0.190651153790611371796615003404
-0.196609439195730401062078840368
-0.202576492417281595059819210292
1.17079581010969586214357200428e-10
0.304527659949240470105280564894
0.25426494683615619152305953321
0.210161122002359423976969310388
0.171172441262825686392190505103
0.132794262429791615209850874635
0.0940424933511518207351898013258
0.0624985902435295573309481653723
0.0338767951424071220301037499212
0.00457233977769444261546327723522
-0.0213181981079994808947475348759
-0.045768341602712897531191060807
-0.0618746013850942980227820555683
-0.0794406750789976995319463526357
-0.0929701216888413756178621838444
-0.107649909180046590706503195634
-0.120406948620070147759619771932
-0.131804736253541054935567444772
-0.13419007835733703926095472525
-0.137138034426317834135744533341
-0.140745889822633696297771166428
-0.145523387604481080348506338851
-0.143356483813919494130217913153
-0.145406578852790679956541453066
-0.136588857702268667848599648096
-0.133816952046868303805027267117
-0.126717085643870047695358493911
-0.122258682244735947253211350016
-0.113560502445375757774037595027
-0.102514579191956264891949501816
-0.0954410467375977483728277661612
-0.0808700374667329496825018964046
-0.072943204681255938148787265618
-0.0623603415415411865829753423895
-0.049713158522755360180234163181
-0.0362124343110173801951745531369
-0.0215469836596747475743196531539
-0.00941629748188922525986566114398
0.00351938545200243925806238287635
0.0165996626056716146957459301348
0.0278049915463247677982483452297
0.0379640307899835813265632111779
0.0566957034402610082768347865567
0.0647516437194382149522553504539
0.0736849104578560232248207739758
0.0849533235283097265533314157437
0.0976680643644440710238185943126
0.107781431465400256985986970903
0.113931100653872768857510777707
0.124448984851926819361622733595
0.126839349205308621337806584961
0.130229968352712971446649703466
0.13437159565945652750507122164
0.135060095239019850588135795988
0.135402213127421566785102413633
0.133978959384797174925196827644
0.127943431504432575396279503366
0.122594311407582132189553192347
0.116061264097179303589335574998
0.106737805632918805742725965047
0.0931300744844669597943820349428
0.0774891811162179977579000933474
0.0624358367720113244248025807792
0.0468541814300011891236685812601
0.0201496025906463711863114696143
-0.00440281600572211238853181924924
-0.026662369675923714568144262671
-0.0617365561766921935871188509282
-0.0967668081942131552697361485116
-0.130243928596400659891685336333
-0.17676708918600644859786541474
-0.215469964035450850525776900213
-0.263339999755730524988450724777
