3
20.0315069946351620444602303905
0.114457222600914634846880346686
0.11454994989884333123075776939
0.114642776939210475073416262148
0.114735703889117357512361650151
0.114828730916021998220699629201
0.114921858187727252142984468719
0.115015085872359396068631554044
0.115108414138438072682468771291
0.11520184315476923730958702663
0.115295373090569169827190876276
0.115389004115367274638792594033
0.115482736399037375085718792889
0.115576570111855347899876278461
0.115670505424390432369641246169
0.11576454250756398889343756764
0.115858681532712587403111115236
0.115952922671478400595823643471
0.116047266095864867740949932795
0.116141711978251169212761340077
0.116236260491315968046421858162
0.116330911808184819800082721031
0.116425666102274449897890917782
0.11652052354738208495010809429
0.116615484317678860803901841336
0.116710548587659543318117982835
0.11680571653221934191879682885
0.116900988326614871382069793526
0.116996364146435966047121723932
0.117091844167665826148549967911
0.117187428566597973134122412375
0.117283117520017923784969582357
0.117378911204929770040195080583
0.117474809798804633031998889692
0.117570813479427341285976638119
0.117666922425015779696266804422
0.117763136814077171155012990766
0.117859456825550906744481949318
0.117955882638720851995906002685
0.118052414433268540450150396737
0.118149052389212971814203001486
0.118245796686984303014433805856
0.118342647507369336246085822495
0.11843960503154980778983684786
0.118536669441063530205937581741
0.118633840917798633052271384258
0.118731119644118643385866107565
0.11882850580268090878721665149
0.118925999576551671976787361018
0.119023601149152613576376325
0.119121310704362382004717346717
0.119219128426381285046353752932
0.119317054499798902433838065917
0.119415089109594141358883234716
0.11951323244115120980612942958
0.119611484680243865263982172564
0.119709846013000706377304993566
0.119808316625966762569710510888
0.11990689670607877770347471369
0.120005586440657577296242664033
0.120104386017403155784144530571
0.120203295624431188981517948378
0.120302315450236049776400193423
0.120401445683731983526953968067
0.120500686514177113295431809092
0.120600038131285752784904730106
0.120699500725151440128080082559
0.120799074486237473236016626288
0.120898759605442052134094410576
0.120998556274039339997194986154
0.121098464683723774926171756761
0.121198485026610763837240369867
0.121298617495147864620008704151
0.00280875387490860019962246596492
0.199962319333188170977777531334
0.194569283108006807481160649331
0.189168582999574674818887842775
0.18376020811077226069230050598
0.178344147567437549817270792119
0.172920390441120480629066946676
0.167488925802284110977424802513
0.16204974269185970503492910666
0.156602830151604449637758875724
0.151148177187201415705430918024
0.145685772805294488918548267975
0.140215605972036722048912338323
0.13473766566273470690617841683
0.129251940817310118081451264516
0.12375842034854027395862630101
0.118257093184929787388348643162
0.112747948205087822337588931987
0.10723097427894007216409022476
0.10170616027829865180009960568
0.0961734950206779154457947811352
0.0906329673378742373124339337664
0.0850845660251920155037197446291
0.0795282798654061567900086515692
0.073964097629990510629482969307
0.0683920080623913462236629356994
0.0628119998967071740958445502656
0.0572240618372831105764575454486
0.0516281825858822679409243505688
0.0460243507994425662954718347919
0.0404125551631231566540591870762
0.0347927842881153998044752029273
0.0291650268137090551423540318865
0.0235292713281592333340874745318
0.0178855064235607930100968587794
0.01223372067623162626204269543
0.00657390260163455680125776936507
0.000906040756501754135712745075182
-0.00476987635711712942149231864164
-0.0104538602472801830239879095075
-0.0161459224406698548248684232931
-0.0218460744934104202086277979333
-0.0275543279540136458460874990806
-0.0332706944070647325784051417941
-0.0389951854528940294875027916532
-0.0447278127226535121563344432616
-0.0504685878470552476415811327115
-0.0562175224856669500383965498713
-0.0619746283130204467237689414105
-0.06773991702335277476088037929
-0.073513400337636383707895504358
-0.0792950899763215505400282268056
-0.0850849976934986290677542797312
-0.0908831352728196179002750909603
-0.0966895144846899035062648408712
-0.102504147155766861532200096008
-0.10832704510309472401008434872
-0.114158220172390884039614888934
-0.119997684237156704289972708466
-0.125845449174887547005852184157
-0.131701526901433219052250933601
-0.137565929320063701224441388149
-0.143438668398590901675859754505
-0.149319756075024873132051084212
-0.15520920435166923878611555665
-0.161107025211703891454106951642
-0.167013230696925557561272057683
-0.17292783282456933302562163135
-0.178850843664512593189641620484
-0.184782275297007275716154595102
-0.190722139815297175857722322689
-0.196670449338219061052868141815
-0.202627216005791782604816830826
2.07090243251279337166687600487e-12
0.306107389724653677909316229488
0.256700329728098919357393015162
0.218687419981877323449381833598
0.16412431908328678487052343371
0.138694822426318725705485235267
0.0876481086493507283163850729579
0.061960397811208538232374820609
0.0293148496004906576606341417346
-0.00240345826231122159863384801781
-0.026922146800608073857752344793
-0.0389175701130498596924667253916
-0.0654307570711826630427410123048
-0.0795905955587302843534658336466
-0.0985144555406430727506617017752
-0.105968351120995077363495795453
-0.121577544989763156046969072577
-0.130678498736235021437934733513
-0.13153324806957827908249214488
-0.140487066273428218288188418228
-0.136046686835016084060612229223
-0.139060247529482067241346499031
-0.144213249589321218513404687656
-0.137155052819164097188675555117
-0.140475460044821087723931896107
-0.131846462946552334116745441861
-0.133466833702296255870223262718
-0.117040140320758906389286835292
-0.112127917068863089400387877959
-0.0930012371442637680862830507067
-0.0958242099739103070366041947636
-0.0847249542185379705960812657395
-0.0740104738402011380626888126244
-0.0611922059085052497118262238018
-0.0445012629556138378239538155867
-0.0409176359047561666315573347674
-0.0236929403754010774185712051576
-0.00737185349334650800307011664358
-0.000192478440497869350556126022411
0.0220349369481634901890565458871
0.0301308638832508031424328720504
0.0385049415932824726227501344056
0.0506789266143208294579380890355
0.0589358265875465081595763194855
0.0737660754442896887672631578425
0.0867732671496543733757889071967
0.100342288092806194987893775306
0.105593333003184242091521127804
0.101504835805165449791331866436
0.119717768613256420051627060275
0.126374914407044736108787219564
0.133059345626918262839311069001
0.13788550013308717434590278117
0.136942651290711592260151974187
0.142055484691220673676426144993
0.129532283426827016237226075646
0.130260282807977301189339414123
0.126315686843687019491611067679
0.115630463180555462243681574819
0.100324725154564628470943432603
0.0902241852697532320526363491808
0.0804939508591199781584180072969
0.0648114235219962864231746380028
0.043964747687996991176717642702
0.0279769025088428789638239635451
-0.00680046454406607343151636158041
-0.0278467978972192879705271906232
-0.0613758720431067106293454571642
-0.090880069137340632745569735107
-0.130236564010579425332281289229
-0.172322379673849918058081698291
-0.219553059196554850585059170953
-0.269128838324499075618234655849
