3
85.1931323674050275940317078494
0.114509054841805929525477836251
0.114600397118112637406817100327
0.114691836663089449799279861963
0.11478337363725747699572110605
0.114875008201503203686399956496
0.114966740516994944676376633197
0.115058570745305566163096955279
0.115150499048250434808160491684
0.115242525588042071804650845479
0.1153346505271815314319638901
0.115426874028551548767573819987
0.115519196255284312124800294441
0.115611617370938696280902036051
0.115704137539315909943837823448
0.115796756924656102372139798717
0.115889475691438675886146825178
0.115982294004533040276960775827
0.116075212029145502512506027415
0.116168229930782490599838752132
0.116261347875301526699765020112
0.11635456602894504729572844326
0.116447884558249184494549410829
0.116541303630107770383794729696
0.116634823411738183795982592983
0.116728444070721443237559356021
0.116822165774976741148272196824
0.116915988692756406264194879441
0.117009912992676101683997558212
0.117103938843703417327368754286
0.117198066415108645421661037744
0.117292295876545202282237312374
0.117386627398008494549408453622
0.117481061149865950721249419075
0.117575597302788353859526182532
0.117670236027800398370679602067
0.117764977496336076256966407527
0.117859821880127599302845453622
0.117954769351271415711579493291
0.118049820082226503137334816529
0.118144974245802530932181184653
0.118240232015169852153313456711
0.118335593563842059183777166709
0.118431059065704363808535504177
0.118526628694979749290006054707
0.118622302626284273352474940566
0.118718081034562703002244177242
0.11881396409514893841574689759
0.118909951983696166033510621673
0.119006044876255392961361678772
0.119102242949242390079866993347
0.119198546379403177986056050486
0.11929495534388939725900513622
0.119391470020195206158675205188
0.119488090586172601703651707794
0.119584817220058176046038056484
0.119681650100482067644591666067
0.119778589406370650216615558747
0.119875635317107057109531353944
0.11997278801236034573296507233
0.120070047672249324843818385489
0.120167414477210188206157681634
0.12026488860807132974528599334
0.120362470246036537546707734236
0.120460159572720687526370397791
0.120557956770015448078048336811
0.120655862020309090354430736625
0.120753875506284219509822719374
0.120851997411039746577188225274
0.120950227918046299135923504764
0.121048567211133148435742157289
0.121147015474569338944199614616
0.12124557289293209916269944415
0.0111399940394456675035739223745
0.199956109319594371731554360849
0.194561094019394614784701502685
0.189158468270014479273299912165
0.183748221305264247682487166458
0.178330342311269290922481900452
0.172904820484790666679231208036
0.167471645002722852035859091302
0.162030805002736172371058387398
0.156582289643273253609834227973
0.151126088022361271256954751152
0.145662189245805318016380169865
0.140190582410009284552998565232
0.134711256576805160634080493764
0.129224200781018566663860269728
0.123729404064612510949494605939
0.118226855442554026898172025994
0.112716543910402144934579382607
0.107198458450900160898733304293
0.10167258801196184248016862739
0.0961389215476069203258902007292
0.0905974479858773495966062228035
0.0850481562255720885401544251181
0.0794910351688963567884371741457
0.073926073676285342095582109323
0.0683532605994624786749369604877
0.0627725847855494095695050305039
0.0571840350510604070177755886561
0.05158760020007731317281951533
0.0459832689968934227309205198253
0.0403710302364280806952656632802
0.0347508726413966254065179839472
0.0291227849442698347171010198053
0.0234867558667098200175793465405
0.0178427740903161734242754477009
0.0121908282993953096667860691582
0.00653090713137919297304190280329
0.000862999243345380774410091628823
-0.00481290674721093596211130005713
-0.0104968222486643801560912692139
-0.0161887586708794883882944759534
-0.0218887274602932134504040817546
-0.0275967400587771617692656178633
-0.0333128079377133651250986190462
-0.039036942593038338744637627542
-0.0447691555333206980815674569385
-0.0505094582908278966204562721032
-0.0562578624074200686622226896816
-0.0620143794439468251655789288179
-0.0677790209967889939468577154003
-0.0735517986568279824588501014659
-0.0793327240382103310301076248834
-0.0851218087953187207972405303735
-0.0909190645867846980454629601809
-0.096724503091427799228441131163
-0.10253813598883106117387598033
-0.108359975005398123659716702605
-0.114190031882734160939563139436
-0.120028318359679114779581254879
-0.125874846214670932376122891583
-0.131729627245620872777465137915
-0.137592673243960905704597053045
-0.143463996053887515857994117141
-0.149343607521784549341248293786
-0.155231519517538107955090254109
-0.161127743915756571624342541327
-0.167032292629236467362829898775
-0.172945177599622829101022603027
-0.178866410745941395443736610105
-0.184796004036325733910217650191
-0.190733969469954273145972933889
-0.19668031903295632445427543189
-0.202635064754649291129950938739
7.71728889698536034918760608782e-12
0.312778022625235851972291811762
0.255675295867033414154434467491
0.209167463810554898895333053588
0.170473355663476461296923503141
0.127434798424931772231616378122
0.0974137500071150796987495823487
0.0578217753967132930270622637181
0.0257064496651141297101084148835
0.00330865365863491304315724406138
-0.0213980888029635177294274228643
-0.0464903119316567997598710348939
-0.061037945669779339330496270577
-0.0801653661595552041729817460691
-0.0977987308871036409296806368729
-0.111855739887961325162990533499
-0.123411842462111925877721319011
-0.122837416069086727277159809546
-0.129268104285718526957893459439
-0.140967590006479071007561287843
-0.140711454399905760981326352521
-0.145453907952422550886595331576
-0.140122638231864493629785783924
-0.136470450122849501495281288044
-0.13785586049831857757830277933
-0.128451002735704228330249065948
-0.125587913557246022566715737412
-0.119789187744672259716693929477
-0.110483653469441597816391720244
-0.106746158597444448790092508261
-0.095830082437297736674963744008
-0.0802124568609970389765351228561
-0.0685290853590480447676824837799
-0.065820629305919808871294662822
-0.048018007534952673875938700121
-0.0355146494268416546002953282368
-0.0288254091134590648137780988236
-0.00915262985598772581263826708664
0.00729752521470773685141608666527
0.0113181189786063819691097620534
0.0322848392139117520982516396089
0.0347769597296548119147452382549
0.0570329369892042525869157998386
0.0632702916698500428260842909367
0.0753475541848090540897331379711
0.0837333619865877759602668106709
0.0960160918120145229215367521647
0.107231879380927763723008183661
0.110037826538164032474931275374
0.118330022779501761731602016425
0.127130753866656426298575865985
0.128656118660590679247945899988
0.138734800716067141479470592458
0.128295107384930912042264594675
0.142003339133904671331976032889
0.132897472747071698773169146079
0.127284862084096672685262774394
0.127230829477382428871479191912
0.113956505506367433699921321022
0.104334400094407558912124045492
0.0909214126382415360749789101646
0.0820493682808926816374395230014
0.0714619987110452353773482059296
0.0406092170791398018869777786222
0.0284744488071486841207491380601
-0.00710985904584572787900942358874
-0.0285569915707993629561123327676
-0.0566087527216735733603947267056
-0.0967045284845765018566510207165
-0.132474479663737210177743008899
-0.176471541014404292857520317739
-0.214140273623709187500452344466
-0.269581399802382382091536783264
