3
474.900875293803551357996184379
0.11448927512543548290491202124
0.114581146027471311721335212042
0.114673115139805145701323851881
0.114765182625442579977814716585
0.114857348647776386085794797509
0.114949613370503953002632613334
0.115041976957668865000350422179
0.115134439573628150066397779483
0.115227001383141514079255784964
0.11531966255123758668954536688
0.115412423243291817342992544582
0.115505283625058088881054629837
0.11559824386258769901569820604
0.115691304122296959033810992423
0.115784464570945377914767959737
0.115877725375621298820050242284
0.115971086703756789959562922832
0.116064548723154692400072462988
0.116158111601908795029736154447
0.11625177550852440477857641099
0.116345540611796846586223352915
0.116439407080901363711333829087
0.116533375085332929765868925642
0.116627444794995926979908063004
0.116721616380057138795400817344
0.116815890011088954758555757962
0.116910265859038062230546017872
0.117004744095124471603419635812
0.117099324891008160776095792244
0.117194008418629216916606594623
0.117288794850335775787897318878
0.117383684358804071812265590324
0.117478677117075436253657017005
0.11757377329852555791767088067
0.117668973076935842736467918712
0.117764276626411312776099293842
0.117859684121408278545395376113
0.117955195736783091664534595111
0.118050811647703896012373547819
0.118146532029756612391935277628
0.118242357058841576766816672261
0.118338286911228038333909751145
0.118434321763601649313280006481
0.118530461792960201128366293233
0.118626707176661058684707938937
0.118723058092472258384653116536
0.118819514718513749573780557967
0.118916077233247291511375465234
0.119012745815539139337957408316
0.119109520644644431563996533896
0.119206401900103758917381924221
0.119303389761921008194178739359
0.119400484410436075188854943008
0.119497686026355090516126722378
0.119594994790780978499711295626
0.119692410885167091483261003759
0.119789934491378854963805622447
0.119887565791628819544811790365
0.11998530496850715043599677756
0.120083152205006357671202010806
0.120181107684479662744969630239
0.120279171590680578063370376185
0.120377344107732237032948319211
0.120475625420137844034940144411
0.120574015712812732115111202802
0.120672515170997030065080934946
0.120771123980373790152142987608
0.12086984232697982333260000587
0.1209686703972729648892681098
0.121067608378077437580877528944
0.121166656456591595447669362784
0.121265814820453940447997354113
0.0638072894673178125923840298128
0.199958421496410021500622633539
0.194564166285844386550252238521
0.189162280090675705146452401095
0.183752752111539546797658317701
0.178335571503999507081417164045
0.172910727419824744588439102699
0.167478208992354465900476157003
0.162038005328606182775530442086
0.15659010552865904042363354165
0.15113449866796996312601208956
0.145671173812346232967485093468
0.140200120003583700301064141058
0.134721326264785584703176368748
0.129234781602355075502686077016
0.123740475021724624649088752903
0.118238395478247326764176250435
0.112728531932137596149878788765
0.107210873333159831255478877665
0.101685408597670820518565903967
0.0961521266114701705918221819047
0.0906110162763918286499276177892
0.085062066450531631511822183711
0.0795052659996902250094663600066
0.0739406037250736197785627723533
0.0683680684630823126690657431936
0.0627876490087415778384993814143
0.0571993341221516543582126246292
0.0516031125937223208999249379758
0.045998973130422025901165028472
0.0403869044743759286753004289494
0.0347668953263590291280493715931
0.0291389343727665763028600309781
0.0235030102769954174490862897073
0.0178591117086520645429459364095
0.0122072272836588717470629461559
0.00654734562117744584019973785871
0.000879455315474975260134349319685
-0.00479645505751394047450064661575
-0.0104803969250371886712258628904
-0.0161723817817767817617280456943
-0.0218724210629274162798196812219
-0.0275805262850235578808710812382
-0.0332967089673667573923587781337
-0.0390209806350999277579916224568
-0.0447533528478024286711978163567
-0.0504938371586373738186814819073
-0.0562424451721850390817358800177
-0.0619991884970155157641436005633
-0.0677640787490411955484859163334
-0.0735371275713249256122949759629
-0.0793183466517162899522830343813
-0.0851077476530039678248584777975
-0.0909053422784475706475149081598
-0.0967111422478091897758645245631
-0.102525159310176777749390453209
-0.108347405219766948492043923125
-0.114177891750148904903561231094
-0.120016630701350060506094052926
-0.125863633873109892480357530076
-0.131718913130953296786174178123
-0.137582480306797566571574975569
-0.143454347279789257152415871133
-0.14933452593845020217599994794
-0.155223028195757062341897380975
-0.161119865981535298482540952136
-0.167025051247567002388194623563
-0.172938595969630376503189950199
-0.178860512130153165299972783941
-0.18479081173013225947165949492
-0.190729506803059917219300700708
-0.196676609401541357957654554411
-0.202632131584352420672345829189
4.62318706392825800247509300703e-11
0.313819875924671143341271317695
0.247143255558214092193480837523
0.215675854052088750156812579917
0.171997914789317779549193687672
0.126780804720982631650372240983
0.091356573196684179305471218413
0.0615813551317719448663368098096
0.0364142167509065584063421283645
-0.0063129218579993052681831322559
-0.021936306600854472981243503682
-0.0406559828266251505057837789536
-0.0572533576926804108064850140636
-0.0857078253129778672159133634523
-0.0949803390504676964267716243739
-0.110736647301307750135279661663
-0.117076216203404664950582514393
-0.131709947283697503817023743977
-0.140624275083779087802682283836
-0.132929111739938737857258388431
-0.12886507656023390988586641015
-0.143712883776135752489366836926
-0.143123328360969137573732723467
-0.145327234264722326972929522526
-0.14033304592910192387655854418
-0.137446259905338069584601612405
-0.124332825118940143438450718349
-0.124281432427334748158642696581
-0.111693120201607251629205563859
-0.102652525194287483345512157484
-0.0919439521941326498577495840436
-0.0886645035775840278935433502738
-0.0625005375134458363017841975307
-0.0640006363043412462854320210681
-0.0462069230239604486487614565249
-0.0433212651189440606236402686591
-0.0215762227191962363548327630269
-0.00998410179088136083558335798216
0.00681203511455018544812345382411
0.0213312280432103665295251460066
0.0214761979149940135380703054579
0.0437623175753411169930373603165
0.0470308872299434882480184683118
0.0657988229992812340141128402138
0.0774248126606283115780371417713
0.0979733922636354670476777073418
0.0975628343470887476884811917444
0.105418855697091654044506014998
0.110314429452205153836530371336
0.117196583460125444697830232599
0.132107784813275230817453120835
0.127563585558089914728796543386
0.138366146402557815831002585583
0.135878421305670321617142803916
0.128085518958990979276890698202
0.124885895399503343838887303718
0.131625025820622909566992575492
0.12053681860107284817829054191
0.110369876917247242142927632358
0.11560715996154356799419105073
0.0954491992589332621799158573594
0.0783940169369385653208581743456
0.0614153247953228842437312096081
0.046871110223537189309883643773
0.0230322905596145113826800354673
-0.00472088646688654123978468035716
-0.0289115895646450057898668717371
-0.0630295217523555856287131859972
-0.0945531364295240511763651625188
-0.131204715550501449516929142192
-0.172447182810712529299479456313
-0.219840836681807982877501217445
-0.262420009855930502773446733045
