3
47.5112430170544470797722169664
0.114197234634716787704533658143
0.114296898195349758142747020884
0.114396674204781445549627960645
0.114496562864423528926849371601
0.114596564376092308057408786226
0.114696678942076205065525584814
0.11479690676508869096039688884
0.114897248048286257371408680683
0.114997702995274189707863854437
0.115098271810093813471986834429
0.115198954697236607969124122519
0.115299751861638974381740752051
0.115400663508702774895375853248
0.115501689844206667512338526649
0.115602831074494899477045350977
0.115704087406262506876331030981
0.115805459046698880354320237984
0.115906946203443786402864645879
0.116008549084576376153599142071
0.116110267898640567851842320124
0.116212102854642701510456959113
0.116314054162043989393282572564
0.116416122030762528294367541548
0.11651830667113960426917174118
0.116620608294041472330349051845
0.116723027110748320267497035729
0.116825563333036938629128087541
0.116928217173103615733609217386
0.117030988843647057451313742149
0.117133878557834136824311599412
0.117236886529261008504931851348
0.117340012972032059490601341167
0.117443258100688618927875950249
0.117546622130283079377122135156
0.117650105276295782741335926858
0.117753707754712624855564229165
0.117857429781968392479285512309
0.117961271575006104717076027555
0.118065233351190915223050126315
0.118169315328429530564946503546
0.118273517725071039552453555643
0.118377840759950461735350302206
0.118482284652368485833306976929
0.118586849622143719606981449033
0.118691535889547422621959071876
0.118796343675374463377814038267
0.118901273200819182496168480156
0.119006324687662173866797843402
0.119111498358152823051625546213
0.119216794434939973856835138122
0.119322213141305713546280742321
0.119427754700924954045504478017
0.119533419337960314376978487871
0.119639207277127762596435900377
0.119745118743615541756497577808
0.11985115396308602953023836335
0.119957313161741879747879124807
0.120063596566233665718925749388
0.12017000440373704073238059209
0.120276536901976371929379183712
0.120383194289082132155677129504
0.120489976793769562601887912479
0.120596884645211968600797547424
0.120703918073126123533533871068
0.120811077307710526551609575563
0.120918362579686453073257723645
0.121025774120282675339055344921
0.121133312161233533399418149656
0.121240976934766403472210072323
0.121348768673674112239524447432
0.121456687611218305811178197473
0.121564733981226399950337224709
0.00896660604202969939435785562409
0.199999991190538101148987948363
0.194616332033670014212134447007
0.189224756000502952746344931256
0.183825251734663103198030853491
0.178417807844791970195430508284
0.173002412933534577277328025957
0.167579055590147713017401542857
0.162147724367272760837010991963
0.156708407815667416507210418786
0.15126109446467411734360553055
0.145805772814614015286949211259
0.140342431365484854310921036813
0.134871058586259723321987280542
0.129391642923862043579319447417
0.123904172818815452861151982233
0.118408636693799515504643693475
0.112905022936484994433570250294
0.107393319934302677864934594254
0.101873516044552386849986191919
0.0963455996065580994036636752753
0.0908095589434056993383137523779
0.0852653823682401196260016718043
0.0797130581604659077532559763313
0.0741525745934811103543538024496
0.0685839199146292266551228067328
0.0630070823415439518200287238869
0.0574220501049011455840798134886
0.0518288113838417940915093140575
0.0462273543584169055442600893002
0.0406176671666781258229761419898
0.0349997379665151348016038923561
0.0293735548657046013909521775531
0.0237391059642453258748950872814
0.0180963793300733186142359443238
0.0124453630293740943879576832387
0.00678604509889684480439253633222
0.00111841356610055549757054560445
-0.00455754357346359589148176993945
-0.010241838337902200647966388658
-0.0159344827615206345583498404039
-0.021635488905132949088994109843
-0.0273448688379882148824506771234
-0.0330626346562082409907823432604
-0.0387887984806531069259527555459
-0.0445233724451686296852415125613
-0.050266368688342839832206010442
-0.0560177994077409313611326524551
-0.0617776767791079761682482285323
-0.0675460130181933238180391754213
-0.0733228203621976576398466818318
-0.0791081110562289469001484576438
-0.0849018973729879083967020392265
-0.0907041916090167016362144636332
-0.0965150060677815446741334426406
-0.102334353089786597723609418154
-0.108162245015694422067831226286
-0.113998694222268881492965419966
-0.119843713101454071856544203456
-0.125697314056646552993257159869
-0.13155950951863887299353450544
-0.137430311949485989275743236249
-0.143309733810055878189260170075
-0.149197787586694941008857995257
-0.155094485803094900289167412666
-0.160999840987813919168658571834
-0.166913865685991369414153950856
-0.172836572467934906915942860905
-0.178767973941441615792768971005
-0.184708082691830810517785721458
-0.190656911384966487599257334296
-0.196614472639311782531379435568
-0.202580779152532308717837850054
9.24570713062333833878517816074e-12
0.308012855934597928886375939328
0.258378708963163283840458461782
0.211643401148483845108927425827
0.171014549814295369056793560958
0.129016390717391266074187683444
0.0939960288676165850452193240017
0.0582103650140273279345315415867
0.0331007456561596760669097250229
0.00041882225669588222464329030359
-0.0227054881638977489044517454886
-0.0402237252156472172015533317335
-0.0626658198301006941210999912073
-0.0816880780984214072137916673455
-0.0978317671353338136341903918947
-0.108508492857933638853218383247
-0.121754552716759820163439087537
-0.127125117201098758457078474748
-0.138681590066571602815059804925
-0.137874067367175306975113358021
-0.141351019675493100313801164702
-0.140820413470092303809266809367
-0.144864303974405833619343297869
-0.143210186966149399800940500427
-0.135919813300141745227023193365
-0.129408627536199222207713432908
-0.129396683721931304855701228007
-0.11973521089806873907157580561
-0.109350711389902321979405996899
-0.104135038257313961018724057794
-0.0919147548465750474644408996028
-0.0846968089344613123126137566032
-0.0688861592747167239547678718736
-0.063111478943756682546961656044
-0.0441843876032238999651546862424
-0.035296300553820325607290442349
-0.0211726139172445301794844851884
-0.0133310144003485411823284323418
0.00353648833429989631685352868828
0.0135586041576774302824803797307
0.0282977692275536291122151055788
0.0397769797398963773082947170678
0.0530191621651157213301885917645
0.0660697742374445895485735036345
0.0756690840030288802697810979225
0.0876574894059612835794936813727
0.0953782404949680695516178730031
0.10455890143317218832219595015
0.109579914568346509229357366166
0.121383916789239085232132708825
0.12896897094570844433114586991
0.129603936237097289163600066786
0.133640451756941031069558789568
0.13192767671661709272257212433
0.133435935246940806653270783499
0.133014007018156937833808228788
0.128141759292088902588702126195
0.121285298780434938614725126627
0.118094857953138551720506654874
0.108173983167114531878105765372
0.0967605391427157346395659942573
0.0811890578962420478292827397127
0.0625566479596451618938601768605
0.0430247379843199939664089015423
0.0256615743755364868194934757639
-0.00388609326212751692714020279595
-0.0296874535996065613829841822735
-0.0622264741944590291100602996721
-0.0901970229103210840992943531091
-0.133034074594868934049429753941
-0.174571738691822325728608689133
-0.221398920616165284513954247814
-0.262863833205350616584183853774
