3
53.5455768651574359751066367608
0.114365584711390327887770013149
0.114460758893926053958445265835
0.114556037241510991209203496055
0.11465141993310687396068203725
0.114746907148020743649752262172
0.11484249906592849943542944402
0.114938195866916739729113317026
0.11503399773144531992308259305
0.115129904840354499451215986028
0.115225917374852604435631064916
0.115322035516522952702800353109
0.115418259447360324609910264826
0.115514589349735630197102409511
0.115611025406378561952713823757
0.115707567800463997920168424116
0.115804216715451657737645518864
0.115900972335279586755696357159
0.115997834844271660581505045684
0.116094804427082781694835489361
0.116191881268800520365935824429
0.116289065554898984888865243192
0.116386357471227580573369664307
0.116483757204054128031600612303
0.116581264940013917819072730708
0.116678880866162362761606630102
0.116776605169940872475109472362
0.116874438039168027092529200672
0.116972379662090786300865374869
0.117070430227339719597701162002
0.117168589923965657528803774312
0.117266858941370455404751282913
0.11736523746940995260867879324
0.117463725698313398160266274317
0.117562323818746927717171502081
0.117661032021723899188003770178
0.117759850498723589451444127008
0.117858779441591232650665688197
0.117957819042586772861902488785
0.11805696949437970155738497624
0.118156230990096630661945198426
0.118255603723218943867934171976
0.118355087887596091555941768547
0.118454683677623379134402625823
0.118554391287991056636030862137
0.118654210913838945029574745149
0.118754142750758392987897593684
0.11885418699470536030293743579
0.118954343842110649154264478966
0.119054613489741251131093235927
0.119154996134875235114236602385
0.119255491975144012339882237939
0.119356101208624568177363300947
0.119456824033786254690703287906
0.119557660649629637905633217088
0.119658611255421737373794144332
0.11975967605098523927065201633
0.119860855236486152364250301616
0.119962149012577443119020870199
0.12006355758029736702230394485
0.120165081141140606124650958009
0.120266719897012389073331917189
0.120368474050255094831562985291
0.120470343803670013049789133674
0.120572329360468966097386100955
0.120674430924291545275117698566
0.120776648699202751591208482296
0.120878982889757902174920900507
0.120981433700884571935674216547
0.12108400133801174025638403009
0.121186686006973645679529738572
0.121289487914029298076812324325
0.121392407265906748792261282688
0.00841380496341250297409608549515
0.199974430666870595096895613096
0.194584798064618896829003347193
0.189187409710119852634946369108
0.183782254543780776412376098961
0.178369321489017629289719479857
0.172948599449593259924640165082
0.16752007731828055803191546147
0.162083743967547516673377572261
0.156639588255165440600080728473
0.151187598999318467685171185622
0.145727765038194068125676494674
0.140260075157808944412707319316
0.13478451815892383836015255838
0.129301082784917004131486351071
0.123809757791751115507672409422
0.118310531904938176506192348825
0.112803393836766227553702890418
0.107288332278635295535806903899
0.101765335906247700314963822166
0.0962343933769146814283246271771
0.0906954933295260196102205441093
0.085148624370174036402048045602
0.0795937751164494250444292333668
0.0740309341398467518624570971042
0.06846009001732041021615060572
0.0628812312937118422784266158487
0.0572943464797440182856291812641
0.0516994241010931693258712016359
0.0460964526458393364372057021683
0.0404854205779404466292170639008
0.0348663163716804586078623628964
0.0292391284481501069481002019756
0.0236038452299724768601585367378
0.0179604551134749344798446912819
0.0123089464742445163503159477614
0.00664930767050610476570637885629
0.000981527058812099771969994499443
-0.00469440705511372288055715884525
-0.0103785063415656620550153732552
-0.0160707825353293837222778961404
-0.0217712473596491234983929530244
-0.0274799125639885837013576264098
-0.0331967899275766795130770958622
-0.0389218912401168640191606584722
-0.0446552283033437649728547569339
-0.0503968129431878880675199638972
-0.0561466570180225513220229061062
-0.0619047723806432498294682886808
-0.0676711709147377604711692811179
-0.0734458645369076013054154827842
-0.0792288651672935773095929334886
-0.0850201847353037887256022031579
-0.0908198352215723730962437798553
-0.0966278285847613771508690660994
-0.102444176842267906102357244436
-0.108268892010366907241447620436
-0.11410198612204297541339315103
-0.119943471242197452486522024628
-0.125793359447517794080795283662
-0.131651662832919541523679640704
-0.137518393514508618924452321153
-0.143393563637758070239414109892
-0.149277185343523327576420456353
-0.155169270820335797322897519734
-0.161069832253567357671641957495
-0.166978881866274658785087581236
-0.17289643188925890582297029141
-0.178822494586862085208522898938
-0.184757082214346918247471762697
-0.190700207086689527136158517351
-0.196651881507095005474639037857
-0.202612117812189407306533439623
7.2167589401043876809224824444e-12
0.305415784002611767622425986701
0.255913432801398943450266187938
0.210379104187892213007060604468
0.170046244130860668697380333469
0.127108240557336577003511024486
0.0962699862443808784817633750208
0.0652153574985756129267500114111
0.0332900757918833181681073085656
0.00415160262944043716853981251802
-0.0200427249715873570523605451399
-0.0479870011511497954193039561233
-0.0631084131429464900708836694321
-0.0779230070878839664594295300049
-0.0966510629043756952505361823569
-0.112332726436658689173064828992
-0.120132558462001257093554329458
-0.126682541134340909128042085285
-0.133149570437273961909241393187
-0.138386182934368079378018023817
-0.141035132420738201775023412665
-0.147638578160011579853971852572
-0.144393103292280361449329006973
-0.139424671034865749197351192379
-0.141607808303365861890554810998
-0.12904070224431432589717871906
-0.129660325064856279952962836433
-0.113320770032371703761597814264
-0.114226797424875889386264304903
-0.100512484691575254558415508654
-0.0953590044735033171008353747311
-0.0795627750808312189656490431844
-0.0723053820667137886468722740574
-0.0613844212595780480690166314162
-0.0527537743890548610492530201554
-0.0367283301647392604327713172552
-0.023278476186751630855331640646
-0.00415078915158225304066208494191
0.00651456049889155043575161840863
0.00834678273171544395092613655152
0.0288095267342541351551776784845
0.0375034886615531887210650552333
0.0525591259061447962919189080822
0.0663977637385705504735611270917
0.079657089284838819565059964134
0.0827732438306777174030770538593
0.0926491493983947755896934950215
0.105247098093716823230536761002
0.112733458737753575173989872837
0.116065435926102009100979728373
0.134981880243211893599664108478
0.124950040781804327938431242728
0.134521805507371278176620421618
0.141560973711453652601477415374
0.125316452396117994361190994823
0.1397836331705992751750500247
0.131327072605272904270989897668
0.118000883578759790948353725071
0.11561736593553449681248679326
0.107430360578318895292682100262
0.100711234113300809878133179609
0.0837687789050634429299790895129
0.0634553535122260592427068104371
0.0452923644650134529787699477765
0.0222429919407672836706435504084
-0.00329322259205383754271379004308
-0.0331611734462293750169692430063
-0.0619579668074381265108208083348
-0.097998805857863358070858339488
-0.133643657980128116591345133202
-0.172761154625319990341125730993
-0.214116925729331386563103478693
-0.266250229376908065237472555964
