3
334.393963741022673730185488239
0.114689267550243875759541367643
0.114775788477181756030987003214
0.114862398232933662911570138476
0.114949096956017279835826627732
0.115035884785154821075003894748
0.1151227618594111157257486866
0.115209728318073301167601130146
0.115296784300683352597616249113
0.115383929947097813029088797521
0.115471165397441524747002006279
0.115558490792092072307895023187
0.115645906271694617895029466581
0.115733411977192543473869079662
0.115821008049787080307346798236
0.1159086946309407506472410887
0.115996471862418390474935847578
0.116084339886268997354967780211
0.116172298844783791760271185467
0.116260348880537447979754972494
0.116348490136420887330892526279
0.11643672275555103090560749024
0.11652504688133481780543121431
0.116613462657506494757342352386
0.116701970228050538880282260834
0.116790569737193761223892352064
0.116879261329493597254547410103
0.116968045149783664293785534483
0.117056921343145076130909387757
0.117145890055025667098043129499
0.117234951431052669690302536765
0.117324105617193336081882648614
0.117413352759717898310398709327
0.117502693005131469972113222866
0.117592126500275132028328073375
0.11768165339225739041140172958
0.117771273828435607544662389046
0.117860987956541651833219930268
0.117950795924521248392302652519
0.118040697880660794272245084358
0.118130693973473796520856637926
0.118220784351848268167728406297
0.118310969164899956740377717779
0.118401248562054986490643671004
0.118491622693059142634730562804
0.118582091707908954258954281613
0.118672655756931977322210514103
0.11876331499071877961792864653
0.118854069560174122055506984452
0.118944919616515862315075935385
0.119035865311219235529449633759
0.119126906796116219244829892432
0.119218044223262820136000073035
0.119309277745060435260704423399
0.11940060751419508122683765805
0.119492033683705228819249555272
0.119583556406825025630880077188
0.119675175837199443407143917284
0.119766892128694110719600018911
0.119858705435554546703258438356
0.119950615912269159535341600531
0.120042623713626228632023185128
0.120134728994771775023586712905
0.120226931911137036035341907336
0.120319232618441906979001032596
0.120411631272704655604144363679
0.120504128030303511720511266958
0.120596723047882894985782797903
0.120689416482423927945433206332
0.120782208491174367082088281222
0.120875099231756169548823720561
0.120968088862038400388421166554
0.121061177540262951413119196786
0.0330099664522031516211697521612
0.199938702193709461063519938762
0.194536454620030663242857826845
0.189126792026969747784193032203
0.183709703990817901919641030872
0.178285180101216189640922493709
0.172853209952249314840244664992
0.167413783071562460857961696092
0.161966889007546410716997797863
0.156512517290836150607447052607
0.15105065741925854938543238859
0.14558129888076881686131969218
0.140104431151774261321563130878
0.134620043677041306695585376474
0.129128125900557777505639478477
0.123628667236188399813912042191
0.118121657117109396528675802074
0.112607084891276382210278939056
0.107084939949025584327024773756
0.10155521164513207910129466427
0.096017889311206958136146738525
0.0904729622589042908886725058437
0.0849204198082064154462500482623
0.0793602512359826983701083236156
0.073792445797777952987139826746
0.0682169927610647153226608452314
0.0626338813563689922325750103482
0.0570431007988916882744945269224
0.0514446402752977843819692793659
0.0458384889817515586707408203893
0.0402246360817957449018678062203
0.0346030707189494204922830533633
0.0289737820117892293236838696657
0.0233367590960801458976892064356
0.0176919910431808935502573376652
0.0120394669418676866778916689782
0.0063791758604735612769864872007
0.000711106824527850270648010599928
-0.00496475112899297417456967451699
-0.0106484090083502711682195140952
-0.0163398778151283563531137588143
-0.022039168571186887324309111591
-0.0277462923312724527025174836581
-0.0334612601605856416209228143543
-0.039184083133987829272726344243
-0.0449147723578468271998787031407
-0.0506533389396314828734269042343
-0.0563997940340470113596005319323
-0.0621541487717445981231456642035
-0.0679164143418000826324387730892
-0.0736866019151405926557174552727
-0.0794647227239052011960040999838
-0.0852507879775622895435205350623
-0.0910448089105283242528088294421
-0.0968467967994356970784508575889
-0.102656762922537725390981222517
-0.108474718574103304313815954174
-0.114300675075261565227791038524
-0.12013464374253238209355743038
-0.125976635952856602651550588234
-0.131826663054005949193836499944
-0.137684736464373957964824057854
-0.143550867557893507830968360395
-0.149425067786895321431117622524
-0.155307348581137760756831767139
-0.161197721408865568548662849935
-0.167096197760798398368464745545
-0.17300278911266708803395886207
-0.178917507002146008998622050967
-0.184840362960211390674913900511
-0.190771368559270987352860515784
-0.196710535350330117942974084144
-0.202657874940354837400846577111
1.70204556466574369266753714639e-11
0.309386459167419358706752063881
0.263553544718310217565004904827
0.209795649075277645945192261934
0.160199016354422685282088423264
0.125599684059550881221056783943
0.0826777169463474709276695762128
0.05138152401266851687644532376
0.0341352964021888333201459886368
0.00524262980137772498234749463109
-0.0180648624187578904498607812457
-0.0446696503639692210629874580263
-0.0545979309253384059719138576838
-0.0798893961798942814356294661593
-0.0854032744849639868789381580427
-0.0908037618447564004453553820895
-0.11581509883976308372677266334
-0.129268293964743652413318386607
-0.125880950563531573971332022666
-0.131495393950257860593566761054
-0.138231660909441833595678872371
-0.150433563739039793949459067335
-0.155394806678993580018044440294
-0.142508399458364021228362616966
-0.143139093851467225082529921565
-0.156267893992210776810125594238
-0.133682374441349560711955746228
-0.125197818409009703488621312317
-0.115796584608052602338723602315
-0.0992654099143721602160894690314
-0.095932841720457170953118009038
-0.0828994779719174623711097638079
-0.0679088743341577094625449717569
-0.0518645804608150878811656525613
-0.0446238200697944842332276493835
-0.0309448999237031709130807399788
-0.0288377139766282652999507263303
-0.018239873562286498809292822898
0.00448534042035060587227945916311
0.0108045717491633951751195397151
0.0387265960769216099901512961878
0.0387291758122528737007250754232
0.059331321738722825331890931011
0.0780697795787951287493910967896
0.0767194986966391323512937105988
0.0948190129692850769416168077441
0.0889150272107348677019800220478
0.106264204791040983710814771257
0.126099782048033737247294538975
0.105260702714185638839694547642
0.125008027065810406464052562114
0.138401433187236050370572115753
0.128582650799114628359376411026
0.132619832127251591202821145998
0.129584853446105513485875349033
0.128985426965290334022640195144
0.140139079581954040243374493002
0.125504828634948689680683742154
0.116050726319810643127894422832
0.102471190469053480276429013429
0.0886810249944974121616425577486
0.0664915873646838018196092434664
0.0573590946270689169828038700416
0.0446680826863350699529320309011
0.0219979571890029576564096203128
0.00100282668973413900855018443536
-0.020148927321434677989442363355
-0.0535564654442679394241721979597
-0.102929919571564124081142210798
-0.121343693694909215974320204623
-0.17391257469102253119253020941
-0.22225321583179874496138950235
-0.266501365533949874375707622676
