3
682.125879733419310468889307231
0.114325434507931672500902209322
0.114421680055078425763959160122
0.114518031724430521811619598793
0.114614489700166341523690505255
0.114711054166939552256820888942
0.11480772530970359546209635937
0.11490450331388954441358407621
0.115001388365254184065200604437
0.115098380649977849454757006242
0.115195480354657708854659858844
0.115292687666232546161992900124
0.115390002772105870754160150682
0.115487425860012135614418582463
0.115584957118154224575690136589
0.115682596735072931726229228389
0.115780344899769682687207250638
0.115878201801570823725739955989
0.115976167630285995069350235553
0.116074242576099023738223081637
0.116172426829569366835137600447
0.116270720581717015851275220939
0.11636912402391613730046060482
0.116467637347997851615666320413
0.116566260746170005657695867285
0.116664994411041528232786390618
0.116763838535694178255575081948
0.116862793313541324380366859259
0.116961858938455218193119833359
0.117061035604719171354659579265
0.117160323507027500089527904947
0.117259722840490882012076667706
0.117359233800633705468996481613
0.117458856583412943330735345171
0.117558591385175714716382344704
0.117658438402706511105577646958
0.117758397833229500051288596296
0.117858469874355095696749629042
0.117958654724168388039373667198
0.118058952581105797152716263554
0.118159363644079751232141006767
0.118259888112423203199163879162
0.118360526185900052920096925391
0.118461278064690492262123200362
0.118562143949389436903274486212
0.118663124041068365754902913523
0.118764218541185767596957134629
0.118865427651674307463203206225
0.118966751574840906569008325278
0.119068190513477015213261722693
0.11916974467079324839779985723
0.119271414250455662364736042491
0.119373199456539277885092076303
0.119475100493556307679199335325
0.119577117566493057454479753687
0.119679250880759174835432645523
0.119781500642179891680250136687
0.119883867057072199258094258312
0.119986350332154087516833840255
0.120088950674624148073910134826
0.120191668292098097214903873464
0.120294503392665314001064302829
0.120397456184842877036089703324
0.120500526877606095599304580901
0.120603715680381681774058222345
0.120707022803050720294315567571
0.120810448455919039467687525757
0.120913992849807722107513541232
0.121017656195936365581822258264
0.121121438706007833463473843949
0.121225340592164443354050717971
0.121329362067027060612112165927
0.121433503343671880814191865738
0.112287843732474412750121928184
0.199980158198067470287639935123
0.194591981354416715399580084522
0.189196009487082872357888163606
0.183792231441136932890145772035
0.178380636085398724954842464285
0.172961212242036477260143101375
0.167533948720291259171233377856
0.162098834328408658578268841666
0.156655857838672668558288592067
0.15120500800760050541526879897
0.145746273580993485063928005729
0.140279643281995103354375942217
0.134805105812545678034553020552
0.129322649871043499070211169055
0.123832264119717663786168770912
0.118333937214196174836366992622
0.112827657788952387396541610087
0.107313414453299046935619287524
0.101791195806612985719219466318
0.0962609904363960627859952978724
0.0907227868863321185166626037244
0.0851765737152937324472290470112
0.0796223394353963165315235528396
0.0740600725637893114727816623599
0.0684897615785640956342916751964
0.0629113949527701221686726285043
0.057324961139022308220791757094
0.0517304485592995424991791253433
0.0461278456361880820346677012367
0.040517140763597678243534971898
0.0348983223118525115458155028136
0.0292713786404336200053233341123
0.0236362980945256408171761819403
0.0179930689798298119874697675868
0.0123416796164690072828973299579
0.00668211826425483580715880549405
0.0010143732055157646167881102528
-0.00466156732218831176134399285615
-0.0103457150946226362348001615032
-0.0160380819039429405037378018051
-0.0217386795576576460908846399889
-0.0274475198937409736732462306463
-0.0331646147600413720990530919153
-0.0388899760257513452121891361912
-0.0446236155811928908443420027652
-0.0503655453277893280783494844854
-0.0561157771935182139722009253546
-0.061874323133522514395199465298
-0.0676411951058378951850968974213
-0.0734164050909788812315781569851
-0.0791999651020697248426927217224
-0.084991887152397666005398946254
-0.0907921832937326062085148237202
-0.096600865587110618104560444408
-0.102417946104178994581879180714
-0.10824343695645895213619525066
-0.114077350260093260403415627025
-0.119919698154797624289891189164
-0.125770492800193534055352984069
-0.131629746376323741863245686545
-0.137497471086125006012323979121
-0.143373679138717263770175236459
-0.149258382780665860289914803616
-0.155151594267723347275733658535
-0.161053325878153963390815306411
-0.166963589908711657061601840724
-0.172882398678627036137100958513
-0.178809764515444530319498994686
-0.184745699801803553441459371243
-0.1906902168882367021307544519
-0.196643328183357224414606889695
-0.202605046110380659918348555948
1.00076182801298982334079178017e-10
0.307797028417800933031145405039
0.253446185838207604934524397322
0.210608346841895138767952744274
0.168027419824236995404831418455
0.12925310973250031532089110442
0.0935981757888192655858716761941
0.0660952016275752757268335813023
0.0319212592427709843101446551827
0.00525983605700318553044514402472
-0.0222294277560116347591812058226
-0.0373430606022840255731054526223
-0.0638947409328386034532698545263
-0.0815675053092882185179490761584
-0.0951603234129956426778917943921
-0.11062281955681092793231101723
-0.119926735630569575308257412871
-0.128138619287930910495276748406
-0.135639181547514975356705235754
-0.139385463500495049293803617729
-0.1423966876268331904764607998
-0.143074884706848065585305107561
-0.142618491312026335338103422146
-0.140572517742094060810842393039
-0.135709566335991516083936403447
-0.133735193691434633977976886854
-0.133416130338214172779132127289
-0.120197435599839835829172329795
-0.115934016280607260496182675524
-0.100699076491509595387974229652
-0.093894488286218019679196800098
-0.0860487607276564231417737005359
-0.0742822991672350413372427624381
-0.0612500680184740117772967948895
-0.0465754120720619085860292329926
-0.0340893554565335071826481794233
-0.0221642893966979732944810876916
-0.00927284972515563660211412866374
0.00439325873673050964346442626152
0.0152226115080987562527825573966
0.0294610254741518792775956114838
0.0412658155253252459382373729113
0.0540882004812219055467359396516
0.0644350973649862046599423592852
0.0773113973570488111075604820144
0.0877548555157642573565368593336
0.0972650853041590601755217448954
0.104701895889252397098267977071
0.110861093627955945017937722241
0.121095526828009225628335343572
0.129034193335778923916734584054
0.129200515203832966282249117285
0.135241108753674149633994261421
0.133432423454291154696349508413
0.134511955686791223607556844399
0.132910720775674506821673048762
0.128799662612114396154083806323
0.121877829733833278891275142541
0.116380737902850056597614525344
0.110866482499267407502152593679
0.0946480233521982267097527596889
0.0802345653672890402052786384957
0.0604316694161792303252589420026
0.042664036748888946315449999247
0.0248532518501964998225428615797
-0.00239770691338775116668857734226
-0.0338348798365472255844643711953
-0.0633933617506999697033265306345
-0.0943283942442702111330632419595
-0.13190863513605385892724086716
-0.173013919032213275839282573543
-0.217442584803601096643532741837
-0.262744659052247864217122241826
