3
21.8885743458940567052195547149
0.114617711419666160055363945958
0.114706147835231059284311072588
0.114794676400300138530141680349
0.114883297261987663007154480965
0.114972010567681831583186635726
0.115060816465077320192023080381
0.115149715102123045840087911529
0.115238706627094386614196253049
0.115327791188587935877762902237
0.115416968935415364949648164838
0.115506240016749570087561949094
0.115595604582036784457876876786
0.115685062781025790878963732666
0.115774614763744343459705987698
0.115864260680557593086170697916
0.115954000682070429428804914096
0.116043834919260471782997967694
0.116133763543315074451278690049
0.116223786705834372656731545703
0.116313904558596262206471294576
0.11640411725379591623141806167
0.116494424943834551378074593231
0.116584827781495412035717151866
0.116675325919828570819802848746
0.116765919512180502137788096206
0.11685660871219821776989533646
0.1169473936738888858455354125
0.117038274551498872044774657297
0.117129251499631825694791587011
0.11722032467316326198591980301
0.117311494227300971981975408198
0.117402760317557211533490146849
0.11749412309976545176759543665
0.117585582730049112432091362734
0.117677139364842850421943865058
0.117768793160924575835757366349
0.117860544275336279196331190633
0.117952392865495303553302619548
0.118044339089098448969394894448
0.118136383104130979204704487984
0.118228525068958562060927874882
0.11832076514221248619840309857
0.118413103482873982574830051817
0.118505540250193594498107074742
0.118598075603820823920031557464
0.11869070970365175332617013737
0.118783442709918710122884988323
0.118876274783226501541300024201
0.118969206084408737900126595832
0.119062236774758217761061018791
0.119155367015719826362385447283
0.119248596969201842155072768037
0.119341926797390265879705850693
0.11943535666276657025708374249
0.119528886728210853584997153121
0.119622517156812144256683438925
0.119716248112132508940597119818
0.1198100797579742804455094074
0.119904012258482947639315341348
0.119998045778109685421952690376
0.120092180481719323914546748711
0.12018641653441076988517721702
0.120280754101675463330067827883
0.120375193349336509496261271579
0.120469734443518980415710473153
0.120564377550709450614974116434
0.120659122837704455011298421141
0.120753970471676866371701919434
0.120848920620117955548877830552
0.120943973450836475547198745062
0.121039129131998574040451899236
0.121134387832096082626698319018
0.00243545547596441588206195305588
0.199944774649198381277770408815
0.194545469156122835530098313939
0.189138669104496781603330646249
0.183724363953874564314716621993
0.17830254312914550762769749781
0.172873196040465720857426390467
0.167436312094119660320856723956
0.161991880667609250421534738962
0.156539891114564205798487250831
0.151080332811431461426110445245
0.145613195057451461078557031215
0.140138467179678899432460070784
0.134656138474346903644018880186
0.129166198214077654338183265281
0.123668635660638515094689182661
0.118163440071633180084020864342
0.112650600656497873464090275775
0.107130106641516495424859556351
0.101601947207029322250981806519
0.0960661115296133905072650804868
0.090522588775775514324806181321
0.084971368095104402029527079776
0.0794124385742658034370577979644
0.0738457893638964635307786466001
0.0682714095147533978069631643848
0.062689288117915423215187331607
0.057099414225932926258977317957
0.0515017768718631849256262000836
0.045896365077465937909462212474
0.0402831678442766294434562723836
0.03466217414091883608495692215
0.0290333729544066873606844580991
0.0233967532152960303037936284909
0.0177523038690550159779402150662
0.0121000138166345982265736935801
0.00643987194551809329773339740655
0.000771867154416448785804460985815
-0.00490401171598225070480392417949
-0.0105877758305943057981490795783
-0.0162794363320135533623744805709
-0.021979004448980630354038012797
-0.0276864913849064614437267550784
-0.0334019083706221381335765840959
-0.0391252666524846484663591184017
-0.044856577500151158244268145836
-0.0505958521989261916784741401898
-0.0563431020559447132134422986383
-0.0620983383775473227195185188521
-0.0678615725341027986594610865723
-0.0736328158565227874898795334957
-0.0794120797342464379564574983306
-0.0851993755527640506119979590949
-0.0909947147305019132801362502505
-0.0967981087060399425503476322774
-0.102609568920093374710944544859
-0.108429106843804662352326317887
-0.114256733971966395468911059652
-0.120092461793630006505750884571
-0.12593630184656418036226455115
-0.131788265671022031266801377569
-0.137648364828868552400820135517
-0.143516610905059099900782371151
-0.149393015488922753508660434818
-0.155277590190260744718031560296
-0.161170346674897047023478080519
-0.167071296578920863717954148342
-0.172980451567019632985733323949
-0.178897823352778179151201243258
-0.184823423637941464114931022777
-0.190757264152374539367684747049
-0.196699356648859596807810135033
-0.20264971290106562062938166946
1.36747479888291052841305699306e-12
0.309796048119911293650119432641
0.265011801489702158995953595877
0.202089279594512977178411006207
0.175407854201030055651955308349
0.130352978683194037357040429015
0.094221762444341633502276067702
0.0577664678310461573995659989578
0.0234314087409929969196831223144
-0.0021144627531088687824589733566
-0.0290028015647097042739588346194
-0.0452684358450018836661499221918
-0.0656819502233546570479916226759
-0.0782517401255386491065735299344
-0.0952871071480458353697429174645
-0.094560983799545708650136077722
-0.106129358457610359356415585808
-0.132269168848997975551640138292
-0.139134236027220359321887599435
-0.145573224572673021182112051974
-0.141369367290390235414321296048
-0.143005767601050076676116873386
-0.146941898858795327864612545454
-0.142588499749979252806397767017
-0.131125356694906020083024600353
-0.126466911822526839603852977234
-0.120686276174024095797499001037
-0.128148307304238401327367569138
-0.110314181244933820491560538812
-0.103103142775984521484211597908
-0.088554752861420255038993332164
-0.0799322795619087644869438236128
-0.0764749067599154730423549608531
-0.0623788143720613030840382862152
-0.0489903161707435225169504633413
-0.0403854755308562518578696654004
-0.0306962752326723660456497810856
-0.00416798585491920739465321332773
0.00444696975415943655807193835017
0.0159868238484749784766858482499
0.0237273697754694541661724116466
0.0324628380157271842487709534453
0.0538959444012818145175458539597
0.0677622487184151578443191965562
0.07655759234713051253340410085
0.0844529537107692879205345093396
0.0965588028037639711786965790452
0.112880390165239014033105036106
0.113375049775914157890177591526
0.128249148692044845354587323527
0.123778927178709641232501326158
0.133293762661701481464504581709
0.138846363734082017815651965975
0.144275337356701810476167224806
0.125931024498234261921325582989
0.118920522203662948346192251847
0.133518924014015966106327937268
0.122944301324847876655255163314
0.117385303297874346584173110841
0.106677623796058149152621297162
0.0948131462616685072308797543883
0.0820141778516834396572932064373
0.0638406039942587127944406688584
0.0471842877798917051390681365319
0.0133081445703702033744875166121
-0.00460839768823283982973615380274
-0.0306865232439162520516884313793
-0.0629448704335147518618143180902
-0.0972603769191730388454786293551
-0.132015372263021651955128277223
-0.173205527358168270835037105826
-0.213001342301068458118251669475
-0.262797950604182928291407961296
