3
25.0481545228213207110457005911
0.114108003070839708614769847372
0.114210043152991283510466757889
0.114312200155706464310689796093
0.11441447429263247592690078136
0.114516865777915477497828078413
0.114619374826146633306045430345
0.114722001652412503025502132914
0.11482474647227293440554518611
0.114927609501768959732181940581
0.115030590957405587371198407709
0.115133691056198514401920363071
0.115236910015595619971584540053
0.115340248053553737217491459432
0.115443705388531159261589209564
0.115547282239453666385919916593
0.115650978825696248986076852816
0.115754795367190188581929533029
0.115858732084314228205634833557
0.115962789197929724838154186273
0.116066966929395054552998090003
0.116171265500593354214053931628
0.116275685133859538189504689853
0.11638022605201965575805189701
0.116484888478429679525838480458
0.116589672636930166693680632761
0.116694578751837405028446426059
0.116799607047981424123861415865
0.11690475775070761910168215536
0.117010031085838447917346627491
0.117115427279713316122133903718
0.117220946559157226940506291157
0.117326589151536722632762632657
0.117432355284697961805839838689
0.117538245186982720502655297423
0.117644259087284264175821135723
0.117750397214956101232807839096
0.1178566597998945419956129399
0.117963047072508611656793675593
0.118069559263703618978702536424
0.118176196604932656764042064879
0.118282959328116443753486919377
0.118389847665738609516772328334
0.11849686185078731059938661474
0.118604002116751899853497320692
0.11871126869767044398340516409
0.118818661828076765907269418676
0.118926181743073650087794135288
0.119033828678254530175628644884
0.119141602869740043102453341817
0.119249504554170132619717037414
0.119357533968755286091223410949
0.119465691351199457259646408147
0.119573976939760004412072191826
0.119682390973212343654452638475
0.119790933690868170446996998635
0.119899605332584258121642051265
0.120008406138765136295099011932
0.120117336350321096682947086265
0.12022639620873450116977920743
0.120335585956015178599187720465
0.120444905834702659097601440408
0.120554356087927541651971807823
0.120663936959312184660220168553
0.120773648693050808522464478756
0.120883491533887374447253648668
0.120993465727106563889492463204
0.121103571518548211449761708991
0.121213809154619850394496438639
0.121324178882267791346194485413
0.121434680948975998182604030262
0.121545315602816214606285427635
0.121656083092400044143310822164
0.00515155256552129840741383048908
0.200015052942747711961501977385
0.194634431727620099694675559476
0.189245811761847460008567622936
0.183849181524445931534827991527
0.178444529470862089937099881354
0.173031844066111606394997579628
0.167611113716095022629914979007
0.162182326835624168737126638007
0.156745471810938230561305317678
0.151300537032447363072762414049
0.145847510836471461193042387094
0.140386381566853013502793601219
0.134917137534916270480422895162
0.129439767036530650745618231667
0.123954258355275168113074357734
0.11846059974985471974218143032
0.112958779464707517736776765105
0.107448785712814215420607411033
0.101930606711449531220914366259
0.0964042306392696585204404868819
0.0908696456581703226884627611071
0.0853268399175106800891299485556
0.079775801551224559404751346392
0.0742165186605194399094287405205
0.0686489793500044548357763574131
0.0630731716725934921097262986223
0.0574890836903763774445863532492
0.0518967034403022692279350280842
0.0462960189208382125181096000688
0.0406870181440322636889916907421
0.0350696890710337147445407879331
0.0294440196740323421875640264034
0.0238099978757830739450884749431
0.0181676116026855023755093299087
0.0125168487459764183472588072732
0.00685769718869917981746153756717
0.00119014479200171331176039135613
-0.00448582060247280142023518223482
-0.0101702111794386412108037731628
-0.015863039145827251968912108282
-0.0215643167023729480369365063552
-0.0272740560958748753939140385683
-0.0329922695860985978888457736957
-0.0387189694477438478559250256694
-0.0444541679805918674150966296565
-0.0501978774985588627188803911849
-0.0559501103409744751648879912409
-0.0617108788623815934792915527396
-0.0674801954389957076019257442567
-0.0732580724672167588051863162946
-0.0790445223682048891955531644271
-0.0848395575694754627837923521838
-0.0906431905312681251984940900002
-0.0964554337341449324894071537528
-0.102276299668058928693525899689
-0.108105800856512779262175172335
-0.113943949825198717618057742129
-0.119790759139727823190391120534
-0.125646241372203509856220193797
-0.131510409127850891319866377671
-0.137383275011350197702952868894
-0.143264851670833914809577436245
-0.149155151765100940641772808704
-0.155054187958310635275793742949
-0.16096197296419553768309640418
-0.166878519500385263940600566457
-0.172803840301935296430713151494
-0.17873794813250912238977718971
-0.184680855775544966457246687241
-0.190632576025753092130443633323
-0.196593121708706575212488587567
-0.20256250566713696059650828829
5.8718690765050918502324248667e-12
0.308536000950230648864902605055
0.256949784517665147376419554348
0.210591430201920309928098618002
0.170001782284440600134800547494
0.131882164689398700962996713315
0.0939378156929378399508934194273
0.0588908322897154917763273829223
0.0308668208976105272467460594044
0.00511801501248029984403320469255
-0.0206761110609289394668408590405
-0.0443562864745539117694583808316
-0.0616730743566522784937511403314
-0.0815596216184139577443090729503
-0.0986906521234734712688663194058
-0.11231231303951014210973369245
-0.119074846966398500969219753642
-0.128241442268877681165406556829
-0.134943502988438213119337660828
-0.135033736447957325443880449711
-0.141442449184715268728496084805
-0.145134268827848522676049469737
-0.145297163836260151414947472404
-0.139644253615439778437590234716
-0.1434877363637725167233583079
-0.132937505376734710349495571791
-0.124747908164277332421221444747
-0.119300834715217740633619314394
-0.108273666319138303637537035229
-0.100841213911904592492874144227
-0.0936896957822517112424165475204
-0.0828977936409543703089042310239
-0.0745892350602977566298434908276
-0.0571769755180953562212486929184
-0.0472516734593936976738248745278
-0.0374405585287599096400157350217
-0.0232173161723974591508223852543
-0.0137033127639669682906742309569
0.00435384814931328353176942513869
0.0187386081414976646275505345329
0.0291793786771263816137711444298
0.0392528840737078263400938737959
0.0540541230425839527851117338741
0.0684919557053404459701084761036
0.0714698119975490514521609952681
0.0858347963779754474789029927706
0.0946715370141596040953757551506
0.10376769446312446298907872233
0.112176013516244288403811424359
0.116784536595550103577068057348
0.126731399226096608234826135231
0.130797788140149667812650591259
0.134103690209887715933945173674
0.135993167209884718849011164821
0.134547120500661504527428746769
0.135736507316090576624745267509
0.130974662120909163265380925623
0.121548749604746569863422678281
0.114776785919790361156778146778
0.111058269019517721898360207433
0.0927775401326456916617502201916
0.0828656736343138938805097382101
0.0626108793509789901543527435024
0.0439290064997335180652093811204
0.0231120898163403795666503981465
-0.00241442194991097229192500428496
-0.0316722954770605746865896890085
-0.0651383118845466208002292773926
-0.0955863525317965506689077415103
-0.133103534489743380309079157087
-0.170333259854399093891075267493
-0.218638039046268856102628319604
-0.262542843572660500317539344906
