3
38.3995508317546949683674029075
0.114542983463274919420094022371
0.114633418722920932264486282293
0.114723949642961522976669641594
0.114814576379695693075788653914
0.114905299089746143481605145098
0.114996117930042926480460607763
0.115087033057819088099904547562
0.115178044630655201929769759772
0.115269152806414421075231757641
0.115360357743335001368123471366
0.115451659599915795739732971015
0.11554305853500959622159882656
0.115634554707792172600910873825
0.115726148277740470415864137976
0.115817839404673147973845459546
0.115909628248725499188864773714
0.116001514970340016685845796474
0.11609349973033850078607542855
0.116185582689804403622169104437
0.116277764010187620313807599359
0.116370043853252724819213881347
0.116462422381082605915558758625
0.116554899756131563615113577725
0.116647476141117589776285967673
0.11674015169914843392806602651
0.116832926593633701362051624528
0.116925800988319492090816709151
0.117018775047279269263533763024
0.117111848934920825815453326868
0.117205022816032664034757715399
0.117298296855667449900550991515
0.11739167121924380665642928534
0.117485146072535018291205233254
0.117578721581612963276164407489
0.117672397912940901454348363586
0.117766175233263631350055788971
0.117860053709696446788690593621
0.117954033509716685323986951062
0.118048114801088080416668901762
0.118142297751962180307749861186
0.118236582530818229441749167563
0.118330969306473285374003978632
0.11842545824810571386542790151
0.118520049525221202180169655094
0.118614743307676073769130198343
0.11870953976568886234499444754
0.118804439069815109819572285232
0.11889944139094758834840348527
0.118994546900360056995715751782
0.119089755769633043325228527465
0.119185068170725813607724319354
0.119280484275962481155453076553
0.119376004257989498658076854554
0.119471628289816569901127252251
0.119567356544825739717019530417
0.119663189196730510022170790307
0.11975912641961387883338119309
0.119855168387909022387205482119
0.11995131527640519319977130408
0.120047567260281776158059585669
0.120143924515027963884072903511
0.12024038721651893191211257772
0.120336955540990039881243944819
0.120433629665046310064369095016
0.120530409765637530616899653069
0.120627296020083304983749883377
0.120724288606070609408682514641
0.120821387701679300308299502831
0.120918593485290770672690996435
0.121015906135716236335930773294
0.121113325832104559709456736982
0.121210852753972184170372372591
0.00478548674679906728413048000448
0.199952315401988156562396170557
0.194555981844805825353716954851
0.189152073438896173307455228496
0.183740579489266281365544841719
0.178321489254522541623160236668
0.172894791997642238712273865531
0.167460476967302651640778776709
0.16201853337649252395635812718
0.156568950434402609506179260279
0.151111717326910283132335166556
0.14564682322580010942481010261
0.140174257300388488411968523906
0.134694008660890013340249993234
0.129206066445010064880349887062
0.123710419751748859629181254149
0.11820705766237078748748245971
0.112695969246337054925355403157
0.107177143552320344732642354302
0.101650569609349636368555991339
0.096116236443828523272614461348
0.0905741330312574699501482200503
0.0850242483696061479570005303685
0.0794665714072696205416690418133
0.0739010911015633570331218038518
0.068327796370503776635096926384
0.0627466761208467782573450222117
0.0571577192497810318561057840725
0.0515609146208799995481086853033
0.0459562510946135149847435741322
0.0403437175124639821333083489208
0.0347233026915294493153218979842
0.029094995423851688354233147038
0.0234587844950144563949123721613
0.0178146586760735692323009971005
0.0121626067204691993423049112266
0.00650261734017979625699368284586
0.000834679258058247902467285950223
-0.00484121883218398968429241335798
-0.0105250882731126073343919102854
-0.016216940381917035324255138562
-0.0219167865403809593305428649046
-0.0276246381274246992354459706576
-0.0333405065302610700839203161649
-0.0390644031765057797578322151821
-0.0447963394918049276349769627359
-0.0505363269392093972243173993775
-0.0562843769807341853805837672553
-0.0620405011221545343857997067971
-0.0678047108628719447098731620827
-0.0735770177295152483232243412203
-0.0793574332596486409219238566948
-0.085145969046662856039020539356
-0.0909426366426250715191414997207
-0.0967474476749836803657345285501
-0.102560413744671133362551529444
-0.108381546506038567434515584864
-0.114210857604532714515421787382
-0.120048358733202187309530017956
-0.125894061571092702456198253458
-0.131747977847580188814902157901
-0.137610119297504385205144217252
-0.143480497655705557802363614428
-0.149359124710084945064636485768
-0.155246012245503328674800513909
-0.161141172080791594822812839993
-0.167044616035182724722574221232
-0.172956355957013668822597196595
-0.178876403725785670939529836687
-0.184804771212146390357844438768
-0.190741470335029139615556914578
-0.196686513020177450306036348593
-0.202639911201114686356561378489
3.22881837882041427650510426514e-12
0.310591618707185657122238353622
0.256241319211836071634280642684
0.204752300869609743516619460024
0.173479697305406882490430575672
0.122435119536342618129509673963
0.0978151112567194336300246959581
0.0587926410075181107850461614817
0.0319868740426524286735165958362
0.00670420964038031304971232415824
-0.0216720555711873187620941649811
-0.0404743447091667554738059209285
-0.0657455005953292426212897225923
-0.0773862869812425718807347152506
-0.098946991425606770076406348835
-0.106082581336896963897231671581
-0.120160303108851992948125086969
-0.125557629475966159304789471207
-0.139054974283737337037436532228
-0.138935678904534759547928501888
-0.144075473830630490512660912827
-0.148866924966516295247842549543
-0.13629575415663308657343577579
-0.139731034083966754177907887424
-0.135494094801511644199365491659
-0.139552735108813497078017462627
-0.128729680841813631797521111366
-0.118757683788455623008495365411
-0.113906291305824025616999506383
-0.0986561505981215502991688026668
-0.0966532386943813742741227201805
-0.0786197215433031698639254614136
-0.0650845032094968939384571626761
-0.0618935991703369048355654058469
-0.0517704294215087859609703002661
-0.0308756549142658529016891577612
-0.0132265701350230864552504073117
-0.0125977804274689415831023353576
0.00393819520322835105174963388208
0.0179056428701248569745896332961
0.0206812200951405102122837575962
0.0426119209707409782317277802122
0.0432328924594213293008948539864
0.0705624373334385185385642103029
0.0674198344907729202324375705757
0.0828148617516828444706789014162
0.0955419377260294661047268505172
0.100600061508407404020637443409
0.113150194432247136466784809272
0.117985054445683718027382269611
0.124889827086916635479063586445
0.131047942597577127266106344905
0.136402658119015390836281653719
0.133015478579144474924333962917
0.144919021095895994566404851867
0.131475297937877322329569551584
0.127526266275502897507010402478
0.121718955500965744787045252906
0.12745126495186068216192154523
0.113119010066311365125812926635
0.0942086071830953442063361080727
0.0814379321399467392961213363378
0.06071823825840509669671263282
0.0357814246256377491151035030725
0.0302262001842256676498177370149
-0.00130790618628151404136128466149
-0.0306964590253228884753067262636
-0.0624603786036052252561567854627
-0.0999404583658392020595329086063
-0.140358565685982539239518018803
-0.172172977052322956348362481549
-0.217793072359118017322643368061
-0.259604824340022743989209175197
