2
3.61811086650141788823020760901
0
0
0
0
0
0.706653108852453026855755524593
-8.68463806500606510950902333361e-17
0.707560162635774370087915485783
0
0
0
0
0
0
0
0
0
0
0
0
0
0
0
0
0
0
0
0
0
0
0
0
0
0
0
0
0
0
0
0
0
0
0
0
0
0
0
0
0
0
0
0
0
0
0
0
0
0
0
0
0
0
0
0
0
0
0
0
0
0
0
0
2.23174646435076433127503870574e-07
0
0
0
0
0
0.707560162635774481110217948299
1.40614996264671344482661785683e-09
-0.706653108852452915833453062078
0
0
0
0
0
0
0
0
0
0
0
0
0
0
0
0
0
0
0
0
0
0
0
0
0
0
0
0
0
0
0
0
0
0
0
0
0
0
0
0
0
0
0
0
0
0
0
0
0
0
0
0
0
0
0
0
0
0
0
0
0
0
0
0
