2
13.8374959879083991864945346606
0
0
0
0
0
0.706512552545146110816176587832
-9.08494314175518779711510018711e-17
0.707700510877406707699321941618
0
0
0
0
0
0
0
0
0
0
0
0
0
0
0
0
0
0
0
0
0
0
0
0
0
0
0
0
0
0
0
0
0
0
0
0
0
0
0
0
0
0
0
0
0
0
0
0
0
0
0
0
0
0
0
0
0
0
0
0
0
0
0
0
5.59658289926011601498690231637e-06
0
0
0
0
0
0.707700510877406818721624404134
2.24247264344394165003673667663e-10
-0.706512552545145999793874125317
0
0
0
0
0
0
0
0
0
0
0
0
0
0
0
0
0
0
0
0
0
0
0
0
0
0
0
0
0
0
0
0
0
0
0
0
0
0
0
0
0
0
0
0
0
0
0
0
0
0
0
0
0
0
0
0
0
0
0
0
0
0
0
0
