3
50.8847469140623331895767478272
0.114115440850680330275856988465
0.114217282919595750079189144799
0.114319241534215007560781884877
0.114421316907181547239957808415
0.114523509251583416324038466882
0.1146258187810124951067081156
0.114728245709475637492680277774
0.114830790251514325284176720743
0.114933452622110063301441584827
0.115036233036710039412398032255
0.115139131711304631977554890909
0.115242148862277460352743219119
0.115345284706516490458305668199
0.115448539461442428732951270831
0.115551913344864726207461558261
0.11565540657516958089612302274
0.115759019371160731814995870081
0.115862751952163972601894670333
0.11596660453796563128303631629
0.116070577348863918087928936984
0.116174670605621546681796019129
0.116278884529494891397760625296
0.116383219342256427619730629885
0.116487675266149934283355094067
0.116592252523912962014485117379
0.116696951338783716511926513704
0.116801771934483100690016499357
0.11690671453523691913911619622
0.117011779365804549635221576409
0.117116966651370987828606473613
0.117222276617681198107590034851
0.117327709490989931517823663398
0.117433265497980332536798186993
0.117538944865929612104693546826
0.117644747822543943582829228944
0.117750674596106288949393103849
0.117856725415355065300637704695
0.117962900509578777485941714076
0.118069200108536678794912688772
0.118175624442526383539586731786
0.118282173742362842205899653436
0.11838884823935401369165987262
0.118495648165329467427220322406
0.118602573752649251281887643472
0.11870962523417348533083526263
0.118816802843302760095411940711
0.118924106813967520035468794504
0.119031537380565155537226473825
0.119139094778080489867022606632
0.119246779241963779538693302129
0.119354591008282232000858869014
0.119462530313526507641519458502
0.119570597394755506748253992555
0.11967879248960708316040779664
0.119787115836178528760491701632
0.119895567673127728669513203386
0.120004148239673980036457123788
0.120112857775512754665570014367
0.120221696520940293795298714485
0.120330664716751356557722374419
0.120439762604306860316327743021
0.120548990425461549635954838777
0.120658348422676711675372018817
0.120767836838900258222828654198
0.120877455917647952388094267917
0.120987205903025710207465692747
0.121097087039598858004829651236
0.121207099572506249440806413986
0.121317243747540146059371579668
0.121427519810908587927222868075
0.121537928009418177976996844336
0.12164846859047113991625366225
0.0103932107318282472563364393636
0.200013761081208996106539643733
0.194632889737675507380032513538
0.189244026377332369426298441795
0.183847159501701329364919956788
0.178442277579841657164649859624
0.17302936906795748916998434197
0.167608422410982532690937318876
0.162179426025591016946592048953
0.15674236832799876006916406368
0.151297237687357366553442261647
0.145844022483110541399398130125
0.140382711042234126219696577209
0.134913291717306732531156399091
0.129435752809546722463807100212
0.123950082611132772480999619802
0.118456269391053872763741594554
0.112954301407502177845287860691
0.107444166897449622233295940532
0.101925854073755484119345737781
0.0963993511318802509535430544929
0.0908646462574628638320106688298
0.0853217276079088066120803546255
0.0797705833253923995984635553214
0.0742112015327352214644207606398
0.0686435703344870223885365589922
0.0630676778112828767541842012179
0.0574835120260711388007202060635
0.0518910610295761770549560765176
0.0462903128500946961509932009449
0.0406812554878249396650424785093
0.035063876940458489628316129938
0.0294381651798649272844254909387
0.0238041081407228787003571568448
0.018161693765550393497854031466
0.0125109099627504112561826588035
0.00685174462591808027672746206349
0.00118418562385078020467166215468
-0.00449177918868721211959060823915
-0.0101761619739583943772265328676
-0.015868974919384663119226175354
-0.0215702302314446162090355585406
-0.0272799401345719567946179751061
-0.032998116880126847350052088359
-0.0387247727097425192832602647286
-0.0444599199399524774856118369826
-0.0502035708532574884155330607882
-0.0559557377738930245003601271492
-0.0617164330511152658953477612158
-0.0674856690459793157055301549008
-0.0732634581374048410307153744725
-0.0790498127375485332146709538392
-0.0848447452548663355598179691697
-0.0906482681457769778887723077787
-0.0964603938740503097371004059823
-0.102281134904337211999347800884
-0.108110503757475787112163345682
-0.113948512949113317516136589802
-0.119795175020246863484274513212
-0.125650502535634367440309233643
-0.13151450808586148677470362145
-0.137387204270124352323279026677
-0.143268603705939440162708820026
-0.149158719048277627061693806354
-0.155057562947870347658252399015
-0.160965148103182575933800535495
-0.166881487220812058103192043745
-0.172806593018808490880289241431
-0.178740478247460643501653976273
-0.184683155676497734454244437075
-0.190634638086846081028724597672
-0.19659493829484739335633491919
-0.202564069122605133754788653278
1.1897763885202513327671789183e-11
0.304205701466439326630109007965
0.256417682490613196844009280539
0.210582545436767215596418623136
0.168301579902219444750954835399
0.128255055393485778436613031772
0.0973051083343045297713302943521
0.0649241956795742480856858946936
0.0280451736299451859224518557312
0.00499944553628386533644656353204
-0.0195259321922863042508833331112
-0.0381924585650068870723572445058
-0.0662787270092858316061779078154
-0.076700005869210899356325228382
-0.0968580873868599007137092371522
-0.110416335913935972912192085005
-0.118841832314037207374290971984
-0.131123612045946108528582385588
-0.131866280059300761129392753901
-0.135275289774058754543872851173
-0.136988732902221660436836714325
-0.146022651432544114946665558818
-0.146207165428335145174187914563
-0.143623536558622311165578366854
-0.136874425909369434872786541746
-0.134186230723472382786454204506
-0.128456904018312445536764698772
-0.121117075222309522608554743783
-0.115007188529146167632610797682
-0.101720412562526577038291009103
-0.0984854410614709047111503537053
-0.0808625239838794002134036986718
-0.0729141491946569408888478847075
-0.0591101713585323457200715324689
-0.0466554816891497498021479373165
-0.0386835924248557505578105519817
-0.0247001200979939314339439704327
-0.0112752315121183600138410341174
0.00102104643569201312958139027387
0.0183798797786692037770084340309
0.0260154237261597948149827175257
0.0386852119442528813442194746131
0.0546590885844974797014295120334
0.06459168510091686798979537798
0.0728782112312220953231900466562
0.0845281749819459388151088319319
0.0987884955847041501542094010802
0.107933548676829971224577775502
0.115250564411995826130663544973
0.124999862192545441175184350868
0.125605948080077411965760347812
0.133768032586678214945763443211
0.136800190103858854140383982667
0.136968949339078521765245000097
0.133094321078534749691613114919
0.132803297681600845914218211874
0.131298234290686571812400984527
0.123138380552351558994139679726
0.114925586561943154917386777925
0.105468666755796094958164133004
0.0956964081895644164132974651693
0.0779729434682794320110588159878
0.0652292440771724546522136733984
0.0431490622116662836393885527286
0.0179792710540753221393206473522
-0.00488348817685532211874122054951
-0.0316919631494320744313775151113
-0.0609676404224466297887552457269
-0.0947540750387041857960568336239
-0.132464587064976768715496291406
-0.173449140159927184257071530737
-0.214668630985775155117778467684
-0.263768238342332206336493527488
