2
0.245297500666638301769495456028
0
0
0
0
0
0.706591241728237062780237920379
-8.00678944941172540844507478903e-17
0.707621945047599454348130620929
0
0
0
0
0
0
0
0
0
0
0
0
0
0
0
0
0
0
0
0
0
0
0
0
0
0
0
0
0
0
0
0
0
0
0
0
0
0
0
0
0
0
0
0
0
0
0
0
0
0
0
0
0
0
0
0
0
0
0
0
0
0
0
0
4.81230907188980802693347349399e-08
0
0
0
0
0
0.707621945047599565370433083444
4.07535059493333509257924194045e-10
-0.706591241728236951757935457863
0
0
0
0
0
0
0
0
0
0
0
0
0
0
0
0
0
0
0
0
0
0
0
0
0
0
0
0
0
0
0
0
0
0
0
0
0
0
0
0
0
0
0
0
0
0
0
0
0
0
0
0
0
0
0
0
0
0
0
0
0
0
0
0
