3
9.22713646086554994951711705653
0.114774763398780371703722380516
0.114858993739529610667027270665
0.114943308995743093126051803665
0.115027709295875066319858603947
0.115112194768672862488223529454
0.115196765543086249161675027608
0.115281421748301041163564661929
0.115366163513785827121616023305
0.115450990969242356376511793314
0.115535904244584139433094094329
0.115620903470023655978948795564
0.115705988775969062509751950074
0.115791160293123460145459091564
0.115876418152414950579753849524
0.115961762485002436995351615678
0.116047193422307820531713673518
0.116132711096031321362787025464
0.116218315638077676621442435589
0.11630400718061575937589680052
0.116389785856086003246190330174
0.116475651797150012156656373463
0.116561605136748208666475079553
0.116647646008053398891668450688
0.116733774544498597469655010173
0.116819990879785395865297914497
0.116906295147845465387526076029
0.116992687482867716020074055905
0.117079168019315560389514985218
0.117165736891901503535784456744
0.117252394235565216007444178103
0.117339140185567569751867722516
0.117425974877358993420095600868
0.117512898446680266739683418109
0.117599911029534584527844742752
0.11768701276218325457723068439
0.117774203781128058987626161525
0.117861484223161838702509385257
0.117948854225290541974935365488
0.118036313924846356093745214366
0.118123863459383401930402612834
0.118211502966718923213207403933
0.118299232584936936385489048007
0.11838705245239124208556091844
0.118474962707711142795297121211
0.118562963489754716328583583618
0.118651054937685587753470883854
0.118739237190912047537061368985
0.118827510389116430822298298153
0.118915874672238713882777005892
0.119004330180503728464636026274
0.119092877054382012547151248327
0.119181515434641643880198103034
0.119270245462309534834055568808
0.119359067278665326172770733137
0.119447981025277066846612683548
0.119536986843998979668235449481
0.119626084876913479915216953486
0.119715275266421339317446381756
0.119804558155146373410460114428
0.119893933686084253054104920011
0.119983402002370870276237724283
0.120072963247522229712771490995
0.120162617565295351540477497565
0.120252365099693725447593806166
0.12034220599506607884965347921
0.120432140395956038814162525341
0.12052216844727155209415769832
0.12061229029412467994575308694
0.120702506081963423234526544547
0.120792815956466847993056035193
0.120883220063646976139004607376
0.120973718549759717832969840856
0.000775903783918998821156343126404
0.199933107021232264743915152394
0.194527205265471681006061999142
0.189113987287635593181889248626
0.183693442852171900936397719306
0.178265561773777836407361974125
0.17283033380849818771984871546
0.167387748722883589191923192629
0.161937796222819146985116844917
0.156480466057963146786491392959
0.15101574791046426526897050735
0.145543631477283330610816847184
0.140064106418179040725036088588
0.134577162404763556180498085268
0.129082789051714996730879647657
0.12358097599063161409205235941
0.11807171284231814112342107137
0.112554989182044262729931460854
0.107030794561961101196700951732
0.101499118554702921768395640356
0.0959599506949233987951330959731
0.0904132805004884548827348567102
0.0848590974904524231181568438842
0.0792973911137407200255822203872
0.0737281508951239950011569135313
0.0681513662550635029857559743505
0.0625670266287410292704862513347
0.0569751214409836767571526650045
0.0513756401018209338249498330242
0.0457685719949971064890448246842
0.0401539064817701685239370590352
0.0345316329286841777745920012421
0.0289017406398819134971667210721
0.0232642189799884616108194279605
0.0176190572156647469459489485644
0.0119662446422253484351605479219
0.00630577052743496683367974142698
0.000637624111690106103698949535641
-0.00503820537537630081664774550632
-0.0107217286903770556844017747267
-0.0164129566715818971112117452549
-0.0221119001158997553757590281975
-0.0278185698761710190063389802617
-0.0335329767899199479574967597273
-0.0392551317322262574571745119556
-0.044985045617047664245902183211
-0.0507227293247146729382457408519
-0.0564681937804725128660088273591
-0.062221449930459381272296326415
-0.0679825087453223980693550743126
-0.0737513811894181386952240586652
-0.0795280782581403999920155456493
-0.085312610974097174976193969087
-0.0911049903542910377574060021288
-0.0969052274557828524637059786073
-0.102713333345911345118040003399
-0.108529319094435264259068674164
-0.114353195826160256021175598562
-0.120184974639574296273458742235
-0.126024666668279827774767909432
-0.13187228308396925502421481724
-0.13772783506480432147434100898
-0.143591333775856366816725540048
-0.149462790458404826132721154863
-0.155342216302691432661120529701
-0.161229622586012255602838649793
-0.167125020560467935082371582212
-0.173028421498162471303672305112
-0.178939836716090594492811760574
-0.184859277517164272142125014398
-0.190786755240246325149300332669
-0.196722281263886911162330761726
-0.202665866930527821532237453539
3.49936301384269595559768753952e-13
0.302983217568317697576674163429
0.246574012467418696159526803058
0.194853859154297093247976135899
0.184102319543942682944503985709
0.120508940289884139418496999951
0.102248099714233334212032389132
0.0543836345421330191740594273142
0.0353649410270375774700823967578
-0.00370554207784756827262495626485
-0.0117250165431141799288194960127
-0.0234328192748491440089431137039
-0.0566186253833428632109558975571
-0.0813272258314947926738369687882
-0.0936919788747371945492048439519
-0.0839272360459255850617665828395
-0.111912300920811724758152649883
-0.134803739762803825863457518608
-0.119651125002874156311172271216
-0.151951123623616152213955388106
-0.151269303567714813452127486926
-0.121683160401723042265409446827
-0.150635155899970368809093201889
-0.155943967428752106041400793401
-0.142787889473001139428731676162
-0.153274615288277210600753619474
-0.13459472864264593328087471491
-0.121132827746857407724689892348
-0.115197247588097337334112069129
-0.123894225578141170540646953668
-0.0986826245026178466845934167395
-0.0913734527914641658785654954045
-0.0647158188286091756724616175234
-0.0598450841169121186546853152777
-0.048046558303972634884626558005
-0.0503229898898984659427746635174
-0.0109881647333459949583689407859
-0.0149907369847549817171161734564
0.0135852961040427624300752640352
0.00604638224606043883646577796753
0.0276199623826803020154585510681
0.0347635085752181563489848770132
0.0596707080424738536827966584042
0.082704193045647980686574385345
0.0823831761647111637802964878574
0.104502482104367744319972644007
0.0958169395291957742832877897854
0.113139845679649644893949300695
0.131717379389962141456038580145
0.125787778240811110030961117445
0.130368918019965945864768741558
0.13631153177836588530347228243
0.142040157190614496629521568138
0.13679800990800863869090164826
0.134601955488086760803767560901
0.130527865450098728983263640657
0.134264284994684457430480506446
0.111947947041102877085982925109
0.113014854212224222229643544324
0.112001854390583868714692528101
0.0732867437353655754028736168948
0.0675219178718797496951964376422
0.0512737787012591053614762870438
0.0229107434636850355869075457349
0.0142793547397364051221302361228
-0.0155311033937027345719350535092
-0.0248883795642738450681896722472
-0.0583603289791946103215458663271
-0.0892160300450108717518205025954
-0.122701419801167180279044544022
-0.18011634867851616936818004433
-0.192940001946800054888342401682
-0.263988418818223158357483271175
