3
57.4156033196109021332631527912
0.114135549334792821274398022524
0.114236855991693420087074173352
0.114338278182795627380130554229
0.114439816117959905494849692786
0.11454147000751346840985434028
0.114643240062197698803103662613
0.114745126493252413979462289717
0.114847129512409010243523255212
0.114949249331831315767971091191
0.115051486164144428636646466657
0.115153840222470729703907466046
0.115256311720375800855542536283
0.115358900871910571850342819289
0.115461607891576806261824117428
0.115564432994429644452338834526
0.115667376395870061256410110673
0.115770438311875556447461121934
0.115873618958869037398606849365
0.115976918553733127081883935716
0.116080337313840820101518147567
0.116183875457093105376671360318
0.116287533201791234982458433933
0.116391310766758473982385169165
0.116495208371330719043790224987
0.116599226235274230911720394488
0.116703364578882501367829149785
0.116807623622952674868891165261
0.11691200358865679043152141503
0.117016504697829135106523779086
0.117121127172652342296466088101
0.117225871235861589525484305341
0.117330737110705393688725450829
0.117435725020907100191180916227
0.117540835190641582141957144358
0.117646067844640545008161325313
0.117751423208126426711572776185
0.117856901506796160616907798158
0.117962502966867013864948887658
0.118068227815035842187540993109
0.118174076278555223451505185039
0.118280048585102826042003698603
0.118386144962941725067295806184
0.118492365640801233794832114654
0.118598710847893376585382441135
0.118705180814019373158885173325
0.118811775769428529248017412101
0.118918495944883295667438005694
0.119025341571674395102498067445
0.11913231288161560406102523757
0.119239410107038895647590948101
0.119346633480785002667801109055
0.119453983236211841445495451808
0.119561459607162065554852858895
0.119669062828061445458160960698
0.119776793133840764316033755676
0.119884650759934069386147825753
0.119992635942329881060253171654
0.120100748917503385992944231475
0.120208989922491363278034270934
0.120317359194834369584548028342
0.120425856972662531640949623579
0.120534483494552507876207414483
0.120643238999645727171916576026
0.120752123727658991492184270555
0.120861137918789940393082815717
0.120970281813818997251885889455
0.12107955565403392961254525062
0.121188959681261476664104748124
0.121298494137882614807288916836
0.121408159266817194943399726981
0.121517955311540346019505420827
0.121627882516047086669530585823
0.0115075389011734634248096398323
0.200010300870406332318651720925
0.194628750519087734272005718594
0.189239226458856907298056171385
0.183841717210883215383177002877
0.178436211280005557755501399697
0.173022697168502992415284325034
0.167601163338806369296207776642
0.162171598267225214318187909157
0.156733990365823805390732559317
0.151288328076273986821931316626
0.145834599793094155106842890746
0.140372793885317370676801829177
0.134902898738155030411434154303
0.129424902676887804142680238328
0.123938794039206170993772104794
0.118444561140349569061669399161
0.112942192248334544180110583511
0.10743167564360278642965340623
0.10191299958945945758337359166
0.0963861523014338944514989293566
0.0908511220057140328476563695403
0.0853078968891442246391676462736
0.0797564651377115352293145633666
0.0741968148996906551317920275324
0.0686289343161251980118819915333
0.0630528115073485800889940833258
0.0574684345866090240395607224855
0.05187579160810327355557447504
0.0462748706538984727609786773428
0.0406656597623192214707721348077
0.0350481469630776407142569439657
0.0294223202480776539757822973797
0.0237881676175831086039735851045
0.018145677033373750625111497925
0.0124948364423553524849008766751
0.00683563376804643008793904712661
0.00116805692349126869801489991829
-0.00450790620593987528819113208556
-0.0101922677482868036941132672268
-0.0158850398461926889392969997061
-0.0215862346852294592625121083529
-0.0272958644284306273242179941008
-0.0330139413129460421170158213044
-0.0387404775481255056468476993814
-0.044475485391742758389810319386
-0.0502189770995947956655491850597
-0.0559709649707361700521346392634
-0.0617314612995705155884529347077
-0.0675004784209779357118108578106
-0.0732780286867506236436753397356
-0.0790641244552769545395065620141
-0.0848587781116835054850966457707
-0.0906620020531340858882529687435
-0.0964738087283894679702100916074
-0.102294210561395149117203118294
-0.108123220032710021243360642984
-0.113960849627963670127606121696
-0.119807111837022556288800956281
-0.125662019201124131040359088729
-0.13152558426977711825145433977
-0.137397819599446441296564103141
-0.143278737779342718594577377189
-0.149168351419221772991008378995
-0.155066673147153416545407367266
-0.160973715602203831798178157442
-0.166889491468309669741643119778
-0.172814013417819101192662856192
-0.178747294175436277630097947622
-0.18468934645959056428665689964
-0.190640183018520953384111749074
-0.196599816632715473918580073587
-0.202568260084510620711029105223
1.27950297219672389161673478834e-11
0.309848323920295876110486688049
0.256965801541717830946964795658
0.210299156044197882442503555467
0.172166389031279287724629512013
0.128906339413747128563869637219
0.092150181606271766576732318299
0.0613365742525568136134239694002
0.0310019104610626990148336545872
0.001893392174168603836470481383
-0.0222049035572426632645370858654
-0.0439134864734089108706527326831
-0.0636559131825833318663043769448
-0.0811289455073205129087554610123
-0.0962875775097879887942653454047
-0.107328352124436671166662904398
-0.120047920971059610129039185722
-0.126114426681654012707411993688
-0.136952609375432410310224895511
-0.140642346198528306322472758438
-0.140895051640827800865096719463
-0.143702285834737208958244991663
-0.147563662283900220995036534077
-0.142951813918982706397287074651
-0.138953713311984250466935009172
-0.128293288450619685781006751313
-0.124987338215451174172621051639
-0.119795370092414851792561591992
-0.109364048189022941559578327997
-0.102319283401685057199870243494
-0.0900422844404887151581462489958
-0.0846265792175630027216470807616
-0.0725585950558416264977168452788
-0.0572614709676644156877145519502
-0.0460982037883791717636228213451
-0.030910137634313928495233270155
-0.024842864708392465439290575091
-0.0100449185428619965770868915911
0.00400984283772286113911587079883
0.0139728815322176791458019806669
0.0291846984664614512994251782629
0.0371312151923743824499801746697
0.0537309271992728459954591357928
0.0645774567071462912704049585955
0.0712401652299333859597041396228
0.0839925552783109680143880382275
0.0920460915729997414258534149667
0.102578280167775190423462561284
0.111685003060268434049717711787
0.117591497923936944003386884106
0.124284554167604949226344501767
0.132526173647314782222395024291
0.134516995999186456112184373524
0.136997500359189422480810094385
0.134887059203609604995932613747
0.133557791320070340379544404641
0.13022902502403213564896589105
0.126201162814909395581963735822
0.118735911104657365644499122936
0.103210488772482927855023149277
0.0945246728233532368390612532494
0.0836019104617367475595912651443
0.0667762266922597574891895533256
0.046062775022630619847774369191
0.0217003220242680677776192510464
-0.00340440905076013280994295939763
-0.0269473052986761614502331241283
-0.0648183801087546390684579478147
-0.0927685370149725491151215805985
-0.136756631851795235066404643476
-0.175770872479766887552798948491
-0.215311366630880490768973345439
-0.264807762558637194150179539065
