3
116.379036585855359930974373128
0.114528555008611407362018042022
0.11461937602439896399797447657
0.114710293383451927828886596217
0.114801307243850098105397705694
0.114892417764014195813437879679
0.114983625102677414209217943153
0.115074929418912952350240175292
0.115166330872104011318057814606
0.115257829621943780340487251124
0.115349425828513957315024640593
0.115441119652122392569282283148
0.115532911253457284961321249739
0.115624800793556997691169385689
0.115716788433741585295777554165
0.115808874335684125478351802485
0.115901058661377842629036649669
0.115993341573129848942613762119
0.116085723233637971851806014456
0.116178203805829341477284799566
0.116270783453075815527810732419
0.116363462338989129274402500869
0.1164562406275660849663822205
0.116549118483135039081588502086
0.116642096070306525157356247746
0.11673517355414267382407444984
0.116828351099888760877831828111
0.116921628873260866066097207749
0.117015007040242355329517920381
0.117108485767152353806963560601
0.117202065220699105929647032553
0.117295745567880374538027865583
0.117389526976083694020935865865
0.117483409612981551384258693815
0.117577393646609629218602321998
0.117671479245380308786828038592
0.117765666578034708389388640626
0.117859955813634370569431553122
0.117954347121588240532297220398
0.118048840671691676607046872505
0.118143436634053841660652039991
0.118238135179147815789768571904
0.118332936477783964845933439847
0.118427840701115019705902398073
0.118522848020665955148800208008
0.118617958608329784886414870471
0.118713172636277522475900525478
0.118808490277136302726290750797
0.118903911703814341160878598203
0.118999437089570350711831281387
0.119095066608068372859818850884
0.119190800433301963279220103686
0.119286638739617326110398209948
0.119382581701742165880553159241
0.11947862949472194682432046875
0.11957478229400428371143050299
0.119671040275390036522473735658
0.119767403615008108386241758581
0.11986387248938699945366437305
0.119960447075417170337274797021
0.120057127550316708464173132143
0.120153914091705754652039672692
0.120250806877558485963319867551
0.120347806086222794408335801108
0.120444911896403647477704623725
0.12054212448719434092048174989
0.120639444037998727621285866007
0.120736870728660128371245718881
0.120834404739382478277676113976
0.120932046250690344857403601964
0.12102979544356576302455152927
0.121127652499270793695629322428
0.121225617599500276599933101807
0.0148067400364325640893525815045
0.199953901731193012247800311343
0.194558131045178717144494839886
0.189154770313838066497780232567
0.183743808801955482712386924504
0.178325235744342530663786305922
0.172899040375684737158579196148
0.167465211918985557026928745472
0.16202373953469945133676333171
0.156574612422913456155626477084
0.151117819742350889544724168445
0.145653350632345440773818268099
0.140181194203010117682595137012
0.134701339577565332161768196784
0.129213775836504313199171178894
0.123718492060096621476539269224
0.118215477293179965778691098421
0.112704720579368922184215762172
0.107186210936711989738512329495
0.101659937362956767636923416376
0.0961258888535186373225371880835
0.0905840543544408488552122094006
0.085034422833454872958647285941
0.0794769832095953421280398742965
0.0739117243988080957484143596048
0.0683386353013629016528440729417
0.0627577047979565733060169918645
0.0571689217411297315174500965895
0.0515722749740291433462324732773
0.0459677533150593189970045671089
0.0403553455691251714010370221786
0.0347350405419154031894102274691
0.029106826991425197720397832768
0.023470693674354753399668993552
0.0178266293254062541118187823486
0.0121746226537786748217451204823
0.00651466235664926660020590531985
0.00084673712508320862334815215533
-0.00482916439393073649438692385161
-0.0105130535381193560007240250798
-0.01620494171364195157281073989
-0.0219048402791101465281187188339
-0.0276127606698207024582547575164
-0.0333287143054089574079057456402
-0.0390527126396240306660523344817
-0.0447847671318873652435144094852
-0.0505248892780047684225586124285
-0.056273090565087974246338831108
-0.062029382534944756122374798224
-0.0677937767195197216185675870292
-0.0735662846829066852105682983165
-0.0793469180008565810879872515216
-0.085135688257542044277137449626
-0.0909326070867608748926613770891
-0.0967376861258880116345437727432
-0.102550937008449735698967231201
-0.108372371416351975792480288874
-0.114202001033704522714451456977
-0.120039837588487366404343958948
-0.125885892797132525888770260281
-0.131740178402998231455001132417
-0.137602706183716977372810674751
-0.143473487926364440259163757219
-0.149352535410955444827862947932
-0.155239860481484692744658104857
-0.161135474989558297176373002912
-0.167039390768362910888455985514
-0.172951619734269368411361256221
-0.178872173761603692199173565314
-0.184801064774990780881225305166
-0.190738304714178269483326744194
-0.196683905549133508650072599266
-0.202637879243684204677578009068
9.88722710181063657453542403989e-12
0.308873895015573884936799231582
0.256199729501424389166430728437
0.210445235864290841609758331288
0.168373391296009117246157416048
0.122719778497841353059882862908
0.0984522681899557550178059273094
0.0644204109657269124999956488864
0.026193756151538107046494729957
0.0119494960570053713327931532717
-0.0124661964842290567262450551311
-0.0423664438821706387794385761936
-0.0599440956619048323505971609393
-0.0834488567915861317869641311518
-0.098698655422535308545661791868
-0.109770960893814606418317225689
-0.126674530393432294150812822409
-0.132302770290252669216357617188
-0.143857876435404374859672316234
-0.13733664441845438997091832789
-0.13236473914529622852853663062
-0.146494303007269427441272569013
-0.149674620405302383208123728764
-0.136177834463211439031127270027
-0.144712948770760907457599842019
-0.132571646539738685621756530963
-0.131239863397096118147189258707
-0.116900272631383667087945354979
-0.115327178734480770283532535814
-0.108689925725611452600460893336
-0.0908907251062029269972342149231
-0.0897013181170732282199153928559
-0.0708982597177326284709764081526
-0.0550802267176008983340373958981
-0.0485964755801820344482955249532
-0.0313691716199903103401425141783
-0.0230605083259996443412198630085
-0.000855304894271731301104433331517
0.00890107607054121952039338339091
0.021786557031266834405514032369
0.0303833960733075961191396174854
0.0384407431870201279910936875694
0.0605405974022047779770083764106
0.0630431195794594750880790456904
0.0762705120878729159183961883173
0.0936952163022354844734707057796
0.0939659038606378005376029705076
0.10781089813344300887276716594
0.117810023352052484213459138118
0.12444527908531867466113141063
0.121158586721476474457048766453
0.12664335393930140072349388447
0.125832591920240738359026977378
0.12199813864310571354110379616
0.135657302461598988641000573807
0.12824332610505520535504331292
0.127808680222373405310776206534
0.131214714879965110849724396758
0.111923174905861760874969945689
0.106335232416315331183120918013
0.0913864298190369961361056994065
0.0730815319825347531335069106717
0.0649783766294492609594257714889
0.049901327917634602515661867983
0.0205266497333149444681765771747
0.00493692526303257141206959346391
-0.0374744414789310725799609258502
-0.055359409546400110968544794332
-0.100204474956567257670769777178
-0.131761066492626643942287500977
-0.171378312685508432666736666761
-0.21520810949262150768568346848
-0.263446290518550896297966801285
