2
0.316997164910564899198419652748
0
0
0
0
0
0.706603726707677237683924431622
-1.23913463891295212220706833489e-16
0.707609478033485617132214429148
0
0
0
0
0
0
0
0
0
0
0
0
0
0
0
0
0
0
0
0
0
0
0
0
0
0
0
0
0
0
0
0
0
0
0
0
0
0
0
0
0
0
0
0
0
0
0
0
0
0
0
0
0
0
0
0
0
0
0
0
0
0
0
0
5.26571240009300151549725586223e-08
0
0
0
0
0
0.707609478033485728154516891664
7.44901797772842191897740577594e-10
-0.706603726707677126661621969106
0
0
0
0
0
0
0
0
0
0
0
0
0
0
0
0
0
0
0
0
0
0
0
0
0
0
0
0
0
0
0
0
0
0
0
0
0
0
0
0
0
0
0
0
0
0
0
0
0
0
0
0
0
0
0
0
0
0
0
0
0
0
0
0
