3
819.476639877071988848911132663
0.11453470056407345778470840969
0.114625357280653705771555905812
0.114716110049468730802679772296
0.114806959027790020377857160838
0.114897904373323908600035281324
0.114988946243971768002012368015
0.115080084798090481745802549085
0.115171320194254619972973330277
0.115262652591408401581141163206
0.115354082148795417106512672945
0.115445609025978709882842565548
0.115537233382900561551309692732
0.115628955379736664266232537557
0.115720775177079279738556749635
0.115812692935772315605547078121
0.115904708817038695767287492799
0.115996822982382202793516512429
0.116089035593698944315299570462
0.116181346813141336826724625553
0.116273756803229391665333025685
0.116366265726829898330407786489
0.116458873747099456164022512894
0.116551581027574319149309189925
0.116644387732063828377881975484
0.11673729402477781014191293707
0.116830300070181275495784234408
0.116923406033168753026529884664
0.117016612078898338267229917165
0.117109918372889421078753002803
0.117203325080990100603983705696
0.117296832369404163687320874487
0.11739044040466353746587913065
0.117484149353621683542492348806
0.117577959383524680014865282374
0.117671870661921751377576583764
0.117765883356675621351783433965
0.11785999763606500034818225231
0.117954213668641269552317396574
0.118048531623364413856158705585
0.118142951669483478593924985489
0.118237473976608040149294254206
0.118332098714725275634407353209
0.118426826054155207024187745901
0.118521656165550201555980436297
0.118616589219918314168644712936
0.118711625388622316057407601875
0.118806764843394516151242612523
0.118902007756251357206700447477
0.118997354299655938580926317627
0.119092804646377725674710745807
0.119188358969505539541877681131
0.119284017442555220767097523549
0.119379780239355984261528931256
0.11947564753412089066930690251
0.119571619501345205449638342543
0.119667696315970295550812352303
0.119763878153276256965931167997
0.119860165188888936893540915207
0.119956557598797530772571917623
0.120053055559331281476609376568
0.120149659247233295267243136095
0.120246368839568323894084755921
0.120343184513772058497060868376
0.120440106447663772271106097378
0.120537134819402771968022136662
0.120634269807569388666124154952
0.120731511591055037935227289836
0.120828860349077138458540048305
0.120926316261364033555203434389
0.121023879507911033548417378825
0.121121550269084526929574963106
0.121219328725648847755458348274
0.103350781316905421247653862338
0.199953221106776601878607380058
0.19455721108896453785952473936
0.189153617486629344046633605103
0.183742429588692940400918018895
0.178323636628026804817892525534
0.172897227872918890501097166634
0.167463192516855152724986055546
0.162021519782175243973298961464
0.156572198845717602821991931705
0.151115218904816522860201644107
0.145650569075077673808493727847
0.140178238542845806646752748748
0.134698216381881757941485489027
0.129210491707978075703877607339
0.123715053625294960082392492495
0.118211891172337157929206341578
0.112700993428048470978986017599
0.107182349401031079549895252967
0.101655948105571838913085969125
0.0961217785514401346080859411813
0.0905798297082152509274166618525
0.0850300905432797571315006734949
0.07947255000024736060204588739
0.0739071970119256765885396021076
0.0683340204841892256970581343012
0.062753009287355540624098182434
0.0571641523247445187960735779598
0.0515674384363927554297823974139
0.0459628564408958856235543066759
0.0403503951961528758984876219529
0.0347300434696162715897393979958
0.0291017900714957734875643069472
0.0234656237457835648019255359031
0.0178215332581526074429145722888
0.0121695073133665961073734962383
0.00650953465489219861017655688329
0.00084160393360196311153542669814
-0.00483429612530888053872901721775
-0.0105181769057779584547462903288
-0.0162100497531635981407482915984
-0.0219099260497488505794461133291
-0.0276178171955333388865039268012
-0.0333337345980851268434363987581
-0.0390576897038950668350487660518
-0.044789693961566928726014680251
-0.0505297588392550275915304780483
-0.0562778958384632238542977233919
-0.0620341164584598606102083806491
-0.0677984322242523446133688480586
-0.0735708547056728445756590417659
-0.0793513954382506353502080287399
-0.0851400660118822316668740768364
-0.0909368780449142793953498653536
-0.0967418431273065898556851038848
-0.102554972936525254367801096578
-0.10837627909120918501262309519
-0.114205773303932930917703458817
-0.120043467251039398524525836365
-0.125889372656815129447593903933
-0.131743501238495680505380391878
-0.137605864770310865052849180756
-0.143476475009905263258147556371
-0.149355343747631041928514150641
-0.155242482815946492014091973033
-0.161137904001349502314255346391
-0.167041619192859758236124889663
-0.17295364023569498312937753326
-0.178873979028721069584051406309
-0.184802647474797104854005169727
-0.190739657482953212097598338914
-0.196685021017397931863968096877
-0.202638750028096531474730568334
6.76301918383967458553764647978e-11
0.308808686740555338179348154881
0.265423262380257873882527519527
0.198964225006276890228562592711
0.178548582407823591688966757829
0.133429461121742615192786729494
0.0854461814988096146628038241033
0.0631183712399460555841912423602
0.017700185104652949724668431486
-0.00220576229801815529296682427685
-0.0128253669713619157521922176102
-0.0494445599429128648805154000456
-0.0747684896313626501385130040944
-0.0725053860780466297164537081699
-0.0916490102103700438052058530047
-0.103482354215664887342462918696
-0.120503345017938245931077290152
-0.138340427869985876929703749738
-0.126055606295511074543824747707
-0.118700941336098306222446296943
-0.154799073392481140176712983703
-0.132273566451468899130006207088
-0.137963988014309674179358466972
-0.143967605214512794908898740687
-0.136278883424043845140616326717
-0.12723239573279748748646511558
-0.134492720626377709747245603467
-0.130383055186528262758827168
-0.112906224789199455260657600775
-0.108944047983243183508328399967
-0.0959766704082956612076316105231
-0.0810091875380930526162615024077
-0.066973583683104034869337795044
-0.059670358880429985592996899868
-0.0434722535917976687924735301749
-0.0377511986372400937250759511699
-0.0360914745060469943638281620224
-0.00675885207793290154060228402955
0.00566648412653602065458535719245
0.0229836258242964927567264510344
0.0260448121860702083707472809238
0.0439508749393421743745236085488
0.0482597206649857460303287837178
0.0583413152910198865019886227401
0.0762040516345488250227191429076
0.0867340641959099961644241716385
0.0946776065662357502183965607401
0.119010979307445599606474218035
0.109086491236571908602925873311
0.123693151101025494709162444451
0.121773581676581366117773086444
0.139156660663413561662693496146
0.134064105003369321567063821021
0.148236480013283128398526855563
0.1357407519089023073544097997
0.125842271536452054991883642288
0.115394273719883797002516701014
0.10781804763945546099535022222
0.115877821324131213831520881286
0.113236940837682084626258927074
0.0940403325657676869564483013164
0.0863441262336377551855903789146
0.0629974340033035012931250662405
0.0396685159944929685571501920549
0.0274596897553361363186752441834
-0.0014529651575057951542330192396
-0.0307573960145448958847236298197
-0.0488658539789941365194536615491
-0.11127926406382504520564680206
-0.134522517598378688052918050744
-0.176088998673551017093430459681
-0.210556401521081459904394250771
-0.262750367479883117916017454263
