3
870.452696865412463012035004795
0.114039600840590532593310513221
0.114143461304976920334119938616
0.114247442154951445170141255403
0.114351543613722725356574017042
0.114455765905051229380795518864
0.114560109253111441773853584891
0.11466457388266358685680046392
0.114769160018934182621030970495
0.114873867887631334050446696438
0.114978697715013136737560728307
0.115083649727822048824954492829
0.1151887241533042782748452737
0.115293921219195641403310048645
0.115399241153820955596565056567
0.115504684185950695640698882016
0.115610250544852716236832179675
0.115715940460379113075006785039
0.115821754162822920797282222338
0.115927691883061567690305082579
0.116033753852439733278423261709
0.116139940302845037778389780669
0.116246251466682271047403673947
0.116352687576899635479854566711
0.116459248866910239361693868432
0.116565935570701426082784735172
0.116672747922788477836775200558
0.116779686158211271074236492495
0.116886750512482318065110575844
0.116993941221734634727802415455
0.117101258522570361719772336073
0.117208702652141866229484890027
0.117316273848160054771305738086
0.117423972348798838494232654739
0.117531798392862138480374767369
0.117639752219608983985210670653
0.117747834068909526528123876687
0.117856044181135391490933272962
0.117964382797216618681268585078
0.118072850158561032385406974754
0.118181446507253803956949411713
0.118290172085800934786981031266
0.118399027137318993418979573562
0.118508011905464338830995529861
0.118617126634432773490956947171
0.118726371568982261295310820515
0.118835746954432261435208317835
0.118945253036612796915250100938
0.119054890061981236137889084148
0.119164658277499502236906891994
0.119274557930661884164180719381
0.119384589269623322960178768426
0.119494752543008064815666102731
0.119605048000043720501928135036
0.119715475890503506017914503445
0.119826036464762031297226485549
0.119936729973713379626687469681
0.120047556668858079742534528123
0.120158516802238296561355923586
0.120269610626482753579225004614
0.120380838394790246059784522004
0.120492200360952608773068561732
0.120603696779328348198667697488
0.120715327904815761250745254074
0.120827093992916592690711752311
0.120938995299731566479550792792
0.12105103208195361341736884242
0.121163204596818036007377372698
0.121275513102146195731911859639
0.121387957856389935851204597839
0.121500539118538739002950421764
0.121613257148198844470599055967
0.121726112205566519564037264445
0.190381303711874089179545421757
0.200027226861695800463891714571
0.194648881097730958034119908007
0.189262475270491559165009221033
0.183867997750661926747994812104
0.178465436886726974696770753326
0.173054781012183050981079190933
0.167636018442732681599238730996
0.16220913746864917825973861909
0.156774126354006171357724497284
0.151330973376067129398947486152
0.145879666763442161769859239939
0.140420194730623143497538762858
0.134952545488261493877857333246
0.12947670721607454358270672401
0.123992668074514825193865874553
0.118500416203205075071913654483
0.112999939733327323110323447963
0.107491226765556821542979548667
0.10197426539318579785664553583
0.0964490436854268801125655841133
0.0909155496868786772157733366839
0.085373771431515671492817887156
0.0798236969270123830622054583728
0.0742653141579585063247748166759
0.0686986111132795174150089678733
0.063123575740317058868633637303
0.0575401959687593667069904768141
0.0519484597195528086110982712853
0.0463483548814796822434836087723
0.0407398693331166295017453649052
0.0351229909347635024796652203349
0.0294977075223641221901615949719
0.023864006922253509779263680457
0.0182218769140168705689131201098
0.0125713052846956850616688683431
0.00691227980347981513925548213706
0.00124478820218486448123673682176
-0.00443118180520136410033282814425
-0.0101156425029343913918333797142
-0.0158086062217866023249523976801
-0.0215100852942949269386296862194
-0.0272200920839422814967445418688
-0.0329386389702414142388597895206
-0.0386657383445254618226094578404
-0.0444014026307860201758792584315
-0.0501456442573436772525141691403
-0.0558984757021241326913063574011
-0.0616599094305892228562449020046
-0.0674299579315691954839451227599
-0.0732086337354505289898298769913
-0.0789959493779731763973828151393
-0.0847919174185973734125809642137
-0.0905965504339453081561472913563
-0.0964098610278454060118491497633
-0.102231861799398443535480396349
-0.108062565416584974165026267201
-0.113901984522890131756867049262
-0.119750131803035217425978942174
-0.125607019948848680490627316431
-0.131472661687502823113504746289
-0.137347069762128154435387727972
-0.143230256921506621248241231115
-0.149122235965935934220993885901
-0.155023019692354629972541602001
-0.160932620916935720245533048001
-0.166851052489531359590557713091
-0.172778327269685449962821621739
-0.178714458150889460297250366239
-0.184659458029619305552415653437
-0.19061333984309369871112949113
-0.196576116532352435095631904005
-0.202547801066552179971580471829
2.33701635657264504207343829107e-10
0.306730836058069555871696820759
0.255524833750800595133512160828
0.212178844297044838507204644884
0.169225030805213394469177501378
0.133709295050076476529810065585
0.097885897116218908986517988069
0.0630456993977731583456147745892
0.0301796204187071426261468332086
0.00205617115429984186752987440627
-0.0210442848953357811159214918462
-0.0442320180495799700204351267985
-0.0669600826431260565119174543725
-0.0826648555669691059710757485846
-0.097829218597186767825135689236
-0.108742944953035797217566482686
-0.116804615867421010544369153195
-0.128133409893470079365940250682
-0.132761914073745213027422096275
-0.139488133169271638633901488902
-0.14387066814665858127675335254
-0.145979943288170488369104305093
-0.146045562440149878646877823485
-0.141871595945699785490390354425
-0.138994762374617941702581447316
-0.133016240441075156430983383871
-0.128534045465065693836237414871
-0.116521292231886716694866379385
-0.114948074014270470999399265111
-0.0985549893088928236073442690213
-0.0971904751976476188879416895361
-0.0835432347844804329417556232329
-0.0678530466938379456243168874607
-0.0571144087232816621835240766814
-0.0470480466211121300945663392667
-0.036863404091452722788346818561
-0.023188819088952709185358358468
-0.00873759010531917346131791646258
0.00493443532221766577999799707754
0.0174038457458771216035398055055
0.0289451789378536265828767426456
0.0403753551284974018797946371251
0.0512014994777315948781826193681
0.06567268070282174241558692529
0.0748545615890222199029224725564
0.0858199588909590027618889962469
0.0947887887478614243885743917417
0.105538773454594919654070395154
0.110541772469877244700064977678
0.123607460941823690814267422411
0.126880485354279426424284338282
0.128376851103119221653159343077
0.134731735801498997417979808233
0.13749296579456132816332569746
0.135958699796542237248075934986
0.132801410201327352300637585358
0.126660760323256627035704013906
0.122356597555170629187948350136
0.114449578206247820633123524203
0.103104431507853491756243613509
0.0930376495125851132872440985011
0.0806479009012433245562334604983
0.0652112382156257303078561449183
0.0443984630102411195751166417267
0.0213665034892296656909849161821
-0.002910627775538518220016515059
-0.0305286588990397872445115012852
-0.0608280289091110495935943447421
-0.0951284069035105567246901614453
-0.128114159637201602270906164449
-0.173162552853326684454415840264
-0.21613519310477641299783613249
-0.266300668436989074194798376993
