2
434.114612639991662490501767024
0.115111574657854570657988801941
0.115186759509734976125727712315
0.115262014473609258891073636732
0.115337339641907635212625393706
0.115412735107128669453935287947
0.115488200962018519590834841893
0.115563737299389859836118432668
0.115639344212270706035994294325
0.115715021793788438997374612427
0.115790770137289458774354500292
0.115866589336208955507423468134
0.115942479484206203976803806199
0.11601844067503459811963040238
0.116094473002633133407179855112
0.116170576561089936018511536986
0.116246751444650853191120631891
0.116322997747742462593123491388
0.11639931556488489206024894429
0.116475704990831208096579985067
0.116552166120441072494351431033
0.116628699048758305290007797339
0.116705303870961216161639129041
0.116781980682425193251994244292
0.116858729578624725986557564283
0.116935550655270018016729238752
0.117012444008159174901884114206
0.117089409733291432980095692074
0.117166447926818850788777126581
0.117243558685053789192309636746
0.117320742104460751242811511474
0.117397998281669538322979917666
0.117475327313481966995389882413
0.117552729296854119311888098309
0.117630204328896925680680851656
0.11770775250688365887175024227
0.11778537392826315954863503066
0.117863068690657671333532618974
0.117940836891813893849700889405
0.118018678629679726888035418142
0.118096594002349675189833533295
0.118174583108064931713521161782
0.118252646045287124199063555352
0.11833078291259432890392133686
0.118408993808730364505343857218
0.118487278832642650705508913234
0.11856563808338486942783873701
0.118644071660247776844876455016
0.118722579662638688668963027339
0.118801162190140530139359498207
0.118879819342530085313214271991
0.118958551219702307610859293163
0.119037357921777026126264331651
0.11911623954899833166543032803
0.119195196201803646496308886071
0.119274227980785602065694206431
0.119353334986720571730955953171
0.119432517320533046478736594054
0.11951177508335247834381220855
0.119591108376427904258498813306
0.119670517301237566698546288535
0.119750001959392254891056950328
0.119829562452670415617639321226
0.11990919888306067475625127372
0.119988911352671562271510197206
0.120068699963828809385013585143
0.120148564819008235593500444338
0.120228506020864558956340317764
0.12030852367222887033815226232
0.120388617876097725467587906678
0.120468788735651657906267075759
0.12054903635423512564539549885
0.120629360835372859139802415029
0.0140570277663418386621119182678
0.199934976663924984796594230829
0.194512684194989848851520264361
0.18908351916016316596191870758
0.183647472247151249957752838782
0.17820453415463655133521569951
0.172754695549777070873176398891
0.167297947108385330894364528831
0.161834279435552036430223665775
0.156363683216075438631165184233
0.150886148946850540131237039532
0.145401667318688282426464297714
0.139910228921584528505306366242
0.134411824277298697083438128175
0.12890644390718028478026724315
0.123394078400354878510825074045
0.117874718295640196208395877875
0.112348354052896906574154911596
0.106814976146225412700907497765
0.10127457510724116596101396226
0.0957271413797778913945535350649
0.0901726653882049117294528173261
0.0846111376217732191751252912582
0.0790425484266108202557887807416
0.0734668882369496484274762337918
0.0678841474637765784905241162051
0.0622943164045479183532627587283
0.0566973854753204456469184435718
0.0510933449933129099629347535938
0.0454821853133230147303578405626
0.0398638967184187023584662767917
0.0342384695192901877813795863403
0.0286058939607660225878937865218
0.0229661603338851029454392715934
0.0173192589040691256874193726389
0.0116651798758284890727976446101
0.00600391348473906707322589326736
0.000335449922056097306691246906496
-0.00534022061890598431083132524577
-0.01102310801983375290746813846
-0.0167132220045913340578103145617
-0.0224105724996713530361436284011
-0.028115169427886901876156855451
-0.0338270226550994312919584672272
-0.0395461420309394101613165162235
-0.0452725375345535280269260169916
-0.0510062190513896202004318070067
-0.0567471966116958187464902607644
-0.0624954801442642662867577030283
-0.0682510796037591599416671783729
-0.0740140050495096818439222374764
-0.0797842664442707238947605219437
-0.0855618738710153953208603638814
-0.0913468373581129838845171775574
-0.0971391669135484442376693436927
-0.10293887271974547226172091996
-0.108745964865282707112470461652
-0.114560453346245316730289687257
-0.120382348419574999875969467666
-0.126211660146760912271091115144
-0.132048398773599667821443404137
-0.137892574402628198537712478355
-0.14374419724924125674192509905
-0.149603277502495191075837510652
-0.155469825471250433501779752987
-0.161343851295069229401235588739
-0.167225365264639713736016801704
-0.173114377721449913538620535292
-0.179010898861639122792155376374
-0.184914939013734347383888234617
-0.190826508561810770370215095681
-0.196745617803317285332553865373
-0.202672277104117004586925077092
