3
375.428712326690799727657577023
0.114022246729086534910990735625
0.11412656884695054904099720261
0.114231012234544293537652492887
0.114335577117570294514159456867
0.114440263722207100083316788641
0.114545072275110876303116924646
0.114650003003505362997316296969
0.114755056135080815704618828477
0.114860231898038095410541359342
0.114965530521137851427404541482
0.115070952233599532732455372752
0.115176497265161048577652991298
0.115282165846120554508758004886
0.115387958207273197408504472605
0.115493874579913127775832037969
0.115599915195870164841274174705
0.11570608028750976881138257113
0.115812370087689658904039902154
0.115918784829826274074271452719
0.11602532474783096294590478692
0.116131990076151395130388266352
0.116238781049784314913786431589
0.116345697904230632735433914604
0.116452740875533963804677739518
0.116559910200255509304945178428
0.116667206115512359088093319315
0.116774628858945767051480402188
0.116882178668716613101352663762
0.116989855783565438462900942795
0.117097660442721726581360996988
0.117205592885988307827460630506
0.117313653353719959948620044088
0.117421842086765884638488444125
0.117530159326567532063201326764
0.117638605315075209234443320838
0.117747180294822173518554109251
0.117855884508865776938435487864
0.117964718200823701077517569047
0.118073681614862924238451569181
0.118182774995684192198552864284
0.118291998588578098350332368227
0.118401352639369281116721310809
0.118510837394425277979692623376
0.11862045310071185622025069506
0.118730200005725691769775664852
0.118840078357515796514398687123
0.118950088404696618926692508467
0.119060230396498351046474795112
0.119170504582644262714374860934
0.119280911213478099663909404171
0.11939145053984329125640329039
0.119502122813244016086287047074
0.119612928285705660824689289257
0.119723867209812373513244665446
0.119834939838735721195916994475
0.119946146426240574101029778831
0.120057487226673503810658871771
0.120168962494888870162768057526
0.120280572486396952758269662809
0.120392317457295047744558758041
0.120504197664188308913857383686
0.12061621336433309137348146578
0.12072836481553769760743932693
0.12084065227621955396219988188
0.120953076005360982136949132837
0.12106563626255015253541102993
0.121178333307955132802646858181
0.121291167402360899885138678655
0.121404138807136768862804387936
0.121517247784213022754329358577
0.121630494596169008714170445273
0.121743879506138116819435879279
0.0833575524112697557876927589859
0.200030396878786681513773260122
0.194652621482443027867148543919
0.189266770656028343600141283787
0.183872832746144188043047051906
0.178470796079291338376293651891
0.173060648947259726471159524408
0.167642379638436117561539617782
0.162215976419275126341190684798
0.156781427538905754337505982221
0.151338721223091582368525109814
0.145887845680212319132706966229
0.140428789100533246703150780377
0.134961539655370027501746221787
0.129486085503893982862066991402
0.124002414770059923854184091851
0.11851051557784704482134685577
0.113010376019148775506018012038
0.107501984171828893210864919183
0.101985328092862620463776579527
0.0964603958247788606517048037858
0.0909271753836289331474063146743
0.0853856547725177633667570376019
0.0798358219750057440666779484673
0.0742776649495910518128383159819
0.0687111716414430528931944763826
0.0631363299809181710564587319823
0.0575531278578349167474037528791
0.0519615531703003438734889130046
0.0463615937828166027601106691236
0.0407532375401400553949216032379
0.0351364722651464830849299403326
0.0295112857731582058085084696586
0.023877665849626819594142546066
0.0182356002645633862024876492569
0.0125850767662027997195739459357
0.00692608307981712988110611917136
0.00125860692451096171408375656853
-0.00441736401079535420666211109619
-0.0101018420654727623941848690947
-0.0157948395784013977116710947257
-0.0214963689204863001025458402182
-0.0272064424892590438209705183681
-0.0329250726771257787306446118691
-0.0386522719251839660947744903297
-0.0443880526725559249046071386147
-0.0501324274018180721101956009988
-0.0558854085794756524907533901114
-0.0616470087374768951904435709821
-0.0674172403874163661541274450428
-0.0731961160868412202828992008108
-0.0789836483943729544821010790656
-0.0847798499096258095786282638073
-0.090584733233048081446625587887
-0.0963983110009570404175249791479
-0.102220595858714166648262278159
-0.108051600474409495444838569256
-0.113891337543987503089226720476
-0.119739819768117594644962764505
-0.125597059893643697714438189905
-0.131463070653517422048395246748
-0.137337864835730183443729401915
-0.143221455223673660439587251858
-0.149113854633348724698649334641
-0.155015075897752208078372859745
-0.160925131864799869640947349581
-0.166844035418889313771018123589
-0.172771799453761559783870893625
-0.178708436883128263250597456135
-0.184653960638266806393303909317
-0.190608383701080602579125411467
-0.196571719016917778599662369743
-0.202543979610145086223127464109
1.04417411704823253029480944559e-10
0.307185639340461169588536449737
0.255647898770876513818706143866
0.213790537205706288048645546951
0.168612136135450202401031560839
0.130811294740348971199495053952
0.092837219356130651348735227657
0.0616215552368090113688481324061
0.0330953907831731050648294001348
0.00372403906198459514267917747077
-0.0235370775097644979734212711264
-0.0427442441984964838219696048327
-0.0633090977490710499209214390248
-0.0803034682001820404595449076623
-0.0934463001656779257420026851833
-0.108844816395242169337898019421
-0.118916528224002324143349085261
-0.127445676348839936897761049295
-0.135772829172408598941146351535
-0.139279955753778106330997843543
-0.144217068876447224168302341241
-0.14406026664806123593898234958
-0.145234820427489974559165375467
-0.142846937807140417220352901495
-0.137591782729313744093602167595
-0.132536405866477802195646518157
-0.126189080822631055633920027503
-0.120857600290985633950668898251
-0.112439240509293394976175761713
-0.102138751175418110439530039457
-0.0921925204320729607676554451245
-0.0839868457348243169224843995835
-0.0736302162870788312609704462375
-0.0610159831252702483661565224793
-0.0490655517995754533733254731942
-0.0367315300627515384235266537871
-0.0223644532747495107527502256062
-0.0105692540139345880073618033634
0.00376646614274610226288930725502
0.0164484894222755168025074112848
0.0299299911268700036259815533413
0.04051694103739455349311171517
0.0519305351006193113838627084533
0.0656078094390222105181109668592
0.0746471458899029827183113638966
0.0896942113481961622589722082921
0.0971891157199022692747547580439
0.104721979957504041092164470683
0.114272743283832037275438153756
0.119607590715153505600554240118
0.126913945965987179365086490179
0.131728059188543272783888937738
0.134777366403771359237850901991
0.134064857765602951644723361824
0.13472447695396713718274384064
0.133833344320363728519041046638
0.129559524573516771095427202454
0.124510515309726149668634320733
0.116974421859887836583347109354
0.103343723058499883937777497067
0.0929983632682292032933801806394
0.0782401822409304892325110358797
0.0629780249580944584408825903665
0.044262873908770310193983021918
0.0215299270420316810059624401674
-0.00274282172572063581705847923331
-0.0315529823995107649992064580147
-0.0620350580657966013675697070084
-0.0957643509834670281222201992932
-0.130844585283656583696298980612
-0.171213962312308926039250422946
-0.21784300965303959873864414476
-0.262783197473731966464782772164
