3
138.936992966105293589862412773
0.114414753965914300914974432999
0.114508615530246909974820823663
0.114602578878907915282958640546
0.114696644184465998406174946922
0.114790811619811389254763867029
0.114885081358251803229642007409
0.114979453573392717546930441586
0.11507392843926096681617110562
0.115168506130211401039531438073
0.11526318682095013090638246922
0.115357970686583780062228754559
0.115452857902586608629391662362
0.115547848644752926272616377901
0.115642943089274155554768697129
0.115738141412728298695888895509
0.115833443792010493123001424465
0.115928850404451708189235148438
0.116024361427678135427754568809
0.11611997703975590612301971305
0.116215697419094252107463205448
0.116311522744464462819635741653
0.116407453195041657445507610191
0.116503488950325070905300606228
0.116599630190258721218476978265
0.116695877095098710096721106311
0.116792229845526063236604841222
0.11688868862258068592741011571
0.116985253607658767904808883031
0.117081924982603280405157875066
0.117178702929572886581865986955
0.117275587631115521536351309351
0.117372579270217824998212563514
0.117469678030164004223223628287
0.117566884094712470476551402498
0.117664197647937673885110143601
0.117761618874347703811444887378
0.117859147958795609789639513565
0.117956785086571216969453246293
0.118054530443319996568796170777
0.118152384215086142527084689391
0.118250346588288424154455924509
0.118348417749771159246385821007
0.118446597886762552964690087265
0.11854488718686857773310094899
0.118643285838114287411571012854
0.118741794028863895116288063036
0.118840411947981880458335979256
0.118939139784623199025404005624
0.119037977728415220179947198176
0.119136925969342125086747330442
0.119235984697798655385092558845
0.119335154104612609082813889927
0.119434434380977755330022205271
0.119533825718475678057117761455
0.119633328309172365377932578667
0.119732942345466511491203220885
0.119832668020155422294870106725
0.119932505526508914606154121429
0.120032455058153547655663828664
0.120132516809136558055826071723
0.120232690973922917709870716862
0.120332977747399358370294919496
0.120433377324826021426140698622
0.120533889901927246390833659007
0.120634515674806042095923430679
0.120735254839985511887689995092
0.120836107594399291831344100956
0.120937074135453404011286693276
0.121038154660898511494337981276
0.121139349368909396420512791792
0.121240658458164632382825232071
0.121342082127683673076212755859
0.0205664667678714316312316157109
0.199967759701483921430664736363
0.194576315382901515738112152576
0.189177164205712372568868318012
0.183770295207197037479218693079
0.178355697402552942909537136984
0.172933359792717705749609535815
0.167503271364447814395504110507
0.16206542107638188809914936428
0.156619797889004569446669279387
0.151166390716676118932682015839
0.145705188480679120877070431561
0.140236180083952610697650698057
0.134759354394311442471021678102
0.129274700273554227214489742437
0.123782206570746178275754800779
0.118281862091257072844285858082
0.112773655657715590749923251224
0.107257576058503112381714572621
0.101733612043254387224955337388
0.0962017523906561894397881928853
0.0906619858249117366311153887182
0.0851143010661556398410709789459
0.0795586867983387596714450751278
0.0739951317113397982749845027683
0.0684236244640050450538382165178
0.0628441537069115568892030410098
0.0572567080585577661833163176652
0.051661276133094416462832043635
0.0460578465011501209103172982395
0.0404464077606099536854600273728
0.0348269484402439766235204388067
0.0291994570827221015807406701015
0.0235639222064580981796932945826
0.0179203323088388301320694750984
0.0122686758617225558781749228388
0.00660894132800684836609450556466
0.000941117145529445585892813763706
-0.00473480825681858036313442994469
-0.0104188464699328849766279958544
-0.0161110091255351750572089031266
-0.0218113078421536300821603759914
-0.0275197542769971895126879246618
-0.0332363601001736050366552888136
-0.0389611370021977765354392886366
-0.0446940966890752230944450218431
-0.0504352508942933278057729751254
-0.0561846113482205450351258946284
-0.0619421898363715986435273919142
-0.0677079981316503903832071387114
-0.0734820480339860582219557727512
-0.0792643513746915662210312802927
-0.0850549199866900140776238004037
-0.0908537657362614575751180723273
-0.0966609005042245589267579930493
-0.102476336177563964735526269578
-0.108300084681484762305636593283
-0.114132157956782276375662377177
-0.119972567945361305308260568836
-0.125821326643619807450491521195
-0.131678446035809998404531029337
-0.137543938133527249290111171831
-0.143417814966926793207591117607
-0.149300088602376507251889847794
-0.155190771103834723732006750652
-0.161089874564210588925305955854
-0.166997411100877013456766917443
-0.172913392830922746368216280644
-0.178837831920274609176502167429
-0.184770740539435956995006904435
-0.190712130865049817041168012111
-0.196662015118202665453495114889
-0.202620405529120362064787741474
1.61710928523080955752082697119e-11
0.305282160275350267220062505658
0.257466818072726422172991078696
0.210270255885615708901781317763
0.168411538987709080705812425549
0.129644818853088900079129075493
0.0960921793267255075488009197215
0.0619083505814446016790597582258
0.035994466883571211990311411455
0.00546132368405314889275858902806
-0.0202380725311176595804241173937
-0.0418866084522524079192251633685
-0.0600845468632308157830301809099
-0.0888815760962913120613038131523
-0.0989304754772683675456690366445
-0.111983184175584379871359885783
-0.124196533976453110659221579226
-0.128221966796721820180948725465
-0.135845122539258372773574023995
-0.136188493928524445575334311798
-0.138897161029300775236805520763
-0.144852900606314838327648431004
-0.141931631825733484131291106678
-0.143026498784494082716634011376
-0.140281494249384991457318960784
-0.126148327170377633210662793317
-0.12791649159829762694151611413
-0.120556371470054296546337013751
-0.108004035611263871086151766576
-0.104813853063722900449405983636
-0.0890062763695785019724127096197
-0.0850713909612195035014892141589
-0.0737917454500620906276964205972
-0.0621864876762283774747075426603
-0.0474140292086774259305848033819
-0.0371891758008605008423153037711
-0.024549364069635724872053827994
-0.0126906976371372152978533875967
0.00292610488920341674581870883287
0.0240272799369436462768589990446
0.0307154323930798542341413792656
0.0358882040273613908687444506995
0.0524285287451137574366022420236
0.0616343906160840698804648241094
0.0785975596953142341405396109622
0.0835532459222388806940884364849
0.100034454312580040058477948151
0.106130403757503447015331232706
0.115530149703038403918853305186
0.114409648231222321745903514056
0.129152024867939391183924158213
0.127135719242780109716761671734
0.131060995304803390437697885318
0.140054665196295446971674891756
0.136649325560177586913468417151
0.130301872839087423683324118429
0.128569719434743406916155095132
0.128848909668585004384411263345
0.113022637248324217540407232718
0.109681660584743725928014157489
0.0976172703452907186694176289166
0.0771221599902304211227033192699
0.0620806022148593511511549536408
0.038808652850836393433109350326
0.0239935550693904306451820218626
-0.00400043913389374217876026662566
-0.0292278409626510055074888327908
-0.0600415910664474639091281460423
-0.0938860363567616540425575522022
-0.135574432036233871734509648377
-0.171489855572602295508133352087
-0.216852800346278212773043492234
-0.26460475869343014210244291462
