3
914.069001867367774138983804733
0.114897522747109709362334228899
0.114978460340064841949114793351
0.115059477336356047461052298786
0.115140573850617808360219385122
0.115221749997748604266156746689
0.115303005892827020728574893838
0.1153843416510880043324149824
0.115465757388051398768524791194
0.115547253219416071190472905528
0.11562882926107656555991809455
0.115710485629172715738022247933
0.115792222440014871964741871579
0.115874039810181350684814560736
0.115955937856352650494606848497
0.116037916695567733249561115372
0.116119976444946884641673534588
0.116202117221931383594935027759
0.116284339144097484397555319902
0.116366642329268826783206236541
0.116449026895462603992115191431
0.116531492960950458503965876389
0.116614040644162614279721879029
0.116696670063807489414742235567
0.116779381338761881203858195022
0.116862174588175757317110026179
0.116945049931317809899233850501
0.117028007487760599136805694798
0.117111047377283408743586790024
0.117194169719848736987977133595
0.117277374635669895397427353601
0.117360662245126423641750079696
0.117444032668924183693270890672
0.11752748602791228405006762614
0.117611022443119259128785358826
0.117694642035897995002713400936
0.11777834492774580388285698973
0.117862131240443424040620357118
0.117946001095942026859475504352
0.118029954616428844893505356595
0.118113991924307590308806936719
0.118198113142265734398783649794
0.118282318393125279731847854237
0.118366607800007461737124003776
0.118450981486205877968309607695
0.118535439575275222678918396468
0.118619982191001199778312980015
0.11870460945734813418273034813
0.11878932149854140587486028835
0.118874118439065271091159559091
0.118959000403582357274778757983
0.119043967516999082967288359214
0.119129019904460661805067900332
0.119214157691335295718992881575
0.119299381003211052432178007621
0.119384689965950890888635171905
0.119470084705604079333696176946
0.119555565348426429128636527821
0.119641132021006776908755853128
0.119726784850055528730550236105
0.119812523962587083592445935665
0.119898349485845670536754425939
0.119984261547284226656628902674
0.12007026027457927408459426033
0.12015634579565873107931395225
0.120242518238737175484409647197
0.120328777732181216308937621307
0.120415124404656403989122281928
0.12050155838502396576927822025
0.12058807980238943347028879316
0.12067468878616062488706717204
0.12076138546590661770885333226
0.120848169971439420300463041258
0.0584662950936898906384442398121
0.19992877429253810839249183573
0.194517316428064857003477072794
0.189098692613038382726031727543
0.183672892989853231426877755439
0.178239907625118765288618760678
0.172799726567805317367643169746
0.167352339925734117098699016424
0.161897737686634402010099620384
0.156435909876720791178428271451
0.150966846546529864792063335699
0.145490537634482330897611745968
0.140006973169192971973018302378
0.134516143060895293492862379026
0.129018037279883507340016990383
0.123512645730478973216115434752
0.117999958344013583522169597018
0.112479965017161689933011814446
0.106952655622640308008541865092
0.101418020020156679494860441082
0.0958760480467905074064560722036
0.0903267295822100385604969119413
0.0847700543788036525727491721227
0.0792060122626731810679956424792
0.073634593034568249225735314667
0.0680557864329958406290899119995
0.0624695822112692200622774407748
0.05687597012732999168793668332
0.0512749398607598161348164467199
0.0456664811256148328588722051791
0.0400505836167929021862654792585
0.0344272369943665057512305338605
0.0287964309207380565747147471711
0.0231581550195052096596803892226
0.0175123988853812043164914769022
0.0118591521889178704712852763237
0.00619840444476971522136388159652
0.000530145233220246270451625481002
-0.00514563586005270610229667127555
-0.0108289493471811840152874140131
-0.0165198056480533560230750111941
-0.0222182153020185797764884938488
-0.027924188826696554055484256196
-0.0336377367676638783233755702895
-0.0393588696238813262606726084414
-0.0450875979894392320268536877848
-0.0508239324517213916787561345245
-0.0565678836085723099613709052846
-0.062319462084418762726212293046
-0.0680786784760007285255412057268
-0.0738455434667903837242519671236
-0.0796200677357497971220468002684
-0.0854022619559009626977186258046
-0.0911921368063754733679360242604
-0.0969897030212716337871370342327
-0.102794971346021668523462722078
-0.108607952535150847905853765951
-0.114428657341981945827491529144
-0.120257096548657543833016347889
-0.12609328098933159090222488885
-0.13193722148119055304071878254
-0.137788928879428368423631923179
-0.143648413977865152535429160707
-0.149515687713897643673632842365
-0.155390760966116092678390714354
-0.161273644629083057200347184335
-0.167164349630990610728886736069
-0.17306288693641724840688311815
-0.178969267486453781357269576802
-0.184883502290077328389372723905
-0.190805602322900003109396038781
-0.196735578606956729164068065074
-0.202673442177416007758949945128
2.00508259242296126959577777985e-11
0.304013049999774909171179615441
0.27362933014466844783285637277
0.216575912375182949576313262696
0.19802098186438227278571844181
0.134737989303105126781545664016
0.0509789823905397246339710193297
0.0179296465760469848904623546559
0.0366945864670028751297614633131
-0.0039498097262257282971664729132
-0.0145167599598881678218953439341
-0.0563369308623216796805266426418
-0.0509504938277222652054376794695
-0.131813803420540082145251403745
-0.0531472286641089253222958177503
-0.126122546691657705375533282677
-0.137845668808349808287516680139
-0.0960172416725702110307238967835
-0.107867580723481099047589282236
-0.154509451315850698804865714919
-0.128997844855421928134120435061
-0.127718886303227585621300477214
-0.142974901394450598646201910924
-0.126798608774602888926708033068
-0.145938002123629562145623594915
-0.162081719565754289735792781357
-0.178715842501474847514586485886
-0.0981340351253995185620837560236
-0.0757057108255691640907869555122
-0.0840433397955955563407570707568
-0.0991258270182342332565994524884
-0.0936306729651921604284936506701
-0.0584748814835988200977467954544
-0.0610028473468471540974711331273
-0.0380046273765183226234221081086
-0.0149599044668436292893076711152
0.0123675053299888166452591420352
-0.0109473652230360415926746497917
0.0124914693186705168942429722279
0.0119997923070435819764556484301
-0.00794753608078396789338171402051
0.0532297068005825949055243029306
0.0817386091451149654485419659977
0.0828616725603816967060666343059
0.0655658618435412954283947328804
0.0952284106811602248932047132257
0.0960533198131687526721833592092
0.0848727382245452188769263557333
0.106945995816159544755663546312
0.108972500032365818278812241715
0.0821843700464799237215274274604
0.125791394861699351581663108846
0.134355822163457261364527539627
0.109628202677803737730144462148
0.130865641584270470110240580652
0.138454015424691601054973943974
0.165247702165759874359807213295
0.0824768374565020417898963955849
0.0819778701896414635497123413188
0.0995192539679155413478994773868
0.100132524415396051420401590804
0.0668479780565947867554399408618
0.0476490853930602656363113567295
0.0816316988896537559794452931783
0.0367665838647276699280297407313
0.000930086540533918079698416647716
-0.0103200728370486174978459814611
-0.0107800053415285125579803349183
-0.0928302062365563007695357100602
-0.16390196245480465053745433579
-0.183375242490485562685265108485
-0.224324755751061227782017226673
-0.255518104285012870313664734567
