3
85.7005850927303072239737957716
0.114915300777035392365554855587
0.114995761132559437545097580369
0.115076300103926706941415147867
0.115156917803834246694094645136
0.115237614345221603406876909048
0.115318389841173332688306629734
0.115399244405058998275137582823
0.115480178150362239319903778778
0.115561191190853979060548795132
0.115642283640432552704879753946
0.115723455613268091934919823416
0.115804707223689865025484380112
0.11588603858626361775563395895
0.115967449815760792475316520722
0.116048941027123653224606414369
0.116130512335549676561363696692
0.116212163856403399853078894921
0.116293895705296801423855868052
0.116375707998008934285216753324
0.116457600850561046601505665876
0.116539574379198901388221543129
0.116621628700299490022374016007
0.116703763930524562209001260271
0.11678598018675588610104654208
0.116868277586031923953591160625
0.116950656245628059615171423502
0.117033116283022861625617849768
0.117115657815941534569681437006
0.117198280962278439387702633212
0.117280985840166204758894252791
0.117363772567946389457915756793
0.117446641264189841069587316724
0.117529592047650927044699642465
0.117612625037324614041267523135
0.117695740352402239414786322413
0.117778938112325495812804376783
0.117862218436723592551729211664
0.117945581445454084068558131548
0.11802902725856596888309724136
0.118112555996409213099340718145
0.118196167779411692722035809311
0.118279862728367102242543751345
0.118363640964203237215812691829
0.118447502608072852137155450691
0.118531447781396820362331823162
0.118615476605759329054023965
0.118699589203009742144345750603
0.118783785695207297350428632399
0.11886806620461203010119533019
0.118952430853733526205928683339
0.119036879765313310941543534227
0.119121413062249548175941527006
0.11920603086777389889583389504
0.119290733305266613561990141079
0.119375520498313139605706112434
0.119460392570801043898853777137
0.119545349646821522093809164744
0.119630391850631151440254029694
0.119715519306789405784563484758
0.11980073214003668369276311978
0.119886030475401306194527251137
0.119971414438034898464202626656
0.120056884153420681538015912793
0.120142439747242105174684922986
0.1202280813453702190685135065
0.120313809073973904117949018655
0.120399623059399427105198299159
0.120485523428265559053862432393
0.120571510307375312498479047463
0.120657583823815098278409152499
0.120743744104877107070628028396
0.120829991278085593919833229393
0.00524058635614814589953613932494
0.199928560652258530128122515634
0.194516263617873191860141446341
0.189096823342596559447414961141
0.183670230010527374409079470752
0.17823647375453133268052852145
0.17279554464119900591967393666
0.167347432845571575388277096863
0.161892128385312084049019176746
0.156429621348850605988545225955
0.150959901794680023678907332396
0.145482959782531534598248867951
0.139998785287057198045701511546
0.134507368366226731648538361696
0.129008698963627210787308285944
0.123502767083712786111426851221
0.117989562662667413217576495299
0.112469075660740741584575630441
0.106941296000578819902493421523
0.101406213583606602535169827206
0.0958638183009903610543034346847
0.0903141000351054684669449557077
0.0847570486733307260074354871904
0.0791926540265781298000291599237
0.0736209059439325436136059011005
0.0680417942282874749215793030999
0.0624553086796095294208619463916
0.0568614391040704950097683934018
0.051260175216306193279880432101
0.0456515067917444353207123697302
0.0400354235734891733544671410527
0.034411915254329947244649190452
0.0287809715427226123218851228103
0.0231425821383171789746846513935
0.0174967366783567411514521694471
0.0118434248374110415169546683956
0.00618263624181728064371776909525
0.000514360501689503472888542745522
-0.00516141280141857710511699153244
-0.01084469403516635441220294922
-0.0165354936582747316653474456416
-0.0222338221374058578327925772555
-0.0279396899122899972089939524267
-0.0336531074621532616530927839449
-0.0393740853050748296215743948778
-0.045102633973441032255724536526
-0.0508387639577052435901904914317
-0.0565824858395360952290076284044
-0.0623338101772082306406552731914
-0.0680927475608400084583493594437
-0.0738593085834942930656410453594
-0.0796335038545010892585551687262
-0.0854153440356691107115949535
-0.0912048397463101068183277675416
-0.0970020016795933165409948628621
-0.102806840519814549073096543452
-0.108619366952322909947170614942
-0.1144395917104692600441140371
-0.12026752552764326253953441892
-0.126103179194616388247851546112
-0.13194656342749946920100967418
-0.137797689037297471648102487052
-0.14365656682292465839978490294
-0.149523207640828020847933998994
-0.155397622314501160367683496588
-0.161279821682520946302119568827
-0.167169816655268366201170238128
-0.173067618100352593746293905497
-0.178973236940973889907979810232
-0.184886684091729813772531088034
-0.190807970527115733361256388889
-0.196737107179258463585114213856
-0.202674105077172872491075850121
1.5604146876551756215394006805e-12
0.289360894311718075400108318718
0.252621843892929576202988073419
0.243899761778389984057113792915
0.169232603414858018275879203429
0.097220750265495217701250396658
0.10261366169648838964079118341
0.0748957639846785233617154631247
0.0591051793765121971646614440488
-0.0124394173598221472604175019683
-0.0309487623337298331516187488432
-0.0636428233813073063185328237523
-0.0583204405986625096236508625225
-0.0647772268186294075675846215745
-0.0962514812140083941827128910518
-0.137303132182201831357204468986
-0.144128157272864931837119684133
-0.104198390991616637868411032741
-0.125908143791378740461439633691
-0.137483981305436514519513480082
-0.124269886575618812574184346431
-0.172119130655046082001291551933
-0.148181562046221015904734485957
-0.126726402510991598138190283862
-0.134046020787561448450730949844
-0.153418645104834494574674863543
-0.12040400244761413628413748711
-0.107755309409726260372330841619
-0.0897717826711767197256364170244
-0.0987087015246332216689140182098
-0.0994878515366380694606718293471
-0.104117331532528098470002930753
-0.0767015380149850822810719819245
-0.0709090764742775214735104327701
-0.0319988867429257181629331796557
-0.0353698998706649184176065148222
-0.0225179393383214479507081762222
0.0143456323674040625570924589738
0.0278870758050758713042505121393
0.0390436654144964701007580742953
0.0244760995514609475121048376423
0.0374639850029646545581663019675
0.0247776247830712482989046208104
0.0823994401737400128382660113857
0.0923942355708284451809575443804
0.0941785413020398975980640443595
0.06359880384592996038772838574
0.0909434391125874402872497626049
0.151717627785337455526004646345
0.110965653010010087409220602694
0.106312375900262337524715405834
0.163956095788899247622794064227
0.092407989050503611117015623222
0.147804457835965102896480516392
0.0927077584275236565858335779922
0.116377733364089297474208706262
0.131424663818578479901333366797
0.128080151177168949372386919094
0.129523711815391018298271319509
0.112464675091147214835984868841
0.111735314767471269337129058385
0.0535008609543177401923763625291
0.0342172716528740261665575417283
0.0348420327493688467002108666293
0.0097244651721662567905868357343
0.0285705042708774455129105973583
-0.0432270596130240741805650372953
-0.0420649774113334706804323559481
-0.0612930493326748759841393621173
-0.148219406773623441075926621124
-0.162255474288326234644230794402
-0.221911154176696739925844781283
-0.265878687089470600035667757766
