3
107.663826840539542217811685987
0.114217807862307077493291274095
0.114316923198818642948282331417
0.114416149961000815360456783765
0.11451548834745496618925386656
0.114614938557228804305587743784
0.114714500789785608936277583325
0.114814175245001648395515303491
0.114913962123250890101644472452
0.115013861625287178158671963502
0.115113873952297773861630503234
0.115213999305952954910203800409
0.115314237888346660110272523525
0.11541458990195098410769247721
0.115515055549757245101361036177
0.115615635035171290811994992964
0.115716328562029568960412007073
0.115817136334618556170461545207
0.11591805855765960342473874789
0.116019095436346059146970333131
0.116120247176302579528162084443
0.116221513983603808028988169099
0.116322896064753239508959836712
0.116424393626727032402534689481
0.116526006876976506720922088789
0.116627736023341796456342933652
0.116729581274151089642643341904
0.116831542838210247770014404978
0.116933620924738509994078583532
0.117035815743435273050820910612
0.11713812750444918542314098886
0.117240556418404737182292763009
0.117343102696347595381709538742
0.117445766549829758162992732196
0.117548548190851143147028778912
0.117651447831853703251958620513
0.117754465685752068848657359013
0.117857601965943345478926573833
0.117960856886299217394231675371
0.11806423066113395925480489268
0.118167723505205393697004012665
0.118271335633820140476046844924
0.118375067262689093183780641994
0.11847891860801684771331565571
0.118582889886486755881556121039
0.118686981315251238733310401585
0.118791193111945747595825650933
0.118895525494677009592514593805
0.118999978682032409027513608635
0.119104552893053675099999111353
0.11920924834730438346408476491
0.119314065264835525437270291604
0.119419003866108403011381255965
0.119524064372160662705901756908
0.119629247004455901981501142473
0.119734551984967338422727323177
0.119839979536117552383345241651
0.119945529880904150354936632539
0.120051203242717244301651646765
0.120156999845505707558146468728
0.120262919913686164297139669088
0.120368963672168663436856661519
0.120475131346345479266268796437
0.120581423162138490212669239554
0.120687839345943154212292824923
0.120794380124661066000513187646
0.120901045725692588006516814403
0.121007836376928468169467123516
0.121114752306791792491047488056
0.121221793744180406093846613658
0.121328960918484704545328156655
0.121436254059652998238405530174
0.121543673398107524019629011036
0.0199002188943045582592006326195
0.199996658950141847910231263086
0.194612287456614740932536733453
0.189220018292565878015309976945
0.183819840136277001807485476093
0.178411741633662329631349052761
0.172995711435950522139037843772
0.167571738138891090930115979063
0.162139810364501951722715489268
0.156699916677072864645836602904
0.151252045651529026804027466824
0.145796185824494051175292952394
0.140332325729883855558455252321
0.134860453873347579945018992476
0.129380558757350189180712618509
0.123892628827684717074397724446
0.118396652552219858178794709147
0.112892618379431111663713238613
0.107380514707407281882467486867
0.101860329937255342236390731614
0.0963320524530219685077625513259
0.0907956706091942733483080019141
0.0852511727558668691573373621395
0.079698547213800152722029679353
0.0741377822803448299771034157857
0.068568866254733476517380097448
0.0629917874018794260448927957441
0.0574065339541905833575796691548
0.0518130941591131780055157207698
0.0462114562196434541796463690844
0.0406016083303158067940863418244
0.0349835386662548306069275838581
0.0293572353779083770886071391715
0.0237226865990490531910239724311
0.0180798804489485306912222029041
0.0124288050230521480987722071632
0.00676944840344906664797441919745
0.00110179864291991887886856815726
-0.00457415622220632648448068735547
-0.0102584281646831282364118465011
-0.0159510291755286838510929925405
-0.0216519712891688823064306745891
-0.0273612665363592404144110759034
-0.0330789269734064333983170058673
-0.0388049646790334379353737404017
-0.044539391747391847420356469911
-0.0502822202900018722093733458678
-0.0560334624440345444029709653933
-0.0617931303712062202082577755391
-0.0675612362288073725613557485303
-0.0733377922238183932446276003247
-0.0791228105682253435304573940812
-0.0849163034944989819630123406569
-0.0907182832395612148701502519543
-0.0965287620971267690261896632364
-0.102347752350720647140924768337
-0.108175266308923476166192756409
-0.114011316307275581416469378837
-0.119855914690759179919155030802
-0.125709073832348056098950905834
-0.131570806131495882107529382665
-0.137441123990585029046584963908
-0.143320039850437147554984562703
-0.149207566148846337839017905935
-0.155103715367515160306055577166
-0.161008499994001019750555769861
-0.16692193254126289070349287158
-0.172844025543996832050552825422
-0.178774791548148292985587204385
-0.184714243132513250555959416488
-0.190662392884001330450871591893
-0.196619253415523664862973873824
-0.202584837370095693920291068935
2.03327086562022524697169104961e-11
0.307308265852029582898552462211
0.261597227517051833522998549597
0.211870817962503982245792144568
0.166575338348397411492030073532
0.132421279136766101292010944235
0.0937118498099654972932626151305
0.0637945581493487984259260770159
0.0255544190954975769525248097125
0.00195662105459734527584947372247
-0.0243279992008129698766172310798
-0.043099000878370756495439053424
-0.0625803817040856413811411584902
-0.0793159683704785095637035396976
-0.0979029735074121859605966733398
-0.113573812198491136404854273678
-0.119560658691119842123029570757
-0.124976888108565428736618230232
-0.131261800832876196487575271021
-0.137069104945146486018714426791
-0.145490135010791610259417439011
-0.144229657724334159318857473409
-0.146189885246371470417514615292
-0.140900156105990215227308226531
-0.137259047879044138174009503928
-0.12965734671745540729226320309
-0.128485170762276390554745830741
-0.120408090135389639341312317811
-0.111855439777874057782902639246
-0.100831081701541661055365750599
-0.0914151758514400308852643206592
-0.0824112547317378679734289903536
-0.0727024298686954895121203890085
-0.0625256516199910183928523110808
-0.0447086537475245571204851557923
-0.033050374010451508133279219237
-0.0277318312426014339233670824569
-0.00801285832656416056873904807389
0.00227199836524336279755531542435
0.0193695473414056233696367570474
0.0279803381079064862613225983523
0.0426351338582328862059078744551
0.0490764417456759013957956483409
0.0627286959624121925882533901131
0.0737215163426177266803307475129
0.0873087852663689406584879293405
0.0945036778982318581565635895458
0.107593086458510900360607820403
0.112597137347638737159272181998
0.120940737835422154611286771342
0.123401935018050759595986676231
0.131935628278573385818717156326
0.135023794672469638067369146484
0.132859116290562684348230959586
0.134017101898564944262304265976
0.134257562584484319012645414659
0.127277068188425324102297508944
0.126270338672292786741380155036
0.116835178514894916235178357056
0.106310432158527201629283354123
0.097262060008924580700728768079
0.0819519172738222695384635585469
0.0610812902773627403041345473866
0.0449051033645960773199590221338
0.0208286442828771144186728037084
-0.00150889147894647758160746597866
-0.0338454255376136325939029347865
-0.0635100178681794191870579879833
-0.0959984250542412487217092120773
-0.131720281271069467043943745921
-0.173149833452404172673411153482
-0.214159703352567398759731531754
-0.264261722793178277512993190612
