3
197.520147421587807912146672606
0.115090836524162284937311540034
0.115166579376178357385640538268
0.115242393221701197592032883676
0.115318278155150485964064444033
0.115394234271146520209860852901
0.115470261664412723878747613071
0.115546360429867517316537828265
0.115622530662561659453579920864
0.115698772457735701846281983762
0.11577508591076957067400599044
0.115851471117171672675638660621
0.115927928172714883592320234129
0.116004457173207550790827724541
0.11608105821469731633310829011
0.116157731393347868342758033577
0.116234476805527300879994356819
0.116311294547754129347083562607
0.116388184716704631838091188456
0.116465147409153368940337713866
0.116542182722174245124158176168
0.116619290752878940198300483644
0.116696471598608755848580642578
0.11677372535684177323744847854
0.116851052125238774603843694422
0.116928452001594684883656327656
0.117005925083918452256348530227
0.117083471470352182275398433831
0.117161091259212105097908818152
0.117238784548930954909629065241
0.117316551438209876190299496557
0.117394392025810367918836618628
0.117472306410724439129644736113
0.117550294692099155380304864593
0.117628356969264116771434203201
0.117706493341656864837219131914
0.11778470390896804420588495077
0.117862988770980781083608235349
0.117941348027682579857611244734
0.118019781779229046558832294522
0.11809829012595622621528690388
0.118176873168325466401107348702
0.118255531007047484659544522856
0.118334263742888343151626884264
0.118413071476886608279777135522
0.118491954310233529867879553876
0.11857091234426445081062695408
0.118649945680460208730089277651
0.118729054420564444916053048473
0.118808238666399237914994557741
0.118887498520007892088834466904
0.118966834083611569528038387489
0.119046245459595634308413991675
0.119125732750500507028945662569
0.119205296059059606683661058923
0.119284935488175175555269902361
0.119364651140923302974350406203
0.11944444312058469237491920012
0.119524311530562421523882221663
0.119604256474464223924947248179
0.119684278056093690301153742439
0.119764376379371956238273355666
0.119844551548500821702702978655
0.119924803667720805688823304536
0.12000513284154327997566014119
0.120085539174671962481255604871
0.120166022771937594515456737554
0.120246583738347220804421056073
0.120327222179149595504554781655
0.12040793819967798850001372557
0.120488731905540671918153350362
0.12056960340246199170355367869
0.120650552796393389920481808986
0.00695000968177259849378746281445
0.199933421177859671491461313053
0.194512257797250731616856000983
0.189084191302808846124605679506
0.183649212284702323394469658524
0.178207311377074323344160688976
0.172758479208120430126172095697
0.167302706269293804952624782345
0.161839983306807710938812761015
0.156370300735721556861790304538
0.150893649151754322135232655455
0.145410019115627703323312402972
0.139919401093452439033271161861
0.134421785595837728344292827387
0.128917163151092473150072237331
0.123405524239166328182015774928
0.117886859234161311960065177118
0.11236115865862676688191612584
0.106828412861016477930498069782
0.101288612374201142385388152434
0.0957417474506863930283628860707
0.0901878085827099024163189255887
0.0846267861261003201400754392125
0.0790586703680194874399589366476
0.0734834516432091300330853300693
0.0679011203689634662561402933534
0.0623116667967732323907270597374
0.0567150811826436368479065208703
0.0511113538280178539285891758936
0.0455004749471712918729160435305
0.0398824349254450205570776688546
0.0342572238465912518035061395949
0.0286248320181165215314589289619
0.0229852495414244774318834885207
0.0173384666725732647374336181656
0.0116844735575732817239869021364
0.00602326031104534909826897504104
0.000354817196034462969435330226275
-0.00532086582619293538970461909798
-0.0110037985900069881090024281889
-0.0166939909785050639989822940379
-0.0223914529131927012017833078517
-0.028096194389124209966901446478
-0.0338082253484018116496123695924
-0.0395275557609658240165728670945
-0.0452541955915392590803492112173
-0.0509881548636674439278770876172
-0.056729443609122055802718165296
-0.0624780719046236984737241471066
-0.0682340497107466747994664046928
-0.0739973871368537761128436613944
-0.0797680943134466552413286422052
-0.0855461812661748727260047076015
-0.0913316581766946689047159679831
-0.0971245351118634053788625237758
-0.102924822352102443567822831483
-0.108732529932610968992356959006
-0.114547668040601555161650537684
-0.120370246970994021484813174538
-0.126200276886143908372517330463
-0.132037767953019913313994493365
-0.137882730523760294039092855201
-0.143735174799627857256112406503
-0.149595111090875726445048599089
-0.155462549663274274269753050248
-0.16133750084385753420512799039
-0.167219974975589880106241480462
-0.173109982419304642142776629044
-0.179007533496589210653127111073
-0.184912638581512966950981535774
-0.190825308097341911350852683427
-0.19674555243392843895122723552
-0.202673382053027845151049746164
2.06369086441611679207196019356e-12
0.308712918514807699299495880041
0.216251493316070436678799637775
0.144596227292090206972829946608
0.132048012561991251478943354414
0.0560283613959400295101431765943
0.0919302688620060592938898480497
-0.0832768508175399657655901819453
-0.0199934528079237991415872954803
-0.019737456498206427946140451013
-0.0772275868245623775543151623424
0.0153725235673220946008843412756
0.0305975886890158428610408947179
-0.129140936631971042780619995938
0.0873744471191673088839024785557
-0.0945077449802148167323778693572
0.00247885090441732174049160875029
-0.119419478072573831406444355707
-0.0655922195990959050471147406824
-0.202620213357594169956144014577
-0.159791304957473317971405890603
-0.0347328434314795736481684684804
-0.174240657332756093689241083666
-0.212197161723503557873016234225
-0.0274796585829706306591813103068
-0.220888338125753730389888573882
-0.0276232260559257022936030523397
-0.175975051632216328290070350704
-0.0140783480123366534775275482616
-0.106628371812703390264509550889
-0.0636831069112005487831140726485
-0.00780239388910644680180661580948
-0.103339617706068115365880544232
-0.134199836199129785008210546948
0.0483251482475224730661622629668
0.00628733057394904003289948235533
-0.0198973459072349645460064948566
-0.0174421720445466776894249960606
0.0540034383433788400807884499955
-0.0988149721092122096388621343976
0.104195045442848951977588001228
0.177478579264180785779458915385
0.154624694243936766646640990075
0.116620210950138400440856401019
0.189349237453446950230073753119
-0.031533237290672880281938716962
-0.0577797670932008594624207376
0.177081501797948737131349616902
0.0965289444694291537407693226669
0.15266215159659091149535470322
-0.115689603812301533558581922989
0.148433661605123390359040058684
0.196851951521255202903759595756
-0.0108672136163583035045610003522
0.0959520245035357377538787204685
0.163777982896567336768001155178
0.0587504542959223288733916490401
0.159757893694262437245257046925
0.11585895623454020575415768235
-0.0353289981307200046112271252241
0.0193035979737107392384398707463
0.121042740302070003788337260175
-0.0749575331771532710201100258018
-0.0539968678132289187088233006762
-0.158821160048097931305477459318
-0.0276025880326437669798345098116
0.0398684243825270165362262275721
-0.0528341390558261236876091970771
-0.110264387037650304912439480631
-0.0329510097013834685197863905159
-0.210145154584012977538876043582
-0.0140866499985633879254987022023
-0.0849320091806412685864202671837
