3
3032.20029312949736777227371931
0.113924784161475348143177654947
0.114031697559171377176490125294
0.11413873722978094826796535699
0.114245903412900223772297181313
0.114353196348661659276224611403
0.114460616277711924038129609471
0.114568163441299677995921513229
0.114675838081166783788411578371
0.114783640439644896158455367186
0.114891570759606792551110743261
0.114999629284498333658959268178
0.115107816258265605036115175608
0.115216131925471088059964586137
0.115324576531224201603187395904
0.115433150321149854966584769045
0.11554185354148596709400464988
0.115650686439019864670818549257
0.115759649261077970927580338412
0.115868742255599468937710128102
0.115977965671015981197200517272
0.116087319756424098282643342372
0.116196804761389979598895649815
0.116306420936137286381573119343
0.116416168531401631458521706008
0.11652604779852662741923552403
0.116636058989408042396718201417
0.11674620235655107369776573023
0.116856478152993131791603786951
0.11696688663238899441587648198
0.117077428048970852425547661824
0.117188102657523121608029725849
0.117298910713454676568723300534
0.117409852472751402574502321841
0.1175209281919461362653223091
0.117632138128200211535379082761
0.117743482539277549703271574799
0.117854961683483139278649787229
0.117966575819763691557184870362
0.118078325207634851623517135977
0.118190210107214338508541118244
0.118302230779214118117081966375
0.118414387484958846807892030029
0.118526680486356561505800755185
0.118639110045916582047986764792
0.118751676426777197370654448605
0.118864379892662380688861389899
0.118977220707888756145997888325
0.119090199137430172160456720576
0.119203315446796659360373382697
0.119316569902189681395832110411
0.11942996277035705654512298679
0.119543494318725643243972456276
0.119657164815256483736405357376
0.119770974528613641241214793354
0.119884923728029030298714019409
0.119999012683357733632938391111
0.120113241665083206322073294814
0.120227610944350832289373443018
0.120342120792857595890090749435
0.120456771483000046885081246728
0.120571563287776920003757652466
0.120686496480773980399803235741
0.120801571336283469770833676193
0.120916788129162455778242701854
0.121032147134949821798421965013
0.121147648629830823052699884101
0.121263292890602336626670876285
0.121379080194670946335477879074
0.121495010820152474217969995607
0.121611085045753977706972648321
0.12172730315086123520362804129
0.121843665415485497005576576157
0.729866565132434086393686811789
0.200048774767044995614995173128
0.194674153592718807148642667926
0.189291372056247131361317315168
0.183900418352337863270307138919
0.178501280629318498371915779899
0.173093947049596769138801732879
0.16767840573495981781881880579
0.16225464478727832928761642961
0.156822652298124642911147930135
0.151382416338459196980537058153
0.145933924965926803407612055707
0.140477166202755993085204977433
0.135012128072525161570638374542
0.129538798556629281000240894173
0.12405716563698367116419518652
0.11856721727056551696222186365
0.113068941394521310650489454019
0.107562325923857782239423386272
0.102047358756393646839200073373
0.096524027772998760577038979136
0.0909923208335611938268883136516
0.0854522257797300649473370981468
0.0799037304240644424835338099911
0.0743468225797387638476010351951
0.0687814900202690371333602570303
0.0632077205199479269515094870258
0.0576255018056732182252233087638
0.0520348216130472121521144401868
0.0464356676417052235961158146438
0.0408280275764649064340616746449
0.0352118890853515137395746137372
0.0295872398093574608124445290969
0.023954067377116826376148850386
0.0183123593924615912786890703501
0.0126621034429365269396994264639
0.0070032870887579007357359728303
0.00133589788834855113970612183749
-0.00434007664385221633707168109595
-0.0100246489937061630803860623473
-0.0157178316764192832488689077763
-0.0214196372291488058847708231269
-0.0271300782018076593049560329973
-0.0328491671709594673655985275218
-0.0385769167245142360900267419765
-0.044313339481001037811758180851
-0.0500584480764642431038780046038
-0.0558122551623585275160088770008
-0.0615747734127294471528912822578
-0.0673460155146510808243931478501
-0.0731259941994052142799631610615
-0.0789147221917664148937987533827
-0.084712212247723697733370329388
-0.0905184771490854661601943575988
-0.0963335296858217199345020276269
-0.102157382675494498580626157036
-0.107990048965020998816832786815
-0.11383154139928619574817503235
-0.119681872870103844785916180626
-0.125541056264321077007295457406
-0.131409104515165908733109745299
-0.137286030551522442166856308177
-0.143171847343453118028833159769
-0.149066567871471628015100918674
-0.154970205134694838378095482767
-0.160882772160003767458746892771
-0.166804281995759445811344789945
-0.17273474770520727550326967048
-0.17867418237560928062634957314
-0.184622599117321067874186724111
-0.190580011048546410501458581166
-0.196546431336440730053283232337
-0.202521873137472885328946858863
1.00461188494866571813533726406e-09
0.306472137819575052297693673609
0.257657953942962369975333558614
0.212617627230670153126723675996
0.169134614344737282953801127405
0.130614447437389341599711656272
0.0958373379449512369232522246421
0.0604763036716862573127784230564
0.0295067258969772192034319857612
0.00267366056222319596266667751649
-0.0212403405209154183541642169075
-0.0435245077240901181991894475232
-0.0635036184380664420201512143649
-0.0804210696717189282844984177245
-0.0957533963630350509754762811099
-0.109744210052844778924274748988
-0.119155310668268163420968619448
-0.12743610244548034260425595221
-0.135337947087287968628288581385
-0.138772717178129001425190836017
-0.142219552066861792960494881299
-0.142569147095085280163573315804
-0.143113758364706439296654139071
-0.140090377009103012051483005962
-0.137490458495379941350478247841
-0.133197834894688088569481010381
-0.127088906329995116051279069325
-0.121546028203151842972395968445
-0.112828429382502579136904330426
-0.103693774250880513254635673093
-0.0920551430557852434777288408441
-0.0832506999451427392999747212343
-0.0700576792895918482040329422489
-0.0600528003814594507625557184838
-0.047227252031923849795447267752
-0.03570187324397670197706489148
-0.0228779829374683822684755085675
-0.0113660072615380768057402605109
0.000759241158240139542116853288434
0.0139998597373444597091740604355
0.0270862632571291957195303012895
0.0406823377597099467006813711123
0.0516347356141059476986043819124
0.0641764521149831707047539453015
0.0760146849177122385654570280167
0.0865040582293017945580970717856
0.0980922725534732475871635415388
0.104456808612224588683758952357
0.113274596803079066753561221503
0.119161155637839785703668837868
0.127749220790472933773074259989
0.131410766285982250067831955676
0.133480631980349401244367868458
0.1340817357007516863465212964
0.135214400495099390520081783507
0.133449008236951577321960371592
0.13222754344416232097358943065
0.123122475285432825264919642905
0.116357703686539595833160376515
0.107113309565873185413842350044
0.0929885570699927888060898339972
0.0786657888224361612206081417753
0.0638138123728302225634578803692
0.0438305100299865649238206799509
0.0216249087656092617293346336282
-0.000462750673941080459174862715699
-0.0308996038315782275973653270285
-0.060046293485001824008495674434
-0.0971217857126596001426932502909
-0.132852082433334101052579967472
-0.169365736406551975479217730935
-0.217113796292244587426978341682
-0.266733385767613129235797941874
