3
743.321442517522200432722456753
0.114550406385097183759036454376
0.114640643164473921000734435438
0.114730975253551983894517718454
0.114821402807725750361278471701
0.114911925982678034263706479123
0.11500254493441054715052729307
0.115093259819233989516007454768
0.115184070793817039390916079356
0.115274978015081408511122162963
0.115365981640282361242455522188
0.115457081827018137598628300111
0.115548278733198339640608764967
0.115639572517021921305158116411
0.115730963337071335317318698799
0.115822451352157740345205638732
0.115914036721496763182592815156
0.116005719604583265591735141697
0.116097500161242150884532975397
0.116189378551640479231288338724
0.116281354936223241258730354275
0.11637342947581019725333817405
0.116465602331542419922705278168
0.116557873664833014371033925727
0.1166502436375113915811851939
0.116742712411643023706631083769
0.116835280149676895566912548929
0.116927947014396127478619291651
0.11702071316888114360654782331
0.117113578776558993621570436972
0.11720654400119465132767970772
0.117299609006884644757384705827
0.117392773958042206938756635282
0.117486039019439575392667052256
0.117579404356164235467829826121
0.117672870133644705270548058706
0.11776643651765170139888994072
0.117860103674276905927342795621
0.117953871769990517592852086182
0.118047740971557360567523176087
0.11814171144609209029852081585
0.118235783361055626916602534493
0.118329956884255127480543023921
0.11842423218385011995934519291
0.118518609428297838626065185963
0.11861308878644895303811068743
0.1187076704274596244959028013
0.118802354520884181909856636139
0.118897141236564030108979750366
0.118992030744694721189347319523
0.119087023215888418437025109142
0.119182118821006322040290115183
0.119277317731332307970681938514
0.1193726201184582974557102375
0.119468026154355130841189236435
0.119563536011336138398242212588
0.119659149862042832324071639505
0.119754867879504206529261978176
0.119850690237112297853450115781
0.119946617108578706956123482996
0.12004264866796059141318409047
0.120138785089724003940503394006
0.120235026548659418299536127961
0.120331373219906806459889025973
0.120427825278998701374888469218
0.120524382901792834199561355035
0.120621046264535500269765577741
0.120717815543820994328427786968
0.120814690916601644166128437519
0.12091167256020404763283693228
0.121008760652304869775974793811
0.121105955370967341422350216362
0.121203256894591215875323086948
0.0916414251422220521581252228316
0.1999515152096695835837181221
0.194554890728604795713252428868
0.189150699269259175983037835067
0.183738930132416961038543945506
0.178319572600398906780938546035
0.17289261595676105875973860293
0.167458049449836332556174056663
0.162015862313761832558256514858
0.156566043785748731931306565457
0.151108583053213119118396434715
0.14564346932891861219339091349
0.140170691747151049399988664845
0.134690239474481526782412288412
0.129202101660547935546574649379
0.123706267402785868858572371209
0.118202725811517028731145728671
0.112691465965305784302508129713
0.10717247693052861512441609193
0.101645747760867127817974164827
0.0961112674739759420550200275102
0.0905690250992997880619128636681
0.085019009609232323865235514404
0.0794612100060067549911480000446
0.0738956152287988526916606701889
0.0683222142318567760010949996285
0.0627409959336878708668905346713
0.0571519492443727239461281897093
0.0515550630469998952265520131277
0.0459503262201584258828113149775
0.0403377276119298786016820201894
0.0347172560579521380375034311783
0.029088900375977933682181131303
0.0234526493597530701074038717024
0.0178084918016764466586199233689
0.0121564164626487298398460623616
0.00649641207805677894232543323483
0.000828467386496396893287574858533
-0.00484742891559479180396685649157
-0.0105312881269467722988864011313
-0.0162231215765268194095582998671
-0.0219229406120595195217592987547
-0.0276307566085539045575014682754
-0.0333465809309362176682256517779
-0.0390704249790731622526962496522
-0.0448023001873397580530067330074
-0.0505422179820431832775184943785
-0.056290189818451373537921966772
-0.0620462271802730419567595276931
-0.0678103415409240933842127674325
-0.0735825444317023957818690860222
-0.0793628473696857683616912026991
-0.0851512619170323448170023539205
-0.0909477996252664872001147955416
-0.096752472085056717698847705833
-0.102565290907852865731619829148
-0.108386267710479086701091944178
-0.114215414138210791250571674027
-0.120052741842570948049839785199
-0.125898262516897369023283204115
-0.13175198784442029853458677735
-0.137613929554392416809704968728
-0.143484099381185559174411991989
-0.149362509070053439685921148339
-0.155249170413156584169556140296
-0.161144095185178692908323228039
-0.167047295214767493876095727501
-0.172958782321662313252730314161
-0.178878568368362245166736101964
-0.184806665209802128968519241425
-0.190743084737532431205409011454
-0.196687838859446600947578076557
-0.20264093951953343619720726565
5.95305539106164237734063227803e-11
0.301816383657207254476162461287
0.259093063309407900529635071507
0.218058431451635614806150442746
0.173684386620522684951950509458
0.129290390649207165285616838446
0.0887430472615861609675391719065
0.0541749768233436360120869323964
0.0376722425266312749281283345226
-0.00395865304926278863822952658325
-0.0252588219865097843297441215782
-0.042509340306502135797828145769
-0.0637716786455504586195175420471
-0.0808465317979479430876565970721
-0.0940136695790606824463253587965
-0.103251534997316984920701088413
-0.121194763379736586417223520584
-0.129939814030174738412881652039
-0.135648562097759300959509687345
-0.138552170729839135843164399375
-0.146275223073564386577771756492
-0.146767311810332229393694092323
-0.144941012575096395131879489782
-0.13074288070921452620254399335
-0.129400553085028291455671478616
-0.130237628680278577641971082812
-0.126745576652734559530699698371
-0.121378563686240448227238175605
-0.102267172266727324192459036567
-0.105358951900172290172541522679
-0.0919962743587282583135333879909
-0.0876732497996784571059336599319
-0.0763539375431774580693655707364
-0.0540899961221791084065024790561
-0.0535552148586558168785742850559
-0.0363265092893093610726396036625
-0.0303558234815449294596856333328
0.00245335017091711073480841953653
0.00226994831998210064294418941699
0.017802945587275853522868374057
0.0312643229238660572133490234137
0.0512392942731568074021808456564
0.0468620864901081873865607008156
0.0563502383785009705596813489592
0.0705337766043295233409082811704
0.0872150499963534470149184585352
0.0951548328637576296129552133607
0.104966565936990288698815732005
0.111344215078879135716327652972
0.107711493418449821835025659311
0.119509556077545389674021691917
0.122390487008529197376915931272
0.130916769899269536114871925747
0.134651483112030956323934560714
0.130775696581372613547245009613
0.135779117645318442297863725798
0.136708428959282285442000670628
0.126728574937813032175171201743
0.126246062760693417148516459747
0.101244822572330514520722033467
0.0978388890458375404257651553053
0.089285109758076977581886524149
0.0647749147223153215469082510936
0.051337309728975419331753471397
0.0284283460374769175738052240376
-0.00768827826356331331392190975293
-0.028967191134606894847847158303
-0.0580394776376396206996055582295
-0.0960154665926545580756368281072
-0.133424714492765272844110313599
-0.172769902533713659575909105115
-0.224782020109720842571121579567
-0.269175300745682188896523712174
