3
142.686773445162231155336485244
0.11412148310215571023196190481
0.114223164299976420732463111563
0.114324961739268787797030313413
0.1144268756318479324241010886
0.114528906189946919069733155538
0.114631053626325252192685866248
0.114733318154144045553088915312
0.114835699987103731500859282733
0.114938199339338548154998420614
0.11504081642544196351085616925
0.115143551460534093733301119755
0.115246404660166737454751739733
0.115349376240369352886183662577
0.115452466417670526754868376429
0.115555675409071648140901800161
0.115659003432043966386189026707
0.115762450704552086189202952937
0.115866017445039340416634843223
0.115969703872425694557435349452
0.11607351020613153325111710501
0.116177436666037248169658369079
0.116281483472549990176858614177
0.116385650846495963817162078158
0.116489939009298160144112443959
0.116594348182780416234294307287
0.11669887858928500168342878851
0.116803530451670314893597435457
0.116908303993246948104811622215
0.117013199437838097405339965462
0.117118217009802919048588876194
0.117223356933956704417632010973
0.117328619435598538456311246136
0.117434004740588432413872510551
0.117539513075230764305167951989
0.117645144666361028962242585294
0.117750899741313919122376319137
0.117856778527943475975980902604
0.1179627812545796100573980425
0.11806890815009042638994429808
0.118175159443839147832555624973
0.118281535365693718508950382784
0.118388036146060041109429050721
0.118494662015823259970659364626
0.118601413206420286394759955328
0.118708289949749731806427632819
0.118815292478302192424877148369
0.118922421025018001938811096352
0.119029675823384528676740501396
0.119137057107441143855020015963
0.119244565111692429892897848731
0.11935220007118318985561700174
0.119459962221537763227274808742
0.119567851798813615249450492684
0.119675869039679777516838043994
0.119784014181276071697723750731
0.119892287461311988772116876589
0.120000689118004238986614495843
0.120109219390112001435433342067
0.120217878516928694532239774162
0.120326666738283905022655062567
0.12043558429453599112335382415
0.120544631426573900512266845908
0.120653808375883131454031627072
0.120763115384390842810269361962
0.120872552694660878591648156544
0.120982120549743402126985358791
0.121091819193273719790227005433
0.121201648869374081773919726857
0.121311609822796540036904389126
0.121421702298775482931070257564
0.121531926543111595817592274216
0.121642282802183032686116348486
0.0289797178682313014141946894142
0.200012716349877051058570032183
0.194631641405740768435705945194
0.189242579929255028137191629867
0.18384552042550847406054970179
0.178440451391930710034472440384
0.173027361283151465132235102828
0.167606238561189391234051981883
0.162177071649480919468544470874
0.156739848966189393442149935254
0.151294558906365811390415387905
0.145841189846122459838895224493
0.140379730137672797951609027223
0.134910168129540347647932208019
0.129432492138410293325279099008
0.12394669046672913970130736061
0.11845275139850414136688527833
0.112950663195744538391807054722
0.107440414102763975856547062904
0.101921992357816015850602298087
0.0963953861603572687011265429646
0.0908605837007125660687023582796
0.0853175731477316401374366705568
0.0797663426606469438961966034185
0.074206880363767227515303659402
0.0686391743762974765319384573559
0.063063212791413997271305902359
0.0574789836896395928134140262955
0.0518864751214236155640868730643
0.0462856751230280444309173049078
0.040676571719171335239639830661
0.0350591529028077900087545515362
0.0294334066566119510743870790748
0.0237993209482148457278860576025
0.0181568837096031075739599458529
0.0125060828646080795384376571633
0.00684690632077997358984067233223
0.00117934195754971636767305387394
-0.00449662235616628009476913874209
-0.0101809987844155066388784902642
-0.0158737995015016362942983363382
-0.0215750366912474782210562551654
-0.027284722574995517313523052394
-0.0330028693876679643515181794555
-0.0387294893771443771157692026463
-0.0444645948224908632573360023343
-0.0502081980141997757938199242744
-0.0559603112615780634575557428434
-0.0617209469004687399928954505413
-0.0674901172848980102081384302437
-0.0732678347849758521137530919987
-0.0790541117916530450271395125128
-0.0848489607107792837004112129762
-0.0906523939852105220538192043023
-0.0964644240573394318172262273947
-0.102285063403954684657648499524
-0.108114324515264023651717195662
-0.113952219902032095277810697098
-0.119798762102094696890830505254
-0.125653963657535366893469586103
-0.131517837150640942711632419559
-0.137390395163066225681092191735
-0.143271650324795440933911550019
-0.149161615252778989582083113419
-0.155060302607935213137224650382
-0.160967725063684785613560279671
-0.166883895308666957424392762732
-0.172808826068786808294319712331
-0.178742530075606698147794304532
-0.184685020086893969537555904026
-0.190636308865452769323312054439
-0.196596409223637885732571817243
-0.202565333973506039866308015007
3.26952334165154127466619560651e-11
0.306937071971581099116832547224
0.258760361191364030020167774637
0.20994206231985157451447321364
0.171561308977627835492540953055
0.128656183586617928193973625639
0.0955995979381033811339563044385
0.0641787303048354518253404421557
0.033187471893016858015545977878
0.00260278367226054281255431810393
-0.0228079929613180451553056116154
-0.0457400621021206640892664552211
-0.0644976597904785425852125513302
-0.0816956039806143591297526995731
-0.0959471107704472497834657929161
-0.106954725586154569816343951061
-0.120757120095633552203651106538
-0.130792111112172926290497798618
-0.137158273277635855968981104525
-0.138216097560645401198797799225
-0.144097372728699546495789718392
-0.144564066691494796934591704485
-0.14211843254546213666245080276
-0.143596885481477698487395855409
-0.135397190139644935102936074145
-0.134824173823416937345598398679
-0.126825479476133901046708274407
-0.120174278272488707641763028278
-0.108481608701750928402951501539
-0.103466502555996736623100673569
-0.0942186631223406734214620428247
-0.081254369728228192926167139376
-0.072377470714365704784754029788
-0.0616578257471348256668619569609
-0.0482965104557233557147633007389
-0.0310823615581590460832384081868
-0.0206082507467745187912377957673
-0.0127515672889522788807648012721
0.00306571353298149083116408419869
0.0176884441161083288962529991295
0.0308138755950029125108002858724
0.0414707095902466585379819719037
0.0534318911110604963243808640527
0.0632892709156870070241751591311
0.0761474057981767898928282534143
0.0879166410511035556485381903258
0.0939813950921404295257843841682
0.103530675724451015629057337719
0.113102939014560435748713018711
0.118371480347490135032195723852
0.125373339821679974370738364087
0.129640401470909272241271992243
0.135323183296139265552326946818
0.135613091072707608875091978007
0.133578130607891670811326889634
0.133592298614977178505824895183
0.127557797884838786117711606494
0.125132845435672296341422793375
0.116124069748026415016539658609
0.107177114161112710388756852353
0.0950934002867384747803569666758
0.0813448890659749512810350324798
0.0645900308979402704157024572851
0.0422011914991970715771429922825
0.0209310260523334831783692777663
-0.00522878936272978215443751892622
-0.0312909627687187885669573006453
-0.060593506263602582573302157698
-0.0968980242073293474014406001515
-0.13308144509306604752474356701
-0.171909573093910250651816795653
-0.215731176256111822908678732347
-0.262366794311665929573251787588
