3
336.023932965193523614289006218
0.114511806265637491875075681946
0.114603074999811746503830534039
0.114694440871879341226069470849
0.114785904042062181229510997582
0.114877464670885581776715866908
0.11496912291916749904174821495
0.115060878948115744013769301546
0.115152732919219055740533974586
0.115244684994333115857223504008
0.115336735335615905850836782065
0.115428884105567938767045177428
0.115521131466991319736159482545
0.115613477583095300427196150395
0.115705922617350270842351278588
0.115798466733576840836938970369
0.115891110095921928690998470302
0.115983852868926790025128070738
0.116076695217381259395139636581
0.116169637306492462558438205633
0.11626267930173171671892617951
0.116355821368980538732529339541
0.116449063674404884594082432159
0.116542406384534891206072870773
0.116635849666247848333000547427
0.116729393686731339196960277604
0.116823038613539528784990295662
0.116916784614570487543794286012
0.117010631858072158828498743333
0.117104580512628952959630623809
0.117198630747142762409396254952
0.117292782730904737720223351971
0.117387036633526592455112336211
0.117481392625014252617532406475
0.117575850875639709158804180333
0.117670411556092341376356102955
0.117765074837403144192293780179
0.117859840890906911181623684115
0.117954709888371811477014716729
0.118049682001836769851266240039
0.118144757403744804502565557414
0.118239936266884768101270708485
0.11833521876439406783632080078
0.11843060506973789036688771148
0.118526095356809288428046045283
0.118621689799821905531018728652
0.118717388573312460087194608604
0.118813191852223165589919062768
0.118909099811833937621052825762
0.119005112627828465998724993824
0.119101230476175490302637172135
0.119197453533284744575659885868
0.119293781975867041467154194834
0.119390215981074007678408577249
0.119486755726330148852376566992
0.119583401389482812948727996627
0.119680153148729873091582476263
0.119777011182664608335279865514
0.119873975670212420951976639572
0.11997104679070252908346105869
0.120068224723781716289927601338
0.12016550964952821267672788963
0.120262901748372438848200260963
0.120360401201080116639907657827
0.120458008188877044308817687579
0.120555722893260386374691961464
0.120653545496178710161316871563
0.120751476179928707299637835604
0.120849515127189638397098292444
0.12094766252103329728928571285
0.121045918544881975220661729509
0.121144283382556616768255253191
0.121242757218248925488168765696
0.0437712516087470568382222779746
0.199955793463477610183431920632
0.19456067194588852475867213343
0.189157942856388427976810362452
0.183747595411149489130764322908
0.178329618823681784745005529658
0.172904002293336800377687723085
0.16747073499366865734216958117
0.162029806077066657055141263299
0.156581204691315034605025857672
0.151124919961689280212269181902
0.145660940992883125577606051593
0.14018925686954497589198354035
0.134709856678436074028937241565
0.129222729459555291109396080174
0.12372786425581376590354665268
0.118225250090119679557965071126
0.112714875957879601120481538601
0.107196730848038046524095534551
0.101670803724800154488328018942
0.0961370835385259026040216667752
0.0905955592179321506085543092013
0.0850462196796037406265611480194
0.0794890538209542529823892209606
0.073924050511877212321643071391
0.0683511986241127911245740733648
0.0627704869939345877494218939319
0.057181904450046561194653804705
0.0515854397989067708918398125206
0.0459810818139098562151723115221
0.0403688192826779715383089808256
0.0347486409507282711928155549685
0.0291205355521360446935386079303
0.0234844918087489806790557622662
0.0178404984180909852164997886348
0.0121885440509668964426115422839
0.00652861738495184949077065894585
0.000860707048517988398440847763737
-0.00481519832599026226249705473492
-0.0104991101271189081478585336527
-0.0161910397771325396953923103638
-0.0218909986921339422272225760935
-0.027598998333770802249276243856
-0.0333150501642144047931282102581
-0.0390391656588612787071035370445
-0.0447713563335936162723704967448
-0.0505116337032472662027515752925
-0.0562600093089423436421014912412
-0.0620164947129376031842440397668
-0.0677811014852891940973833584394
-0.0735538412334731939168364078796
-0.0793347255679440616082942483445
-0.0851237661187548982910655581691
-0.0909209745458871843037940152499
-0.0967263625087700362747966664756
-0.102539941702815107227308999427
-0.108361723850744537389623189938
-0.114191720665557702729664413255
-0.120029943889584003735571116067
-0.125876405299739424492599937366
-0.131731116679025428428673194503
-0.137594089831878846341695066258
-0.143465336580229474439107661965
-0.149344868765411697975054039489
-0.155232698245410583037795504424
-0.161128836914083667375408026601
-0.16703329664992783154531252876
-0.172946089386112139552054145497
-0.178867227065702821819925816271
-0.184796721629104238049379205222
-0.19073458506812715484990405912
-0.196680829375985521956238244456
-0.202635466568904215600710472245
3.01914600275112685306262346201e-11
0.303854743803855908979016930971
0.256764689032474124896765488302
0.218696110901025114747753264055
0.166677818729085575055748336126
0.130041076624626356084135636593
0.0955999947253198673058349754683
0.0577695562323427627693384067697
0.0316160171088882349654802794703
0.00138906235132459044898101119259
-0.0187705826452106566692989986223
-0.0463956101434178647124895178422
-0.0561296389573012755036529597419
-0.0838456127829923097971587253596
-0.0939961596453457032263045789477
-0.116483186427590701406131756812
-0.116644881597636196346456927131
-0.124203978137108470014560168693
-0.138859000130585052978915427957
-0.131551482943142089565569108345
-0.13753924690615884629529830363
-0.146304860016669313615977898735
-0.147781756155947852082732651979
-0.150445212095214053693581490734
-0.139957976744651074740843910149
-0.133175307692164235362497493043
-0.127690512699221520032111243381
-0.122768680068362681656601864688
-0.103994643466933670006291379195
-0.10124679217862689317719571136
-0.094699934109443606455869257843
-0.0766761189714463969879787441641
-0.0784953903134799485519224049312
-0.0614226855835799667726604411655
-0.0530781985980007461889407238687
-0.040499469775736388066356141735
-0.0177291607115711291609017052906
-0.011778052646913755863167239113
0.00645666626157716770639805048404
0.0114145593496296493540853589366
0.0278986440241302396936262653071
0.0489411448987620012474053510232
0.0546811588308903154254103640142
0.0648615206862755699912526097251
0.0840718554051656935532932379829
0.0873267093994246762500566205745
0.0973400402842333617448034033259
0.103814660874781916621856225902
0.120087544642747526268955482465
0.114667869614199099959073180344
0.126164834111368612257209065319
0.130259812972635863337345085711
0.138239050218878944953360132786
0.134310597498279254979891561561
0.130384370350621919820710559179
0.135970214483555146278703773532
0.128615886841036031196239264318
0.118627924084202487908790146776
0.116977992897909180425308761642
0.104001098162834315630220771709
0.094701192054300067924010875231
0.0713292792833171845900963603526
0.0644427598630428477566312039926
0.0480989248467843452661263370373
0.0244655094995892066767062544841
-0.00607143254956088711943307245633
-0.03022655328675187547116109954
-0.065108187583468479786574789614
-0.0929128862501965580023011170852
-0.135361629428453922319164348664
-0.174538749345341276386633921902
-0.215220556853624178650363774068
-0.258913348209866833737891056444
