3
10.4010513092139653679168986855
0.114469296311086266015877299651
0.114561701050479816665905730133
0.114654204954287214368591207858
0.114746808188025350982996997118
0.114839510917650114429910956915
0.114932313309389133593185761129
0.115025215529855659446489823949
0.115118217745975609522801619278
0.115211320125027494309932762917
0.115304522834636907768768310234
0.115397826042789239386898714201
0.115491229917785334646573858208
0.115584734628305929593494738583
0.115678340343356667041518903716
0.115772047232291619422994699562
0.115865855464832731569480017697
0.11595976521103215639563188688
0.11605377664128964376732966457
0.116147889926399724980221606074
0.116242105237458939748229624911
0.116336422745943773859877978794
0.116430842623665029011981175699
0.116525365042806056115054502698
0.116619990175918675223698528498
0.116714718195882360962656321135
0.116809549275937521461976587034
0.116904483589709187740801610289
0.116999521311166074233334200017
0.117094662614608630013535162107
0.117189907674753138189238654832
0.117285256666640358425013346277
0.11738070976568835968034676398
0.117476267147667734480620538307
0.117571928988708926389072928487
0.117667695465350302663765091893
0.117763566754437290495793888567
0.117859543033231553565975957554
0.117955624479306631080532952183
0.118051811270671505593732319994
0.118148103585670766202397885536
0.118244501603000082279315563483
0.118341005501762491780581854073
0.118437615461418010998073668816
0.118534331661799857693395665592
0.118631154283119308323612983713
0.118728083505937484498637957131
0.118825119511233465163790867791
0.118922262480337270762476009622
0.11901951259496627855138939367
0.119116870037214425681604268448
0.119214334989544631926428053248
0.119311907634802705224785768223
0.119409588156207890907722912743
0.119507376737413767431306155231
0.119605273562395308939443339113
0.11970327881551252879877011992
0.119801392681576940324461588716
0.119899615345696056167845711116
0.119997946993427986872582380329
0.120096387810705321208537554867
0.1201949379838212622617632519
0.120293597699513421517281130946
0.120392367144823028701772216209
0.120491246507286584033202814226
0.120590235974736392776662796678
0.120689335735480920974715957072
0.120788545978155359428285464674
0.120887866891831868842999142544
0.120987298665961653942879650003
0.121086841490403732124470081999
0.121186495555400911006138642279
0.121286261051601479410422257388
0.00143541159879194087957421377411
0.199960829541315610047291784213
0.194567335950030312341496596673
0.189166190821365431951051050419
0.18375738329679275340211574985
0.178340902509582593937764727343
0.17291673755483669139287883354
0.16748487752741617051732703203
0.162045311501448380253620484837
0.156598028539351868948514834301
0.151143017671357904330164956264
0.145680267915582972726440402766
0.140209768284522362513655480143
0.134731507762657354287938460402
0.129245475314367391783676453088
0.12375165988762551472213147008
0.118250050412786980591484109482
0.112740635819555068408703846217
0.107223404996456578297525652488
0.101698346819292753662189454644
0.0961654501541268080799795825442
0.0906247038375365271400951883152
0.0850760967092275277590118776061
0.0795196175663729631910570105902
0.0739552552032959054084670924567
0.0683829983896315218849792927358
0.0628028358853140178386098568808
0.0572147564206278436138575216319
0.051618748716200132942155676119
0.0460148014660634457895227455992
0.0404029033629301898011831895019
0.034783043060712955096835941049
0.0291552092049239854054665244121
0.0235193904314538876354490071208
0.0178755753377611778520694940653
0.0122237525283155953198521714853
0.00656391056323333936528552357004
0.000896038000789412631894026439738
-0.00477987662655554850638095487625
-0.0104638447954113478211013443797
-0.0161558780048884909064099701936
-0.0218559877866334947849047409818
-0.027564185682550527978218468661
-0.0332804832296304045624601997133
-0.0390048920179443744937763938196
-0.0447374236429490187982871418626
-0.0504780897081089641176276927581
-0.0562269018548994387041162212881
-0.0619838717305001563051547464056
-0.0677490109891363267990982421907
-0.0735223313503795966594722699483
-0.079303844498088499337384860155
-0.0850935621659090757340493382799
-0.0908914960931794524423565917459
-0.0966976580473789537606421617966
-0.102512059815634090642610942723
-0.108334713190629733370329290665
-0.11416562999521730203955627303
-0.120004822079770936960052551967
-0.125852301287148138353444437598
-0.131708079508669140267329566996
-0.137572168629808977424744398377
-0.143444580580882219411620326355
-0.149325327290813131275726277636
-0.155214420715822143392870202661
-0.161111872822513296776847369074
-0.167017695620081452201333149787
-0.172931901104020457893284401507
-0.178854501320324654756177551462
-0.184785508322663299951571502788
-0.190724934176973087707196441443
-0.196672790971115091229748372825
-0.20262909082105023950148847689
1.03730526516147042423426343713e-12
0.310516867503125681970743698912
0.253409289011737537400392739073
0.213108858380907623120137373007
0.173177366805307292318971690293
0.134102944747631708244384185491
0.092124113162471613081017096647
0.0577823746856325343168592212351
0.0322854543088949980100821335327
0.000794025758713476229391781124889
-0.0225765468937196601972861031982
-0.0518196695347913627305302952664
-0.0628368243058577413684417933837
-0.0837064568702746147899063089426
-0.0946433853018580073523935425328
-0.110045911125408707453843248913
-0.118510800195509399812543449571
-0.127138651685640646782360363432
-0.133027733732973968416857246666
-0.137986489190244865365997384288
-0.140404708662024674259427570178
-0.142652697024993224683697690125
-0.143495227087914928310041773329
-0.139939820028903205706427570476
-0.135310017144035205083341111276
-0.135161058490327029568689454209
-0.127956226650014687207246311118
-0.11735395670661177836002764252
-0.113919298061681772971098780545
-0.10680374444569082359457468101
-0.0931203864259300961858656364711
-0.088887149187720657095290732741
-0.064244304025244003408801063415
-0.0598957020690851771327345431928
-0.0487264996232665836828346073162
-0.0330642135347683288615350249984
-0.0232721038214512704334069326251
-0.0109856579512537556875262367839
0.00894970757007261877302717323346
0.0120783796832943830790174644108
0.032640013575388204802862901488
0.0427782271265328001286221137889
0.0545244446403273935741751188289
0.0620899964253624897514427516398
0.0679196536598372924142807960379
0.0897601838624441511482743294437
0.0982315544939072610164387810983
0.108293932023717870416490427488
0.112004282753639439196291505141
0.122472031326613869928188194081
0.119704384982733391673548339895
0.127788224882705220286638336802
0.136550237916916228364527796657
0.136817313604417678529756585704
0.135090972810598092257450275611
0.127084893938609250207960599255
0.130422012422773958562061125122
0.121642153094274563240873021641
0.117689820310993259466769700339
0.109005384814049324782025962577
0.0910436972933619109715763784152
0.0811839192948511367831088136882
0.0658155623876688911089161138079
0.0393157219054732637308902098994
0.0194886190415234396289267948532
-0.00108507560998849440954405753956
-0.0287455282895829541955912134199
-0.0597611998839389646498432284716
-0.0885005258783705256453444576437
-0.136095270131192186413571221237
-0.172246341525845669817584848715
-0.218166435223955901268055868059
-0.265556955283663964628715348226
