3
346.070423059373297292040660977
0.114338477495205648182263757917
0.114434375051658029920353953912
0.114530378093224818880635496043
0.11462648680242709664511835399
0.114722701362125326096652599972
0.114819021955596387019049586797
0.114915448766493052956683129651
0.115011981978868027542972640731
0.115108621777152309029190746514
0.115205368346191064365946488124
0.115302221871178098289156821465
0.115399182537736705311814944253
0.115496250531883268286570398686
0.115593426040000446519684373925
0.115690709248913128903701874606
0.115788100345793218415302305857
0.115885599518248269546027984234
0.115983206954245299247219236349
0.116080922842188766219706508309
0.116178747370868612476257908384
0.116276680729479442444329606587
0.116374723107605299032840662221
0.116472874695254080545936403723
0.116571135682825233192971836615
0.116669506261101979527339267406
0.11676798662136067541439388151
0.116866576955149029104497060416
0.116965277454555621750031946249
0.117064088311969960454206329814
0.117163009720266400592869615593
0.117262041872713704271369294929
0.117361184962959594346720848534
0.117460439185101947479061834656
0.117559804733635087092835647127
0.117659281803489348949831594382
0.117758870589970185416284209623
0.117858571288861790904434201366
0.117958384096293555920453854924
0.118058309208849618321401919729
0.118158346823572887873687875526
0.118258497137856063985417165441
0.118358760349553587820636835204
0.118459136656947808252660081507
0.118559626258721073632784737129
0.118660229354021526382290119273
0.118760946142364667843516201629
0.118861776823747739006975621123
0.118962721598588408444818753651
0.119063780667662072465518008357
0.11916495423228080918764959506
0.119266242494124596884574884825
0.119367645655346202304691871632
0.119469163918454732153939801265
0.119570797486499416639738058166
0.119672546562873211017929975242
0.119774411351476484099976005382
0.119876392056567054877902478438
0.11997848888294028457668360943
0.120080702035764250168448086242
0.120183031720660304930703432547
0.120285478143692017849453179679
0.120388041511369808800324676668
0.120490722030660538099944290025
0.120593519908950563834793001661
0.120696435354088554836593516484
0.120799468574391166697523658513
0.120902619778574194064901803358
0.121005889175835879001397188404
0.121109276975822924282688575204
0.121212783388618697277827607195
0.121316408624794133674917873122
0.121420152895332617015711207387
0.0561257488521574934847713223007
0.199978270821261933098966778743
0.194589623331648670090388009157
0.189193193502856737975292844567
0.183788970234060655695174091306
0.178376942388076886736314463633
0.172957098830164107683415863903
0.167529428390350176858447639461
0.16209391989449228876907227459
0.156650562149205391238027118561
0.151199343930639829025608378288
0.145740254013629694229692290719
0.140273281140366579133882396491
0.134798414039526831542659124352
0.129315641429268907147687173165
0.123824952008165650729765161486
0.118326334438814059768496633751
0.112819777394507894663355784814
0.107305269505134234786503100167
0.101782799398696582882095640343
0.0962523556784851685996784453891
0.0907139269248620067065402849948
0.0851675017114476851087800923779
0.0796130685874160276549460490969
0.0740506160733959556408123603433
0.0684801326957492212388345365071
0.0629016069396565874471960455594
0.0573150272859808546099813497676
0.0517203821772174929249921149221
0.0461176600671384939733599139799
0.040506849374340750391532139929
0.0348879384936962994023801343246
0.0292609158125486656931713014274
0.0236257696944509494596520227105
0.017982488479804419750918142995
0.0123310604995379938936261865479
0.00667147406373648586136448912498
0.00100371745476607624955600606143
-0.00467222105201484366049369256757
-0.010356353207719925027530116779
-0.0160486907796833846995276928737
-0.0217492455581130492148211885706
-0.0274580293398471834975804739543
-0.0331750539551689260786559998451
-0.0389003312412334115166778758521
-0.0446338730770451108664786943336
-0.0503756913193075250845254231535
-0.0561257978909824525870497780033
-0.0618842047028753811099832660148
-0.0676509237006132357894472306725
-0.0734259668323035130654830027197
-0.0792093460787019615354509483041
-0.0850010734413667312647788776303
-0.090801160931645141793921993667
-0.0966096205918499373321850498542
-0.102426464465683181304100912712
-0.108251704642776239162493823187
-0.114085353203049064130247813864
-0.119927422272071038111818097605
-0.125777923976112371295954517336
-0.131636870463663568919798763091
-0.137504273920670411213151851371
-0.143380146527309015880291553913
-0.149264500505929098572721613891
-0.155157348078038881400431137081
-0.16105870149277001779353213351
-0.166968573041363393949509941194
-0.172886974987749131305037053608
-0.178813919665738785269581967441
-0.18474941938877206815128317885
-0.190693486522670818672509085445
-0.196646133423771574122440597421
-0.202607372497631166297082927485
4.93449251712754107711227432007e-11
0.30746936950557046674958883159
0.260659909920108456837795074534
0.208908724915981169889533930473
0.169760078478977866067722857224
0.128798445453836674090553060523
0.0951692143979554067145798512684
0.0619446805693073740406440208517
0.0278282322831164448395657728952
0.00342292169010939518677960613502
-0.0250336246831228750875375510532
-0.0439082082818034111215688142238
-0.0620595735649337940098568822123
-0.0759681509064912829920501735614
-0.0968399743296555204352671353263
-0.107690968351538463032568415656
-0.118262872499121762803753199478
-0.127088796272766119122010763931
-0.134246968797949312035555635703
-0.143588944871085061327775633799
-0.145463494686857958138048729779
-0.145588049995449858586837876828
-0.142061487533166136421058922679
-0.139971472283496711774830600916
-0.134301919254473239861980005116
-0.131315759328334308309038647167
-0.128639496160550648173881427283
-0.118624773292034968452668408645
-0.111149955088658464186224250625
-0.10540545998835652852232414034
-0.0949973950619512896853535721675
-0.084053874487814803084795300947
-0.0698761820973735348072608530856
-0.0624798081365397356412572094086
-0.0465258915860245966800157191301
-0.0390019174743530816495962199042
-0.0215812058274785119327265903166
-0.0121251900790911512628689195026
0.000394650178366910567382547236903
0.0167788887993270512122290227808
0.0292371642584465206426980188326
0.0427787885468193032623140936721
0.0584961639450522347116745436324
0.0631269803028292192381698555437
0.0744011177406377344212273783342
0.0869816766137282981752321120439
0.098541536154308648209898535697
0.107368079085589693266733490873
0.113097368315328281052067893597
0.118840374219408032030464994477
0.124079727164921216342463594628
0.128827295919023754322552122176
0.138728652595736856589780927607
0.136193407236445018781978433253
0.135288134239787360968421126017
0.134246101195753642087993284804
0.125394737969273695199490248342
0.121824718644144069923385131915
0.115711189679828296839048107358
0.107919191472195696857028224258
0.0941676708981833560097030044744
0.0796833184518050824385326791344
0.0608868851870901645062517104634
0.0471355174320795058950928080321
0.0222975071606981815885983877479
-0.00459513998835870979969842053947
-0.031010305712883139833691004128
-0.0609859497615567597295083146491
-0.0984655412586089850979220727822
-0.130189906399207161458164705437
-0.17517586156131095820320808798
-0.21783906084302229189120225783
-0.260229357918639103708358106815
