2
13.2113186443198280528577015502
0
0
0
0
0
0.706571946217963042791154748556
-9.51474520061456412750493610607e-17
0.707641211927174107465532415517
0
0
0
0
0
0
0
0
0
0
0
0
0
0
0
0
0
0
0
0
0
0
0
0
0
0
0
0
0
0
0
0
0
0
0
0
0
0
0
0
0
0
0
0
0
0
0
0
0
0
0
0
0
0
0
0
0
0
0
0
0
0
0
0
3.23215771461805185529262557376e-06
0
0
0
0
0
0.707641211927174218487834878033
3.88323844321112889182313687581e-10
-0.706571946217962931768852286041
0
0
0
0
0
0
0
0
0
0
0
0
0
0
0
0
0
0
0
0
0
0
0
0
0
0
0
0
0
0
0
0
0
0
0
0
0
0
0
0
0
0
0
0
0
0
0
0
0
0
0
0
0
0
0
0
0
0
0
0
0
0
0
0
