3
3509.91271509653461180278100073
0.113966271853076353548495092127
0.114072082492299137213009885272
0.114178017266933565232456260219
0.11428407641062286737021480576
0.114390260157496564952239737067
0.114496568742246063177248061038
0.114603002400118322845479212901
0.114709561366787157754565384948
0.114816245878606226771267984077
0.114923056172361509608137453142
0.115029992485413221081635981591
0.115137055055661310931647278721
0.115244244121529407220982932358
0.115351559921966481669919346587
0.115459002696543633348369439773
0.115566572685272053733207542336
0.115674270128761538800610253475
0.115782095268183324310307114047
0.115890048345205096125276611474
0.115998129602130323201336636885
0.116106339281680889796710687278
0.116214677627262896741910935816
0.116323144882751319806324374895
0.116431741292614618354939182154
0.116540467101844819053368951245
0.116649322556056117550227213542
0.116758307901334582035168807579
0.116867423384398150254526171921
0.116976669252464818282710723452
0.117086045753381468026432798979
0.117195553135517063769732715173
0.117305191647798220944132197019
0.11741496153976806182672731893
0.117524863061488876736504494147
0.117634896463626612006514449149
0.117745061997380356944020718402
0.117855359914555993250395715677
0.11796579046754164521448871028
0.118076353909262285468706465963
0.118187050493235190629093267489
0.118297880473599917316995799865
0.118408844104996746615654501511
0.11851994164270580889297690419
0.118631173342583273733197302136
0.118742539461061974437328103704
0.118854040255157930583429504168
0.118965675982498325646830039659
0.119077446901224431874410925047
0.119189353270174491772337432849
0.11930139534870991269155382497
0.119413573396809205573454448768
0.119525887675040062840814414358
0.119638338444561467821536382417
0.119750925967150437245756222637
0.11986365050514428964856250559
0.119976512321548434147899797608
0.120089511679879176742069546435
0.120202648844365753144636244087
0.120315924079740260710380539422
0.120429337651410922616079801628
0.120542889825355728494749030233
0.120656580868203702761043416558
0.120770411047148987226940164419
0.120884380630043336557477573479
0.120998489885315391179076982553
0.121112739082032530579802198645
0.121227128489869093175279601837
0.121341658379130759581876475295
0.121456329020761658044058606265
0.121571140686283621357155482201
0.121686093647867449307753417997
0.121801188178295882735824307019
0.81693088995618712289115137537
0.200040835371606717796311158963
0.194664881444480686312203943089
0.189280803031300404182246666096
0.183888588397599639367996360306
0.178488225763589913874795911397
0.173079703348913899185745890463
0.167663009349171110429210784787
0.162238131926836753882170683028
0.15680505923880666552250318091
0.151363779424614958157846444919
0.145914280615246971795073704925
0.140456550893703985272154000086
0.134990578336976224660404000133
0.129516351020113246184095601166
0.124033856973833969683518319016
0.118543084229905448800934664177
0.113044020786251864230109731579
0.107536654626461225525702047889
0.102020973724337091215197403926
0.0964969660147485114309873210914
0.0909646194319934098260205246333
0.0854239218919723708456359645425
0.0798748612658162077115875376876
0.074317425433897438269426061197
0.068751602245457427153851881485
0.0631773795303985502558319353739
0.0575947450986021222685273812658
0.0520036867439912162125459360595
0.0464041922417990221338968126474
0.0407962493326233591184326598977
0.0351798457614903511969650651281
0.029554969237718230895550775017
0.0239216074587138421980725411231
0.0182797480959321426152719425318
0.0126293788040363480495997805519
0.00697048722525032363878105812205
0.00130306095814635585806995354829
-0.00437291238744874459498657159884
-0.0100574452355952047299947338388
-0.0157505500450516901234099265139
-0.021452239259070176452537381806
-0.0271625253771094303523181423543
-0.0328814208989012118911077209304
-0.0386089383464693694514302535481
-0.0443450902717070910563634811297
-0.0500898892253193728230087344855
-0.0558433478011943207341971628921
-0.0616054786035095391927285390921
-0.0673762942539855441692608906123
-0.0731558074033124977608721906108
-0.0789440307101201138584301020273
-0.0847409768583406164399463023074
-0.0905466585590362776914119535832
-0.0963610885367617991947852829071
-0.102184279540031702770974675332
-0.108016244333217922846124281477
-0.113856995696735713297087499996
-0.119706546454959067427026297992
-0.12556490942455986181691685033
-0.131432097458145658031014590961
-0.137308123430241013629427015985
-0.143193000217819887964765257493
-0.149086740744745482878386155789
-0.15498935794011869937492065219
-0.160900864745569194269592117053
-0.166821274153490406444433347133
-0.172750599148464578647121925314
-0.178688852741336029472662971784
-0.184636047978418371684483645367
-0.190592197911073180094376766647
-0.196557315610831007113290525012
-0.202531414198232256884679713949
1.07875301834683677363142442475e-09
0.30661981306079894027405430279
0.259648308248415560228750109673
0.212368191897497116116255710949
0.168156682781919170066586843859
0.130019714975796840672472853839
0.0914975071494727731913343404813
0.0611169937655887673955135142023
0.0289330333347411587652242559443
0.00744367437555633858214942932818
-0.022584233367519711277449090403
-0.0422924878410858434696351082493
-0.0638044234969393636580647921619
-0.0800281266639127908391060373106
-0.0971710772073071799015409055755
-0.107507453538834521489242490588
-0.119125865726869742400317875308
-0.126669285220683713877320997199
-0.134981787380287654443122846715
-0.136468806262781572335995861067
-0.142360680550449869574691774687
-0.146212733511121267815369151322
-0.144156190110370063806044527155
-0.141108001724559783962575920668
-0.140809115507448928683587041633
-0.135003489029599854642782474912
-0.126707430125924974673168321715
-0.120193250498770318190899786259
-0.110872770081022961607963850383
-0.101042607088219382749372243779
-0.0942652662965942217399017977186
-0.0836516174586431487947280061235
-0.0714566040866883439575119041365
-0.0580905456253775764885460830556
-0.0471985437411117300654517237035
-0.0370029290443937147747632820938
-0.0235596353651455411859494404325
-0.010024782542609213947804036593
0.00506372562365972091191768100771
0.0168599114558423239518258895941
0.0267424528510692878502386093942
0.040532060310229579835894497819
0.0526819006477620629946834185375
0.0633875576011730806902377821643
0.0733178391602946344374203135885
0.0851446704697462336541846639193
0.0941363486454569603489872520186
0.107124224063548656449285090275
0.112467278206677664953438977591
0.120051242963364182547714165139
0.126628846293193680905275755322
0.130605193030088467809335384118
0.13566664715733117718698963472
0.137063091111630064311555088352
0.135833862418440032282518359352
0.130444372144322112694325710436
0.129872654246741742189996671186
0.125486486546823289289775971156
0.116915577968493542004857488337
0.107480554183742513241206495422
0.0937945293110304112449426838793
0.0786468069807114006364301417307
0.0617431417835811527372591456242
0.0460269613415450612459167700763
0.0212313778403740022193701975084
-0.00491032130084864334995664592043
-0.0287238054878309126416446872554
-0.060520610907409830292458252643
-0.0959248727390094452216473541739
-0.133864513630787357323370656559
-0.170453198810446349131808574384
-0.216918104956904334024159197725
-0.265037296365957963928394747199
