2
584.922489197390518711472395808
0.115102030316413639354777842527
0.115177471995449143271628145158
0.115252984191668086944027038498
0.11532856699842705672232057168
0.115404220509161992147539876896
0.115479944817540022827806467376
0.115555740017348654302686838946
0.115631606202540704320114173242
0.115707543467205756226867663372
0.115783551905603770970643040528
0.115859631612178326509621228979
0.115935782681501980961868980557
0.116012005208280477575044642435
0.11608829928743250037292966681
0.116164665014017787214584132016
0.116241102483234617914753528112
0.116317611790435954111089245089
0.116394193031174278396555621384
0.116470846301118036159039093036
0.116547571696134305563319344401
0.116624369312241585316947123374
0.116701239245577556569166688405
0.116778181592499821772612733639
0.11685519644946452955114324368
0.116932283913182721857282331257
0.11700944408040737931830932439
0.117086677048157172809084158871
0.117163982913564099219705383348
0.117241361773931393464032169049
0.117318813726718068624066404482
0.117396338869556721151710121376
0.11747393730025590397048063096
0.117551609116759464557233627602
0.117629354417198364601837567989
0.117707173299839512603526259227
0.117785065863165755439823101369
0.117863032205769685534235691193
0.117941072426470949796595277803
0.118019186624190058898520305775
0.118097374898039272905769792033
0.118175637347329373638693539306
0.118253974071492198860688915829
0.118332385170156664799812062938
0.118410870743112822678355655626
0.118489430890284200281747928329
0.118568065711836673203904979346
0.118646775308047444652537194543
0.118725559779376085844937449565
0.118804419226449256563604706116
0.118883353750054029940308453206
0.118962363451206365461132463679
0.11904144843101380213390427798
0.119120608790793780507044630212
0.119199844632037699199145208695
0.119279156056403046193281625165
0.11935854316570745914383167019
0.119438006061943338687036941792
0.119517544847328183177381788482
0.119597159624149962375838640583
0.119676850494958575410464618471
0.119756617562434192203468796833
0.119836460929469798553093085047
0.119916380699065752701848452944
0.11999637697446899342601511762
0.120076449859075728987534148473
0.120156599456420265514822176556
0.120236825870266850202483510657
0.120317129204540546050239413489
0.120397509563300864066093254223
0.120477967050850703900621851972
0.120558501771652157308345465481
0.120639113830280114703086269401
0.0196908000352215457884330618299
0.199934231025138547943598155143
0.194512460673396170296456375581
0.189083803629766233900255656408
0.183648250542159774401085314821
0.178205792057649275994535287282
0.172756418849430770645625443649
0.167300121527760969897258291894
0.161836890686108680892374422911
0.156366716928021648458368986212
0.150889590844441201511472172569
0.145405503003277952744909384819
0.13991444394696070374628504851
0.134416404224268148936971556395
0.128911374359033520375916737066
0.123399344832760382573155766295
0.117880306145598523492878939578
0.11235424874753406621064044657
0.106821163197243385045709374026
0.101281039826381799584531506753
0.0957338691562258509160088237877
0.0901796415153178348989015944426
0.0846183473766642657576397823505
0.0790499770842997412367836318481
0.0734745210521376423962180979288
0.0678919696146164514116705390734
0.062302313071904959207447660674
0.0567055418224251400749480467312
0.0511016461411492733946104749521
0.0454906162989388088147002520145
0.0398724426273889542837736144065
0.0342471153290345789454995895085
0.0286146247161746143661265051605
0.022974960958149676787387605259
0.0173281143561250239315540966345
0.0116740750150855377570424664668
0.00601283318896820781485068607708
0.00034437904810052081703772297594
-0.00533129728221876011268198780613
-0.0110142056659454940642506315385
-0.016704355949547406573474361835
-0.0224017580329162260821540542111
-0.028106421817756990083614354603
-0.0338183572499346010720167043928
-0.0395375742523034687248006946447
-0.0452640827820633140365913504866
-0.0509978927919641639165959645652
-0.0567390142702998562240779278909
-0.0624874572383921703111475665082
-0.0682432316904650615452254669435
-0.0740063477105043776571591251923
-0.0797768152732814816996409490457
-0.0855546445106827313509256782709
-0.0913398454237435430957958715226
-0.0971324281987924059711403401707
-0.102932402917708470946323018325
-0.108739779655072393849124523513
-0.11455456862072631307736259032
-0.120376779985666010341915921344
-0.126206423842040366123384842467
-0.132043510503845440418047019193
-0.137888050055035044083595607844
-0.143740052803225909494599932259
-0.149599529004740799953410146372
-0.155466488830098059636952712026
-0.161340942617308941153808632407
-0.167222900670695812097577004351
-0.173112373266745417366152537397
-0.179009370741352924483180686366
-0.184913903432788045977375190887
-0.190825981713051928689850456067
-0.196745615895409509121805058385
-0.202672816437019176483147475665
