3
301.512982243592603026627330109
0.114850387582981938727755277796
0.114932590012105650956186764233
0.115014873945822035383734771585
0.115097239503983470032544289552
0.115179686806686470967875379756
0.11526221597427295517679368686
0.11534482712725920017238223636
0.115427520386461271439948461648
0.115510295872791463045459181558
0.11559315370755328389318350446
0.115676094012116162379477657396
0.115759116908154505165562397906
0.115842222517550511029504889393
0.115925410962449765284176805835
0.116008682365146970072444787547
0.116092036848219670730486541288
0.116175474534449138519498490041
0.116258995546883750482614061639
0.116342600008725899352057808755
0.116426288043470410604740550298
0.116510059774783514274787421527
0.116593915326668753906780295893
0.116677854823206902934451534293
0.116761878388823889252101650982
0.116845986148112396252329858726
0.116930178225973208094856659045
0.117014454747438198523035168819
0.11709881583786702075045127458
0.117183261622746920371795908977
0.117267792227907619029281249823
0.117352407779334894089018348495
0.117437108403311146753722482572
0.11752189422628381287871945915
0.117606765374978883276213537101
0.117691721976330182508618804604
0.117776764157575417057977062996
0.117861892046102145759078894116
0.1179471057695836988532533951
0.118032405455909233937816793514
0.118117791233248059512561667361
0.118203263229935018330252205487
0.118288821574613345344317849595
0.118374466396137731361015710263
0.118460197823597693234098926496
0.118546015986322472723912824222
0.118631921013905766715268441658
0.118717913036169783747020289866
0.118803992183159512485701725382
0.11889015858519140500515476333
0.11897641237282144399678429636
0.119062753676815652470466488921
0.119149182628241534498414466725
0.119235699358358898658494240408
0.119322303998693618476423239372
0.119408996681032400499766765734
0.119495777537417219305027060727
0.11958264670006459040596524801
0.119669604301533241685895347928
0.119756650474562437169723239094
0.119843785352164292068444240158
0.119931009067606189621990608885
0.120018321754405798973408536767
0.120105723546299336668141677364
0.120193214577328622016949566387
0.120280794981738506366220065047
0.120368464894065829717817450728
0.120456224449053170277856850134
0.120544073781738925177364762931
0.120632013027381246317304430704
0.120720042321526388473529323164
0.120808161799958915794128699872
0.120896371598708002315092358003
0.0215740262776710524372791866199
0.199929871368820039068125993253
0.194520594112289141319749319337
0.18910409197027402972146603588
0.183680354857030408988194380981
0.17824937276188521084741012146
0.172811135645657532045049720182
0.167365633413208980684316884435
0.161912856002113580977663787053
0.156452793332759076960769561992
0.150985435267843581819136034028
0.145510771687583417843825372984
0.140028792445864219695650376707
0.134539487378589450727872645075
0.129042846317067111394649714384
0.123538859072160778218574250786
0.118027515408719155254324562065
0.112508805111877718818647053922
0.106982717959143075470151984518
0.101449243667631402998630107959
0.0959083719846190035918098715229
0.0903600925861240550363007173473
0.0848043952043705251409022594089
0.0792412694812964918389397439569
0.0736707050849267491843264110685
0.0680926916770980272808344579971
0.062507218866234212639731993022
0.0569142762548586894633118049569
0.0513138534604376944647796676691
0.0457059400526134418374368806326
0.0400905255718640302076138937082
0.0344675995778646743206152791572
0.0288371516068455964465488960968
0.0231991711341938307289201048889
0.0175536476979918504293110004255
0.0119005707392142445755212065706
0.00623992973781441456065932626984
0.000571714118108295789311146251066
-0.00510408668053485923415957259408
-0.010787483250625763686603164615
-0.0164784861857611292235148425789
-0.0221771061582549770807570865827
-0.0278833537573258301300871409012
-0.0335972396783829688193812046393
-0.0393187745781826830659966276471
-0.0450479691437469798032111611974
-0.0507848341035522302111537840119
-0.0565293801906647103150405087035
-0.0622816181238079052961964521273
-0.0680415586885303319553131018438
-0.0738092126490079991629755795657
-0.0795845908188702322316743220654
-0.0853677039837951179279684765788
-0.091158563017258525951191927561
-0.0969571787261776646404953794445
-0.102763561997235353118185230414
-0.108577723705723314107096655334
-0.114399674763929370957526998609
-0.120229426102506059548247208113
-0.126066988621098663436725928477
-0.131912373295967666475547730442
-0.13776559109923558477106553255
-0.14362665300376273314064690112
-0.149495570032358721102028198402
-0.155372353222447634468750266024
-0.16125701357481000974836149453
-0.167149562210271135365147188168
-0.173050010142085181064075527502
-0.178958368491471758732203056752
-0.184874648391090079524445854986
-0.190798860956079424644471487227
-0.196731017326149948409863554843
-0.202671128689791979482492934039
8.23651029125137007453494141421e-12
0.289378646345452572585799089211
0.258501607946728217957144124739
0.191273836004807656907544810565
0.190247091160559961275922091772
0.117042613362499589579890368896
0.101789105657956194250779446975
0.089593771462926685700267626089
0.0231489603871805789403470754451
-0.00346565424761327870936677975067
-0.0264033261513858009961186468217
-0.0579073334655732310793929684678
-0.0446328804982367502440787632167
-0.0925731132494336528271361430598
-0.0777173773587126470729913307878
-0.147174597527540390595746089275
-0.112827909094838349512990305357
-0.10228936551972772628360530689
-0.126590381696638498709717168822
-0.138448067203856023388297558085
-0.139601526937979142362067364047
-0.142947036352184669860676535791
-0.127312238074884620520066391691
-0.127123932151482599284264551898
-0.142761711056143714149158086002
-0.131372830321364736372302672862
-0.14551605853134602641674177903
-0.128405647078585399833983160534
-0.0823436569111853783331511635879
-0.113555248378527345876065623997
-0.107052294138815298762956729206
-0.0695522031012329594590326564685
-0.0575661541819677616271810904891
-0.0735875413186310028956782502974
-0.0489974147217886527028163357045
-0.0330078175917841928899143510989
-0.0430178919911154353239446379575
-0.0341786330345486971671320475252
0.0329720883399755443354806061507
0.00782797801052517727704582739534
0.0433466732326484097126417793788
0.058410484970811187011019427473
0.0443062326258861910455166821521
0.0455976478451130123881185340906
0.0870143863607853312869266915186
0.0864039095272887275323014932837
0.0666534345943227829467403466879
0.108865601182785390332874442265
0.0874856943459983021904591282691
0.121048194495353172994711599131
0.14292752543504627649184612892
0.111530720894632381923194941464
0.127242148859737752575327363047
0.148553020720916750807560902103
0.140516219940893555273575543652
0.123403273991165671197300923723
0.128762292747340412191192626779
0.131610585382636785523047251445
0.12898685708141782724212021094
0.0791893720180479321335553777317
0.109132742067419880038769974817
0.105291600596708279091728854837
0.0545156174182070893396989674784
0.0623494468358013545494777929434
0.0339883415487349793693283572793
0.00997192065752277971568684478143
-0.0582222430268123439245364636463
-0.0534403123696733928227331489325
-0.0970004028741938001401123869982
-0.138616914675853214466982876729
-0.186302984704676211080709435919
-0.200714522278199525295860894403
-0.276614565160267833476837040507
