3
17.5653991128089863593686459353
0.114214177198308591831832359276
0.114313389290797332020765963989
0.11441271298931238176166402809
0.114512148492930357357444393074
0.114611696001181026516313465891
0.11471135571402682473696188481
0.114811127831878218019667770022
0.114911012555569999604720976549
0.115011010086335935254098217229
0.11511112062591505322828311364
0.11521134437645724757359744217
0.11531168154052813534793386907
0.115412132321146887470320052671
0.115512696921800772642541232926
0.115613375546385219183598280779
0.115714168399253525265635289543
0.115815075685202786837102451045
0.115916097609498183751419730925
0.11601723437777224090527994349
0.11611848619623089950980698859
0.116219853271434428454433884781
0.116321335810407211486250389498
0.116422934020656870801602167376
0.116524648110120532251698932669
0.116626478287202045569515007628
0.1167284247607395381018946523
0.116830487740037583521690578436
0.116932667434857945343296137253
0.117034964055436785379527009354
0.117137377812448539859957463705
0.117239908917032883972630941116
0.11734255758078090958740347105
0.117445324015776647597064652473
0.117548208434551368362086520847
0.117651211050071494157442941741
0.117754332075812304103656913412
0.117857571725700605025366485279
0.117960930214131731741389330637
0.118064407755979011716007676114
0.1181680045665542411192916461
0.118271720861670870394988241969
0.1183755568576274203040910038
0.11847951277115099932846220554
0.118583588819481389187160402798
0.118687785220335795255408584126
0.118792102191874610062072292749
0.118896539952779517479442006334
0.119001098722164341814355736915
0.119105778719696964174090680899
0.119210580165434384958267344246
0.119315503279973908479227873158
0.119420548284413896578115554803
0.119525715400293608414727941636
0.119631004849669389522581752772
0.119736416855054234043009842026
0.119841951639487478975532042114
0.119947609426485413131047153001
0.120053390440027191177208010231
0.120159294904642319212761947256
0.120265323045310235094973450032
0.120371475087516555113609229011
0.120477751257267659545924232134
0.120584151781006634895909712668
0.120690676885740463819551848701
0.120797326798955412252567498399
0.120904101748641287783492259678
0.121011001963254885560594686922
0.12111802767180089579479584927
0.121225179103783151091100478425
0.121332456489194689952526573506
0.121439860058560195055221697658
0.121547390042898204032262299279
0.00325877689054893376202626242844
0.199997243033757099439640114724
0.194612997590316472162896843656
0.189220851070123624593222189105
0.183820792155851536753274899638
0.178412809490169105286483386408
0.172996891701117677664356619971
0.167573027391499734806146193478
0.162141205176604547011365298204
0.156701413608498540952496114187
0.151253641257079934900886541982
0.14579787666171789561886384945
0.14033410834534193467604268335
0.134862324796690913331076444592
0.129382514507746460008519306939
0.12389466594613625372023335558
0.118398767559549672467866798797
0.112894807766056162745549329429
0.107382774990441992590817221753
0.101862657612294529863028458294
0.0963344440083185177270408416916
0.0907981225325275170812133751497
0.0852536815233186917595276099746
0.0797011092961394385092432912643
0.0741403941493930240813625687224
0.068571524362792152240686505138
0.0629944881982947429976960052045
0.0574092738883240569225385740992
0.0518158696669628882069957853673
0.0462142637337157741184157089265
0.0406044442793180235251604415225
0.0349863994552211537980568323292
0.029360117423505104061742798649
0.0237255863136225549070434936993
0.0180827942280201540981021679499
0.0124317292599758402044107796769
0.00677237947040197543063788643281
0.00110473292930456318608478660792
-0.00457122234693837972002716796283
-0.0102554983363307809784981117218
-0.0159481070435324237544172376602
-0.0216490604929304615577922987768
-0.0273583707377605088451044679232
-0.0330760498319999235450339369891
-0.0388021098664572475223089043084
-0.0445365629384554331804402238504
-0.0502794211725789905176320360169
-0.0560306967052465326739607576201
-0.0617904017032061547709531623696
-0.0675585483414384985190181964754
-0.073335148827675722404961788925
-0.0791202153748202657856936070857
-0.0849137602301970190188384890462
-0.0907157956459074266142295073223
-0.096526333904974170874169203671
-0.102345387299168616435096623718
-0.10817296815662442999173009639
-0.114009088810740566444223986764
-0.119853761616395770861487335424
-0.125706998960226162820319473212
-0.131568813232951026259698323884
-0.137439216857476870226051346435
-0.143318222269116390954479811626
-0.149205841927581045469608511667
-0.155102088315476754898369904367
-0.161006973918885021301861115717
-0.166920511272220684073630536659
-0.172842712904046819089032283046
-0.178773591379433882675442646359
-0.184713159268618781760906699674
-0.190661429185364827976201240745
-0.196618413737997044243854816159
-0.202584125575037521382881777754
3.28665347786724218473079351774e-12
0.305709456693288084139226157276
0.255665086545433128950577383875
0.213982290527608920438495943017
0.168211410473084077565886218508
0.131576561358011739910622850402
0.0948040234595433906061856532688
0.0618095827274859552225017012006
0.0283867565609423333494731878091
0.00403788974945245692643736035166
-0.0204146872711532638422493590724
-0.0453002921731896490697977242235
-0.063157529815840926512571229523
-0.0817975724473612580966985774467
-0.098455141932079506816855030138
-0.10722870381620680513279353363
-0.11658978086078845837203488145
-0.125390945840013978695992591383
-0.132189561155556134508515242487
-0.138211910281156591384643661513
-0.142895977730293055607546648389
-0.142791771965251862441803609727
-0.144327113188410682820261854431
-0.141208131199140746181441841145
-0.13882600859798577275228126382
-0.131527021173157981914769720788
-0.126164573494704335132610140136
-0.12197539818562919133881905509
-0.112175249337988364173313016181
-0.104558507298450939493328348817
-0.0951460929451284354030349277309
-0.081920309346157141328070849795
-0.0745216113755033104926184250871
-0.0626424196618823175830570448852
-0.0469396094936532781716209683509
-0.0372574292204767981706581281287
-0.0221771249900908767882512506731
-0.0114265790514841876490681471523
0.00334050658856020234177552907795
0.0123585005304217253330190118277
0.0272131939520566384915767343955
0.0405169614123629603930076825691
0.0504910259059664634495590007646
0.0689650438092495182695884636814
0.0771093216434110273471702612369
0.08931047491913617075720566163
0.0960249610452444668506899461136
0.105575457393968549779650345499
0.112813902045256680972684648623
0.122265338024115238768629865262
0.126184085591386996316742852287
0.135332350055502759200720674926
0.133685120348014968572059046892
0.1324590211159292485465499567
0.134869697158850831986143248287
0.135572163183098476357812955939
0.130102578658557177515575631332
0.123070767684262685759399857943
0.11690626470227907796051169953
0.107509147076848013413474802746
0.0914435304965741102556364694465
0.0750088981312911073917604198869
0.0619819884567853474077736564141
0.045366862590019617351710934372
0.0205159771584140747380242686404
-0.000587519324403043162116655473426
-0.0300011387578343821647131051122
-0.0628557147756092088330959199993
-0.0941192145774194660612366192254
-0.129969134882245457296434665295
-0.172311959423676663849533952089
-0.215236370448348091066748111189
-0.267830526037950711337742859541
