2
35.7310842290393537723502959125
0
0
0
0
0
0.706561649081912990233433902176
-1.40722465859033259708828748897e-16
0.707651493354354066411815438187
0
0
0
0
0
0
0
0
0
0
0
0
0
0
0
0
0
0
0
0
0
0
0
0
0
0
0
0
0
0
0
0
0
0
0
0
0
0
0
0
0
0
0
0
0
0
0
0
0
0
0
0
0
0
0
0
0
0
0
0
0
0
0
0
9.69550871645200772674585976141e-06
0
0
0
0
0
0.707651493354354177434117900702
5.17809082467134036772411077285e-10
-0.706561649081912879211131439661
0
0
0
0
0
0
0
0
0
0
0
0
0
0
0
0
0
0
0
0
0
0
0
0
0
0
0
0
0
0
0
0
0
0
0
0
0
0
0
0
0
0
0
0
0
0
0
0
0
0
0
0
0
0
0
0
0
0
0
0
0
0
0
0
