3
464.512452116042652505711885169
0.114017373228967350273777014991
0.114121824977732530537188893049
0.114226398244910723467349100702
0.114331093256874960495395043836
0.114435910240486660160996734703
0.114540849423100443704726103533
0.114645911032639061244431388786
0.114751095297480121271149755557
0.114856402446554206608908543785
0.11496183270925845743004600763
0.115067386315572631194648067776
0.115173063495922892163214612538
0.115278864481312026679660220907
0.115384789503252482845141457801
0.115490838793729788669395475154
0.115597012585291744612980835427
0.11570331111104012467016843857
0.115809734604532088564354808113
0.115916283299880268353732049036
0.116022957431775916581351282275
0.116129757235331462772442989717
0.116236682946289554552166123358
0.116343734800888706781840653548
0.116450913035879385915016825948
0.116558217888578397047893986382
0.116665649596814524624477371617
0.116773208398969458032823354188
0.116880894533976542604136739101
0.116988708241265504383932238852
0.1170966497608147416364943183
0.117204719333189683050377993823
0.117312917199488483954716855351
0.117421243601294730818374034698
0.117529698780803451563237160826
0.117638282980731798121887266007
0.117746996444362039824227395002
0.117855839415495822208868048619
0.117964812138491942361540054662
0.118073914858317904896800598635
0.118183147820433251395932927608
0.118292511270862210626120258894
0.11840200545621526462269912372
0.118511630623641506243615140193
0.118621387020837923409466441171
0.118731274896107671934508687173
0.118841294498275767965722593544
0.118951446076741268464971312824
0.119061729881479977377622958556
0.119172146163022366072148372496
0.119282695172478317435782457778
0.119393377161518599027800746626
0.119504192382392793181367096622
0.119615141087915738404845455989
0.119726223531500530761206846364
0.119837439967098988158333838783
0.119948790649272357677901368334
0.120060275833132862333130219668
0.120171895774412298973921053857
0.120283650729375399257570222744
0.120395540954907329100898039087
0.120507566708483490613978972306
0.120619728248110388846292551079
0.120732025832451878022411051461
0.120844459720715335926399802702
0.120957030172719207095077820213
0.121069737448860431650032865036
0.121182581810166667413142249643
0.121295563518175511519281428718
0.121408682835134354438544335153
0.121521940023795030350051149526
0.121635335347575604392211801041
0.121748869070433779482343084055
0.103570071722231066280173195082
0.200031292845139485603311868545
0.194653677127171687022411106227
0.189267981690488917845271998885
0.183874194859923345557461971111
0.178472304942785459092036148832
0.173062300245063638293174790306
0.167644169044936064416617682582
0.162217899586270614120664390612
0.156783480109264128365964552358
0.151340898849422811345277750661
0.145890143996406235205043344649
0.140431203731728793115962616866
0.134964066230194912332507328756
0.129488719616510677967724518567
0.124005152029275034220034967802
0.118513351586449086627617077738
0.113013306356785997452973902
0.107505004416314484116945493497
0.101988433816308510238002327242
0.0964635825910605260169461416808
0.0909304387445716288951302885835
0.0853889902798088684665600567314
0.0798392251536695629621220859917
0.0742811313366505965305464087578
0.068714696757290930073658330457
0.063139909333501387234122148584
0.0575567569627705513668480818978
0.051965227513576232876157945384
0.0463653088574047800296540344789
0.0407569888269165153671380608102
0.0351402552371777796014207240205
0.0295150958921024768322194375969
0.0238814985731697106141613318187
0.0182394510334436890652831664283
0.0125889410172768060475201323811
0.0069299562561092450593824842997
0.00126248443649105350321260043955
-0.00441348674407729922586351989366
-0.0100979696370649425080090466622
-0.015790976599341768893403070706
-0.0214925199982499010031844477453
-0.0272026122407201254027597769891
-0.032921265731861069914199191544
-0.0386484929195027512860427520991
-0.0443843062624522943782068296059
-0.0501287182214752505271526672459
-0.0558817413120224759648380086219
-0.0616433880374496132037442919227
-0.0674136709392052779765691639113
-0.0731926025744241287585012400996
-0.0789801955234833846786202116164
-0.0847764623801290501114991116083
-0.0905814157533263858423921988106
-0.096395068290480556694177494137
-0.102217432656925816258919326174
-0.108048521518104359562251204352
-0.113888347577128554166669971437
-0.119736923550720117392920371913
-0.125594262180045379562187690681
-0.13146037622582540382865090578
-0.137335278470733929134794948368
-0.143218981716583398933195780955
-0.149111498778097956163790627215
-0.15501284249961710948184645531
-0.160923025751517123627110095185
-0.166842061410055336745372756013
-0.172769962375107222207759605226
-0.178706741585235029390332783805
-0.184652411974860736210146683334
-0.190606986514315984715395302374
-0.196570478194244419034575344085
-0.202542900017966626124987783442
1.30261561323839052127639990914e-10
0.306636750363948218378595811373
0.254595055394422231653805965834
0.212123787410548103604668312983
0.171528353941923950021219980044
0.130988558405211924506872378515
0.0970825631802941929615613503302
0.0604647930281646539540929552459
0.0306886938415116272693694554619
0.00259710749537894270214111180906
-0.0229010665389141228331926214423
-0.045235452153241796635629867751
-0.0612132280404514214633415747358
-0.0803426850880452625425220958277
-0.0948517183809433478414163687376
-0.110848861807593637718305501494
-0.119057417399920956180281450543
-0.124634366129947299350888556546
-0.133855655956376773385585465803
-0.139054837441421802468610735559
-0.146944984577942860948240877406
-0.141601253720460784624179950697
-0.14356031041295272410174277411
-0.142650569112021702311565718446
-0.136623306898697560729516453648
-0.133014283493331997298980695632
-0.127104267353650629557293427752
-0.121644295067414670574734714137
-0.111847008248854518086545795086
-0.1021337465995269810914436448
-0.0954836199760864950958350050314
-0.0850732689588029472593788682389
-0.0714499856803135630078926965325
-0.0613546178736050565327708739005
-0.0479513678435212406525600670193
-0.0349160933192910194478031371546
-0.0223093156065727431236478395249
-0.012620682206030698832566194767
0.00288341853950684241791879713901
0.0182572138187283156129936401157
0.030154111554046077181556739788
0.0385615217410286009735997936332
0.0519703030590653106135512473429
0.0639096721993351740698230400994
0.0781666929407261040774201887871
0.0873895647664075375660175382109
0.098009944398546239296976523292
0.107794184792729272337474810683
0.114037445689069677490223853056
0.123210145634576773154833517765
0.123933771004942960836103793554
0.129287940765056147407463527088
0.132612969367207456095059114887
0.133543997709312273203252630083
0.133043494369526504872425221038
0.134499094096181381896570883328
0.130654148313825907434804207696
0.119612173910322833192410030279
0.114514489842290054233409080098
0.10508323153381642078851854194
0.0935286740294152124652882207556
0.0816674709673848447932797967042
0.0633220143313851929756097547397
0.0450472286879945033044592150873
0.0256750650058365469108334622206
-0.00291946509655313483910799021714
-0.030837487196043622539320949727
-0.0609827876917013872448691813588
-0.0934868856432853750915157320378
-0.130746081484103771064297916382
-0.174701084793416866469684123331
-0.219780231289797123306328785475
-0.263293233472633725344991262318
