2
18.2264537298422979461065551732
0
0
0
0
0
0.706662597404667192080296445056
-1.37916296734591098004152367428e-16
0.707550686120287153357821807731
0
0
0
0
0
0
0
0
0
0
0
0
0
0
0
0
0
0
0
0
0
0
0
0
0
0
0
0
0
0
0
0
0
0
0
0
0
0
0
0
0
0
0
0
0
0
0
0
0
0
0
0
0
0
0
0
0
0
0
0
0
0
0
0
8.27423856785198210554482713824e-07
0
0
0
0
0
0.707550686120287264380124270247
3.0342004953188148045245168356e-09
-0.70666259740466708105799398254
0
0
0
0
0
0
0
0
0
0
0
0
0
0
0
0
0
0
0
0
0
0
0
0
0
0
0
0
0
0
0
0
0
0
0
0
0
0
0
0
0
0
0
0
0
0
0
0
0
0
0
0
0
0
0
0
0
0
0
0
0
0
0
0
