3
29.8099829977617183374150044983
0.114496624644352382182965754964
0.114588299138345880989753311496
0.114680071492399712762555452628
0.114771941868611754289375426197
0.114863910429440108096343919897
0.114955977337645592895043478165
0.115048142756319388135821668584
0.115140406848926304950175847353
0.115232769779227472994875824952
0.115325231711339723505993504205
0.11541779280970157484098592704
0.115510453239096158584153783977
0.115603213164651705269214687632
0.115696072751804088230009881499
0.115789032166352834352096579096
0.115882091574447537718484113611
0.115975251142570470741510746393
0.116068511037505872618424973552
0.11616187142643882856951620397
0.116255332476883063708150700677
0.116348894356661514137840640615
0.116442557233978366548754479481
0.116536321277372151294926538867
0.116630186655708747989201867767
0.116724153538234953764174406388
0.11681822209452576155630509902
0.11691239249449396353508490165
0.117006664908442151173950662724
0.117101039506983556348629349486
0.117195516461066448488104185799
0.117290095942077648993873140171
0.117384778121642330273033394406
0.117479563171847628533228657943
0.117574451265048729453610576456
0.117669442574003635382240418039
0.117764537271798072626260989182
0.117859735531911730133103333173
0.117955037528146011727159248039
0.118050443434673024700742871573
0.118145953426054384216570269928
0.118241567677148107229356810421
0.118337286363225893670581001516
0.118433109659904098331928423704
0.11852903774316302099034459161
0.118625070789344727595349127114
0.118721208975178696420904600473
0.118817452477703811020148805255
0.118913801474360522614226454152
0.119010256142981094007460285411
0.119106816661726205852644966399
0.119203483209146463006611327273
0.119300255964136514563733726391
0.119397135106001667237407559696
0.11949412081439428345852604707
0.11959121326932138640319891465
0.119688412651207470860370563059
0.119785719140834162610431690155
0.119883132919314031039625945141
0.1199806541682213595345629642
0.120078283069408237038189213308
0.120176019805187758726638946882
0.120273864558187809636891074661
0.120371817511481571383313848855
0.120469878848473710419852977793
0.120568048752955181424084685204
0.120666327409112317248229828692
0.120764715001510647418569988076
0.120863211715121252054494505046
0.120961817735223964298540977325
0.121060533247589557914736246858
0.121159358438280184699920027924
0.121258293493832075560234784461
0.00396534961100406761064229854696
0.199957553917220892669703857791
0.194563016985207060116636057501
0.189160856693490031510407334281
0.183751062229709993811610502235
0.17833362277882336410783636893
0.172908527495507724491830003899
0.167475765536605841754536072585
0.162035326026296472301524431714
0.156587198082930117992717100606
0.151131370777564472129839145964
0.145667833207554109353765170454
0.140196574420444974862220988143
0.134717583460210399426415506241
0.129230849360479072007734657745
0.123736361121650734196109056029
0.118234107702546900608986391035
0.112724078125705812203349864831
0.107206261306643152453332845653
0.101680646192777085490277499957
0.0961472217042634164085868064831
0.090605976738415638926937845099
0.0850569001785217992939180930989
0.0794999808846632433079193447156
0.073935207704668076678089505549
0.0683625694735158911941041992577
0.0627820549911483755112229232509
0.0571936530607238258205882175389
0.051597352442188569587866453503
0.0459931419123680296223710683989
0.0403810101927318601533478670262
0.0347609460123290761601744236486
0.0291329380755216173215504937843
0.0234969750676505377551261943836
0.0178530456385882288494748593166
0.0122011384541309483853233075479
0.00654124213486580348420051933545
0.000873345295765952942326770802595
-0.00480256346500035260355110366959
-0.0104864955805849726505618590977
-0.0161784625003051352187810607575
-0.0218784756719618278530958832562
-0.0275865465832318308703197118348
-0.0333026867326855838258303776911
-0.0390269076410516280173368386386
-0.044759220829756904413976315027
-0.0504996378787452224190523963898
-0.0562481703382782735611833402345
-0.0620048298175713899493821656961
-0.0677696279180449029366783975092
-0.0735425762585147912986371920852
-0.0793236865132914553688792125286
-0.085112970328767453831453337898
-0.0909104394003597410245376408966
-0.0967161054193478586515908546062
-0.102529980126535816276067691888
-0.108352075254569316098418596539
-0.11418240256630415863092764539
-0.120020973850487933098918347241
-0.125867800884421870977192270402
-0.131722895512017157404471845439
-0.137586269555534240760508168933
-0.143457934878155335400862213646
-0.149337903350098916144261806949
-0.155226186869944382529240556323
-0.161122797349106283704145425872
-0.167027746737990895331549268121
-0.172941046964609435043769281037
-0.17886271001243544964687259835
-0.184792747876607182933028639127
-0.190731172557346145834955564169
-0.19667799609132607940864545526
-0.202633230540665454366688891241
2.78579260766186571320156536825e-12
0.298054222834822080123728937906
0.262652491442070201710379251381
0.213383345953819802964801510825
0.168865322790238747696633936357
0.136165671363687068584624739742
0.0896067038191707687655451763931
0.0627181801902665925219082510012
0.0299444858446215010638891129702
0.00977348862297051229619526679926
-0.019819486152291052039053909084
-0.0446593455651476262113774851059
-0.0664823838372856912304342813513
-0.0918828138683041861778377779046
-0.0971910227431648926499363483344
-0.104483876927655386368520851192
-0.109671575245747401905482831808
-0.130838410544263289425614971151
-0.136196338156554852538704381004
-0.140909799701764953949734149319
-0.138404326098383739784836166109
-0.15047439754623392893506661494
-0.14536332968801940479508516546
-0.140728448788035059857648434445
-0.135454220708059736022477181905
-0.136591506300134585272232357056
-0.129359999980648843198594022397
-0.123211121923506805586612244952
-0.113115592442359191860390410511
-0.101765857204847195993657749113
-0.0911949113006980394136036238706
-0.0851179278456085097737116029748
-0.0631269482975577167493952401855
-0.0565586238322292114699685328105
-0.040490423069874728612127512406
-0.0340654769749654945387717930316
-0.0146305811370489226991287168289
-0.00792836670460304003549278917262
-0.00490602376495731431343960693425
0.0193926883113218657961329682848
0.0197049818501364125411523531284
0.035238492615602426405452263225
0.0429682891144174058939420035585
0.0663827703867602841869555163612
0.0763662702675109855698920569012
0.0882044260038915561850103586039
0.0973227581425524651548286669822
0.103242249882101858049487930202
0.1192532501281751422528287776
0.122622323311370254317331784932
0.128685817660892293234908834165
0.125632371974957052218613284822
0.13788161307881313666356959402
0.132710705028976444497246234278
0.138491606923985904886720277318
0.128691196631419757512304613556
0.127155603960374508076824895397
0.118571535885617806993508338564
0.117044152644610446878381537772
0.10085826796496917545642446612
0.0987513782032225923002144440943
0.0844723692286929034311881991925
0.0632971068093005628796277051151
0.0400388087880224965986464269463
0.024816380749149491435900927172
-0.00358869757483899027780682722266
-0.0336383623353579963577431044541
-0.049206549164491970860257907816
-0.0992451783242046525757018571312
-0.128762024800728624995826976374
-0.172864869246730112894994135786
-0.219187455616330267860192293483
-0.267801427877334186078428501787
