3
483.805460315765685663791373372
0.114696235980450214619885684897
0.114782570290551458325190026244
0.114868993108268452330023023933
0.11495550457129109778176001555
0.115042104817547258255316933173
0.115128793985206173688951025724
0.11521557221275645355174077622
0.115302439638915454889200873367
0.115389396402695659782366988111
0.115476442643364651807758036739
0.115563578500451763497736124009
0.115650804113789182347993289568
0.115738119623446225614493698686
0.115825525169774248834819729836
0.115913020893410143030699543942
0.116000606935264774510763174931
0.116088283436479811072672418959
0.116176050538535385880933858971
0.116263908383149275338475092667
0.116351857112299436614044623184
0.11643989686828998264545020902
0.116528027793657576460795155526
0.1166162500312498545573802744
0.116704563724155455095576883195
0.116792969015771755381116747685
0.116881466049764806691690921525
0.116970054970077494416180741155
0.117058735920943957076190145017
0.117147509046850062386369017986
0.117236374492645997746897990055
0.117325332403335744202443891027
0.117414382924305671362930070245
0.117503526201206895396289553446
0.117592762379946355610904618061
0.117682091606739147593430061534
0.117771514028093673975838839851
0.117861029790773286229921268387
0.117950639041853128086145829911
0.118040341928697306572715319817
0.118130138598936298977015724176
0.118220029200514498146645792076
0.118310013881671810542783873643
0.118400092790876501624985905892
0.118490266076983555287860383487
0.118580533889060341090626593541
0.118670896376505213831720197959
0.118761353688999468647402579791
0.118851905976508451234785468387
0.11894255338932789578532123187
0.119033296077971334492318078446
0.119124134193360570188602309827
0.119215067886600759039517072324
0.119306097309194031330648044786
0.119397222612859843504651280455
0.119488443949632067164756676902
0.119579761471905438030560731022
0.119671175332284371317648208333
0.119762685683734521058241284663
0.119854292679499804807896623515
0.119945996473148325245361434099
0.12003779721851542960919800862
0.120129695069764189097050177679
0.120221690181336396396893917426
0.120313782708015473699170172495
0.120405972804872099524153838956
0.120498260627278530598971428844
0.120590646330904313621168455484
0.120683130071748551115362602104
0.120775712006107135976229471908
0.120868392290579815262496765627
0.120961171082089910533419185867
0.12105404853785162178070322625
0.0471747644520146419688799710457
0.199938175653588873226240707481
0.194535636154389290908284237958
0.189125689493982451772069453
0.183708325332874539137506531006
0.178283533221718748507100826828
0.172851302780202609188364704096
0.16741162358238217966466265807
0.161964485171058381052233698938
0.156509877077453896099257235619
0.151047788841054131392382942067
0.145578209945345538045557987061
0.140101129893668074899437669956
0.134616538152931730643047103513
0.129124424176210311765444771481
0.123624777394622784032485185435
0.118117587240180579866155596847
0.112602843093531496121428858714
0.107080534380082845191672902274
0.101550650429126587681594173773
0.0960131806042334862150156027383
0.0904681142628614848311130458569
0.0849154406802437589085741365125
0.0793551492143974301907149992985
0.0737872291064264468340994085338
0.0682116696192292398803758146641
0.0626284600293350451893914510038
0.0570375895635243032599781543013
0.0514390474244691489613678925252
0.045832822814260355814841574329
0.0402189049210868732053825169714
0.0345972829020762887020090659007
0.0289679459147726726941929342729
0.023330883059346531338551500312
0.0176860834631287003326782780732
0.0120335362283152547818732003293
0.00637323042059110764223639478132
0.000705155111932067083478636870808
-0.00497070066146972078247046056276
-0.0106543478954636058192440017933
-0.016345797569394700243794460448
-0.0220450606899512784042638458004
-0.0277521482961812365752862774571
-0.0334670714388419707208122133579
-0.0391898411745831842800669164717
-0.0449204685848558493699300697699
-0.0506589647703366147135639607768
-0.0564053408562714617136002459574
-0.0621596079750768928939841373449
-0.0679217772846960055055376415112
-0.0736918599556232317704385081925
-0.0794698671635428732784589556104
-0.0852558101403810275620287484344
-0.0910497001016310064658298983886
-0.096851548296494116563337684056
-0.102661365986440877851038067092
-0.108479164445825962403979758619
-0.11430495497252929348874772586
-0.120138748883092824626395156429
-0.125980557532956338739893453749
-0.131830392247650779458112424436
-0.137688264419326994447700940327
-0.143554185444362908397053502085
-0.149428166712052556963641336552
-0.155310219646845854013506027513
-0.161200355716436705133531859246
-0.167098586367913914951799370101
-0.17300492308537640528953716057
-0.178919377384723354840190268078
-0.184841960758313911261652151552
-0.190772684782262835767596698133
-0.196711560975547733454149579302
-0.202658600933220772732923364856
2.32447044923526250385892075287e-11
0.304025890380822338965316475878
0.253635283817036760733998335127
0.229291937309995697003017767202
0.167025464346204688403929594642
0.138124500013143469701049070864
0.0836591465976398163117977446745
0.0526769545324033139355179855556
0.0283352773713146759149150710755
0.0116137421042478879151804704861
-0.0203375750767932003681970343223
-0.050449930473851004042451506848
-0.062383616453735975249106360252
-0.0878540210341025029627815001732
-0.0897039658989290111801295779514
-0.109142765979653583174879827311
-0.134531988556667259082644250157
-0.14668915878025487464775267199
-0.127466894706576377993556548063
-0.136587215238516607174190653495
-0.158286616747471520216805629389
-0.142987956696628115693670224573
-0.136271770152194882097518302544
-0.138366770082531259644653687246
-0.123354689995005165070729447052
-0.133264712333815010802950951074
-0.124454891565166869682457218005
-0.107857718942470967582458740708
-0.108463941781667350117146497723
-0.0822608724480727859784678912547
-0.0845766820204766067714530208832
-0.0957151417843873086876982370086
-0.0693857998018820587571298119656
-0.0511713358993851480382986096629
-0.0472977393032786019855251424815
-0.0275439986650783154298327559673
-0.0266826500759476739621511853784
-0.000720399806442839087637641792838
0.00768086599815286184128604318744
0.000901412662555485717265357781258
0.0350989921066477347788570284592
0.0215955345509896076694467126345
0.0531444772358432640513292710693
0.0664082703882704072917420035083
0.0680863637963077944492695792178
0.0691508392826205298131725385247
0.0849870733946213458009921737357
0.104261836959399542545945394068
0.120027475732403535180203846267
0.0995611951813943213407398502568
0.129832038530499294104458840593
0.140444354446652097667680436643
0.137746643399490387160710724856
0.143806186688718445898516051784
0.130467899180287782989751121931
0.136943322194698541283131021373
0.126758233125522257189743413619
0.111699691366257652935800592786
0.103823818649683929926652581344
0.0964066305654565497418317931988
0.104983388046038225716038994051
0.0819337553905618298788482434247
0.0775670867618013376576513451255
0.0537611087150699495929018212337
0.0261659443028241511797205021139
-0.000413048752077272264895957398778
-0.0344322473723306238246877342135
-0.0419385963870526692898188514391
-0.0896678473470070569462109233427
-0.136706923794281648421033992236
-0.17669881390265526621696778875
-0.226729156130401815483210725688
-0.271194618633272821472957048172
