3
105.827311149472109264024766162
0.114363807430606589932153838163
0.114459029047077540108823257015
0.114554354915009273807591227978
0.114649785213534666228341052374
0.114745320122234678583694744702
0.114840959821034774290815505537
0.114936704490233687625533320897
0.115032554310530027441572542557
0.115128509462969499943518769669
0.1152245701290312424047712625
0.115320736490531691731398211687
0.11541700872972469882338231173
0.115513387029156672225482793692
0.115609871571850861271535393371
0.115706462541175822411609885876
0.115803160120879100603019651317
0.115899964495147334009317319214
0.115996875848474262360454645204
0.116093894365833186221870221289
0.116191020232490643815381758941
0.116288253634211108389351352344
0.116385594757077839855874401565
0.116483043787586879047601939874
0.116580600912633364218962128689
0.116678266319501275360970282691
0.116776040195896602114089546376
0.116873922729890236671401737567
0.116971914109968322392774098262
0.11707001452500767624265165523
0.117168224164293649502965877218
0.117266543217500365803296347167
0.117364971874720641631384410175
0.117463510326471828881800263389
0.117562158763603083477811139801
0.117660917377463244970492439734
0.117759786359700635571812199487
0.117858765902475806641724886958
0.117957856198266652913986263229
0.118057057440054791186412330717
0.118156369821154530463935827811
0.118255793535313943887210541561
0.118355328776707000026924276881
0.118454975739892609531977996085
0.11855473461987756089719425745
0.118654605612068447806350945939
0.118754588912297828762199003449
0.118854684716775030328683726566
0.118954893222195615121172806994
0.119055214625624364299660840061
0.119155649124548609907314755674
0.119256196916883855374535983174
0.119356858200981380546679133658
0.119457633175604371889022559117
0.119558522039923884050516278421
0.119659524993579888252348553124
0.119760642236608580435408555331
0.119861873969471635636985240581
0.119963220393058733748148370069
0.120064681708683798633252592936
0.120166258118129060106227257165
0.120267949823587197433205631114
0.120369757027636720136953840665
0.120471679933359471226239634234
0.12057371874423108981666530326
0.120675873664176855348806327584
0.120778144897568578963742425003
0.120880532649198485506403244472
0.120983037124292786002044408633
0.121085658528515355270016584655
0.121188397068023021030391817021
0.121291252949341066269539624045
0.121394226379498329504436071602
0.0166639761178851257550359576953
0.199974678990126442101882275892
0.194585111265944687986007011204
0.189187786035993843469782405009
0.183782692244331330444495620213
0.17836981880537353117865961849
0.172949154626974327397803676831
0.16752068859516938692522103338
0.162084409565568271505142661226
0.156640306403449669492289331174
0.151188367936317347162145097172
0.145728582975695519774461672569
0.140260940319275995147307867228
0.134785428748208563343169430482
0.129302037026899407923252738328
0.123810753890711403024660341998
0.118311568065422298423605695916
0.112804468258327003638008534381
0.107289443171050311032210800022
0.101766481451854420847702442643
0.0962355717756776807281227092972
0.0906967027545528686749420899105
0.0851498630267471801058576374999
0.0795950411699435367296473486931
0.0740322257794732985214380960315
0.0684614054147707207231832171601
0.0628825686066502437254754909191
0.0572957038924730294171538957926
0.0517007997693124804472475375405
0.0460978447386164932875196598161
0.0404868272513326799000310529664
0.034867735768578454746968731115
0.0292405587183571027964923416675
0.0236052845229689535477834994026
0.0179619015689407336699989770068
0.0123103982324164473727279300874
0.00665076287555014643987361111499
0.000982983850459352454659311959517
-0.00469295056464002699470050572472
-0.0103770520264792887044080771375
-0.0160693322689771239675238234668
-0.0217698030235653830488651294672
-0.027478476050890300597107085423
-0.0331953631206279506371537024734
-0.0389204760318619044645593874066
-0.0446538265894169464353957721414
-0.0503954266306566520117193874739
-0.0561452880007069290990706633693
-0.0619034225663891435331720458635
-0.0676698422224836226845923192741
-0.0734445588781939412426069679896
-0.0792275844538347651102583313332
-0.0850189308936951521067371118079
-0.0908186101615543472931335600151
-0.0966266342530040373004496245812
-0.102443015167154385935965876797
-0.108267764924175835528075140246
-0.114100895565255031072204872089
-0.119942419164636396300416265603
-0.12579234778807363293040566532
-0.13165069354324288042334956117
-0.137517468556039385019218457273
-0.14339268496024235033381444282
-0.149276354909550712513066628162
-0.155168490590526619854472301085
-0.161069104201101265250173355525
-0.166978207968677849759586706568
-0.172895814120366642097081921747
-0.178821934916549490912629494233
-0.184756582639983485405466012708
-0.190699769588107054252290595286
-0.196651508079164205611277793651
-0.202611810449420504109951934879
1.40966404428024941483283844194e-11
0.30835384506780938451697693381
0.25353050133177423841601694221
0.20992006222383569058465013768
0.172213471958783809201420922363
0.131773018048783580047356167597
0.0889203193783855011522732070262
0.0654002889791770042338114876657
0.0334848114926275808311828541264
0.00284308871064357059077476463926
-0.0199401922564781605706762945829
-0.0374289928381188186090611225154
-0.0597619914754325270989099294638
-0.0842837947243684493248139233401
-0.095402366498472418454568355628
-0.113329977423256955670893830757
-0.121786564248655498898799010021
-0.127915153290961786103352437749
-0.143877422523436271362129446061
-0.140750527262844676856801129361
-0.140880832718543819170875508462
-0.142972796492911669030689836291
-0.142265299246908283326007449432
-0.142855318021597066380223850501
-0.137985791483929587375456549125
-0.133886513901630699319156292404
-0.124177541428097837350463805706
-0.127686443998974219482533953851
-0.1129624060281240738312646954
-0.0969011429187545958452432159902
-0.0909115209881994623675183220257
-0.0826316895907297233048183215942
-0.0758690196878799016921846032346
-0.0542992206404906696537437937877
-0.050957944605263712223308658622
-0.0305636015962610571583546459351
-0.0268773056822167802359935251388
-0.00848284064221939589078846921666
0.00810037227135951450052164801718
0.0148324185351886728839732043639
0.0318906159013195231177739685791
0.0449713844513462829288741318123
0.0503014465756569176257961828469
0.0643253666079467850691386843209
0.0735065795909943670016772898634
0.0846215006866346680647339439929
0.100446740320663613355023358054
0.103043552058524612302647938122
0.107834920742579387642479105125
0.119420620346849151727219862096
0.127048812879123312891138652958
0.129786540552640577983467551348
0.131092361507328392100646397012
0.135982537083297272406667843825
0.141262991611766475230638206995
0.138102780777538736156628829121
0.125405264554386913777861423114
0.125743747302964142820158599534
0.117759451012512381118391147083
0.10552952708334237263976262966
0.0902586903897239639649185960479
0.0788353579170738560932818472793
0.0660930632278077662133952685508
0.0401674333224403823372483657295
0.0185978265697538773515429255667
-0.00580137220419042667213238573254
-0.0284272450476176739841971397027
-0.0629937766418822986391745644141
-0.0908795453092590549415419332036
-0.135313321839934802559568538527
-0.174339972536262682867302942213
-0.214523872828958628300455302451
-0.261432466465797375132495972139
