3
67.0035162575986475985700963065
0.114422118501154787550966318577
0.114515783406213794703987218782
0.114609549740535901496407689137
0.114703417675752997184623893645
0.114797387383828372597882605533
0.114891459037069612603154666886
0.114985632808162555051900710623
0.115079908870157260336597460082
0.115174287396464625210512622289
0.115268768560797707500853448437
0.11536335253734536498981810837
0.115458039500540968202990654845
0.115552829625253136724971625426
0.115647723086673606673890901675
0.115742720060443421425944166003
0.115837820722441281473535923396
0.115933025249012264246140091473
0.116028333816815390489018966491
0.11612374660292457129173726571
0.116219263784736862032964666014
0.116314885540069495872828042593
0.116410612047073203090263859849
0.116506443484250016284775597342
0.116602380030544391931179859512
0.116698421865203183500625527813
0.116794569167920192498399956094
0.116890822118693213371720673877
0.116987180897959966441312928964
0.117083645686468368340982237896
0.117180216665430297906524970131
0.117276894016334912174137627972
0.1173736779211238673292783119
0.117470568562120597499998098101
0.117567566122000255468549312354
0.117664670783840144552279127765
0.117761882731086689468646966361
0.117859202147557434736668824371
0.117956629217511974050403011915
0.118054164125547325636667039817
0.11815180705665202787191248035
0.118249558196227649853327079654
0.11834741773003346065884500149
0.118445385844255832163973707338
0.118543462725438059068849838695
0.118641648560547929847075465659
0.118739943536903952425731745279
0.118838347842257927022835417574
0.118936861664729318088795650965
0.119035485192871548498771971936
0.119134218615597947676931767091
0.119233062122213934186376604885
0.119332015902469654178297275848
0.119431080146463558522285097752
0.11953025504473205331557039699
0.119629540788187993527458274912
0.119728937568175985983742748431
0.119828445576415712481299635783
0.119928065005047199131915647285
0.120027796046583784539407702141
0.120127638893999397207146273558
0.12022759374066026294425313381
0.120327660780293430042853231043
0.120427840207084690948846628089
0.120528132215637864832480374844
0.120628537000910321386193402304
0.120729054758332760011185769145
0.120829685683719878497299760056
0.120930429973303110724458520053
0.121031287823716415807950852468
0.121132259432050526370971965662
0.121233344995789527054341760959
0.121334544712797226528877558849
0.00982734240578715147196309231958
0.199966794400747382987049149961
0.194575075869140218243202866688
0.18917565788623025291315116192
0.183768529493057913848375051202
0.178353679722426244902422354244
0.172931097593317428806614088899
0.167500772101214612241903978429
0.162062692227002119738088481427
0.156616846935436981880229723174
0.151163225168169740308954374086
0.145701815852453758770579383963
0.140232607901018935248060870435
0.134755590207916220446549004919
0.129270751631557490046731118127
0.123778081045854054798027732431
0.118277567297104993504497372214
0.112769199176943765716707446245
0.107252965512676323722729421206
0.101728855073297361211182021634
0.0961968566403235969541896110968
0.0906569589441640760751894845271
0.0851091507285216403166927534585
0.0795534207072077087508077397615
0.0739897575742802099396655535202
0.0684181500010409282541701259106
0.0628385866461687592199325536058
0.0572510561542185977823571363388
0.0516555471384360503916965967619
0.0460520482173855244534266262235
0.0404405479669768669337415190057
0.0348210349466026927722772654761
0.0291934977170913607935620603939
0.0235579248092053980534466006702
0.0179143047301990807063098998242
0.0122626259674807423089015756545
0.00660287700797359666110564191399
0.000935046300600834512720127555951
-0.00474087771248845549904027407706
-0.0104249066186672331713047867652
-0.0161170520136363938645818194573
-0.021817325510059042137367413261
-0.027525738756955842739815309983
-0.0332423033979410351146377422538
-0.0389670311160296711783246337291
-0.0446999335951680162870580659273
-0.0504410225573604098503466275361
-0.0561903097287412833793496247381
-0.0619478068587930516541995018542
-0.0677135257196492673648080540261
-0.0734874780871686561489752875787
-0.0792696757849823546715484212655
-0.0850601306205069768173743227635
-0.090858854463196164763516549101
-0.0966658591457823929138370999681
-0.102481156574332529785031908887
-0.108304758650036803135918717089
-0.114136677283735138432874123282
-0.119976924418223399038119225679
-0.125825512021609575707969952418
-0.131682452064138866276721273607
-0.137547756554812300455736817639
-0.143421437501863729968576421925
-0.149303506948517489272276748125
-0.155193976946478573442078641165
-0.161092859568100182920957763599
-0.167000166927616072731765939352
-0.172915911127936444691144401986
-0.178840104296561053232039739669
-0.184772758604143272354036753313
-0.190713886230047785508290303369
-0.196663499340906766654768489389
-0.202621610168835036835943697042
7.73214248524069835986847173477e-12
0.306450163742257475352204210139
0.258358635187022345203189388485
0.212890635989875065536836018509
0.165911376981499464333680293748
0.128597634941491095750265571951
0.0973943045022759718021276853506
0.062191151509470334046714157239
0.0306824965975543567653360810255
-0.00109347790803446319289615740189
-0.0148755547959230158966414947486
-0.0401819300790867209305368135119
-0.0689126161018297628269024812653
-0.0781645911037722462832988412629
-0.0951659899603893716379943157335
-0.110938651812109725924848646628
-0.114872587924637406531225281014
-0.13094571108467278897080632305
-0.139712335857224229096473777645
-0.140121738965520215014493032868
-0.148602239126487178921820486721
-0.143522584089999433176743082186
-0.144246680163713336675357368222
-0.140522794411680473913861533219
-0.132637033484104410741011292885
-0.13419658085548533121844627658
-0.122194289539333797445230800349
-0.11732953201474978499607715321
-0.121043019423701894710099224994
-0.103583999243759522501662218019
-0.0939554545006418828645422536283
-0.0810301998161185865754418955476
-0.0690451114814557426191399258641
-0.0606196980583339206649640118485
-0.0469591780054256224818942655475
-0.0387151561508830566182837173983
-0.0163101859338435663249189389035
-0.0140842413277934650622791323826
0.00287043741769971681720985401398
0.0150969860498011941574159067159
0.0285801266985244162288637426172
0.0400922223594697493820326883451
0.0552997736877801487898054233483
0.0647092857071835253490732497994
0.0803656633162180555896014766404
0.096016926994569054554240494781
0.0966389112145382561669393339798
0.10373312434383524793801711894
0.111318055473760640916580655357
0.105838724806460920957462690239
0.125333682843073224155716616224
0.131792468240686078129186853403
0.134169966607260937596635130831
0.139158348451783847599116938909
0.138915406693707443874785667504
0.131841925687248756604574850826
0.135079556297361375039045583435
0.12695698235751326499176627749
0.112077723562211836738633508048
0.103041628689676312280454339998
0.0979581406626477274590669708232
0.0727269161868281943661429522763
0.0605574026254009564751434879781
0.0412336120955567528301166646543
0.0168853562347216629158097589425
-0.00392926680877829330451600498009
-0.0271545017767844155953671503312
-0.0538058827340923626070257057563
-0.0938709169358569045504836481086
-0.134986966600415675410218341312
-0.174283147720231873512020115413
-0.218655834513667018947913334159
-0.260451373385818474304187475354
