3
88.425803459156398389495734591
0.11482694554608019466002133413
0.114909776772461780236511685871
0.114992690555539345265145811936
0.115075687017825986635521928747
0.115158766282091387656016934216
0.115241928471300228431495327186
0.115325173708622552570801644833
0.115408502117534908504303814425
0.115491913821687622321299215855
0.115575408944944363343054760662
0.115658987611437252818191723236
0.115742649945521400289827340657
0.115826396071786505426182145584
0.11591022611504639416857287415
0.115994140200337117474482795387
0.116078138452942458691552474193
0.116162220998380638636859885082
0.116246387962406536042969662503
0.116330639470984847916312787675
0.116414975650335442147742526231
0.116499396626946777333344584804
0.116583902527455762765384861268
0.116668493478822979381170910074
0.116753169608209528274045396756
0.116837931042999068620424907294
0.116922777910831901526655940415
0.117007710339617071459983321802
0.117092728457432834754392558807
0.117177832392652447879299870692
0.117263022273869740863538879694
0.117348298229910510959150826693
0.117433660389886784791713125742
0.117519108883094483553044540258
0.117604643839091763113380295636
0.117690265387698556054374421365
0.117775973658950219857821650749
0.117861768783165302143522978895
0.117947650890840888271426933898
0.118033620112797194012799195662
0.11811967658003980075065442179
0.118205820423840105015678147993
0.118292051775734305407716817626
0.118378370767487112180660346894
0.11846477753111764319449150662
0.118551272198874763086351435959
0.11863785490326209104416932405
0.11872452577705878973279851607
0.118811284953289353349958901163
0.118898132565193756504662303541
0.118985068746295330477380502998
0.119072093630348707637978122875
0.119159207351360041382548615729
0.119246410043613484952551573315
0.119333701841651512731701245684
0.119421082880217979682591078472
0.119508553294370073460939352117
0.119596113219333846644509833368
0.119683762790732936553972365346
0.119771502144293037761535458685
0.119859331416110145851483537172
0.119947250742477959373211149341
0.120035260259945333882747320331
0.120123360105369517136786328138
0.12021155041581331468503179849
0.120299831328632839122505515661
0.120388202981424580206848418129
0.120476665512041836159085050895
0.120565219058624786829803099408
0.120653863759561760793381779422
0.120742599753495882808351780113
0.120831427179336509114548903199
0.120920346176255660841647454617
0.00666677442018127289907747368147
0.199930688264399775144752879896
0.194522472906912546886104564692
0.18910700388547396766369956822
0.183684271148917221960772394596
0.178254264576514415141517133634
0.172816974049476962393967482967
0.167372389498056189927055470434
0.161920500749788975891618747482
0.156461297648207098287542748949
0.150994770028081926049878802587
0.145520907694829559897442550209
0.140039700450108495211054560059
0.134551138084643084891212083676
0.129055210352351762415068492373
0.123551907008311076530127081696
0.118041217777204152095116285182
0.11252313237076139174064337567
0.106997640494437468161592619253
0.101464731826862886165940835781
0.095924396056073016336718239927
0.0903766227941372596310642961726
0.0848214016852705393612055218
0.0792587223569167498293808193921
0.0736885744260102615310614737609
0.0681109474253201174764882352974
0.0625258309560793867909467280697
0.0569332145768787142858791128219
0.051333087798738838425371966423
0.0457254401393115475493722499323
0.0401102611028248817737207332357
0.0344875401822899788073506499586
0.0288572668318501576734114166811
0.0232194305093291232522378919612
0.0175740206441327845299227305986
0.0119210266439839819574419976789
0.00626043791638745007049893231965
0.000592243850506757362264775856886
-0.00508356621823819083971773835628
-0.010767002906664246628110070958
-0.0164580769115728296758671689304
-0.0221567989110935670282742648851
-0.0278631795945411819825920929361
-0.0335772296971215480909656037056
-0.0392989599607964576466478945349
-0.0450283811186653337710339428668
-0.0507655039719995676561481445788
-0.056510339292151559598131882467
-0.0622628978885366932138900608606
-0.0680231905955569343680267024865
-0.0737912282485906345641524239909
-0.0795670217115054256851180980448
-0.0853505818357038759103261327255
-0.0911419195437260798442480336234
-0.0969410457406541248293052603913
-0.102747971343118207898648108767
-0.108562707329869986838666306994
-0.114385264625591592801967522064
-0.120215654237888366906439330251
-0.126053887151228033447480925133
-0.131899974394106361819112294143
-0.13775392699860014578128186713
-0.143615756027089008783903523181
-0.149485472531650315231033232521
-0.155363087610647654379647519818
-0.161248612374042421535591529391
-0.167142057922739978303994234921
-0.17304343543266603733243869101
-0.178952756036201560130294296869
-0.184870030944488228374922300645
-0.190795271325434168119272726472
-0.196728488397330647519112289956
-0.202669693404415374171634312006
2.46224018417204350506778621649e-12
0.309978430582417363581271274597
0.234846416180366779347110650633
0.237884009656462475090776820252
0.161889927314799370039466452909
0.119428708419236764837201292266
0.0923780544986088220094089251688
0.0755535998180428547410514283911
0.0490814792616059564211994370453
-0.0279216449850049619474390283358
-0.0161433638933853665364814844452
-0.0604702238305644748650458097927
-0.0485001866058352715249668563047
-0.103634740619406556794146467837
-0.113097936534011622722317724765
-0.110031792760943464282163972712
-0.110957631178371707303398352451
-0.136252054770911873449179552154
-0.1185743147514105172435350255
-0.116707646320787852833866793389
-0.139830691420415043069169769296
-0.128106163336898254412332676111
-0.138815505785687215434265340264
-0.142258090746905319079473883903
-0.129714568104045663288204082164
-0.126921377013181291282251095254
-0.135035176088438291230886534322
-0.127361897181310135263032634612
-0.100665228132633607915913387387
-0.106160498462245775352918997214
-0.105321568175905377895418268963
-0.0770502900340618024355165971429
-0.0748138488198157175501634696957
-0.0342928676375046995183915043981
-0.0543656719529138909852150618462
-0.0211926348507914842633770291513
-0.0293766301031406981691951330049
-0.0136126341455856201406726668779
0.016576768251195469344727584371
0.0222818093706368264284023439359
0.00104068896379502003751715832891
0.0367704046754857086232171070606
0.0516978602992381255920584237629
0.0550455137892751633632570928967
0.0536489923782591526801866166352
0.107397106539725895046899495355
0.107831602166967410738607213716
0.117609901721515253125716071736
0.0863114720615553721039248102898
0.111421963976553531350255354937
0.128272339639850824211109170392
0.116299756836639955892565012618
0.132312984268655453590213255666
0.1360997719178030085362962609
0.122043112556481009312037144809
0.116106319907496396970358887302
0.111367279804443219948240084705
0.127485985130283141497642418472
0.0933910920810062800123674264796
0.121782990125465756525713345582
0.125752218389280689958553693941
0.0863606049745251347360408544773
0.0692508198559293741691789136894
0.0581339477723764666561301339698
0.0536807744578604445484515395037
0.00852707341066700867659999829584
-0.0258481123069933121927377328575
-0.0719712273270696339944052510873
-0.0851434285861090434099907042764
-0.147706469649366262109069225517
-0.171236439565710052423952447498
-0.241715300460427467976742832434
-0.26469564019520952502517729954
