3
28.6569736830736587762658018619
0.114512127014890885412512488983
0.114603387175700344169371192038
0.11469474445916656712984860178
0.11478619902546545461508031849
0.114877751035074276986236441189
0.114969400648798056319144222925
0.11506114802778211192446633504
0.115152993333494227390367825592
0.115244936727723637504006148902
0.115336978372600554298976760492
0.115429118430572838494008180987
0.11552135706443769636031504433
0.115613694437314187823950817346
0.115706130712652816017182999531
0.115798666054228935329284411182
0.11589130062618817340602817012
0.115984034592961082754669632777
0.116076868119342646590297363218
0.116169801370487352221161359012
0.116262834511816431914965619399
0.11635596770918363307423248898
0.116449201128686424810965149845
0.116542534936847061444176176792
0.116635969300468073095444765386
0.116729504386722998665604222879
0.116823140363083388670872864168
0.116916877397473500943547719544
0.117010715658016489770787416091
0.117104655313308159136909125664
0.117198696532186771857020346488
0.117292839483917721299377490141
0.117387084338059888288796628331
0.1174814312645469510654194778
0.117575880433663376711805881314
0.11767043201600384250138375819
0.117765086182581746321318405535
0.117859843104693856608022883847
0.117954702954028128880636927533
0.118049665902634132175208492299
0.118144732122848525324165791517
0.118239901787454790293985240623
0.118335175069547993143004305239
0.118430552142545095217762707307
0.118526033180273229761247932856
0.118621618356905725311101207353
0.118717307846951974914517791149
0.118813101825314973436498178216
0.118909000467226716457602719856
0.119005003948281104508843952772
0.119101112444452150729290451636
0.119197326132085543171079677904
0.119293645187863894818747212412
0.119390069788828129260238597453
0.119486600112433685727530985332
0.119583236336452333747892851079
0.119679978639044573562877360473
0.119776827198737334523315212209
0.119873782194418396218615896487
0.119970843805364907330712753719
0.12006801221120576295131598954
0.120165287591949998535767463181
0.120262670127952761567335926429
0.120360159999991278567676999955
0.120457757389192662844656922516
0.120555462477033373258628046187
0.120653275445427546341825575382
0.120751196476601901919067927338
0.120849225753182312748101878697
0.120947363458205794928268517197
0.121045609775038309763317556644
0.12114396488746467794861416678
0.12124242897961369502812800647
0.00373125576416043257602095373215
0.199955756737432960301603657172
0.194560622834418966986547161468
0.18915788167801991792593696573
0.183747522516992028984716966988
0.178329534551937951558642225791
0.172903906973293247650858006637
0.167470628954361128171157702127
0.162029689673810289862743161393
0.156581078240728921446844879029
0.151124783824256675446306985577
0.145660795493649103393707378018
0.140189102367084400535546251376
0.134709693494815929692975942089
0.129222557950288113870485062762
0.12372768475381852593120157735
0.118225062940923816845462113179
0.112714681507799396875668662688
0.107196529436125162493276263831
0.101670595701442323388619115576
0.0961368692448442835329913691567
0.0905953390160726540480951030077
0.0850459939042038370882181652632
0.0794888228170116950543899747572
0.0739238146342266477795135415363
0.0683509582216281913469302367048
0.0627702424050186336135226383703
0.0571816560337171861383431803461
0.0515851878940909447379681296297
0.0459808267946969634332177179203
0.0403685614939245027144032462729
0.0347483807376300080083098009709
0.02912027328264032294269370027
0.0234842278313879444795464479512
0.0178402330784326462742583885301
0.0121882777181448083425596706775
0.00652835040358069277482977454952
0.000860439795228916197954160960393
-0.00481546551303016837075610112606
-0.0104993768891148836486237883037
-0.0161913057436004897970960314524
-0.0218912635110071335242665213627
-0.0275992616462927033149643563092
-0.0333153115924079562537585275095
-0.0390394248600182680597470152861
-0.0447716129320483782749739987139
-0.0505118873440888668802095651245
-0.0562602596248175448878647841866
-0.0620167413443451706611675433578
-0.067781344058094564197780584891
-0.0735540793812012733132732478225
-0.079334958924859186324418658387
-0.0851239943126207709855890470863
-0.0909211972215498986926718316681
-0.0967265792799044815675202357852
-0.102540152221366087648135589916
-0.108361927725840717640082289108
-0.114191917529148895260604490431
-0.120030133384761608650315167779
-0.125876587040973486608663733932
-0.131731290295989955652089520299
-0.137594254954564232384939259646
-0.143465492820932349893325863377
-0.149345015766941341395224185362
-0.15523283561710973788017042807
-0.161128964280650655016557948329
-0.167033413644948891541019975193
-0.172946195619862935766164468987
-0.178867322162432451637670283162
-0.184796805207989744967989054203
-0.190734656751950865105627030971
-0.196680888780153273476258846131
-0.202635513303499048554101591435
2.52210456463575907170404644808e-12
0.305103801271365104863519945866
0.260451400656074860684441318881
0.213734881965962575378625842859
0.166544913079448964055018223007
0.127876960046054616304544993
0.0986184037918306638514920337002
0.0566963186921539061269292858469
0.0379959753286905899116732143739
0.0031732177883256750157425774006
-0.0237295389407352827482178270202
-0.0374942930596999790537893204601
-0.0678509163864724346160173240605
-0.0802165591474886668921229215812
-0.10135482245183895233520132706
-0.1156009733027790059578521209
-0.119793938713673372986612264413
-0.133522821648623529755539607322
-0.139825358489735540601373031677
-0.142591290811859033871300539431
-0.138678463993027634160171146505
-0.138630062881742122105066528093
-0.136484831794335459420608458458
-0.139257214844160204236800382205
-0.13879769796614707666471133507
-0.132741602725808371943116981129
-0.128032500752320255177352237297
-0.11363490356772275313712583511
-0.100751116713998556395637251626
-0.11626326298293108985060229088
-0.081863609953427646237500425741
-0.0796072656077730922419277703739
-0.0690050578994263752452553717376
-0.0741152680689582260553649462054
-0.0524740015666151915496584479115
-0.0344159751106738326376088821235
-0.0347325663054027927723055313436
-0.00893451375950760594280009030399
0.00631662074979495030691012402713
0.0158246119508498594985468344021
0.037052597521899925669952580165
0.0465946190836250342948154923306
0.0578788464515983744340665850814
0.058645331589633781232961950991
0.0751401751001528339646284848641
0.0899518456477514521951732717753
0.104177187594971673578747584088
0.105222610787500253648474313195
0.103824683771689449396369298029
0.117472986019741071350708239152
0.129690075460677484153748650897
0.127637978517051553506433947405
0.127788734421783567452024499289
0.135389708516899326395943603529
0.135915132321122206215946448538
0.13084667112992362514312105759
0.128032746798246083175243370533
0.122172546788564803654786317111
0.113185151182851551077135354717
0.110327194578073939368323408416
0.0885654454826894088625977019547
0.0808765259221108784304377081753
0.0705132419922459285910321113988
0.0425034496988974802578198364245
0.0241201234251813868836311627319
-0.000609898994486678005903790289466
-0.0348113655261582180533430630476
-0.0515678746103346713480775065364
-0.0948300277484034892516717718536
-0.135558973705541069287860977965
-0.177859108084455180831540133113
-0.21865179579594304359879686217
-0.261529844679484479996744994423
