2
26.3029958922281750233196362387
0
0
0
0
0
0.706575601023669674916050098545
-9.55797453138859803378032399928e-17
0.707637562625133553773082439875
0
0
0
0
0
0
0
0
0
0
0
0
0
0
0
0
0
0
0
0
0
0
0
0
0
0
0
0
0
0
0
0
0
0
0
0
0
0
0
0
0
0
0
0
0
0
0
0
0
0
0
0
0
0
0
0
0
0
0
0
0
0
0
0
6.18923673714288485734518266423e-06
0
0
0
0
0
0.707637562625133664795384902391
4.05584874108770805442792772082e-10
-0.70657560102366956389374763603
0
0
0
0
0
0
0
0
0
0
0
0
0
0
0
0
0
0
0
0
0
0
0
0
0
0
0
0
0
0
0
0
0
0
0
0
0
0
0
0
0
0
0
0
0
0
0
0
0
0
0
0
0
0
0
0
0
0
0
0
0
0
0
0
