3
93.6481538201660299591821967624
0.11507379134018101696224078978
0.115149992718554250448192988188
0.115226265818050510603143266053
0.115302610734819593885092103847
0.115379027565122055376534149218
0.115455516405402025537085819451
0.115532077352318199303660151145
0.115608710502601033653924389455
0.115685415953236295227846142097
0.115762193801315665941942256723
0.115839044144092295773873502185
0.115915967079016357654808189181
0.115992962703679897140673915601
0.116070031115864294446460291965
0.116147172413472998808714464758
0.11622438669461658544701521123
0.1163016740575560231674145939
0.11637903460073713290956476385
0.116456468422714995436528795381
0.116533975622265098537333471995
0.116611556298337901149686501867
0.116689210550000324606578772091
0.116766938476549522740732811599
0.116844740177397765634736970242
0.116922615752145644951731640049
0.117000565300552139547107799444
0.117078588922586449005969200243
0.117156686718342673003689924371
0.117234858788097501269831468562
0.117313105232307146597037217362
0.117391426151591607429658381534
0.117469821646745409271517246452
0.117548291818732303370964586975
0.1176268367686699595209276481
0.117705456597893623471584589879
0.117784151407876902517557482497
0.117862921300232792454210084543
0.117941766376857506970488032039
0.118020686739678304366663041947
0.118099682490923660327375444012
0.118178753732915850505058585895
0.118257900568179155631476362487
0.11833712309940463969226698282
0.118416421429489812644497703786
0.118495795661450908919931634955
0.118575245898529371690877098899
0.118654772244106143652686569112
0.118734374801802669563421943622
0.118814053675316610991785637452
0.118893808968611097709455748372
0.118973640785799708585734890676
0.119053549231144181752561905796
0.119133534409156666145079839225
0.119213596424419365771285583833
0.119293735381799673178626619574
0.119373951386294543941524182173
0.119454244543059417971164748451
0.119534614957504156662615457662
0.119615062735130922577653223016
0.119695587981695245050062226255
0.119776190803084589542315541166
0.119856871305394491189488803684
0.119937629594902020468971670653
0.120018465778046298786385648327
0.120099379961471644517878587521
0.120180372252001205213289836138
0.120261442756620928751232213472
0.120342591582537239425221287092
0.120423818837112284185764110589
0.120505124627910686907483750474
0.120586509062654403945380465757
0.120667972249288088515406514034
0.00351552940670639326586899287008
0.199932317771970347042298499218
0.194512067905330043871003908862
0.189084890171138053638344445062
0.183650775122949416751083617783
0.17820971334834445620742826577
0.172761695348046917519724274825
0.167306711736192853523519374903
0.161844752991747747872253171408
0.156375809663459680587394018403
0.150899872213935914988525155422
0.145416931129583704151997380905
0.139926976879548858878621331314
0.134429999905754021805037723425
0.128925990668642215242201132241
0.123414939562315320586982636542
0.117896836996600334890317185454
0.112371673360276910780264358891
0.106839439053714402305672592774
0.101300124419098455663679203553
0.0957537197990831756566620924787
0.0902002155194032428919825861158
0.0846396019015358408443816529143
0.0790718692232213055115508382187
0.0734970077983756880923849053033
0.0679150078818760299936840851842
0.0623258597140217210363921651606
0.0567295535784746660090682723876
0.0511260796359183297687955871424
0.0455154281478634611945999211002
0.0398975892486193237096436803313
0.0342725531534392377497333370684
0.0286403100089401251027165784535
0.0230008499791349678431640057852
0.0173541631855259059769025498099
0.0117002397061960368429556211822
0.00603906965332610869839902179024
0.000370643152889858469925532524769
-0.00530504978348079244548918254054
-0.0109880190867328829396054601375
-0.0166782747132285143198959787014
-0.0223758266594847043950977649729
-0.0280806849203258275526895459961
-0.03379285947135470674629331711
-0.0395123604114514387353196411823
-0.0452391977415993809530370128869
-0.0509733815102302173505322002711
-0.0567149218271463112506225456855
-0.0624638287296887667610079120095
-0.0682201124287505761278893601229
-0.0739837829285712872406932660851
-0.0797548504708219113679135148232
-0.08553332516515434191806122044
-0.0913192171925328033399438254492
-0.097112536745662003667689532449
-0.102913294021796955513003979377
-0.108721499237171004281776731659
-0.11453716266618953201206210224
-0.12036029450034103904787485817
-0.126190905068330722071934246742
-0.132029004661062321357434257152
-0.137874603566139425359082792966
-0.143727712049882133671374617734
-0.149588340524075158466388302259
-0.155456499288162075522734539845
-0.161332198736533066751874798683
-0.167215449304089741611178965286
-0.173106261290837781796625449715
-0.179004645224783126566947544234
-0.184910611435073674035933777304
-0.190824170422851713269096762815
-0.196745332671653283540535994689
-0.202674108714078038406825044149
9.51586350541775534002365126394e-13
-0.210240705357141594022962749477
-0.190481027172404920877468725848
-0.207302942529201839061414602838
-0.174279135181918537478296116205
-0.0754092204206417426881614574086
-0.071222644323746364669602826325
-0.0340176437773611409220997359171
-0.0437082769332126017114426019816
0.000626118221720234346960864968423
-0.0416019708769164373030058357017
0.0579119725176924574072678808534
-0.0165624549542296439774702321301
0.0872075281976552318941031671784
0.033111161281222004082458454377
0.106835704004171083703056410741
0.0532275893964748100795070229196
0.0608360062680555480074673369018
0.0652930835020225780462865827758
0.063164825904882190843459000007
0.110702883306029439824946791759
0.111604055057484427559977291367
0.118303941636279025262368236326
0.281039826183316021612768054183
0.173215498651181881717420196765
0.155532240238907215612584877817
0.195481997462935291887120570209
0.125312670951316845746603689804
0.130336316465610835280131141189
0.132734622458473588979543933419
0.00575569361040012810598609505064
0.0802524678357067616785158747916
0.0330071463666081685306430415494
0.0927180867836832484085718419919
0.023025288505012869721966239922
0.114867422943778232924394444581
0.0582699050747881516776338628461
-0.0255288227809497281217687714161
-0.106196099856994810584076560644
0.102772157816925835405186262506
0.015147800758791511721579325922
-0.128354309244211789442502436032
-0.0323925528869429962819381785266
-0.122706787880507581234290626071
-0.1530791397385166396905020747
-0.0246360793024605444212493665646
-0.12601234845226486069869054063
-0.1765416815631446756373890139
-0.144661617871318398664826077038
-0.133999899589630100393833345152
-0.146694641021232641264759877231
-0.217496463037697429498962264915
-0.0614708020863137041822632511412
-0.0458005715597532211957876313591
-0.0576828091543734808310794903718
-0.0394330048626496329489121706047
0.0082723287307748423480280308695
-0.129154327033736721075385389668
-0.132634469755144923652778743417
0.0133748491489231353945843494557
-0.114623751784061575498263607642
-0.111934876678943071026672839707
0.0240210278835797132190865710299
-0.146514503836578324769135406314
-0.117822397323174246630550499049
0.00464784450508653763228794630891
-0.0090363169530264537271380120842
0.0953259932520579000847504858029
0.13196482431546485702966720055
0.222800260681128514672622031867
0.205905021534474680366955112731
0.114041232421185911860561645881
0.160557619358156322686426165092
