2
208.777543791909351966751273721
0
0
0
0
0
0.706618794568326769045540913794
-9.63276172084027451664699350675e-17
0.707594431268932844147911964683
0
0
0
0
0
0
0
0
0
0
0
0
0
0
0
0
0
0
0
0
0
0
0
0
0
0
0
0
0
0
0
0
0
0
0
0
0
0
0
0
0
0
0
0
0
0
0
0
0
0
0
0
0
0
0
0
0
0
0
0
0
0
0
0
2.74489016110530546690288167255e-05
0
0
0
0
0
0.707594431268932955170214427199
7.31661847233851478086979003095e-10
-0.706618794568326658023238451278
0
0
0
0
0
0
0
0
0
0
0
0
0
0
0
0
0
0
0
0
0
0
0
0
0
0
0
0
0
0
0
0
0
0
0
0
0
0
0
0
0
0
0
0
0
0
0
0
0
0
0
0
0
0
0
0
0
0
0
0
0
0
0
0
