3
1465.03505790358804006245918572
0.114644016350424329808710410816
0.114731748778701472812890926889
0.114819572131040270601687325325
0.114907486551362916782359491208
0.114995492183823988519009162701
0.115083589172922010068766951463
0.115171777663441485262119101662
0.115260057800403256655918937668
0.115348429729119572595408271809
0.115436893595259992828516715235
0.115525449544680094970949824074
0.115614097723600109390851287117
0.115702838278493355672615905405
0.115791671356129652337152435848
0.115880597103578189543959808816
0.115969615668152087328834909385
0.116058727197526717622722003398
0.116147931839625434546903193223
0.116237229742644512797689060335
0.116326621055144324712316006298
0.116416105925892673922383835361
0.116505684504018575120554146451
0.11659535693890890617474553892
0.116685123380230487688535845336
0.116774983978021482111664397507
0.116864938882543373255273877476
0.11695498824437988716340441897
0.117045132214407376913811731356
0.11713537094380724323805509357
0.117225704584048656675676625127
0.117316133286947760216989422588
0.117406657204520703530192804465
0.117497276489223964612840234167
0.117587991293673185810852999111
0.11767880177089254378763882869
0.117769708074160095456761609967
0.117860710357084952359940643873
0.117951808773547439646023349269
0.11804300347775249779846973297
0.118134294624223340486324218546
0.118225682367773143877087704823
0.118317166863515635388814928319
0.118408748266896887701982166163
0.118500426733653629884912561465
0.11859220241984305688198730877
0.1186840754818181964402867834
0.118776046076260521910938905421
0.118868114360161966636120212115
0.11896028049081507071971230971
0.119052544625847633863457986081
0.119144906923145443844447299853
0.119237367541004113391522878374
0.119329926637924993437778198313
0.119422584372820439480022969292
0.11951534090486352901461231113
0.119608196393567275950253758765
0.119701150998757499532842984991
0.119794204880572852101039416084
0.119887358199491603216735313708
0.119980611116275004413012084115
0.120073963792050569798774972696
0.120167416388265529958445654302
0.120260969066609144095814087905
0.120354621989216370447906001573
0.120448375318452774451749576201
0.120542229217089388870753907668
0.120636183848105232874203807114
0.120730239374924303019653848423
0.120824395961263472698554721774
0.120918653771115297557159351527
0.121013012968857414097811897591
0.121107473719195085637423403568
0.156206350447284814109139006177
0.199942405085233143591239013404
0.194542029553564976840362987787
0.189134188374918771335941869438
0.183718871072626327434207382794
0.178296067123566548406898846224
0.172865765999794279705881194786
0.167427957162190277351498934877
0.161982630039313874048545471851
0.156529774069210009246333470401
0.151069378638155615846017099102
0.145601433139562502772079710667
0.140125926946348566826117121309
0.134642849409736836685524963286
0.129152189876401146673146058674
0.123653937647101724861542493272
0.118148082037495522067516162679
0.112634612330831510029760522684
0.107113517799574564648423802282
0.101584787687383687471154303239
0.0960484112147124841074585788192
0.0905043776271077515804819313416
0.0849526761154494880479148832819
0.0793932958445563163873970324858
0.0738262259956823096995748301197
0.068251455716935166551095903742
0.0626689741249314008486592797453
0.0570787703493588344239029197524
0.0514808334699585687377343390381
0.0458751525739885673838003299352
0.0402617167171482881471433756815
0.0346405149499652773026348029362
0.0290115362868073774216259863579
0.0233747697390594214028602948474
0.017730204291162419971694674814
0.0120778289282152725275798488269
0.00641763260131472928343709938304
0.000749604236130888674193017973124
-0.00492626724474363574673985155528
-0.0106099929331489265665888765966
-0.0163015839538736585778710974637
-0.0220010514326232781145975536674
-0.0277084065221188911853911207572
-0.0334236604091736472232909704871
-0.0391468242661437704210669608074
-0.0448779092953171254709587856269
-0.0506169267482350707099136855049
-0.0563638878442706270366358012325
-0.0621188038350345278493236378381
-0.0678816860233877050756490234562
-0.073652545694577117862955617511
-0.0794313941769431014483515696156
-0.0852182427797616576237160757046
-0.0910131028664399877037283204118
-0.0968159858137610240813586415243
-0.10262690300142926491666628408
-0.10844586584383267280351503814
-0.114272885765529019774788821451
-0.120107974188851260310961777122
-0.125951142599472154515183319745
-0.131802402478076452485566960604
-0.137661765311435868586187325491
-0.143529242637690263029170978371
-0.149404845959675069977379280317
-0.15528858685985585941224940143
-0.161180476894385638075846145512
-0.167080527668859141199320106352
-0.172988750789702494525812426218
-0.178905157889793803294153917705
-0.184829760606228160613184741123
-0.190762570636097306131517825634
-0.196703599621192770641187053116
-0.202652859299900039991015887608
8.78019249575609069696945090522e-11
0.305575259688439182514940739566
0.259993106344394930840024926511
0.209556583130544704651754273073
0.166785639541300684252078667669
0.129977607243393161740030450346
0.0948392225926579096606516827705
0.0543595243194823496413192742693
0.0292797120528168891562259545935
-0.00320352202644892929822573179877
-0.0199783691660934022149564981419
-0.0364021181865384069187285831504
-0.0644463729089714554287837700031
-0.0765191739176166174640769668258
-0.0974545666351188805132110815066
-0.107994075951504509003342491269
-0.110489087793304047169229420433
-0.118803790409732643040818800273
-0.126175090047795729342183790322
-0.137421708730462971415064998837
-0.144163251303597250707611010512
-0.145084392088599634096368617975
-0.151975127814762661637715268625
-0.1369895052558205150727843602
-0.138564519109796807638801396934
-0.133469125288454837363616434232
-0.127674208960545099156291826148
-0.132591653522199426351591000639
-0.103397969058558622523769088275
-0.111420475124324055982150127875
-0.105595666000353513580556352736
-0.0783417831045943591217195489662
-0.0750049435684391890832856120142
-0.0632846859076805767774231981093
-0.0579148412314551899737757878484
-0.029910259130792444387525463867
-0.0247007469241336020948640594952
-0.00506033056540072800899565663713
0.00189838630805178000190980291961
0.0230147847079310297058185597052
0.039421704971514454074466016209
0.0397375505913164020488359540195
0.0541069152025675445538688279612
0.0746043213740583133208872368414
0.0698544442759727879366238312286
0.0765591999561062858115079166055
0.0922223669049506422634721047871
0.108222831815430450830284314634
0.124966578717639983930887126462
0.116323979748051239968553716153
0.130331862728982061927496260978
0.124955946327017813901605336468
0.137161574128064844835250823962
0.134976179974046067711057617089
0.123786826143809508549153974855
0.136601648563396016466953142299
0.132649718502475033599097287151
0.127666702643909418801726474157
0.111703768838742834024202466026
0.102357670664778313551757094046
0.10600549013829498046224131258
0.0763461543284532917486018277486
0.0665693045429144314439895424584
0.0359079100263659731218091053506
0.0277841025054479454081679534738
-0.00806634032206735712700051976753
-0.024740405195338689703365986361
-0.0622626873494385238427817341744
-0.0963011992568971048056525319225
-0.138477297007556815477968825689
-0.178425379150391499871730616178
-0.217994527985249458845729009226
-0.255763963461436372170965114492
