3
697.018559499607931684295181185
0.114820516791744042794931601748
0.114903520430752012493336167154
0.11498660691580764314778662083
0.115069776370172266455327303447
0.115153028917319932844520735671
0.115236364680937411475447618159
0.115319783784989249308949865735
0.115403286353597644975366165454
0.115486872511190413748138894334
0.115570542382402080550107825729
0.115654296092075725699288568649
0.115738133765300038602319432357
0.115822055527426359677889422528
0.11590606150401654150794428233
0.11599015182083144415159381424
0.116074326603921709755162794409
0.116158585979573833468769805677
0.116242930074238901005934110344
0.116327359014700953965260055156
0.116411872927927623200261564307
0.11649647194112425219181261582
0.116581156181734840737718172932
0.1166659257774635555238162965
0.116750780856238495220011941456
0.116835721546204515663980316731
0.116920747975816169406115818674
0.117005860273667855464552189915
0.11709105856869440887013666952
0.117176342989992521292919036568
0.117261713666951983281450111463
0.117347170729203351124958487617
0.117432714306591606812091299616
0.11751834452921212925691207829
0.117604061527426917432848085809
0.117689865431829215891568196639
0.117775756373240961250026259677
0.117861734482765337372889291601
0.117947799891732540977784537972
0.118033952731692370896610100317
0.11812019313452572222278291747
0.118206521232252032005405339987
0.11829293715720369528643374224
0.118379441041973579307189368137
0.118466033019351893451620583164
0.118552713222437391960006891622
0.11863948178456587556617307655
0.118726338839251044365852294504
0.1188132845203692250501958938
0.118900318961988230026527446626
0.118987442298431819742710047194
0.119074654664272736037666788889
0.119161956194368798267468889662
0.119249347023809584844578068896
0.119336827287937791153282773848
0.119424397122351019784325387718
0.119512056662938015438868433193
0.119599806045782075525352183831
0.119687645407284437570893942393
0.119775574884041086098918071912
0.119863594612990564947097027471
0.119951704731244390700339863542
0.12003990537624782686254576447
0.12012819668564954367351305109
0.120216578797390921673482466758
0.120305051849640354255654983717
0.1203936159808866590559262022
0.12048227132983641007868413908
0.120571018035470767237882228073
0.120659856237029211589728561194
0.120748786074014194391601506595
0.12083780768622494339314954459
0.12092692121367136504073158676
0.0532903760907001353142042887612
0.199930942305627523669642187087
0.194523015656616005131240854098
0.189107827533998573699136613868
0.183685367847928743278984597964
0.178255626498768027232699751039
0.172818593360483191423426774236
0.167374258299860245724488549968
0.161922611152482021079634932903
0.15646364176318033889501180056
0.150997339921432272014101272362
0.14552369544351004271298677395
0.140042698108803848056069796257
0.134554337676746238461333859959
0.129058603890848777595579122135
0.123555486502786290858857398689
0.11804497520875158189657128105
0.112527059705990764570948670098
0.10700172968988191923855879395
0.101468974812301354626598026698
0.0959287847552446060195308064067
0.0903811491134828282056901116448
0.0848260575302922786855575054688
0.0792634995908455541879789052473
0.0736934648828207888859864738151
0.0681159429689844192479242224181
0.0625309234105985989327081142619
0.0569383957404854049166864626841
0.0513383494539137036349885079289
0.0457307740840105364510392860211
0.0401156590944945143362154738043
0.0344929939478804750696561143286
0.0288627681088291544730939364172
0.0232249710018338079153821240652
0.0175795920423400323095997066503
0.0119266206382308351252596878567
0.00626604616740534126756445587603
0.000597857968811653763333002764568
-0.00507795455397247116891001894601
-0.0107614021271055237960467820812
-0.0164524954000094779382745713292
-0.0221512450930189362663380592267
-0.027857661917808241441862904253
-0.0335717566151962423792731726735
-0.0392935399420840034134805307531
-0.04502302266950668208078667476
-0.0507602155812042557525565200649
-0.0565051294968170400578877377029
-0.0622577752214720364642985828141
-0.0680181636108666831663782659234
-0.0737863055083852331650362543769
-0.0795622118053674470816716279842
-0.0853458934023644949506959278551
-0.0911373611942717654077483757646
-0.0969366261074181001511362865131
-0.102743699113564762592787360518
-0.108558591145543906208992268603
-0.114381313200930034845725913328
-0.120211876272958428923942619804
-0.126050291389803947872394473961
-0.131896569559774301527710349546
-0.137750721875733561638810442673
-0.143612759364543540741010474449
-0.149482693159057183907023613756
-0.155360534320867160751333813096
-0.161246294001615442237351771837
-0.167139983329269076195444654331
-0.17304161348302349310301906371
-0.178951195617290975681257236829
-0.184868740935216324672296650533
-0.190794260653621650103417550781
-0.196727766010647953098811058226
-0.202669268243085121117275093638
1.97537509657936583785484663012e-11
0.311879567974379046102484380754
0.268285117761986158235743005207
0.213737313525859812246565638816
0.173831908307151172810023354032
0.1199562524619354336730125965
0.0867211428748204948835365257764
0.0539249769313776133872195828189
0.0154401029619556495048326993924
0.0276193144519014076310181593499
-0.0337317063542570613754456587685
-0.0387468546721172479863071202999
-0.0608356184685141798684782088458
-0.0807456127320941852154589923884
-0.127831926160993536445431573156
-0.114322106446254595502054485223
-0.129486055293895896411981993879
-0.106809598315824871850310273658
-0.154117307125217206653644552716
-0.130633583001598024830869348989
-0.132510003609018434111987971846
-0.139010474439398928891975515398
-0.141975067050201825269439837029
-0.122996767026224473884354893016
-0.13803304156300935656709327759
-0.133822750331646728172430016457
-0.127452429371021025428234452193
-0.0929022864111953422527889756566
-0.112597840688710232326386062596
-0.100624751980688459385149258196
-0.121130814032221853504545094893
-0.0809255664082847714357882296099
-0.101341789959328132386673360088
-0.0368890980367628310010452707957
-0.060356447915867438014370094379
-0.0347461651381408762051528071879
-0.0326955748965565770602914597021
0.00214456249715494918356428755146
0.0126134866413610390728505805669
0.00472127715035880295146863971922
0.0234088649585461432145461202481
0.0652359209198179468280898163357
0.0557930464174748591554831023132
0.0836240782706459129247633654813
0.0938084122973149997504194175235
0.101773920117228730553016191607
0.0926162607919487762542232189844
0.102297696106079999411875292026
0.119635528267342042263443602224
0.121352417240403173681606574519
0.11574801961950799411571466635
0.11612358386136870103122475939
0.133946630211876360760925308568
0.118585143830177527912717039271
0.130859483267039916620788631008
0.108477682184905485640591393803
0.119118301424966543944350405582
0.132414134283389134383313034959
0.11106074745037683437764997052
0.0992940812829169600073342394353
0.103520679583591249106611087427
0.0728967528904553019319934037412
0.0628911910687650066442699881009
0.061186372048119434807755823158
0.0108565290401283851690061865725
-0.0113419774929335061275370577505
-0.0122449872324523478805957665827
-0.0665663648928340179189433456486
-0.0831258236686553408922861763131
-0.132524246274766555053759020666
-0.183076608386632783131986457192
-0.218356392284654005075950067294
-0.252854385247342439146933656957
