3
334.384257128248464141506701708
0.113892869705531127322295503745
0.114000631107646077655459748712
0.114108520434742399807248602883
0.114216537931016978713039122795
0.114324683841211124923908926121
0.114432958410647933611414828192
0.11454136188519652150841210414
0.114649894511286709608555156592
0.114758556535929118203043231006
0.114867348206684816158684725451
0.114976269771666847474556050201
0.115085321479610827588579979874
0.115194503579782323021696299747
0.115303816321993352067565297148
0.115413259956689315255395911208
0.115522834734867921313572480813
0.115632540908077258157149458384
0.115742378728478659266620809376
0.115852348448779132739083763681
0.115962450322291410476083228787
0.116072684602920112029167398759
0.116183051545096338585949524713
0.116293551403921197051616331919
0.116404184435001264996678571606
0.116514950894567773098664531517
0.116625851039452402280183207495
0.116736885127057113398230114854
0.116848053415404634636232117373
0.116959356163052960453363482429
0.117070793629230771037974534465
0.117182366073693436381297772186
0.11729407375684526571024690611
0.117405916939674170862417668104
0.117517895883751874452904928603
0.117630010851287394868514013524
0.117742262105052869491927935997
0.117854649908486722176270689033
0.117967174525555246189512104138
0.118079836220909631383513271885
0.118192635259751224752200471357
0.11830557190794410704626216102
0.118418646431935462026707739369
0.118531859098784969619444495947
0.118645210176192603124256663705
0.118758699932468986260047927317
0.118872328636513119315409880983
0.118986096557900322689960148637
0.119100003966792516996164863485
0.119214051133967269269220423666
0.119328238330886030049704515932
0.119442565829570510049784104467
0.119557033902689791027285082237
0.119671642823587609516522434205
0.119786392866184990269040611111
0.119901284305067315494319757363
0.120016317415442524962898573904
0.12013149247318245793625379747
0.120246809754753283816519626725
0.12036226953729245447988205342
0.120477872098590926830397052072
0.120593617717078785411821684193
0.120709506671787467069201227332
0.120825539242443477649935346108
0.120941715709408925683021607256
0.121058036353711540034083782302
0.121174501457005964755175853043
0.121291111301610216033353140119
0.121407866170506167913245576528
0.121524766347325841042703586936
0.121641812116364031459703198834
0.121759003762570219842054086712
0.121876341571575008693173458596
0.0825363131901009350332998337763
0.200054994534538732597894750143
0.194681388976487096398315657098
0.189299595720861690839598168168
0.183909602904530955491679833358
0.178511398641107432716523817362
0.173104971028261139798232193243
0.167690308139115340502200979245
0.162267398032961113196748215159
0.156836228745614036927946699507
0.151396788300482781908229412693
0.14594906469399815396315034377
0.140493045915024317160657574277
0.135028719919111084291074575958
0.129556074652376285172294956283
0.124075098038322756410778424652
0.11858577798102898359644541415
0.113088102366325923830991939667
0.107582059063554724698263953542
0.102067635917036242387823108402
0.0965448207586720452688666682661
0.0910136013923363434985347453221
0.0854739656078258025484473137112
0.0799259011755227705142701211116
0.0743693958467801230494131914384
0.0688044373511830509304587621955
0.0632310134021395603420856446064
0.057649111682915192556020400616
0.0520587198766715233966273501665
0.0464598256293620240353625661101
0.040852416576877749465612765789
0.0352364803288126304803284938316
0.0296120044822005268336795325013
0.0239789766112227208105789344472
0.0183373842556819009741442272343
0.0126872149697717321453760419558
0.00702845625312761238673298080926
0.00136109561109681691248862733801
-0.00431487949365994775258181803679
-0.00999948159962942006995234578426
-0.0156927232767752576625408522659
-0.0213946171109783839225926271865
-0.0271051757058885893492128360549
-0.0328244116910091504601965084476
-0.0385523377051180879404590484683
-0.0442889664248308292937572616665
-0.0500343105343759170233752797685
-0.0557883827363950118849444947955
-0.0615511957624853070503156970972
-0.0673227623613926878798352504418
-0.0731030952915577014739056949111
-0.0788922073571357990173780194709
-0.0846901113559155316323767692666
-0.0904968201232237701159277776242
-0.0963123465068372597297496895408
-0.102136703373251203075255943986
-0.107969903624082541604423113313
-0.113811960159479225174194993997
-0.119662885918646141880650191069
-0.125522693856054967653790299664
-0.131391396946250710309200826487
-0.13726900817897580431292681169
-0.143155540572337813820524843322
-0.149051007159288401160424086811
-0.154955421002419574394437518094
-0.160868795185123120150549880236
-0.166791142798585728668214755999
-0.172722476958809462166399839589
-0.178662810820197470729198130357
-0.18461215753139514905711848769
-0.190570530287189704443662208178
-0.196537942286596628571615497094
-0.202514406758580706169325935662
1.16765608408469385142512153529e-10
0.305376052870163339214570896729
0.256249454010969268669128950933
0.21411719415734573046528055329
0.170889310967374391525552823623
0.131270363615690388581214165242
0.0949163249677320575159455984249
0.0616341885889575072376977971089
0.0309277435776446306403553165865
0.00339455155967289872939729455936
-0.0223765570999665923401789058289
-0.0437932272435194933080104817691
-0.0628343016930272280085034708463
-0.0805038948309288321381060882231
-0.0959486915848677263118915448104
-0.11030470827162688896017073148
-0.120809237355674836678076644603
-0.129689903532982014899843647981
-0.134067153981731607137461992352
-0.138470390687415567665397020392
-0.143068657108030461433401114846
-0.143542689774532217228397712461
-0.142418548206208667172845139248
-0.1412790671029479638853842971
-0.137501876405316442175674751525
-0.132458414429361570618937093968
-0.126108289791074523744640600853
-0.120688780952760157938463692062
-0.113481456619182546896595908947
-0.105597856623114619289971471972
-0.0937232769489888539737876271829
-0.0835317030280768590966289366406
-0.0711848768978522172812262169828
-0.0601034523123743502637239544129
-0.0483904317165075106843552532609
-0.0351507870057905236205186838561
-0.0221683921393454122505950465438
-0.0108377346771642638079136133911
0.00329321454085988252549754840004
0.0160355360636549038044762482969
0.028129801165051915995407583182
0.0409848588383361286946460211311
0.0538726305958961010356134124777
0.0648053991763336278975060622543
0.0766603789771072019476605419186
0.0882956745596274739096287476059
0.0953805870209834538719917418348
0.105081046861208463050196826316
0.112777153840222285618999364942
0.121548934221588258997037712561
0.125329277146550288613013890426
0.131283519578841600949914436569
0.133465452625131764108346033026
0.133497169639442941901918970871
0.135271941823262659143622954616
0.132580271922896064662467097151
0.13022758553593649644142260513
0.123403195851560079643327583199
0.117044057342485144368460225905
0.105809986208360101711534184687
0.093225133933699202981593145978
0.079279903488578246095741519639
0.0637304354278396129052097762724
0.0417452290124077987631956432324
0.0232242874170390557753140825525
-0.00354816680159318956211400575285
-0.0295258880864627433482372254048
-0.0630325580834086574011365655679
-0.0944764844152497368368059937893
-0.131933848535900455356539850982
-0.171006762968090142429389288736
-0.216481582276713685475399984171
-0.264666509184090459338989376192
